Time,Rot1,Rot2,Rot3,Rot4,Rot5,Rot6,Rot7,Rot8,Rot9,FRot1,FRot2,FRot3,FRot4,FRot5,FRot6,FRot7,FRot8,FRot9,AccX,AccY,AccZ,GravX,GravY,GravZ,GyroX,GyroY,GyroZ,MagX,MagY,MagZ,Imid
0.0,0.0,0.0,0.0,0.0,0.0,0.0,0.0,0.0,0.0,0.0,0.0,0.0,0.0,0.0,0.0,0.0,0.0,0.0,0.0,0.0,0.0,9.751355,0.1609535,-1.0274007,0.0,0.0,0.0,0.0,0.0,0.0,0,0.0,0.0,0.0,0.0
0.008300782,0.0,0.0,0.0,0.0,0.0,0.0,0.0,0.0,0.0,1.0,0.0,0.0,0.0,1.0,0.0,0.0,0.0,1.0,9.96611,0.08375549,-0.9786682,9.751599,0.16076945,-1.0251104,0.0,0.0,0.0,0.0,0.0,0.0,0,0.0,0.0,0.0,0.0
0.016601563,0.0,0.0,0.0,0.0,0.0,0.0,0.0,0.0,0.0,1.0,0.0,0.0,0.0,1.0,0.0,0.0,0.0,1.0,9.96611,0.08375549,-0.9786682,9.751602,0.1605052,-1.0251276,-0.017044067,-0.024734497,-0.00340271,0.0,0.0,0.0,0,0.0,0.0,0.0,0.0
0.024902344,-0.08312913,-0.49331272,-0.8658707,-0.065860614,0.8696981,-0.48917025,0.99436,0.016362475,-0.10478713,1.0,0.0,0.0,0.0,1.0,0.0,0.0,0.0,1.0,9.933807,0.105285645,-1.0372925,9.751341,0.16046107,-1.0276108,-0.017349243,-0.04534912,-0.005844116,-29.759216,68.93921,-36.419678,0,0.0,0.0,0.0,0.0
0.033203125,-0.08325632,-0.4959304,-0.8643618,-0.06626746,0.8682085,-0.4917545,0.99432236,0.016337391,-0.1051479,0.99938536,-0.010319206,-0.03350434,0.010302445,0.9999467,-6.72854E-4,0.033509497,3.2726378E-4,0.99943835,9.961319,0.09690857,-1.0600128,9.750972,0.16021508,-1.0311487,-0.014755249,-0.047332764,-0.004776001,-29.699707,68.8797,-36.65924,0,0.0,0.0,0.0,0.0
0.041503907,-0.08359505,-0.49602902,-0.86427265,-0.06642299,0.8681531,-0.4918315,0.99428356,0.016292894,-0.10552102,0.9946877,-0.030457692,-0.09832985,0.030215329,0.99953556,-0.0039533633,0.0984046,9.612928E-4,0.99514604,9.936203,0.100494385,-1.125824,9.750591,0.15977871,-1.0348078,-0.011703491,-0.042907715,-0.003250122,-29.699707,68.8797,-36.65924,0,0.0,0.0,0.0,0.0
0.049804688,-0.08384779,-0.49689722,-0.86374915,-0.066665165,0.8676567,-0.4926737,0.99424607,0.016272375,-0.10587685,0.9858474,-0.049791604,-0.16008016,0.048896126,0.9987584,-0.009530634,0.16035596,0.0015684516,0.987058,9.949356,0.093322754,-1.0983124,9.750224,0.1595775,-1.0382973,-0.01612854,-0.022140503,-0.015167236,-29.93927,68.8797,-36.71875,0,0.0,0.0,0.0,0.0
0.058105469,-0.084020525,-0.49694788,-0.8637033,-0.06683043,0.8676268,-0.49270412,0.9942204,0.016324397,-0.10610969,0.9800451,-0.059183218,-0.18976063,0.057749286,0.9982454,-0.013082137,0.19020191,0.0018625439,0.9817433,9.943375,0.110076904,-1.0683899,9.749971,0.16008765,-1.0405806,-0.017501831,-0.028549194,-0.014556885,-29.93927,68.8797,-36.71875,0,0.0,0.0,0.0,0.0
0.06640625,-0.084193535,-0.4969985,-0.8636572,-0.06699044,0.8675968,-0.49273503,0.994195,0.016371682,-0.106340215,0.96600264,-0.0773933,-0.24667625,0.074382484,0.99699765,-0.021515107,0.24760075,0.00243526,0.9688591,9.929016,0.122039795,-1.076767,9.7497225,0.16055135,-1.0428413,-0.017959595,-0.030380249,-0.0107421875,-29.93927,68.8797,-36.71875,0,0.0,0.0,0.0,0.0
0.074707032,-0.08396557,-0.50273824,-0.86035115,-0.067720726,0.8642829,-0.49842656,0.9941648,0.016412934,-0.106615804,0.94911593,-0.0948603,-0.3003006,0.08953566,0.9954861,-0.031476427,0.30193093,0.0029871685,0.95332515,9.929016,0.122039795,-1.076767,9.749427,0.1609559,-1.0455439,-0.019958496,-0.03831482,-0.008605957,-30.059814,68.5791,-37.139893,0,0.0,0.0,0.0,0.0
0.083007813,-0.08430918,-0.50167584,-0.8609374,-0.06780899,0.8648993,-0.4973441,0.9941297,0.016448628,-0.10693709,0.93973505,-0.103454344,-0.32587618,0.096671194,0.99462885,-0.03698759,0.32795238,0.0032556967,0.9446887,9.918243,0.095718384,-1.0779724,9.749083,0.16130593,-1.0486946,-0.020706177,-0.050231934,-0.011657715,-30.299377,68.51959,-36.95984,0,0.0,0.0,0.0,0.0
0.091308594,-0.08462344,-0.50176895,-0.86085236,-0.06799681,0.8648454,-0.49741215,0.99409014,0.016442483,-0.10730488,0.9193864,-0.120059274,-0.37458572,0.10974834,0.9927595,-0.048824225,0.37773535,0.0037781624,0.9259059,9.92543,0.107681274,-1.1042938,9.748694,0.16124567,-1.0523014,-0.012771606,-0.041229248,-0.00630188,-30.299377,68.51959,-36.95984,0,0.0,0.0,0.0,0.0
0.099609375,-0.08484777,-0.50327736,-0.8599493,-0.06832568,0.8639688,-0.4988883,0.99404854,0.016427059,-0.10769259,0.89723766,-0.13597928,-0.4200884,0.12131672,0.9907024,-0.061570577,0.4245549,0.004279694,0.9053921,9.931412,0.10169983,-1.0983124,9.748286,0.16109441,-1.0561036,-0.014602661,-0.037872314,-0.009521484,-30.358887,68.5791,-37.139893,0,0.0,0.0,0.0,0.0
0.107910157,-0.08515824,-0.5033691,-0.85986483,-0.06850104,0.86391556,-0.4989563,0.9940099,0.016411401,-0.10805084,0.8855944,-0.14372341,-0.4416629,0.126575,0.9896076,-0.06823228,0.4468795,0.0045226533,0.8945827,9.909882,0.06700134,-1.0875397,9.747908,0.16094087,-1.0596168,-0.016281128,-0.040161133,-0.0066070557,-30.358887,68.5791,-37.139893,0,0.0,0.0,0.0,0.0
0.116210938,-0.08546627,-0.50346005,-0.859781,-0.068641804,0.8638634,-0.49902722,0.99397373,0.016366923,-0.1083896,0.86138016,-0.1587287,-0.482524,0.13600789,0.98730963,-0.081985325,0.489414,0.00499347,0.8720373,9.923035,0.110076904,-1.1365967,9.747553,0.16050468,-1.0629389,-0.014297485,-0.042755127,-0.013031006,-30.358887,68.5791,-37.139893,0,0.0,0.0,0.0,0.0
0.124511719,-0.08620325,-0.4982998,-0.86270875,-0.068354316,0.8668497,-0.49386156,0.99392986,0.0163974,-0.10878619,0.84888333,-0.1659961,-0.501839,0.14019746,0.98611253,-0.08903167,0.5096486,0.00522095,0.86036676,9.934998,0.105285645,-1.1533356,9.747123,0.16080356,-1.0668281,-0.0155181885,-0.036026,-0.011352539,-30.239868,68.699646,-36.65924,0,0.0,0.0,0.0,0.0
0.1328125,-0.08605492,-0.50376594,-0.85954314,-0.06907832,0.8636843,-0.4992771,0.9938927,0.016410543,-0.109123595,0.82331413,-0.1798394,-0.5383416,0.14736505,0.98367965,-0.10323677,0.54812175,0.005663559,0.8363794,9.92543,0.105285645,-1.1509552,9.746758,0.16093245,-1.0701369,-0.017044067,-0.018310547,-0.0043182373,-30.299377,68.33954,-37.01935,0,0.0,0.0,0.0,0.0
0.141113282,-0.08623062,-0.50381786,-0.85949504,-0.06918056,0.8636541,-0.49931508,0.9938704,0.016404107,-0.10932784,0.79709995,-0.19334641,-0.57205665,0.1534588,0.98111165,-0.11777229,0.5840223,0.0060891593,0.8117148,9.92543,0.105285645,-1.1509552,9.746539,0.16086935,-1.0721399,-0.021469116,0.0045928955,-0.015167236,-30.299377,68.33954,-37.01935,0,0.0,0.0,0.0,0.0
0.149414063,-0.086324625,-0.5038457,-0.8594695,-0.069253094,0.86363775,-0.49933353,0.99385715,0.016416134,-0.10944606,0.783834,-0.19988614,-0.58791995,0.15604599,0.979799,-0.12507497,0.60104406,0.006295468,0.7991911,9.919449,0.1040802,-1.1760712,9.746409,0.16098729,-1.0732993,-0.014907837,0.0073394775,-0.011199951,-30.299377,68.33954,-37.01935,0,0.0,0.0,0.0,0.0
0.157714844,-0.0853733,-0.51520073,-0.8528069,-0.07041757,0.8569116,-0.510631,0.99385756,0.01645833,-0.10943655,0.7571085,-0.21255133,-0.6177448,0.16035138,0.977127,-0.13967942,0.6333041,0.0066962657,0.77387404,9.918243,0.107681274,-1.1497498,9.746413,0.1614011,-1.073206,-0.014297485,0.02078247,-0.013183594,-30.839539,67.67883,-37.799072,0,0.0,0.0,0.0,0.0
0.166015625,-0.08526961,-0.51516974,-0.852836,-0.07037203,0.85692984,-0.51060665,0.99386966,0.01647658,-0.109323606,0.7301881,-0.22519068,-0.6450693,0.1639489,0.97428894,-0.15453726,0.6632843,0.0070828614,0.748334,9.920639,0.095718384,-1.1198425,9.746532,0.16158007,-1.0720984,-0.015670776,0.022003174,-0.0105896,-30.839539,67.67883,-37.799072,0,0.0,0.0,0.0,0.0
0.174316407,-0.08476407,-0.52003676,-0.84992766,-0.07079925,0.853985,-0.5154584,0.99388254,0.016481888,-0.109205425,0.71673703,-0.23130721,-0.6578639,0.16534947,0.9728536,-0.16191182,0.6774567,0.007270744,0.73552674,9.923035,0.105285645,-1.1425781,9.746658,0.1616321,-1.0709394,-0.015670776,0.025817871,-0.0041656494,-31.318665,67.07916,-37.919617,0,0.0,0.0,0.0,0.0
0.182617188,-0.08443405,-0.5225568,-0.84841347,-0.070982814,0.8524451,-0.5179758,0.99389756,0.01648798,-0.10906793,0.6899007,-0.2433679,-0.6817691,0.16756546,0.969904,-0.17665799,0.7042435,0.007635522,0.7099175,9.936203,0.107681274,-1.1198425,9.746806,0.16169187,-1.0695912,-0.015823364,0.029632568,-0.012878418,-31.199646,66.89911,-38.09967,0,0.0,0.0,0.0,0.0
0.190917969,-0.08428092,-0.52251035,-0.8484573,-0.070909455,0.85247314,-0.5179397,0.9939158,0.016511207,-0.10889813,0.6632817,-0.25502867,-0.70357496,0.16892487,0.9669005,-0.19122706,0.7290554,0.007986095,0.6844081,9.932602,0.119644165,-1.1198425,9.7469845,0.16191964,-1.0679259,-0.01965332,0.01864624,-0.0067749023,-31.199646,66.89911,-38.09967,0,0.0,0.0,0.0,0.0
0.19921875,-0.08415812,-0.52247304,-0.8484923,-0.07085796,0.8524954,-0.5179099,0.9939298,0.016536111,-0.108765796,0.65009534,-0.26067042,-0.71374154,0.16927664,0.96539336,-0.1983961,0.7407574,0.008156604,0.6717231,9.932602,0.119644165,-1.1198425,9.747122,0.16216385,-1.0666281,-0.015213013,0.017868042,-0.008453369,-31.199646,66.89911,-38.09967,0,0.0,0.0,0.0,0.0
0.207519532,-0.08413271,-0.52117103,-0.8492952,-0.07066047,0.85329175,-0.51662374,0.993946,0.016546646,-0.10861595,0.6240235,-0.27159047,-0.7326891,0.16937631,0.9623755,-0.21247377,0.7628279,0.0084884465,0.6465459,9.930206,0.102890015,-1.0875397,9.747281,0.16226716,-1.0651586,-0.024536133,0.022155762,-0.015014648,-31.259155,66.8396,-37.919617,0,0.0,0.0,0.0,0.0
0.215820313,-0.08403772,-0.5211271,-0.8493316,-0.070626035,0.85331815,-0.51658493,0.9939565,0.0165723,-0.10851605,0.598425,-0.2819872,-0.7499139,0.16870305,0.9593777,-0.22612748,0.7832157,0.008807564,0.62168765,9.939789,0.10647583,-1.1186371,9.747384,0.16251875,-1.064179,-0.010635376,0.013137817,-0.0076904297,-31.3797,66.95862,-37.979126,0,0.0,0.0,0.0,0.0
0.224121094,-0.08396125,-0.5211037,-0.84935355,-0.07057495,0.8533325,-0.5165683,0.99396664,0.016571358,-0.108423725,0.58581954,-0.2870173,-0.757916,0.16811489,0.9578834,-0.23280174,0.7928133,0.008962865,0.6093987,9.938583,0.098098755,-1.1114655,9.747483,0.16250952,-1.0632735,-0.012924194,0.016036987,-0.011199951,-31.3797,66.95862,-37.979126,0,0.0,0.0,0.0,0.0
0.232421875,-0.08414387,-0.51809305,-0.85117525,-0.07023575,0.8551637,-0.5135775,0.9939752,0.016568532,-0.10834546,0.5610293,-0.296754,-0.7727763,0.16648239,0.954909,-0.24582995,0.81088203,0.009264174,0.5851363,9.936203,0.088531494,-1.0743713,9.747567,0.1624818,-1.062506,-0.01612854,0.010391235,-0.0134887695,-31.259155,67.07916,-37.739563,0,0.0,0.0,0.0,0.0
0.240722657,-0.084081635,-0.5180741,-0.85119295,-0.070181906,0.8551755,-0.5135654,0.99398434,0.01655693,-0.10826399,0.5368577,-0.3059432,-0.7862458,0.16422465,0.9520018,-0.25830752,0.82753485,0.009553437,0.56133294,9.914658,0.07417297,-1.0803528,9.747656,0.162368,-1.061707,-0.01965332,0.003982544,-0.013336182,-31.259155,67.07916,-37.739563,0,0.0,0.0,0.0,0.0
0.249023438,-0.08406344,-0.51806843,-0.8511982,-0.07016844,0.8551789,-0.5135615,0.9939868,0.016555505,-0.10824135,0.5250063,-0.3103898,-0.79248124,0.16291346,0.95056,-0.26437658,0.83536077,0.009693513,0.54961663,9.914658,0.07417297,-1.0803528,9.747681,0.16235405,-1.061485,-0.015975952,-0.0064086914,-0.010894775,-31.259155,67.07916,-37.739563,0,0.0,0.0,0.0,0.0
0.257324219,-0.0843305,-0.5153957,-0.8527928,-0.06995729,0.85679185,-0.5108947,0.993979,0.016575066,-0.10830939,0.5017877,-0.31899813,-0.80402064,0.1599638,0.947703,-0.27617145,0.85007095,0.009965259,0.52657384,9.939789,0.107681274,-1.1114655,9.747604,0.16254587,-1.0621523,-0.021316528,-0.0035095215,-0.007522583,-31.13861,67.43927,-37.678528,0,0.0,0.0,0.0,0.0
0.265625,-0.0843909,-0.5154141,-0.85277575,-0.070002295,0.8567808,-0.51090735,0.99397075,0.01658033,-0.10838467,0.49043462,-0.3231051,-0.80936825,0.15830831,0.94630927,-0.2818463,0.8569786,0.01009746,0.515253,9.939789,0.107681274,-1.1114655,9.747523,0.1625975,-1.0628905,-0.012924194,-0.0021362305,-0.009979248,-31.13861,67.43927,-37.678528,0,0.0,0.0,0.0,0.0
0.273925782,-0.084370255,-0.516415,-0.8521721,-0.070110664,0.85617846,-0.51190144,0.9939649,0.0165571,-0.10844218,0.46822944,-0.3310577,-0.81924474,0.15473767,0.94355375,-0.2928526,0.86995256,0.010354191,0.4930267,9.920639,0.12562561,-1.1497498,9.747466,0.16236968,-1.0634545,-0.013534546,0.01008606,-0.011352539,-31.019592,67.73987,-37.979126,0,0.0,0.0,0.0,0.0
0.282226563,-0.08515795,-0.5068494,-0.85781807,-0.06921925,0.8618749,-0.5023748,0.99396014,0.0165963,-0.10847923,0.44669572,-0.33871675,-0.82809055,0.15088362,0.9408287,-0.30343953,0.88187134,0.010599836,0.4713709,9.929016,0.102890015,-1.1090698,9.747419,0.16275412,-1.0638179,-0.016738892,0.0129852295,-0.011505127,-30.839539,68.03894,-37.139893,0,0.0,0.0,0.0,0.0
0.290527344,-0.08509923,-0.50683177,-0.8578343,-0.069197245,0.86188495,-0.50236046,0.99396676,0.016609278,-0.10841711,0.43621927,-0.34221447,-0.8322271,0.14875802,0.9395607,-0.30837753,0.88745916,0.01071977,0.46076164,9.929016,0.102890015,-1.1090698,9.747484,0.16288137,-1.0632087,-0.019348145,0.0129852295,-0.011505127,-30.839539,68.03894,-37.139893,0,0.0,0.0,0.0,0.0
0.298828125,-0.08506126,-0.50682026,-0.8578447,-0.06920486,0.8618911,-0.5023487,0.99396944,0.016636612,-0.108387984,0.41578072,-0.34898707,-0.83984184,0.144352,0.9370635,-0.31792206,0.8979359,0.010953004,0.43998998,9.938583,0.107681274,-1.1114655,9.747511,0.16314943,-1.0629231,-0.019348145,0.0056610107,-0.010437012,-30.839539,68.03894,-37.139893,0,0.0,0.0,0.0,0.0
0.307128907,-0.08481427,-0.50981176,-0.85609484,-0.06951316,0.8601247,-0.5053248,0.99396896,0.016651098,-0.1083895,0.39602542,-0.35547385,-0.8466418,0.13977039,0.93461937,-0.32703337,0.9075396,0.011178083,0.41981775,9.932602,0.105285645,-1.0911255,9.747506,0.16329148,-1.0629379,-0.011398315,-0.0018310547,-0.007522583,-30.718994,67.97943,-37.438965,0,0.0,0.0,0.0,0.0
0.315429688,-0.084821835,-0.5098141,-0.8560928,-0.06951681,0.86012346,-0.5053267,0.9939681,0.016650105,-0.108397886,0.38639253,-0.35867897,-0.8497354,0.1374515,0.9333927,-0.3314892,0.91203505,0.011287548,0.4099569,9.932602,0.105285645,-1.0911255,9.7474985,0.16328177,-1.0630202,-0.019348145,-0.0035095215,-0.00982666,-30.718994,67.97943,-37.438965,0,0.0,0.0,0.0,0.0
0.323730469,-0.08421225,-0.5175783,-0.8514817,-0.07030347,0.8554737,-0.5130518,0.9939646,0.016656868,-0.10842892,0.3676329,-0.3648862,-0.85539705,0.13271919,0.9309811,-0.3400879,0.9204519,0.011499911,0.3906867,9.940979,0.09690857,-1.138977,9.747464,0.1633481,-1.0633246,-0.01902771,-0.0035095215,-0.008911133,-31.079102,67.43927,-37.919617,0,0.0,0.0,0.0,0.0
0.33203125,-0.08446657,-0.5154497,-0.8527467,-0.070134476,0.856758,-0.5109274,0.99395496,0.01665067,-0.1085182,0.349494,-0.37116516,-0.86028504,0.1280104,0.9284931,-0.34858847,0.9281526,0.011704133,0.37201577,9.9039,0.098098755,-1.1318054,9.747369,0.1632873,-1.0642,-0.014144897,0.0045928955,-0.004776001,-30.899048,67.49878,-37.739563,0,0.0,0.0,0.0,0.0
0.340332032,-0.08451573,-0.5154645,-0.85273296,-0.07014211,0.8567496,-0.5109406,0.9939503,0.01662997,-0.108564585,0.34067816,-0.37415856,-0.8625217,0.12560274,0.9272896,-0.35264415,0.93175226,0.011803067,0.36290264,9.9039,0.098098755,-1.1318054,9.747323,0.1630843,-1.064655,-0.01826477,0.011917114,-0.010131836,-30.899048,67.49878,-37.739563,0,0.0,0.0,0.0,0.0
0.348632813,-0.084469154,-0.5154505,-0.852746,-0.07010493,0.8567581,-0.51093143,0.9939569,0.016623752,-0.10850526,0.32353342,-0.37995642,-0.866579,0.12073634,0.92492664,-0.36046284,0.93848217,0.0119942175,0.34511924,9.937393,0.09211731,-1.1210327,9.747388,0.16302332,-1.0640731,-0.014907837,0.022003174,-0.0105896,-30.899048,67.49878,-37.739563,0,0.0,0.0,0.0,0.0
0.356933594,-0.08403761,-0.5192791,-0.8504628,-0.07044345,0.85444254,-0.5147483,0.99396956,0.016651314,-0.108385116,0.3070311,-0.38551003,-0.8701229,0.11582228,0.9226233,-0.36790144,0.9446254,0.012177552,0.32792467,9.912262,0.110076904,-1.1126556,9.747512,0.16329361,-1.0628949,-0.014297485,0.022918701,-0.007080078,-30.778503,67.37976,-38.09967,0,0.0,0.0,0.0,0.0
0.365234375,-0.083935335,-0.5192486,-0.85049146,-0.07037643,0.854461,-0.51472664,0.9939829,0.016650809,-0.10826233,0.29900753,-0.38828126,-0.87168354,0.113381155,0.9214593,-0.37156093,0.947491,0.01226703,0.31954703,9.912262,0.110076904,-1.1126556,9.7476425,0.16328867,-1.0616908,-0.016281128,0.014968872,-0.005844116,-30.778503,67.37976,-38.09967,0,0.0,0.0,0.0,0.0
0.373535157,-0.08356917,-0.5226654,-0.8484321,-0.07064086,0.85237557,-0.51813674,0.99399495,0.016633727,-0.10815385,0.28342763,-0.39364716,-0.87447745,0.108484566,0.9191775,-0.3786079,0.9528378,0.012440632,0.30322492,9.944565,0.10647583,-1.1006927,9.747761,0.16312113,-1.060627,-0.013839722,0.0056610107,-0.008300781,-30.899048,67.07916,-38.279724,0,0.0,0.0,0.0,0.0
0.381835938,-0.08294198,-0.52964866,-0.8441522,-0.07123828,0.84805495,-0.5250979,0.99400485,0.016583294,-0.10807062,0.26843756,-0.39893332,-0.8768087,0.103627324,0.9168933,-0.38544533,0.957707,0.012606684,0.28746903,9.949356,0.0765686,-1.0624084,9.747858,0.16262656,-1.0598108,-0.014907837,-0.0033569336,-0.009216309,-30.958557,66.719055,-38.819885,0,0.0,0.0,0.0,0.0
0.390136719,-0.08295094,-0.52965134,-0.8441496,-0.07119804,0.848054,-0.5251048,0.994007,0.016543865,-0.108057015,0.26114842,-0.40164307,-0.87777233,0.101244025,0.9157084,-0.38888013,0.9599746,0.01268622,0.27979976,9.949356,0.0765686,-1.0624084,9.747879,0.1622399,-1.0596774,-0.014907837,-0.006866455,-0.008605957,-30.958557,66.719055,-38.819885,0,0.0,0.0,0.0,0.0
0.3984375,-0.083027914,-0.5296743,-0.8441278,-0.07124738,0.8480399,-0.5251212,0.9939971,0.016542165,-0.108148865,0.24700485,-0.4068911,-0.8794477,0.09648133,0.91338646,-0.39549536,0.96419907,0.012838986,0.26486826,9.920639,0.102890015,-1.1126556,9.747782,0.16222322,-1.0605781,-0.019348145,-0.0076293945,-0.007080078,-30.958557,66.719055,-38.819885,0,0.0,0.0,0.0,0.0
0.406738282,-0.083250515,-0.52805007,-0.84512275,-0.07114127,0.8490521,-0.5234973,0.993986,0.016541693,-0.10825017,0.24014436,-0.4094323,-0.88016814,0.09410447,0.91224915,-0.3986802,0.96616507,0.012913052,0.25760087,9.920639,0.102890015,-1.1126556,9.747673,0.1622186,-1.0615716,-0.024841309,-0.007019043,-0.0093688965,-31.019592,66.539,-38.519287,0,0.0,0.0,0.0,0.0
0.415039063,-0.083323054,-0.5280718,-0.84510195,-0.071208805,0.8490382,-0.5235106,0.9939751,0.016558202,-0.10834783,0.22684085,-0.41428515,-0.8814255,0.089350834,0.9100535,-0.40474573,0.96982455,0.0130567495,0.24345402,9.937393,0.11126709,-1.1210327,9.747566,0.16238049,-1.0625293,-0.014450073,-0.00289917,-0.0107421875,-31.019592,66.539,-38.519287,0,0.0,0.0,0.0,0.0
0.423339844,-0.08352823,-0.5264654,-0.8460834,-0.07108451,0.85003537,-0.5219068,0.9939668,0.01654947,-0.1084255,0.21407007,-0.41893575,-0.88242096,0.084633626,0.90791994,-0.41050994,0.97314495,0.013195411,0.22981454,9.92543,0.098098755,-1.1270142,9.747485,0.16229486,-1.063291,-0.01965332,-0.0030517578,-0.0035552979,-31.019592,67.01965,-38.63983,0,0.0,0.0,0.0,0.0
0.431640625,-0.083596535,-0.52648586,-0.846064,-0.071095936,0.85002327,-0.521925,0.9939602,0.016520591,-0.10849001,0.20788164,-0.4211533,-0.8828449,0.08228457,0.9068925,-0.4132496,0.9746868,0.013262494,0.22318071,9.92543,0.098098755,-1.1270142,9.74742,0.16201165,-1.0639236,-0.017044067,1.6784668E-4,-0.0056915283,-31.019592,67.01965,-38.63983,0,0.0,0.0,0.0,0.0
0.439941407,-0.08421009,-0.51965946,-0.85021335,-0.07043714,0.854214,-0.5151282,0.9939554,0.016507601,-0.108536765,0.19588047,-0.42544982,-0.8835289,0.0776304,0.90488297,-0.41852167,0.9775502,0.013391518,0.21027674,9.934998,0.10169983,-1.1234283,9.747373,0.16188428,-1.0643821,-0.012161255,0.00642395,-0.01272583,-30.899048,67.43927,-38.15918,0,0.0,0.0,0.0,0.0
0.448242188,-0.084187396,-0.51965266,-0.85021967,-0.070419855,0.85421807,-0.5151236,0.9939585,0.016505439,-0.10850827,0.18439008,-0.42928067,-0.8841484,0.07298281,0.90307003,-0.423247,0.9801397,0.013514918,0.19784726,9.950546,0.08973694,-1.0803528,9.747403,0.16186306,-1.0641026,-0.015213013,-0.0051879883,-0.011505127,-30.899048,67.43927,-38.15918,0,0.0,0.0,0.0,0.0
0.456542969,-0.084848,-0.51158345,-0.85503405,-0.06963126,0.85907495,-0.50709146,0.9939579,0.01651141,-0.10851298,0.17882198,-0.43113592,-0.88438934,0.07068969,0.90218484,-0.42551786,0.98133874,0.01357473,0.19180736,9.950546,0.08973694,-1.0803528,9.747397,0.16192162,-1.0641489,-0.014602661,-0.0059509277,-0.012878418,-30.53894,68.03894,-37.678528,0,0.0,0.0,0.0,0.0
0.46484375,-0.08489631,-0.5115977,-0.85502064,-0.06968202,0.859066,-0.5070994,0.9939502,0.016528694,-0.10858071,0.1680526,-0.43439472,-0.8849066,0.066104814,0.9006186,-0.4295537,0.98355913,0.013691026,0.18006688,9.923035,0.105285645,-1.0947113,9.747322,0.16209112,-1.064813,-0.018417358,-0.0065612793,-0.007827759,-30.53894,68.03894,-37.678528,0,0.0,0.0,0.0,0.0
0.473144532,-0.084573835,-0.51659477,-0.8520429,-0.07022014,0.8560706,-0.51206666,0.9939398,0.016523136,-0.10867652,0.15771872,-0.43751967,-0.8852691,0.061618052,0.8991029,-0.43337882,0.98555976,0.0138034,0.16876447,9.927826,0.0993042,-1.1114655,9.74722,0.16203661,-1.0657526,-0.023620605,-0.010528564,-0.0079956055,-30.659485,67.85889,-38.09967,0,0.0,0.0,0.0,0.0
0.481445313,-0.084662676,-0.516621,-0.8520182,-0.07027263,0.85605484,-0.5120858,0.99392855,0.016519003,-0.10878021,0.15270211,-0.4391382,-0.88534725,0.059430126,0.8983127,-0.4353188,0.98648375,0.013857796,0.16327226,9.927826,0.0993042,-1.1114655,9.747109,0.16199608,-1.0667695,-0.020095825,-0.009460449,-0.009674072,-30.659485,67.85889,-38.09967,0,0.0,0.0,0.0,0.0
0.489746094,-0.08483915,-0.5152655,-0.8528211,-0.07016933,0.8568715,-0.5107323,0.99392074,0.0165118,-0.108852066,0.14297459,-0.44227582,-0.8854097,0.055126633,0.89677036,-0.4390489,0.9881899,0.013963182,0.15259655,9.942184,0.095718384,-1.0923309,9.747034,0.16192545,-1.0674742,-0.01322937,-0.0048828125,-0.010131836,-31.079102,67.67883,-37.799072,0,0.0,0.0,0.0,0.0
0.498046875,-0.08487062,-0.51527506,-0.85281223,-0.07019465,0.8568658,-0.5107386,0.9939164,0.016516162,-0.10889226,0.13364747,-0.44522798,-0.8853871,0.05091446,0.8953068,-0.44253075,0.9897202,0.014064109,0.14232403,9.933807,0.10169983,-1.0827484,9.74699,0.16196823,-1.0678684,-0.018112183,-0.0076293945,-0.009521484,-31.079102,67.67883,-37.799072,0,0.0,0.0,0.0,0.0
0.506347657,-0.08458172,-0.519304,-0.8503936,-0.07062799,0.8544298,-0.5147439,0.99391025,0.016523667,-0.10894654,0.12912816,-0.44665837,-0.88533735,0.048846968,0.89459324,-0.44420364,0.9904241,0.0141131515,0.13733509,9.933807,0.10169983,-1.0827484,9.74693,0.16204183,-1.0684006,-0.020874023,-0.014801025,-0.009521484,-31.13861,67.559814,-38.15918,0,0.0,0.0,0.0,0.0
0.514648438,-0.084707506,-0.5193418,-0.85035795,-0.07070295,0.8544069,-0.5147717,0.9938942,0.016517797,-0.10909367,0.12035928,-0.4495972,-0.8850853,0.04481181,0.8931184,-0.447584,0.9917185,0.01420861,0.12764235,9.924225,0.08375549,-1.1318054,9.746773,0.16198426,-1.0698435,-0.01902771,-0.008392334,-0.012878418,-31.13861,67.559814,-38.15918,0,0.0,0.0,0.0,0.0
0.522949219,-0.084740736,-0.5202096,-0.8498241,-0.07089085,0.8538782,-0.5156224,0.99387795,0.016550532,-0.10923637,0.11194797,-0.4524167,-0.8847524,0.040876202,0.8916921,-0.45079315,0.992873,0.014300056,0.11831619,9.915863,0.088531494,-1.1629181,9.7466135,0.16230527,-1.0712428,-0.017959595,-0.013885498,-0.008758545,-31.318665,67.43927,-38.15918,0,0.0,0.0,0.0,0.0
0.53125,-0.084924854,-0.5202654,-0.84977156,-0.07099404,0.85384446,-0.515664,0.9938549,0.016536023,-0.109448366,0.10787085,-0.45380068,-0.88455003,0.038947172,0.89098775,-0.45235378,0.9934017,0.014345066,0.11378586,9.915863,0.088531494,-1.1629181,9.7463875,0.162163,-1.0733218,-0.016738892,-0.019088745,-0.0093688965,-31.318665,67.43927,-38.15918,0,0.0,0.0,0.0,0.0
0.539550782,-0.085049376,-0.52025586,-0.84976494,-0.07108602,0.85385007,-0.5156422,0.9938377,0.01655136,-0.10960233,0.09996359,-0.45648548,-0.88409746,0.03516285,0.88961387,-0.45535794,0.9943696,0.014431829,0.10498033,9.954147,0.110076904,-1.1425781,9.746219,0.1623134,-1.0748317,-0.020263672,-0.001373291,-0.008605957,-31.498718,67.37976,-38.09967,0,0.0,0.0,0.0,0.0
0.547851563,-0.085110545,-0.52027446,-0.8497474,-0.07111627,0.8538389,-0.51565653,0.9938303,0.016543053,-0.10967067,0.09237953,-0.4590596,-0.8835894,0.03147772,0.8882868,-0.45820907,0.99522614,0.014515764,0.09650968,9.939789,0.088531494,-1.1282196,9.746146,0.16223194,-1.0755019,-0.017349243,-0.0045776367,-0.00982666,-31.498718,67.37976,-38.09967,0,0.0,0.0,0.0,0.0
0.556152344,-0.085215844,-0.5196272,-0.85013276,-0.071069844,0.854233,-0.5150095,0.99382454,0.016531836,-0.10972402,0.088705085,-0.46030718,-0.8833169,0.029673163,0.88764036,-0.45958036,0.99561584,0.01455631,0.09239698,9.939789,0.088531494,-1.1282196,9.74609,0.16212194,-1.0760251,-0.0098724365,-0.0024414063,-0.008605957,-31.13861,67.43927,-38.09967,0,0.0,0.0,0.0,0.0
0.564453125,-0.085254736,-0.519639,-0.85012174,-0.07110771,0.85422575,-0.5150165,0.9938185,0.016542612,-0.10977712,0.08158471,-0.46269873,-0.88275355,0.026137795,0.88639474,-0.46219164,0.9963236,0.014634541,0.08441018,9.943375,0.117248535,-1.1270142,9.746031,0.1622276,-1.0765458,-0.014907837,9.1552734E-4,-0.008132935,-31.13861,67.43927,-38.09967,0,0.0,0.0,0.0,0.0
0.572753907,-0.085389785,-0.51858735,-0.85075,-0.070978805,0.8548654,-0.51397175,0.9938161,0.016497282,-0.109805495,0.074758336,-0.4649929,-0.8821523,0.022703493,0.8851922,-0.4646712,0.9969432,0.014710102,0.07673246,9.927826,0.08375549,-1.1246338,9.746007,0.16178308,-1.0768241,-0.01399231,0.009780884,-0.005844116,-31.318665,67.559814,-38.038635,0,0.0,0.0,0.0,0.0
0.581054688,-0.085400485,-0.5185906,-0.850747,-0.07093504,0.85486424,-0.5139797,0.99381834,0.016453655,-0.109792076,0.07145176,-0.46608284,-0.88185114,0.021023247,0.8846182,-0.4658419,0.9972225,0.014745846,0.0730061,9.927826,0.08375549,-1.1246338,9.746029,0.16135524,-1.0766925,-0.011703491,0.012374878,-0.008605957,-31.318665,67.559814,-38.038635,0,0.0,0.0,0.0,0.0
0.589355469,-0.08539079,-0.5185373,-0.85078055,-0.07090514,0.854897,-0.5139296,0.9938214,0.016439859,-0.10976729,0.065044835,-0.46819583,-0.8812275,0.017740738,0.8835005,-0.46809408,0.99772465,0.014813476,0.065773286,9.933807,0.09451294,-1.1557312,9.746058,0.16121995,-1.0764494,-0.019958496,0.022155762,-0.00982666,-31.3797,67.67883,-38.09967,0,0.0,0.0,0.0,0.0
0.59765625,-0.085303195,-0.5185107,-0.8508055,-0.07086545,0.8549128,-0.51390874,0.9938317,0.01645466,-0.109671295,0.05890439,-0.4702204,-0.8805811,0.014559422,0.8824236,-0.47023037,0.99815744,0.014877883,0.058824763,9.951752,0.1040802,-1.1413727,9.74616,0.16136509,-1.075508,-0.016281128,0.020309448,-0.012420654,-31.3797,67.67883,-38.09967,0,0.0,0.0,0.0,0.0
0.605957032,-0.08541123,-0.51589155,-0.8523854,-0.07056,0.85649544,-0.5113088,0.9938441,0.016472798,-0.10955564,0.05593212,-0.47120097,-0.88025063,0.013006528,0.88189983,-0.47125736,0.99834985,0.014909418,0.055455215,9.951752,0.1040802,-1.1413727,9.746282,0.16154297,-1.0743738,-0.014907837,0.020309448,-0.00982666,-31.559753,67.67883,-37.799072,0,0.0,0.0,0.0,0.0
0.614257813,-0.08528764,-0.5158535,-0.8524207,-0.07048667,0.8565182,-0.5112807,0.99385995,0.016478369,-0.109411225,0.05017861,-0.47299528,-0.8796349,0.009969514,0.8809378,-0.47312713,0.9986905,0.014971328,0.048919763,9.9266205,0.09690857,-1.1138611,9.746437,0.16159761,-1.0729576,-0.011398315,0.028869629,-0.008758545,-31.559753,67.67883,-37.799072,0,0.0,0.0,0.0,0.0
0.622558594,-0.084971525,-0.5176699,-0.85135055,-0.070558615,0.8554219,-0.5131032,0.99388194,0.016470948,-0.10921258,0.044667937,-0.47471514,-0.87900525,0.007032766,0.88001114,-0.47490096,0.9989772,0.015031007,0.042646844,9.936203,0.09690857,-1.0887299,9.746653,0.16152483,-1.0710095,-0.020401001,0.016952515,-0.010894775,-31.199646,67.67883,-38.038635,0,0.0,0.0,0.0,0.0
0.630859375,-0.0848256,-0.51762587,-0.85139185,-0.07046223,0.85544854,-0.51307195,0.9939012,0.01646933,-0.109037,0.04200174,-0.47558603,-0.8786659,0.0056042457,0.87954026,-0.47579142,0.99910176,0.015059807,0.039607525,9.936203,0.09690857,-1.0887299,9.746841,0.16150895,-1.0692877,-0.019180298,0.010543823,-0.011047363,-31.199646,67.67883,-38.038635,0,0.0,0.0,0.0,0.0
0.639160157,-0.0850286,-0.5138516,-0.85365486,-0.070024915,0.857721,-0.5093243,0.99391484,0.016469972,-0.10891324,0.036841534,-0.47727275,-0.87798256,0.0028204946,0.87862515,-0.47750372,0.9993171,0.015115625,0.033716045,9.957733,0.093322754,-1.0839539,9.746975,0.16151527,-1.0680741,-0.014450073,0.0015258789,-0.011962891,-31.199646,67.559814,-37.55951,0,0.0,0.0,0.0,0.0
0.647460938,-0.08499467,-0.5138413,-0.85366446,-0.06998034,0.8577275,-0.50931937,0.99392086,0.016450297,-0.10886106,0.03189906,-0.47873792,-0.87737817,1.250254E-4,0.87782687,-0.47897813,0.9994911,0.015169258,0.028061705,9.934998,0.07298279,-1.0743713,9.747034,0.16132231,-1.0675623,-0.018569946,-0.016937256,-0.011199951,-31.199646,67.559814,-37.55951,0,0.0,0.0,0.0,0.0
0.655761719,-0.08516852,-0.5125255,-0.8544377,-0.069860786,0.8585147,-0.5080075,0.9939143,0.016425451,-0.10892388,0.029505417,-0.47944784,-0.87707424,-0.0011874819,0.8774388,-0.47968712,0.99956393,0.015194879,0.025319861,9.934998,0.07298279,-1.0743713,9.74697,0.16107866,-1.0681784,-0.017196655,-0.023666382,0.0016326904,-31.318665,67.61932,-37.438965,0,0.0,0.0,0.0,0.0
0.6640625,-0.08532364,-0.51257306,-0.85439384,-0.06996012,0.8584866,-0.50804186,0.9938941,0.01642551,-0.10910886,0.024863265,-0.4807714,-0.8764934,-0.0037472267,0.87671345,-0.4809984,0.99968386,0.015243609,0.0199964,9.950546,0.117248535,-1.1114655,9.746772,0.16107924,-1.0699924,-0.009262085,-0.018615723,-0.00982666,-31.318665,67.61932,-37.438965,0,0.0,0.0,0.0,0.0
0.672363282,-0.08544839,-0.5132898,-0.8539509,-0.07011455,0.8580585,-0.508743,0.9938724,0.016403118,-0.1093088,0.020405164,-0.4820434,-0.8759097,-0.00622223,0.87601393,-0.48224565,0.9997724,0.015290414,0.014875823,9.943375,0.105285645,-1.1162567,9.746559,0.16085964,-1.0719532,-0.013381958,-0.02519226,-0.0066070557,-31.079102,67.85889,-37.678528,0,0.0,0.0,0.0,0.0
0.680664063,-0.08563239,-0.5133453,-0.8538992,-0.07022391,0.8580255,-0.50878364,0.99384886,0.016395781,-0.109523885,0.0182416,-0.4826746,-0.8756098,-0.007428566,0.8756659,-0.48286027,0.999806,0.015312668,0.012387966,9.943375,0.105285645,-1.1162567,9.746328,0.16078769,-1.0740625,-0.014144897,-0.024276733,-0.009521484,-31.079102,67.85889,-37.678528,0,0.0,0.0,0.0,0.0
0.688964844,-0.08608413,-0.5104266,-0.8556017,-0.0700751,0.85976475,-0.50585973,0.99382037,0.016409885,-0.10978028,0.014040472,-0.48390096,-0.8750101,-0.009781975,0.874988,-0.48404568,0.99985355,0.015355559,0.007551737,9.929016,0.11605835,-1.1353912,9.746049,0.160926,-1.0765768,-0.01826477,-0.021987915,-0.013641357,-31.318665,68.03894,-37.438965,0,0.0,0.0,0.0,0.0
0.697265625,-0.086258866,-0.51047987,-0.8555524,-0.07022784,0.85973257,-0.50589347,0.9937945,0.016445793,-0.11000943,0.01000146,-0.48496023,-0.87447906,-0.012059815,0.8744007,-0.4850547,0.9998773,0.01539731,0.0028967522,9.9266205,0.114852905,-1.146164,9.745795,0.16127814,-1.078824,-0.018112183,-0.017242432,-0.0107421875,-31.318665,68.03894,-37.438965,0,0.0,0.0,0.0,0.0
0.705566407,-0.086737156,-0.5067172,-0.85773796,-0.07000631,0.86195457,-0.50212896,0.99376845,0.016493835,-0.11023688,0.008040565,-0.48547482,-0.87421364,-0.0131709855,0.8741147,-0.485541,0.99988097,0.01541828,6.341935E-4,9.9266205,0.114852905,-1.146164,9.74554,0.16174926,-1.0810546,-0.020263672,-0.018920898,-0.011352539,-31.019592,68.2785,-37.1994,0,0.0,0.0,0.0,0.0
0.713867188,-0.086937115,-0.5067776,-0.85768205,-0.07018225,0.8619182,-0.5021668,0.9937386,0.016537128,-0.110499464,0.0061152107,-0.48590252,-0.87399167,-0.014265784,0.87387663,-0.48593843,0.99987954,0.015439791,-0.0015878407,9.917053,0.114852905,-1.1928253,9.745247,0.16217384,-1.0836296,-0.02255249,-0.013122559,-0.012268066,-31.019592,68.2785,-37.1994,0,0.0,0.0,0.0,0.0
0.722167969,-0.087106064,-0.50682855,-0.8576348,-0.07034656,0.8618873,-0.5021968,0.9937121,0.016587267,-0.11072925,0.0023740572,-0.4867346,-0.87354666,-0.01640185,0.87341267,-0.48670453,0.9998627,0.015483246,-0.005909817,9.917053,0.114852905,-1.1928253,9.7449875,0.16266553,-1.085883,-0.01965332,-0.009307861,-0.013793945,-31.019592,68.2785,-37.1994,0,0.0,0.0,0.0,0.0
0.73046875,-0.087125435,-0.50761634,-0.8571667,-0.07051042,0.8614229,-0.50297,0.99369884,0.016617704,-0.11084409,-0.0012221416,-0.48753536,-0.87310237,-0.018465964,0.87296516,-0.4874329,0.9998287,0.015526966,-0.010069698,9.920639,0.10169983,-1.1569366,9.744857,0.16296402,-1.0870092,-0.018875122,0.0143585205,-0.010131836,-31.019592,68.03894,-37.139893,0,0.0,0.0,0.0,0.0
0.738769532,-0.08718769,-0.50701356,-0.8575171,-0.07046415,0.8617778,-0.5023683,0.9936967,0.016623879,-0.11086269,-0.0029664612,-0.48793963,-0.87287235,-0.019471139,0.8727389,-0.48779884,0.99980605,0.0155487815,-0.0120896865,9.923035,0.09451294,-1.1736755,9.744836,0.16302456,-1.0871916,-0.021942139,0.020614624,-0.009063721,-30.839539,68.218994,-37.1994,0,0.0,0.0,0.0,0.0
0.747070313,-0.08705637,-0.5069741,-0.8575537,-0.070400715,0.8618006,-0.5023379,0.99371266,0.01664068,-0.110716574,-0.006349549,-0.4886996,-0.872429,-0.021426355,0.87231284,-0.4884785,0.99975026,0.015591356,-0.016009843,9.907486,0.11366272,-1.1210327,9.744992,0.16318934,-1.0857587,-0.015670776,0.022460938,-0.009521484,-30.839539,68.218994,-37.1994,0,0.0,0.0,0.0,0.0
0.755371094,-0.08679874,-0.50824666,-0.85682636,-0.07041338,0.86105126,-0.5036197,0.9937343,0.016618486,-0.11052552,-0.00959005,-0.48942742,-0.87199134,-0.02330713,0.8719039,-0.48912203,0.99968237,0.015632909,-0.01976875,9.936203,0.08255005,-1.1090698,9.745205,0.16297169,-1.0838851,-0.013687134,0.02368164,-0.013946533,-30.958557,68.099976,-37.25891,0,0.0,0.0,0.0,0.0
0.763671875,-0.086622514,-0.50819343,-0.8568756,-0.070335045,0.8610819,-0.5035779,0.9937552,0.016647208,-0.110332906,-0.0111567555,-0.48980615,-0.87175995,-0.024219254,0.87169087,-0.4894573,0.9996444,0.015652621,-0.02158798,9.949356,0.114852905,-1.1090698,9.74541,0.16325335,-1.0819962,-0.015975952,0.023529053,-0.0055389404,-30.958557,68.099976,-37.25891,0,0.0,0.0,0.0,0.0
0.771972657,-0.08647047,-0.5081476,-0.8569182,-0.070247814,0.8611089,-0.50354403,0.99377465,0.016654942,-0.11015675,-0.014187373,-0.49053848,-0.87130404,-0.025990065,0.8712782,-0.49010077,0.99956155,0.015692007,-0.025110278,9.94696,0.114852905,-1.0875397,9.745601,0.16332918,-1.0802687,-0.015365601,0.0070343018,-0.006164551,-30.958557,68.099976,-37.25891,0,0.0,0.0,0.0,0.0
0.780273438,-0.08640423,-0.50825816,-0.8568594,-0.07022125,0.8610438,-0.50365925,0.9937823,0.016651457,-0.11008834,-0.017088756,-0.4912397,-0.8708568,-0.027692012,0.8708824,-0.49071074,0.9994704,0.01573014,-0.02848571,9.94696,0.114852905,-1.0875397,9.745676,0.16329503,-1.079598,-0.019485474,-0.008850098,-0.007217407,-30.839539,68.159485,-37.319946,0,0.0,0.0,0.0,0.0
0.788574219,-0.086710654,-0.50479835,-0.8588712,-0.069895245,0.8630765,-0.50021344,0.9937786,0.01665718,-0.11012095,-0.018493736,-0.49158195,-0.8706349,-0.028518397,0.8706889,-0.49100664,0.99942213,0.015748566,-0.03012142,9.938583,0.105285645,-1.0660095,9.745639,0.16335113,-1.0799177,-0.01979065,-0.014343262,-0.0093688965,-30.53894,68.63861,-37.25891,0,0.0,0.0,0.0,0.0
0.796875,-0.08678872,-0.5048214,-0.85884976,-0.06994444,0.8630629,-0.50022984,0.9937683,0.016657468,-0.11021359,-0.021223813,-0.49210757,-0.8702756,-0.030122343,0.8703913,-0.49143836,0.99932086,0.015784547,-0.033296455,9.948166,0.102890015,-1.0875397,9.745538,0.16335396,-1.0808262,-0.018569946,-0.026260376,-0.008605957,-30.53894,68.63861,-37.25891,0,0.0,0.0,0.0,0.0
0.805175782,-0.08723861,-0.50211006,-0.86039233,-0.06980123,0.8646434,-0.4975135,0.993739,0.01665406,-0.11047818,-0.02384708,-0.4926131,-0.8699216,-0.03166753,0.8701047,-0.49184862,0.99921393,0.015819116,-0.036349297,9.931412,0.1040802,-1.1557312,9.745251,0.16332053,-1.0834209,-0.012008667,-0.010375977,-0.0055389404,-30.53894,68.63861,-36.95984,0,0.0,0.0,0.0,0.0
0.813476563,-0.08740071,-0.50215816,-0.8603478,-0.069880836,0.8646158,-0.49755022,0.99371916,0.016635576,-0.110659264,-0.025125422,-0.49280363,-0.86977774,-0.032418966,0.8699964,-0.49199104,0.9991585,0.015835814,-0.03783521,9.939789,0.098098755,-1.2215424,9.745056,0.16313928,-1.0851967,-0.015213013,0.005355835,-0.0053863525,-30.53894,68.63861,-36.95984,0,0.0,0.0,0.0,0.0
0.821777344,-0.0870023,-0.5082337,-0.85681325,-0.07052161,0.8610589,-0.50359124,0.99370885,0.016610254,-0.11075558,-0.027611375,-0.49317518,-0.8694917,-0.033881426,0.8697853,-0.49226576,0.9990444,0.015867485,-0.040725447,9.917053,0.117248535,-1.2131653,9.744955,0.16289096,-1.0861412,-0.018875122,0.02230835,-0.009063721,-30.958557,68.51959,-37.5,0,0.0,0.0,0.0,0.0
0.830078125,-0.08693873,-0.5082147,-0.8568311,-0.07050978,0.8610698,-0.50357455,0.9937153,0.016634839,-0.11069442,-0.029991467,-0.49377438,-0.8690728,-0.035297073,0.8694448,-0.4927677,0.99892676,0.015896898,-0.04350471,9.917053,0.117248535,-1.2131653,9.745018,0.16313204,-1.0855415,-0.012008667,0.05177307,-0.00982666,-30.958557,68.51959,-37.5,0,0.0,0.0,0.0,0.0
0.838378907,-0.08643621,-0.5117185,-0.8547941,-0.070762604,0.8589916,-0.5070759,0.99374115,0.016657738,-0.11045852,-0.031143878,-0.49406454,-0.8688672,-0.03598464,0.86927956,-0.49300918,0.9988669,0.015911657,-0.044851474,9.897903,0.11605835,-1.1904297,9.745272,0.16335662,-1.0832281,-0.0055999756,0.06414795,-0.007385254,-31.13861,68.099976,-37.61902,0,0.0,0.0,0.0,0.0
0.846679688,-0.08609702,-0.5116161,-0.8548896,-0.07056418,0.8590523,-0.50700074,0.9937847,0.016673328,-0.11006363,-0.03336391,-0.49476767,-0.8683846,-0.037322342,0.868879,-0.49361545,0.99874616,0.015941203,-0.04745509,9.929016,0.102890015,-1.1425781,9.745699,0.1635095,-1.0793555,-0.0023956299,0.07467651,-0.011199951,-31.13861,68.099976,-37.61902,0,0.0,0.0,0.0,0.0
0.854980469,-0.08567547,-0.5106527,-0.85550773,-0.07014634,0.8596258,-0.50608593,0.9938507,0.016651584,-0.10946926,-0.035480015,-0.49543852,-0.86791813,-0.038602814,0.8684962,-0.49419045,0.99862456,0.015970195,-0.049939577,9.958923,0.08375549,-1.0935211,9.7463455,0.16329625,-1.0735266,-0.0046844482,0.077438354,-0.014404297,-31.318665,68.2785,-37.61902,0,0.0,0.0,0.0,0.0
0.86328125,-0.08520084,-0.51050854,-0.8556411,-0.06983309,0.8597115,-0.5059835,0.99391353,0.016641859,-0.108898535,-0.036496345,-0.49574435,-0.8677013,-0.03921788,0.8683214,-0.49444908,0.998564,0.015983824,-0.051132604,9.944565,0.088531494,-1.1162567,9.746963,0.16320089,-1.0679299,-0.004989624,0.07621765,-0.006164551,-31.318665,68.2785,-37.61902,0,0.0,0.0,0.0,0.0
0.871582032,-0.08460599,-0.5120162,-0.8547989,-0.06967055,0.858815,-0.507526,0.99397576,0.01661456,-0.10833337,-0.038447913,-0.49633178,-0.8672811,-0.040401477,0.8679853,-0.49494374,0.99844354,0.016009884,-0.05342476,9.930206,0.08734131,-1.0468597,9.747573,0.16293319,-1.0623875,-0.0019226074,0.066589355,-0.00982666,-31.079102,68.33954,-37.85858,0,0.0,0.0,0.0,0.0
0.879882813,-0.08410674,-0.51186633,-0.85493803,-0.06931977,0.8589051,-0.5074219,0.9940427,0.016586507,-0.10772214,-0.03938283,-0.4966471,-0.86705863,-0.040971726,0.8678047,-0.49521345,0.9983838,0.016021978,-0.054525092,9.930206,0.08734131,-1.036087,9.748229,0.16265807,-1.0563934,-0.006210327,0.061401367,-0.012268066,-31.079102,68.33954,-37.85858,0,0.0,0.0,0.0,0.0
0.888183594,-0.08391496,-0.50890166,-0.8567248,-0.068772584,0.8606649,-0.50450593,0.9940969,0.016583582,-0.10722115,-0.04117541,-0.4972527,-0.8666281,-0.042066727,0.86745733,-0.49572983,0.9982659,0.016044332,-0.056635704,9.956528,0.10647583,-1.0301056,9.74876,0.1626294,-1.0514803,-3.9672852E-4,0.031158447,-0.0055389404,-30.958557,68.63861,-37.739563,0,0.0,0.0,0.0,0.0
0.896484375,-0.083643444,-0.5088204,-0.85679966,-0.06858307,0.86071324,-0.50444925,0.9941328,0.016568068,-0.10688949,-0.042884033,-0.49771577,-0.86627936,-0.043104697,0.8671914,-0.4961059,0.9981498,0.016065687,-0.05864255,9.956528,0.10647583,-1.0301056,9.749113,0.16247725,-1.0482278,-0.014755249,0.019866943,-0.008758545,-30.958557,68.63861,-37.739563,0,0.0,0.0,0.0,0.0
0.904785157,-0.08349528,-0.508776,-0.85684043,-0.06844384,0.8607403,-0.50442207,0.99415493,0.016528586,-0.10669033,-0.04370676,-0.4979387,-0.86611015,-0.043605074,0.8670632,-0.49628615,0.99809235,0.016075734,-0.05960918,9.944565,0.071777344,-1.0325012,9.74933,0.16209006,-1.0462748,-0.014755249,0.009017944,-0.013793945,-30.958557,68.63861,-37.739563,0,0.0,0.0,0.0,0.0
