Time,Rot1,Rot2,Rot3,Rot4,Rot5,Rot6,Rot7,Rot8,Rot9,FRot1,FRot2,FRot3,FRot4,FRot5,FRot6,FRot7,FRot8,FRot9,AccX,AccY,AccZ,GravX,GravY,GravZ,GyroX,GyroY,GyroZ,MagX,MagY,MagZ,Imid
0.0,0.0,0.0,0.0,0.0,0.0,0.0,0.0,0.0,0.0,1.0,0.0,0.0,0.0,1.0,0.0,0.0,0.0,1.0,10.084549,-0.102890015,0.75613403,9.783456,-0.06787566,0.67065114,0.0,0.0,0.0,0.0,0.0,0.0,0,0.0,0.0,0.0,0.0
0.008300781,0.0,0.0,0.0,0.0,0.0,0.0,0.0,0.0,0.0,1.0,0.0,0.0,0.0,1.0,0.0,0.0,0.0,1.0,10.118057,-0.0382843,0.76091003,9.78354,-0.06678019,0.6695259,-0.003921509,-0.017700195,-0.029220581,0.0,0.0,0.0,0,0.0,0.0,0.0,0.0
0.016601563,-0.0651062,-0.40108362,0.9137249,0.021367345,-0.91601795,-0.40056768,0.9976495,-0.0065555647,0.06820854,1.0,0.0,0.0,0.0,1.0,0.0,0.0,0.0,1.0,10.118057,-0.0382843,0.76091003,9.7836,-0.06428813,0.6688973,-0.017654419,-0.013122559,-0.03364563,-15.119934,-37.319946,-17.459106,0,0.0,0.0,0.0,0.0
0.024902344,-0.064933546,-0.40114638,0.9137096,0.021621907,-0.91599256,-0.40061212,0.99765533,-0.006257022,0.0681522,0.99240583,-0.10785349,-0.059146237,0.10767799,0.99416673,-0.006155894,0.059465155,-2.5960198E-4,0.99823034,10.085754,-0.059814453,0.6771698,9.783657,-0.061360423,0.66834474,-0.032318115,-0.029006958,-0.031051636,-15.119934,-37.319946,-17.459106,0,0.0,0.0,0.0,0.0
0.033203125,-0.06447447,-0.4113018,0.90921605,0.022383776,-0.9114785,-0.41073802,0.99766827,-0.0061304276,0.06797359,0.9709888,-0.21026437,-0.11388424,0.2088921,0.97764444,-0.023988348,0.11638219,-4.971012E-4,0.99320436,10.061813,-0.15553284,0.69511414,9.783784,-0.06011896,0.66659325,-0.03353882,-0.01739502,-0.02784729,-15.299988,-37.25891,-17.939758,0,0.0,0.0,0.0,0.0
0.041503906,-0.064311214,-0.41136143,0.90920067,0.022412162,-0.91145235,-0.41079485,0.9976782,-0.006041565,0.067836106,0.95581275,-0.25897652,-0.139116,0.25636715,0.96588343,-0.036675606,0.14386797,-6.097684E-4,0.9895967,10.004395,-0.18185425,0.64845276,9.783881,-0.059247512,0.66524494,-0.03125,-0.005493164,-0.024475098,-15.299988,-37.25891,-17.939758,0,0.0,0.0,0.0,0.0
0.049804688,-0.06413907,-0.41412944,0.90795535,0.022581002,-0.91019803,-0.41355723,0.9976855,-0.0060226335,0.06773072,0.9177969,-0.35153198,-0.1845916,0.34480432,0.93617547,-0.06844991,0.19687246,-8.2486874E-4,0.98042876,9.94696,-0.14715576,0.63409424,9.783953,-0.05906186,0.66421145,-0.02330017,0.0035247803,-0.019439697,-15.539551,-37.319946,-18.119812,0,0.0,0.0,0.0,0.0
0.058105469,-0.06407318,-0.41415375,0.9079489,0.022595333,-0.9101872,-0.4135802,0.99768937,-0.0059839915,0.06767654,0.89549875,-0.3952268,-0.20464054,0.38551947,0.91858315,-0.087062195,0.22238864,-9.2882465E-4,0.97495764,9.94696,-0.14715576,0.63409424,9.783991,-0.05868291,0.66368014,-0.024993896,0.003829956,-0.018676758,-15.539551,-37.319946,-18.119812,0,0.0,0.0,0.0,0.0
0.06640625,-0.064114906,-0.41705582,0.9066166,0.022827828,-0.9088611,-0.41647393,0.99768144,-0.0060060984,0.06779202,0.8455331,-0.47742465,-0.23903881,0.45976752,0.87867194,-0.1286446,0.27145478,-0.0011290105,0.9624505,9.930206,-0.17826843,0.7286072,9.783913,-0.058899704,0.6648126,-0.027893066,0.01008606,-0.020202637,-15.419006,-37.01935,-18.119812,0,0.0,0.0,0.0,0.0
0.074707031,-0.06442711,-0.41438603,0.90781796,0.022666413,-0.91008085,-0.41381037,0.9976649,-0.006083629,0.06802652,0.7900244,-0.5525179,-0.26567927,0.5242027,0.83349997,-0.17461187,0.31791982,-0.0013221443,0.94811666,9.963715,-0.21057129,0.79681396,9.783751,-0.059660017,0.66711223,-0.018722534,0.016342163,-0.014251709,-15.419006,-37.55951,-18.23883,0,0.0,0.0,0.0,0.0
0.083007813,-0.06471609,-0.41428074,0.90784544,0.02268708,-0.91012824,-0.41370517,0.9976458,-0.006177025,0.068298765,0.76067877,-0.58749557,-0.27607366,0.5528462,0.8092261,-0.19878156,0.3401893,-0.0014173745,0.9403559,9.963715,-0.21057129,0.79681396,9.783564,-0.06057592,0.6697821,-0.010482788,0.016342163,-0.014251709,-15.419006,-37.55951,-18.23883,0,0.0,0.0,0.0,0.0
0.091308594,-0.06497064,-0.414188,0.9078696,0.02272455,-0.91017,-0.41361123,0.9976284,-0.006241659,0.06854656,0.69983196,-0.65227675,-0.2911533,0.6030494,0.75797915,-0.24859393,0.3828402,-0.0016058579,0.92381316,10.04985,-0.16989136,0.6663971,9.783393,-0.061209768,0.6722122,-0.010177612,0.026428223,-0.012573242,-15.419006,-37.55951,-18.23883,0,0.0,0.0,0.0,0.0
0.099609375,-0.06496314,-0.42158142,0.90446055,0.023261487,-0.90676856,-0.42098644,0.99761647,-0.0063095014,0.068713136,0.6372616,-0.71031106,-0.29892454,0.6441543,0.7038857,-0.29934973,0.4230401,-0.0017894368,0.9061092,10.106079,-0.13040161,0.58384705,9.783276,-0.06187507,0.6738457,0.0023498535,0.017105103,-0.008453369,-15.419006,-37.139893,-18.418884,0,0.0,0.0,0.0,0.0
0.107910156,-0.064986594,-0.42157277,0.9044628,0.023252558,-0.90677243,-0.42097855,0.99761516,-0.0063268887,0.068730704,0.6058225,-0.73676187,-0.3002683,0.6613599,0.67614967,-0.32469174,0.4422468,-0.0018798385,0.8968914,10.106079,-0.13040161,0.58384705,9.783263,-0.062045585,0.67401797,-0.003768921,0.016799927,-0.011352539,-15.419006,-37.139893,-18.418884,0,0.0,0.0,0.0,0.0
0.116210938,-0.06512172,-0.41686213,0.90663385,0.022972576,-0.9089479,-0.41627604,0.99761283,-0.0062808963,0.06876866,0.5430869,-0.7849665,-0.29813462,0.6896944,0.61953485,-0.37483102,0.4789346,-0.002055943,0.8778482,10.071396,-0.08734131,0.6699829,9.78324,-0.061594553,0.6743902,-0.012161255,-0.014038086,-0.012878418,-15.419006,-37.25891,-18.23883,0,0.0,0.0,0.0,0.0
0.124511719,-0.06491541,-0.41932756,0.90551114,0.022985563,-0.90781265,-0.41874555,0.997626,-0.0063693547,0.0685695,0.48113385,-0.827295,-0.28998828,0.7105858,0.56176335,-0.42366233,0.5133985,-0.002223252,0.85814744,10.08934,-0.19023132,0.6316986,9.783369,-0.062462036,0.67243713,-2.593994E-4,-0.04916382,-0.011199951,-15.419006,-37.25891,-18.359375,0,0.0,0.0,0.0,0.0
0.1328125,-0.06455895,-0.41945782,0.9054762,0.02274537,-0.90775186,-0.4188903,0.9976547,-0.006447727,0.06814424,0.4507772,-0.8462818,-0.28391358,0.7183867,0.5327304,-0.44734645,0.5298306,-0.0023061747,0.84810036,10.08934,-0.19023132,0.6316986,9.78365,-0.063230604,0.6682667,5.187988E-4,-0.06565857,-0.012268066,-15.419006,-37.25891,-18.359375,0,0.0,0.0,0.0,0.0
0.141113281,-0.06446109,-0.4194936,0.9054666,0.022842754,-0.9077362,-0.41891888,0.9976587,-0.0063206153,0.06809606,0.39161202,-0.8801964,-0.26813114,0.7292022,0.47460318,-0.49296653,0.56116325,-0.0024701813,0.8277015,9.908676,-0.022735596,0.92481995,9.78369,-0.061984062,0.6677942,3.6621094E-4,-0.009765625,-0.0027923584,-15.419006,-37.25891,-18.359375,0,0.0,0.0,0.0,0.0
0.149414063,-0.06434036,-0.42271885,0.90397406,0.023039633,-0.9062387,-0.422138,0.99766195,-0.006333281,0.06804701,0.33492187,-0.90901625,-0.24802575,0.7342446,0.41675237,-0.53591275,0.5905187,-0.0026226596,0.8070197,9.923035,-0.08255005,0.7417755,9.783722,-0.06210827,0.6673132,-0.003768921,0.017562866,0.005142212,-15.238953,-37.1994,-18.47992,0,0.0,0.0,0.0,0.0
0.157714844,-0.064534,-0.4226489,0.90399295,0.02305176,-0.9062709,-0.42206833,0.99764925,-0.00639913,0.06822809,0.3076765,-0.921607,-0.23659194,0.7348002,0.38811505,-0.55626917,0.6044864,-0.0026968725,0.7966109,9.923035,-0.08255005,0.7417755,9.783597,-0.06275403,0.669089,-0.010787964,0.015274048,0.010482788,-15.238953,-37.1994,-18.47992,0,0.0,0.0,0.0,0.0
0.166015625,-0.06495366,-0.41202214,0.90885574,0.02214111,-0.9111499,-0.4114798,0.99764264,-0.006604046,0.06830515,0.25545347,-0.94345576,-0.21126932,0.73246914,0.33148623,-0.5946476,0.63105655,-0.0028434827,0.77573156,10.054642,-0.10887146,0.6305084,9.783532,-0.06476357,0.6698447,-0.018569946,0.012527466,0.024536133,-15.119934,-37.319946,-17.999268,0,0.0,0.0,0.0,0.0
0.174316406,-0.06493106,-0.41533136,0.9073499,0.022197653,-0.90964484,-0.41479337,0.9976428,-0.0067919344,0.06828358,0.20607723,-0.9612957,-0.18287352,0.72617817,0.27550244,-0.62989175,0.6558944,-0.002992402,0.75484675,10.02832,-0.08135986,0.5970154,9.783534,-0.06660613,0.6696332,-0.017044067,0.0032196045,0.028503418,-15.179443,-37.078857,-18.058777,0,0.0,0.0,0.0,0.0
0.182617188,-0.064967155,-0.41531822,0.9073533,0.021945104,-0.90964895,-0.41479775,0.9976461,-0.007036268,0.06821151,0.18268238,-0.968739,-0.167845,0.721672,0.24806327,-0.6462618,0.6676951,-0.003068393,0.7444285,10.02832,-0.08135986,0.5970154,9.783566,-0.06900222,0.6689264,-0.027130127,-0.0012207031,0.030029297,-15.179443,-37.078857,-18.058777,0,0.0,0.0,0.0,0.0
0.190917969,-0.06500359,-0.41530502,0.90735674,0.02170267,-0.90965307,-0.41480127,0.99764895,-0.0072715073,0.06814394,0.13840698,-0.98094326,-0.13635944,0.7103358,0.19426781,-0.6765228,0.6901207,-0.003225522,0.7236871,9.993622,-0.057434082,0.6352997,9.783595,-0.071309134,0.66826385,-0.03475952,-0.004425049,0.028198242,-15.179443,-37.078857,-18.058777,0,0.0,0.0,0.0,0.0
0.19921875,-0.065198295,-0.41103733,0.90928406,0.02122324,-0.9115879,-0.41055697,0.9976466,-0.0074696625,0.06815752,0.09749317,-0.98985463,-0.1033584,0.6963456,0.14204371,-0.70351005,0.711054,-0.0033857445,0.7031292,10.005585,-0.023925781,0.7238312,9.783571,-0.073252365,0.66839695,-0.038116455,-0.02519226,0.031097412,-15.299988,-37.25891,-17.939758,0,0.0,0.0,0.0,0.0
0.207519531,-0.06521491,-0.41103125,0.9092856,0.021000868,-0.91158885,-0.4105662,0.9976502,-0.007679251,0.0680812,0.07822227,-0.99318856,-0.08635849,0.6885182,0.116466686,-0.71580595,0.72098815,-0.0034674234,0.6929387,10.005585,-0.023925781,0.7238312,9.783607,-0.07530773,0.6676485,-0.03933716,-0.025344849,0.035690308,-15.299988,-37.25891,-17.939758,0,0.0,0.0,0.0,0.0
0.215820313,-0.06520931,-0.41358694,0.9081265,0.020841815,-0.9104294,-0.4131392,0.99765396,-0.008013515,0.067988366,0.04214467,-0.997771,-0.05173694,0.67145276,0.0666309,-0.7380458,0.739848,-0.003634213,0.67276424,9.993622,-0.114852905,0.75971985,9.783644,-0.07858574,0.66673815,-0.032318115,-0.020004272,0.030334473,-15.419006,-36.95984,-17.939758,0,0.0,0.0,0.0,0.0
0.224121094,-0.06527091,-0.4135641,0.9081324,0.020530362,-0.9104369,-0.41313797,0.99765635,-0.008321607,0.06791567,0.025349045,-0.9990918,-0.03424856,0.662317,0.042446274,-0.74802035,0.7487948,-0.0037217997,0.66279143,9.993622,-0.114852905,0.75971985,9.783667,-0.08160709,0.6660252,-0.026062012,-0.018920898,0.0262146,-15.419006,-36.95984,-17.939758,0,0.0,0.0,0.0,0.0
0.232421875,-0.06532637,-0.41317892,0.90830374,0.02025016,-0.91060954,-0.4127714,0.9976585,-0.0085715605,0.067853756,-0.005909838,-0.99998206,9.66731E-4,0.6430849,-0.0045409137,-0.7657814,0.76577204,-0.0039039538,0.6431002,9.976868,-0.12083435,0.7154541,9.783688,-0.0840583,0.6654181,-0.011245728,-0.0019836426,0.015380859,-15.359497,-37.139893,-17.999268,0,0.0,0.0,0.0,0.0
0.240722656,-0.065377496,-0.41316018,0.9083086,0.020081434,-0.91061646,-0.41276455,0.99765855,-0.008745371,0.06783067,-0.03417897,-0.998757,0.036279406,0.62285376,-0.04967574,-0.7807596,0.78159136,-0.0040887934,0.62377745,9.978073,-0.11605835,0.68196106,9.783689,-0.0857628,0.6651916,0.0107421875,0.0019989014,0.0098724365,-15.359497,-37.139893,-17.999268,0,0.0,0.0,0.0,0.0
0.249023438,-0.06533366,-0.4186562,0.90579164,0.020376535,-0.90810144,-0.41825405,0.99765533,-0.008869174,0.06786036,-0.04723551,-0.9974291,0.05388872,0.61245906,-0.0715381,-0.7872586,0.78908974,-0.0041819257,0.61426365,9.978073,-0.11605835,0.68196106,9.783657,-0.086976886,0.66548276,0.016235352,0.008255005,0.0052948,-15.7196045,-37.139893,-18.299866,0,0.0,0.0,0.0,0.0
0.257324219,-0.06537724,-0.4186399,0.90579605,0.020317812,-0.90810835,-0.41824213,0.9976538,-0.008939721,0.06787546,-0.07115009,-0.9935153,0.088685006,0.5912988,-0.113614656,-0.7984093,0.8033077,-0.004367543,0.59554815,10.022339,-0.12802124,0.61735535,9.783641,-0.08766871,0.6656309,0.02067566,0.024749756,-0.0069122314,-15.7196045,-37.139893,-18.299866,0,0.0,0.0,0.0,0.0
0.265625,-0.065297045,-0.4226924,0.9039178,0.020681793,-0.9062296,-0.42227945,0.99765146,-0.008878959,0.067916155,-0.09247558,-0.988086,0.12302166,0.5698273,-0.15383554,-0.80723697,0.8165446,-0.004548603,0.5772644,10.060623,-0.08375549,0.624527,9.783619,-0.08707285,0.66603,0.015777588,0.009475708,-0.0011138916,-15.838623,-37.1994,-18.539429,0,0.0,0.0,0.0,0.0
0.273925781,-0.065296255,-0.4226927,0.90391773,0.020734377,-0.90623003,-0.4222762,0.9976505,-0.008830882,0.0679377,-0.10216893,-0.98488116,0.13989513,0.5590498,-0.17316943,-0.8108488,0.82281524,-0.004635211,0.5682902,10.060623,-0.08375549,0.624527,9.783609,-0.08660137,0.6662413,0.011962891,-0.003967285,-0.0030975342,-15.838623,-37.1994,-18.539429,0,0.0,0.0,0.0,0.0
0.282226563,-0.06511746,-0.42699555,0.9019061,0.020984013,-0.9042103,-0.42657146,0.9976569,-0.008851645,0.067839965,-0.119833246,-0.97758454,0.17311408,0.53750867,-0.21048859,-0.81656533,0.8347002,-0.004801362,0.5506837,10.098907,-0.13639832,0.62571716,9.783672,-0.08680498,0.66528285,0.0093688965,-0.0035095215,-0.008605957,-15.779114,-37.25891,-18.778992,0,0.0,0.0,0.0,0.0
0.290527344,-0.06503675,-0.42702556,0.9018976,0.020899704,-0.9041957,-0.42660657,0.997664,-0.008895713,0.067730665,-0.13524722,-0.9692922,0.20537947,0.5161344,-0.24586158,-0.82046175,0.8457621,-0.0049617547,0.53353715,10.04866,-0.19621277,0.653244,9.783741,-0.087237135,0.6642109,0.007385254,0.0058135986,-0.016693115,-15.779114,-37.25891,-18.778992,0,0.0,0.0,0.0,0.0
0.298828125,-0.06493101,-0.4317657,0.8996456,0.02120426,-0.90194154,-0.43133718,0.99766445,-0.008930842,0.06771926,-0.14220323,-0.96480864,0.2211842,0.50554276,-0.26290455,-0.821771,0.8510022,-0.005040435,0.5251379,10.04866,-0.19621277,0.653244,9.783746,-0.08758164,0.66409904,0.0020446777,0.013595581,-0.016693115,-15.7196045,-37.139893,-18.959045,0,0.0,0.0,0.0,0.0
0.307128906,-0.06494833,-0.43175936,0.8996475,0.021237448,-0.9019449,-0.43132874,0.99766266,-0.008907863,0.06774928,-0.1546149,-0.9553168,0.25192082,0.4846549,-0.2955383,-0.82326585,0.86093193,-0.0051944964,0.5086936,10.016357,-0.18544006,0.66041565,9.783729,-0.0873563,0.6643934,0.0015869141,-0.00289917,-0.020812988,-15.7196045,-37.139893,-18.959045,0,0.0,0.0,0.0,0.0
0.315429688,-0.06499787,-0.42606133,0.9023563,0.020834457,-0.9046508,-0.42564398,0.9976679,-0.008865844,0.06767713,-0.16530171,-0.94516164,0.2816822,0.46419984,-0.32655933,-0.82333314,0.87016886,-0.005341546,0.49272466,10.000809,-0.18304443,0.62213135,9.78378,-0.08694424,0.663686,-0.0023956299,7.7819824E-4,-0.02432251,-15.7196045,-37.5,-18.838501,0,0.0,0.0,0.0,0.0
0.323730469,-0.064902626,-0.42609644,0.9023467,0.02084437,-0.90463483,-0.42567766,0.9976739,-0.008818751,0.067594886,-0.17010151,-0.9398294,0.29628736,0.4541357,-0.34160128,-0.82284224,0.8745434,-0.005412033,0.48491693,10.000809,-0.18304443,0.62213135,9.783838,-0.0864824,0.66287935,-0.0022277832,0.0058135986,-0.020202637,-15.7196045,-37.5,-18.838501,0,0.0,0.0,0.0,0.0
0.33203125,-0.06478918,-0.4305787,0.9002245,0.021247782,-0.90251064,-0.43014294,0.99767274,-0.0087408405,0.06762178,-0.17857727,-0.92880166,0.3247115,0.434414,-0.3705356,-0.8209676,0.8828333,-0.0055469405,0.46965373,9.996017,-0.15911865,0.65922546,9.783828,-0.08571836,0.66314316,-0.003768921,0.008102417,-0.018218994,-15.838623,-37.379456,-19.018555,0,0.0,0.0,0.0,0.0
0.340332031,-0.064765036,-0.4305877,0.90022206,0.021327693,-0.9025072,-0.43014634,0.99767256,-0.008658779,0.067634344,-0.18559003,-0.91745037,0.35191062,0.4153172,-0.3978097,-0.8180825,0.89054364,-0.0056734206,0.45486245,9.957733,-0.12562561,0.61735535,9.783826,-0.08491362,0.66326636,-0.011703491,-4.4250488E-4,-0.0040130615,-15.838623,-37.379456,-19.018555,0,0.0,0.0,0.0,0.0
0.348632813,-0.064670295,-0.4319173,0.89959174,0.021412928,-0.90187186,-0.43147272,0.9976769,-0.008640573,0.06757293,-0.18862294,-0.9116554,0.36511052,0.40600234,-0.41091534,-0.8162785,0.8941943,-0.005733128,0.44764233,9.957733,-0.12562561,0.61735535,9.783868,-0.08473507,0.662664,-0.01109314,-0.0073242188,-0.007385254,-15.359497,-37.438965,-19.07959,0,0.0,0.0,0.0,0.0
0.356933594,-0.06463537,-0.43192983,0.89958817,0.021290421,-0.9018648,-0.43149325,0.9976818,-0.008737117,0.06748834,-0.19379717,-0.89990354,0.39066136,0.3878658,-0.43604982,-0.81204724,0.90111196,-0.0058482634,0.43354702,9.938583,-0.1878357,0.62931824,9.783916,-0.08568185,0.6618346,-0.01689148,0.0018463135,-0.0093688965,-15.359497,-37.438965,-19.07959,0,0.0,0.0,0.0,0.0
0.365234375,-0.06468641,-0.43048188,0.9002784,0.021042282,-0.90255564,-0.43005887,0.99768376,-0.008875052,0.0674414,-0.1979155,-0.8879649,0.41514784,0.37038657,-0.45987254,-0.8070508,0.90754795,-0.0059626633,0.4199062,9.956528,-0.23330688,0.6281128,9.783936,-0.08703453,0.66137415,-0.033081055,0.024597168,-0.015472412,-15.539551,-37.438965,-19.018555,0,0.0,0.0,0.0,0.0
0.373535156,-0.06479439,-0.43044257,0.9002893,0.020977126,-0.9025732,-0.43002483,0.9976781,-0.008977717,0.06751114,-0.1996256,-0.8819313,0.42702088,0.3618908,-0.47133952,-0.8042849,0.9105958,-0.0060209115,0.41325426,9.956528,-0.23330688,0.6281128,9.78388,-0.08804133,0.6620581,-0.039642334,0.030548096,-0.019592285,-15.539551,-37.438965,-19.018555,0,0.0,0.0,0.0,0.0
0.381835938,-0.06493359,-0.4274656,0.90169656,0.020800266,-0.90398693,-0.4270535,0.99767274,-0.008974592,0.06759053,-0.2023869,-0.8698014,0.44998342,0.34540784,-0.49336383,-0.7983017,0.91636944,-0.0061380025,0.40028659,9.991226,-0.17706299,0.5790558,9.783828,-0.08801069,0.6628367,-0.028808594,0.017410278,-0.018218994,-15.058899,-37.1994,-18.719482,0,0.0,0.0,0.0,0.0
0.390136719,-0.06500532,-0.4274401,0.90170354,0.020880647,-0.9039995,-0.4270232,0.9976664,-0.008930626,0.06769001,-0.20438665,-0.85756683,0.47202256,0.32957926,-0.5143346,-0.7917307,0.92173946,-0.006250333,0.38775936,10.0295105,-0.15672302,0.6233368,9.783766,-0.087579526,0.6638122,-0.030181885,0.005203247,-0.028457642,-15.058899,-37.1994,-18.719482,0,0.0,0.0,0.0,0.0
0.3984375,-0.0650798,-0.42308533,0.9037496,0.020645298,-0.9060465,-0.42267394,0.9976664,-0.008849357,0.06770006,-0.20511052,-0.85144967,0.48266256,0.3219206,-0.52439845,-0.7882724,0.9242818,-0.006303939,0.38165885,10.0295105,-0.15672302,0.6233368,9.783766,-0.08678255,0.6639108,-0.021636963,0.0036773682,-0.027999878,-15.179443,-37.139893,-18.47992,0,0.0,0.0,0.0,0.0
0.406738281,-0.06493221,-0.4231386,0.90373534,0.020786123,-0.90602356,-0.4227165,0.99767315,-0.008662762,0.06762552,-0.2061139,-0.83914006,0.5033498,0.30706868,-0.54387766,-0.78096473,0.9290995,-0.006404739,0.3697744,10.054642,-0.11126709,0.59939575,9.783832,-0.08495268,0.6631798,-0.015213013,0.007797241,-0.036239624,-15.179443,-37.139893,-18.47992,0,0.0,0.0,0.0,0.0
0.415039063,-0.06495945,-0.41604048,0.90702295,0.020454582,-0.9093069,-0.41562316,0.9976782,-0.00844588,0.06757801,-0.20649871,-0.82689977,0.5230632,0.2928818,-0.5623118,-0.7733213,0.93358374,-0.006494157,0.35830054,10.045074,-0.117248535,0.61735535,9.783881,-0.082825795,0.6627139,-0.014297485,0.009628296,-0.037612915,-14.99939,-36.898804,-17.999268,0,0.0,0.0,0.0,0.0
0.423339844,-0.06483558,-0.41608524,0.90701133,0.020679746,-0.90928876,-0.41565174,0.9976816,-0.008192252,0.06755878,-0.2065259,-0.82072705,0.53268576,0.28600225,-0.57128304,-0.7693103,0.93570817,-0.0065331915,0.35271457,10.045074,-0.117248535,0.61735535,9.783915,-0.08033855,0.66252536,-0.014144897,0.017105103,-0.041275024,-14.99939,-36.898804,-17.999268,0,0.0,0.0,0.0,0.0
0.431640625,-0.064795144,-0.41819745,0.9060423,0.021021616,-0.90832084,-0.4177458,0.99767715,-0.0080214245,0.06764595,-0.20619318,-0.80847377,0.5512301,0.27273044,-0.58849525,-0.76111203,0.93973535,-0.0065988908,0.34183908,10.043869,-0.18424988,0.6652069,9.783871,-0.078663304,0.6633802,-0.013839722,0.024597168,-0.042495728,-14.6987915,-36.71875,-17.999268,0,0.0,0.0,0.0,0.0
0.439941406,-0.06478177,-0.41820213,0.90604097,0.021330211,-0.9083211,-0.41772944,0.9976715,-0.007735209,0.06776299,-0.20538162,-0.7964215,0.56879795,0.2601123,-0.6047052,-0.752777,0.9434829,-0.006655223,0.33135435,10.016357,-0.114852905,0.63768005,9.783814,-0.075856484,0.6645279,-0.006362915,0.03100586,-0.035629272,-14.6987915,-36.71875,-17.999268,0,0.0,0.0,0.0,0.0
0.448242188,-0.0647908,-0.4193184,0.9055242,0.021725226,-0.9078085,-0.41882175,0.99766237,-0.0074630766,0.067927435,-0.2048231,-0.7904582,0.57725495,0.25403753,-0.61247957,-0.7485544,0.94525784,-0.006676823,0.326256,10.016357,-0.114852905,0.63768005,9.783726,-0.07318778,0.6661406,-0.01322937,0.017410278,-0.03501892,-14.639282,-36.479187,-17.939758,0,0.0,0.0,0.0,0.0
0.456542969,-0.06486056,-0.4192936,0.90553075,0.022009479,-0.90782183,-0.418778,0.9976516,-0.0072319177,0.06811027,-0.20342442,-0.77870166,0.59349996,0.24235524,-0.6273585,-0.7400576,0.94862133,-0.0067079584,0.31634247,10.039093,-0.11843872,0.6915283,9.783621,-0.07092089,0.66793364,-0.009567261,0.014663696,-0.031051636,-14.639282,-36.479187,-17.939758,0,0.0,0.0,0.0,0.0
0.46484375,-0.065099485,-0.4150927,0.90744704,0.02198102,-0.9097519,-0.41457012,0.9976367,-0.007041692,0.06834854,-0.2017121,-0.76714647,0.6089323,0.23126005,-0.64143664,-0.73149014,0.95175153,-0.006728707,0.30679587,10.036697,-0.12322998,0.77168274,9.783474,-0.06905541,0.67027026,0.0014343262,0.017410278,-0.026779175,-14.639282,-36.65924,-17.819214,0,0.0,0.0,0.0,0.0
0.473144531,-0.065265216,-0.4150338,0.90746206,0.022219937,-0.9097799,-0.4144958,0.9976205,-0.0068884073,0.06859901,-0.2007744,-0.7613898,0.61642134,0.22590892,-0.6482594,-0.72713476,0.95323384,-0.0067349668,0.30215862,10.036697,-0.12322998,0.77168274,9.783316,-0.0675522,0.6727265,0.0052490234,0.023376465,-0.02508545,-14.639282,-36.65924,-17.819214,0,0.0,0.0,0.0,0.0
0.481445313,-0.06551802,-0.4107585,0.9093871,0.022164248,-0.91171956,-0.41021517,0.99760526,-0.006720604,0.06883821,-0.19871801,-0.7500453,0.63082737,0.2156231,-0.6613521,-0.71841496,0.9560428,-0.0067410427,0.29314968,10.043869,-0.09690857,0.74417114,9.783166,-0.065906614,0.67507225,0.0052490234,0.021392822,-0.02508545,-14.99939,-36.65924,-17.63916,0,0.0,0.0,0.0,0.0
0.489746094,-0.06568722,-0.4106968,0.9094027,0.022393636,-0.91174823,-0.41013855,0.99758893,-0.006576024,0.0690872,-0.19648865,-0.7388128,0.64463,0.20583391,-0.673877,-0.709593,0.95865774,-0.0067402334,0.2844819,10.043869,-0.10887146,0.74417114,9.783006,-0.06448877,0.677514,0.009979248,0.02230835,-0.028762817,-14.99939,-36.65924,-17.63916,0,0.0,0.0,0.0,0.0
0.498046875,-0.065859705,-0.4101702,0.9096279,0.022600338,-0.9119864,-0.40959737,0.9975729,-0.0064180656,0.06933314,-0.1953049,-0.73328805,0.6512639,0.20113406,-0.67988473,-0.7051963,0.9598964,-0.0067369496,0.280274,10.043869,-0.10887146,0.74417114,9.782848,-0.062939726,0.67992586,0.0040283203,0.023529053,-0.022644043,-14.6987915,-36.358643,-17.459106,0,0.0,0.0,0.0,0.0
0.506347656,-0.06597614,-0.4101282,0.9096384,0.022841213,-0.9120065,-0.40953925,0.9975597,-0.0062425756,0.0695385,-0.19408287,-0.7278184,0.6577325,0.19655998,-0.6857368,-0.7008061,0.96109104,-0.0067305714,0.27614975,10.065414,-0.086135864,0.7118683,9.78272,-0.061218753,0.6819397,0.0067749023,0.023834229,-0.021881104,-14.6987915,-36.358643,-17.459106,0,0.0,0.0,0.0,0.0
0.514648438,-0.066075414,-0.4100924,0.9096474,0.02304606,-0.9120237,-0.4094897,0.99754846,-0.0060934075,0.06971334,-0.19152997,-0.7170712,0.67016804,0.18777817,-0.69696766,-0.6920805,0.96335644,-0.0067112464,0.2681405,10.054642,-0.08734131,0.6891327,9.782609,-0.059755918,0.68365437,0.006011963,0.022155762,-0.021728516,-14.6987915,-36.358643,-17.459106,0,0.0,0.0,0.0,0.0
0.522949219,-0.06629152,-0.40531415,0.91177076,0.022939246,-0.91415834,-0.40470773,0.9975366,-0.005913355,0.069898546,-0.18885472,-0.70658535,0.6819612,0.17946127,-0.70759624,-0.683448,0.9654675,-0.0066867797,0.2604376,10.046265,-0.07537842,0.7190399,9.782493,-0.057990205,0.6854706,-0.0025482178,0.01512146,-0.025558472,-14.6987915,-36.59973,-17.338562,0,0.0,0.0,0.0,0.0
0.53125,-0.06631795,-0.40622255,0.91136444,0.023228213,-0.9137562,-0.40559837,0.99752814,-0.005729085,0.070034266,-0.1874973,-0.7013678,0.6876975,0.17545247,-0.7127683,-0.6791007,0.9664684,-0.0066713113,0.25669885,10.0785675,-0.07896423,0.7298126,9.78241,-0.056183133,0.68680155,-0.009262085,0.0029144287,-0.025390625,-14.4592285,-36.538696,-17.338562,0,0.0,0.0,0.0,0.0
0.539550781,-0.0663286,-0.4062188,0.9113654,0.023390561,-0.9137588,-0.40558326,0.99752367,-0.0055844216,0.07011002,-0.18470933,-0.6911641,0.69869494,0.16776778,-0.7226674,-0.67052644,0.96836793,-0.0066339993,0.24943848,10.0785675,-0.08494568,0.76330566,9.782366,-0.05476447,0.68754447,-0.012161255,-0.0076293945,-0.020050049,-14.4592285,-36.538696,-17.338562,0,0.0,0.0,0.0,0.0
0.547851563,-0.06611724,-0.41345182,0.90812236,0.024039697,-0.91050965,-0.41278848,0.99752223,-0.0054614455,0.07013963,-0.18185115,-0.68123263,0.7091207,0.16049369,-0.73203725,-0.66209,0.97014016,-0.0065924358,0.24245536,10.030716,-0.08494568,0.76330566,9.7823515,-0.053558487,0.68783486,-0.003616333,0.001083374,-0.01928711,-14.15863,-36.479187,-17.63916,0,0.0,0.0,0.0,0.0
0.556152344,-0.06608811,-0.4134619,0.90811986,0.024238326,-0.9105062,-0.41278443,0.9975193,-0.005268837,0.07019525,-0.18037628,-0.6764865,0.7140241,0.15703271,-0.7364257,-0.65804094,0.9709815,-0.0065698163,0.23906425,10.065414,-0.034698486,0.7692871,9.782323,-0.051669642,0.6883803,0.004638672,-0.00869751,-0.0206604,-14.15863,-36.479187,-17.63916,0,0.0,0.0,0.0,0.0
0.564453125,-0.06591093,-0.41352332,0.90810466,0.024415236,-0.9104795,-0.41283268,0.99752676,-0.0050385986,0.070106834,-0.1773991,-0.667197,0.7234486,0.15039292,-0.74485284,-0.65005875,0.9725799,-0.006518298,0.23247792,10.043869,-0.010772705,0.7082825,9.782396,-0.049411774,0.6875132,0.0037231445,-0.021530151,-0.022033691,-14.15863,-36.479187,-17.63916,0,0.0,0.0,0.0,0.0
0.572753906,-0.065659195,-0.41378024,0.9080059,0.024524845,-0.91036385,-0.41308135,0.9975407,-0.0048538847,0.06992166,-0.17439377,-0.65817827,0.7323853,0.14410867,-0.75283444,-0.6422406,0.97407365,-0.0064597027,0.22613882,10.0247345,-0.037094116,0.69392395,9.782533,-0.04760035,0.68569726,0.011505127,-0.020462036,-0.015930176,-14.639282,-36.779785,-17.819214,0,0.0,0.0,0.0,0.0
0.581054688,-0.06523262,-0.42119056,0.9046232,0.025038498,-0.9069595,-0.4204728,0.99755585,-0.004778134,0.06970932,-0.1728823,-0.65377367,0.7366761,0.14109375,-0.7566628,-0.6383995,0.9747842,-0.006427586,0.22305699,10.013962,-0.1040802,0.67118835,9.782681,-0.04685749,0.68361497,0.010437012,-0.015563965,-0.020965576,-14.579773,-36.65924,-18.119812,0,0.0,0.0,0.0,0.0
0.589355469,-0.06501372,-0.42126772,0.9046032,0.025081512,-0.9069245,-0.4205461,0.9975691,-0.0046524545,0.06952856,-0.16980954,-0.64541006,0.74472183,0.13535614,-0.76380974,-0.63108903,0.976137,-0.0063622687,0.2170624,9.992432,-0.08255005,0.6544342,9.782811,-0.045624994,0.6818422,0.020523071,-0.010223389,-0.022949219,-14.579773,-36.65924,-18.119812,0,0.0,0.0,0.0,0.0
0.59765625,-0.06490531,-0.41969815,0.9053401,0.025044769,-0.9076524,-0.4189746,0.9975771,-0.004519645,0.069422714,-0.16674474,-0.6373068,0.7523538,0.12992117,-0.77058446,-0.6239552,0.97740304,-0.0062945606,0.21129054,9.992432,-0.08255005,0.6544342,9.782889,-0.04432258,0.68080425,0.015777588,0.0047454834,-0.019439697,-14.399719,-36.59973,-17.999268,0,0.0,0.0,0.0,0.0
0.605957031,-0.06482538,-0.4197261,0.9053329,0.02513559,-0.90764016,-0.41899595,0.99758,-0.004405493,0.06938817,-0.1652227,-0.63332385,0.7560439,0.1273071,-0.7738615,-0.62042826,0.9780053,-0.0062590623,0.20848612,9.949356,-0.11843872,0.64845276,9.782918,-0.04320313,0.6804655,0.013031006,0.007949829,-0.017456055,-14.399719,-36.59973,-17.999268,0,0.0,0.0,0.0,0.0
0.614257813,-0.06481866,-0.41972843,0.90533227,0.02519472,-0.90763927,-0.41899416,0.997579,-0.0043490455,0.069406904,-0.16219741,-0.6255482,0.76313925,0.12228963,-0.780161,-0.6135096,0.9791513,-0.0061856615,0.20303814,9.950546,-0.14356995,0.6903229,9.7829075,-0.042649563,0.6806492,0.011657715,0.014511108,-0.018829346,-14.399719,-36.59973,-17.999268,0,0.0,0.0,0.0,0.0
0.622558594,-0.06471177,-0.42378926,0.9034462,0.025594585,-0.9057508,-0.42303702,0.9975757,-0.004252148,0.06945945,-0.15920758,-0.6180219,0.76987135,0.11753895,-0.78613716,-0.6067726,0.98022324,-0.0061129313,0.19780065,10.001999,-0.06939697,0.64367676,9.782876,-0.041699328,0.68116456,0.012420654,0.007797241,-0.008132935,-13.919067,-36.11908,-17.939758,0,0.0,0.0,0.0,0.0
0.630859375,-0.064716734,-0.42348334,0.9035893,0.025626037,-0.9058941,-0.42272812,0.9975745,-0.0042021708,0.069478706,-0.15771763,-0.61442125,0.77305347,0.11527455,-0.78895473,-0.6035414,0.98073286,-0.006075716,0.1952592,10.074982,-0.0657959,0.61016846,9.782865,-0.04120922,0.6813534,0.005859375,-0.0010681152,-0.006164551,-13.739014,-36.17859,-17.939758,0,0.0,0.0,0.0,0.0
0.639160156,-0.06457439,-0.42353126,0.90357697,0.025619997,-0.9058719,-0.42277604,0.997584,-0.004150865,0.069347,-0.15477492,-0.60738736,0.7791825,0.11092457,-0.79438317,-0.5972028,0.98170286,-0.006001524,0.19032477,10.054642,-0.11366272,0.69511414,9.782957,-0.040706083,0.6800618,0.001739502,-0.01373291,-0.015319824,-13.739014,-36.17859,-17.939758,0,0.0,0.0,0.0,0.0
0.647460938,-0.06449339,-0.42282212,0.90391487,0.025557324,-0.9062033,-0.4220691,0.9975908,-0.0041190204,0.06925032,-0.15187882,-0.60058826,0.785001,0.10680123,-0.79953647,-0.5910456,0.98261195,-0.0059282384,0.18557622,10.054642,-0.11366272,0.69511414,9.783024,-0.040393792,0.6791137,-0.006515503,-0.016479492,-0.016540527,-13.739014,-35.998535,-17.819214,0,0.0,0.0,0.0,0.0
0.655761719,-0.06439977,-0.4228538,0.9039067,0.025528321,-0.90618855,-0.42210248,0.9975976,-0.004108086,0.06915309,-0.15045124,-0.59726214,0.7878086,0.1048181,-0.8020245,-0.58802205,0.9830451,-0.0058920546,0.18326946,10.009171,-0.13998413,0.7082825,9.783091,-0.040286567,0.6781602,-0.0016174316,-0.0050354004,-0.015319824,-13.739014,-35.998535,-17.819214,0,0.0,0.0,0.0,0.0
0.6640625,-0.064341635,-0.42287353,0.9039017,0.02550122,-0.9061795,-0.4221239,0.99760205,-0.004109545,0.06908885,-0.147636,-0.59078014,0.7932102,0.10100611,-0.80681163,-0.58211064,0.9838706,-0.005821409,0.17878684,9.962524,-0.12921143,0.64845276,9.783134,-0.040300872,0.67753017,-0.0034637451,0.024139404,-0.01638794,-13.739014,-35.998535,-17.819214,0,0.0,0.0,0.0,0.0
0.672363281,-0.06445283,-0.42250642,0.9040653,0.025534587,-0.90635055,-0.421754,0.997594,-0.0040983045,0.06920539,-0.14624971,-0.5876226,0.7958082,0.099174514,-0.80911446,-0.5792221,0.9842639,-0.0057871724,0.17660993,9.9673,-0.10887146,0.65922546,9.783055,-0.040190637,0.678673,-0.006668091,0.029785156,-0.011047363,-13.619995,-36.17859,-17.878723,0,0.0,0.0,0.0,0.0
0.680664063,-0.06479925,-0.41286722,0.90848315,0.024854828,-0.91078186,-0.41213906,0.99758875,-0.0041261106,0.06927973,-0.14352828,-0.5814568,0.8008169,0.09565514,-0.8135572,-0.5735632,0.9850126,-0.005720293,0.17238781,10.012772,-0.11126709,0.5766754,9.783004,-0.040463325,0.67940205,-0.0060577393,0.028717041,-0.0024871826,-14.039612,-36.479187,-17.57965,0,0.0,0.0,0.0,0.0
0.688964844,-0.06481011,-0.4128635,0.90848416,0.02476778,-0.91078323,-0.4121414,0.9975902,-0.004209797,0.069253676,-0.14091168,-0.57516,0.8058132,0.09225971,-0.8180214,-0.56774044,0.985714,-0.0056571634,0.16833287,10.043869,-0.117248535,0.501297,9.783018,-0.041284006,0.6791466,-0.0068206787,0.030090332,-5.0354004E-4,-14.039612,-36.479187,-17.57965,0,0.0,0.0,0.0,0.0
0.697265625,-0.06476352,-0.41287953,0.90848017,0.024724288,-0.91077584,-0.4121603,0.9975943,-0.0042314283,0.0691932,-0.13962649,-0.5720931,0.8082166,0.09062721,-0.8201694,-0.5648973,0.9860483,-0.0056282165,0.16636457,10.041473,-0.06700134,0.47018433,9.783058,-0.04149614,0.6785535,-0.0068206787,0.03314209,-0.0043182373,-14.039612,-36.479187,-17.57965,0,0.0,0.0,0.0,0.0
0.705566406,-0.06481343,-0.41326073,0.90830326,0.024745882,-0.91060275,-0.41254118,0.9975905,-0.004261443,0.069245785,-0.1371001,-0.56612,0.8128417,0.08748764,-0.824304,-0.5593468,0.98668605,-0.0055729044,0.16254064,10.041473,-0.08375549,0.5623169,9.783022,-0.041790485,0.6790693,-0.033691406,0.017868042,-0.007080078,-13.679504,-36.358643,-17.518616,0,0.0,0.0,0.0,0.0
0.713867188,-0.06480109,-0.41326487,0.90830225,0.024705129,-0.9106007,-0.4125481,0.99759233,-0.004293843,0.06921768,-0.13463691,-0.56036925,0.8172265,0.08451286,-0.8282245,-0.55398715,0.98728436,-0.005520971,0.158868,10.041473,-0.08375549,0.5623169,9.783039,-0.04210822,0.6787936,-0.047592163,0.010238647,-0.003250122,-13.679504,-36.358643,-17.518616,0,0.0,0.0,0.0,0.0
0.722167969,-0.06492499,-0.41026452,0.9096526,0.024410982,-0.91195613,-0.40956113,0.99759156,-0.0043852394,0.069223695,-0.13342893,-0.55757004,0.81933653,0.08308263,-0.83011174,-0.55137265,0.98756975,-0.005496429,0.15708531,10.055832,-0.122039795,0.6544342,9.783031,-0.04300451,0.67885256,-0.047592163,-6.1035156E-4,-0.0076904297,-13.798523,-36.65924,-17.518616,0,0.0,0.0,0.0,0.0
0.73046875,-0.06493899,-0.40840358,0.91048867,0.024261814,-0.9127911,-0.4077059,0.9975943,-0.0043859035,0.06918433,-0.13107328,-0.55201167,0.82347006,0.080312856,-0.83381855,-0.5461652,0.98811424,-0.0054524257,0.15362497,10.030716,-0.06939697,0.66760254,9.783058,-0.04301102,0.67846656,-0.041641235,-0.003967285,-0.012268066,-13.679504,-36.479187,-17.338562,0,0.0,0.0,0.0,0.0
0.738769531,-0.06499869,-0.40838346,0.9104933,0.024348352,-0.9128002,-0.40767998,0.9975883,-0.0043296493,0.06927428,-0.12878518,-0.5465825,0.827443,0.077673785,-0.83738774,-0.54106236,0.9886259,-0.0054101916,0.15029827,10.00798,-0.0382843,0.78364563,9.782999,-0.042459358,0.6793486,-0.04194641,-0.0062561035,-0.0076904297,-13.679504,-36.479187,-17.338562,0,0.0,0.0,0.0,0.0
0.747070313,-0.06516216,-0.40832826,0.91050637,0.024460118,-0.91282505,-0.40761757,0.99757487,-0.004290147,0.069469415,-0.12766543,-0.54394025,0.8293554,0.07640718,-0.83910656,-0.53857404,0.9888698,-0.0053885807,0.14868586,10.02713,-0.050247192,0.87457275,9.782868,-0.042071976,0.6812623,-0.036590576,-0.008850098,-0.009521484,-13.679504,-36.479187,-17.338562,0,0.0,0.0,0.0,0.0
0.755371094,-0.06535729,-0.40631688,0.91139174,0.024381883,-0.9137221,-0.40560734,0.997564,-0.004287948,0.06962518,-0.12547837,-0.5387962,0.833039,0.073976465,-0.8424192,-0.5337203,0.98933446,-0.005345083,0.14556362,10.02713,-0.050247192,0.87457275,9.782762,-0.042050406,0.68278974,-0.016433716,-0.0016784668,-0.011199951,-13.978577,-36.779785,-17.399597,0,0.0,0.0,0.0,0.0
0.763671875,-0.06551575,-0.40626273,0.91140455,0.02447367,-0.91374636,-0.40554732,0.9975514,-0.004264323,0.06980752,-0.12336464,-0.53376293,0.8365873,0.07166182,-0.84561753,-0.52895707,0.98977053,-0.005303221,0.14256972,10.074982,-0.059814453,0.8279114,9.782638,-0.041818727,0.68457794,-0.0034637451,0.009170532,-0.009216309,-13.978577,-36.779785,-17.399597,0,0.0,0.0,0.0,0.0
0.771972656,-0.065723225,-0.40550473,0.9117271,0.024564564,-0.9140832,-0.40478188,0.99753547,-0.0042073927,0.07003755,-0.12233354,-0.5313136,0.8382962,0.07055108,-0.8471588,-0.52663517,0.9899783,-0.005282443,0.14112069,10.074982,-0.059814453,0.8279114,9.782482,-0.041260432,0.6868338,0.004333496,0.022155762,-0.007522583,-14.15863,-36.95984,-17.459106,0,0.0,0.0,0.0,0.0
0.780273438,-0.065800816,-0.40776634,0.91071224,0.02483776,-0.9130768,-0.40703046,0.9975236,-0.0041628815,0.0702092,-0.12032539,-0.5265206,0.8416044,0.068416886,-0.85014623,-0.52208287,0.99037415,-0.005239872,0.13831708,10.073776,-0.06700134,0.73579407,9.782365,-0.04082392,0.68851703,0.021133423,0.00932312,-0.015472412,-13.978577,-37.139893,-17.63916,0,0.0,0.0,0.0,0.0
0.788574219,-0.06585587,-0.40774772,0.91071665,0.024908235,-0.91308534,-0.40700707,0.99751824,-0.0041194577,0.0702883,-0.11837523,-0.5219852,0.84470046,0.06640686,-0.8529387,-0.5177698,0.99074584,-0.0051972233,0.1356302,10.059433,-0.0993042,0.6879425,9.782312,-0.04039808,0.6892928,0.020523071,0.0076446533,-0.02355957,-13.978577,-37.139893,-17.63916,0,0.0,0.0,0.0,0.0
0.796875,-0.065839574,-0.4077532,0.9107153,0.024991391,-0.9130832,-0.40700665,0.9975172,-0.004037102,0.07030734,-0.117423475,-0.5197797,0.8461919,0.065441474,-0.85428464,-0.5156696,0.99092335,-0.005175668,0.13432822,10.003189,-0.107681274,0.67237854,9.782302,-0.03959045,0.6894794,0.015319824,0.0042877197,-0.020507813,-13.978577,-37.139893,-17.63916,0,0.0,0.0,0.0,0.0
0.805175781,-0.065953225,-0.40670866,0.9111742,0.024996947,-0.91354924,-0.40595946,0.9975096,-0.0039977604,0.070417985,-0.115563035,-0.5154902,0.84906715,0.063586324,-0.8568801,-0.51157916,0.9912628,-0.0051305816,0.13180178,9.933807,-0.14237976,0.7286072,9.7822275,-0.03920464,0.6905646,0.007232666,0.019561768,-0.01928711,-14.219666,-37.078857,-17.57965,0,0.0,0.0,0.0,0.0
0.813476563,-0.06610338,-0.40665683,0.9111864,0.025093272,-0.91357243,-0.40590128,0.9974972,-0.003966798,0.07059457,-0.11465762,-0.5133853,0.8504641,0.06269282,-0.85814303,-0.5095686,0.99142486,-0.005107925,0.1305782,9.933807,-0.14237976,0.7286072,9.782106,-0.038901,0.69229627,0.0037231445,0.024902344,-0.022491455,-14.219666,-37.078857,-17.57965,0,0.0,0.0,0.0,0.0
0.821777344,-0.06589654,-0.42027217,0.9050022,0.02621867,-0.90738964,-0.4194718,0.99748194,-0.0039137905,0.07081282,-0.11289533,-0.5092901,0.8531578,0.060976997,-0.86058,-0.5056519,0.9917341,-0.005062737,0.12821046,9.94577,-0.12322998,0.7082825,9.781957,-0.038381174,0.69443655,0.004180908,0.03527832,-0.015472412,-14.279175,-36.779785,-18.119812,0,0.0,0.0,0.0,0.0
0.830078125,-0.06632904,-0.41558194,0.90713406,0.026080742,-0.90954757,-0.41478065,0.99745685,-0.0038532706,0.071168095,-0.11116051,-0.5058574,0.8554248,0.059418034,-0.86260253,-0.5023807,0.99202466,-0.005017238,0.12594439,9.952942,-0.100494385,0.77049255,9.781711,-0.037787676,0.6979206,0.009521484,0.036499023,-0.012878418,-14.219666,-37.01935,-17.999268,0,0.0,0.0,0.0,0.0
0.838378906,-0.06666633,-0.4154661,0.90716225,0.026262395,-0.90960056,-0.4146528,0.9974296,-0.0038191283,0.071550876,-0.11032657,-0.5041003,0.8565693,0.0586603,-0.86363065,-0.5007005,0.9921628,-0.004993959,0.12485208,9.952942,-0.100494385,0.77049255,9.781444,-0.037452854,0.7016744,0.009521484,0.037872314,-0.012878418,-14.219666,-37.01935,-17.999268,0,0.0,0.0,0.0,0.0
0.846679688,-0.06686537,-0.41539776,0.907179,0.026460113,-0.90963227,-0.4145708,0.9974111,-0.0037163757,0.07181437,-0.108713225,-0.50068027,0.8587786,0.057208374,-0.86561817,-0.4974258,0.9924257,-0.0049474365,0.12274726,10.074982,-0.025131226,0.7238312,9.781261,-0.036445197,0.70425844,0.0107421875,0.019256592,-0.0056915283,-14.219666,-37.01935,-17.999268,0,0.0,0.0,0.0,0.0
0.854980469,-0.06731569,-0.40580717,0.9114763,0.02583302,-0.91395116,-0.40500113,0.99739724,-0.0037167454,0.07200648,-0.10716124,-0.4973861,0.8608853,0.05583499,-0.8675155,-0.4942665,0.9926726,-0.0048986864,0.120735586,10.10968,-0.08015442,0.7573242,9.781126,-0.03644882,0.70614237,0.014862061,0.0016937256,-0.007080078,-14.039612,-37.01935,-17.518616,0,0.0,0.0,0.0,0.0
0.86328125,-0.06738145,-0.40578473,0.91148156,0.025868408,-0.91396123,-0.40497634,0.9973919,-0.003709315,0.07208103,-0.10642009,-0.49560264,0.86200505,0.055152804,-0.8685357,-0.49254838,0.99279046,-0.0048750476,0.11976353,10.10968,-0.08015442,0.7573242,9.781074,-0.036375955,0.7068734,0.022201538,-0.0045776367,-0.008300781,-14.039612,-37.01935,-17.518616,0,0.0,0.0,0.0,0.0
0.871582031,-0.067214765,-0.41233775,0.9085482,0.026364509,-0.9110235,-0.41151074,0.99739015,-0.003706167,0.07210531,-0.10497731,-0.49213544,0.8641658,0.053839874,-0.8705052,-0.48920536,0.99301606,-0.0048288847,0.1178798,10.08934,-0.105285645,0.7884369,9.781056,-0.036345083,0.7071116,0.020217896,-0.012664795,-0.020050049,-13.978577,-36.71875,-17.69867,0,0.0,0.0,0.0,0.0
0.879882813,-0.06698814,-0.41438112,0.9076347,0.02655103,-0.9100962,-0.41354534,0.99740046,-0.003603999,0.071967915,-0.103568815,-0.48904628,0.86608726,0.052620456,-0.8722447,-0.48623064,0.9932293,-0.0047844253,0.116071194,10.107285,-0.08375549,0.6903229,9.7811575,-0.03534316,0.7057642,0.022201538,-0.012817383,-0.025253296,-13.859558,-36.65924,-17.759705,0,0.0,0.0,0.0,0.0
0.888183594,-0.06679275,-0.4144474,0.9076189,0.026616793,-0.9100666,-0.41360635,0.9974118,-0.0034679987,0.07181711,-0.10287717,-0.48758498,0.8669932,0.052037843,-0.87306255,-0.4848235,0.9933319,-0.0047608167,0.11519108,10.107285,-0.08375549,0.6903229,9.781269,-0.034009453,0.7042853,0.016235352,-0.015106201,-0.02432251,-13.859558,-36.65924,-17.759705,0,0.0,0.0,0.0,0.0
