Time,Rot1,Rot2,Rot3,Rot4,Rot5,Rot6,Rot7,Rot8,Rot9,FRot1,FRot2,FRot3,FRot4,FRot5,FRot6,FRot7,FRot8,FRot9,AccX,AccY,AccZ,GravX,GravY,GravZ,GyroX,GyroY,GyroZ,MagX,MagY,MagZ,Imid
0.0,0.0,0.0,0.0,0.0,0.0,0.0,0.0,0.0,0.0,1.0,0.0,0.0,0.0,1.0,0.0,0.0,0.0,1.0,9.98764,0.18664551,-0.8063812,9.772169,0.21131319,-0.7940129,0.0,0.0,0.0,0.0,0.0,0.0,0,0.0,0.0,0.0,0.0
0.008300781,0.0,0.0,0.0,0.0,0.0,0.0,0.0,0.0,0.0,1.0,0.0,0.0,0.0,1.0,0.0,0.0,0.0,1.0,9.993622,0.20817566,-0.82073975,9.772598,0.21123868,-0.78872085,0.010894775,0.061706543,-0.0037078857,0.0,0.0,0.0,0,0.0,0.0,0.0,0.0
0.016601562,0.004969012,-0.9793292,-0.20221145,-0.08262434,0.20112044,-0.9760757,0.99656844,0.02155772,-0.07991707,1.0,0.0,0.0,0.0,1.0,0.0,0.0,0.0,1.0,9.994827,0.19502258,-0.7992096,9.772998,0.21140903,-0.78371876,0.0067749023,0.07147217,-0.008911133,-22.198486,6.539917,-32.218933,0,0.0,0.0,0.0,0.0
0.024902343,0.0050899205,-0.9793122,-0.20229127,-0.08206457,0.20120247,-0.97610605,0.99661404,0.02156925,-0.07934273,0.9964027,-0.054156005,-0.06518375,0.053984657,0.9985321,-0.00438846,0.06532573,8.53751E-4,0.99786365,9.976868,0.19621277,-0.7776642,9.773445,0.21152209,-0.7780864,0.008758545,0.07086182,-0.0011138916,-22.198486,6.539917,-32.218933,0,0.0,0.0,0.0,0.0
0.033203125,0.0055108643,-0.9800362,-0.19874275,-0.08146114,0.19764525,-0.97688305,0.9966613,0.02157328,-0.07874567,0.99208224,-0.08037527,-0.096502274,0.079874456,0.9967639,-0.009047799,0.096917205,0.0012680938,0.99529165,9.976868,0.19621277,-0.7776642,9.773909,0.21156162,-0.7722312,0.007080078,0.06491089,-0.0015716553,-22.738647,6.478882,-32.57904,0,0.0,0.0,0.0,0.0
0.041503906,0.0063980375,-0.9819636,-0.18896198,-0.08089337,0.1878383,-0.9788632,0.99670225,0.021548575,-0.07823254,0.9789618,-0.13121903,-0.1562543,0.12924908,0.99135125,-0.022746515,0.15788767,0.0020722437,0.9874549,9.998413,0.18424988,-0.7549286,9.77431,0.21131933,-0.76719916,0.008605957,0.044906616,0.0017852783,-23.098755,6.1187744,-32.57904,0,0.0,0.0,0.0,0.0
0.049804687,0.006426722,-0.9819596,-0.18898158,-0.08045316,0.18786508,-0.9788942,0.9967376,0.021495245,-0.077794395,0.96056426,-0.18011725,-0.211835,0.17526756,0.983641,-0.041612387,0.21586469,0.0028435695,0.97641915,10.018753,0.18304443,-0.7549286,9.774657,0.21079636,-0.76290244,0.009063721,0.040023804,-0.0011138916,-23.098755,6.1187744,-32.57904,0,0.0,0.0,0.0,0.0
0.058105468,0.006444001,-0.98195726,-0.18899338,-0.08008242,0.18788351,-0.9789212,0.9967674,0.021443214,-0.077426784,0.94967395,-0.20368312,-0.23797604,0.19677465,0.97903156,-0.052696284,0.2437194,0.0032166338,0.96984047,9.960129,0.18902588,-0.80519104,9.774949,0.21028611,-0.7592974,0.008300781,0.036346436,-0.0015716553,-23.098755,6.1187744,-32.57904,0,0.0,0.0,0.0,0.0
0.06640625,0.006365939,-0.98173225,-0.19016127,-0.079802305,0.18905985,-0.9787175,0.99679035,0.02140576,-0.07714094,0.9250276,-0.24906226,-0.2868657,0.23667935,0.96847945,-0.07765569,0.29716468,0.003938466,0.9548181,9.957733,0.19142151,-0.80519104,9.775174,0.20991881,-0.7564942,0.014404297,0.044296265,-9.613037E-4,-23.519897,6.239319,-32.998657,0,0.0,0.0,0.0,0.0
0.074707031,0.006395248,-0.98172814,-0.19018139,-0.07949144,0.18908432,-0.97873807,0.996815,0.021377064,-0.07682974,0.9114721,-0.2708616,-0.3096009,0.2550349,0.9626088,-0.09133232,0.32276294,0.0042878413,0.94647014,9.957733,0.19142151,-0.80519104,9.775416,0.20963739,-0.75344235,0.0121154785,0.04673767,-0.0043182373,-23.519897,6.239319,-32.998657,0,0.0,0.0,0.0,0.0
0.083007812,0.007640732,-0.98446476,-0.1754158,-0.07898205,0.17427874,-0.98152363,0.99684674,0.021354256,-0.07642343,0.88234055,-0.312756,-0.35165167,0.2885932,0.9498205,-0.12064379,0.37173802,0.00496463,0.9283244,9.999603,0.18664551,-0.7537384,9.775727,0.20941372,-0.74945784,0.0067749023,0.051315308,-4.5776367E-5,-23.878479,5.758667,-33.358765,0,0.0,0.0,0.0,0.0
0.091308593,0.008210663,-0.98560035,-0.16889185,-0.0785224,0.16774052,-0.982699,0.99687856,0.021330405,-0.076014444,0.85087615,-0.35298517,-0.38911593,0.31850937,0.9356121,-0.15225574,0.41780558,0.005613713,0.90851915,9.98645,0.19142151,-0.7118683,9.776039,0.20917982,-0.7454471,0.014404297,0.04093933,-0.003250122,-23.939514,5.5786133,-33.718872,0,0.0,0.0,0.0,0.0
0.099609375,0.008265148,-0.9855935,-0.16892938,-0.07809847,0.1677829,-0.9827256,0.9969114,0.0213155,-0.075586595,0.83447754,-0.3723944,-0.40616432,0.33203593,0.9280556,-0.16871542,0.4397718,0.005928073,0.89808995,9.98645,0.19142151,-0.7118683,9.776361,0.20903365,-0.7412513,0.008453369,0.04093933,-0.003250122,-23.939514,5.5786133,-33.718872,0,0.0,0.0,0.0,0.0
0.107910156,0.0083135655,-0.9855873,-0.16896275,-0.07772972,0.16782038,-0.98274827,0.9969398,0.02130357,-0.075214244,0.80077446,-0.40958592,-0.437035,0.35608444,0.9122481,-0.20250247,0.48162648,0.0065374654,0.87635213,9.992432,0.21057129,-0.73579407,9.77664,0.20891666,-0.7375998,0.007843018,0.031158447,-0.004623413,-23.939514,5.5786133,-33.718872,0,0.0,0.0,0.0,0.0
0.116210937,0.008020816,-0.98480004,-0.17350672,-0.077518865,0.1723778,-0.9819759,0.99695855,0.021326292,-0.07495797,0.7662693,-0.44467393,-0.46378484,0.37629136,0.89566416,-0.23704521,0.5208033,0.007122251,0.85364693,10.003189,0.20578003,-0.74417114,9.776824,0.20913948,-0.73508656,0.0020446777,0.012069702,-0.0026397705,-23.939514,5.819702,-34.13849,0,0.0,0.0,0.0,0.0
0.124511718,0.008059086,-0.9847951,-0.17353271,-0.07738185,0.17240378,-0.9819822,0.996969,0.021342162,-0.074815854,0.7488887,-0.46137318,-0.47571054,0.38495436,0.88717526,-0.25442126,0.5394218,0.0074063553,0.84200317,10.003189,0.20578003,-0.74417114,9.776926,0.20929512,-0.7336929,0.005859375,0.00932312,-0.0024871826,-23.939514,5.819702,-34.13849,0,0.0,0.0,0.0,0.0
0.1328125,0.00964873,-0.9881517,-0.15317668,-0.077142954,0.1519917,-0.9853667,0.99697334,0.021324039,-0.07476242,0.7140388,-0.493308,-0.49678546,0.39970037,0.86981833,-0.289233,0.57479405,0.0079582585,0.8182594,10.005585,0.18185425,-0.7537384,9.776969,0.20911738,-0.7331689,0.006011963,0.0035247803,-0.0055389404,-24.479675,5.0994873,-34.439087,0,0.0,0.0,0.0,0.0
0.141113281,0.0091873575,-0.98724467,-0.1589453,-0.0771996,0.15777732,-0.98445237,0.9969733,0.021315029,-0.07476534,0.67900217,-0.5240628,-0.514115,0.41177297,0.85163736,-0.3242791,0.6077821,0.008487587,0.7940585,10.013962,0.18066406,-0.707077,9.776968,0.20902903,-0.7331975,0.0066223145,-0.010223389,-0.0021820068,-24.179077,5.3390503,-34.55963,0,0.0,0.0,0.0,0.0
0.149414062,0.0091658775,-0.98724717,-0.15893064,-0.07720255,0.15776426,-0.9844542,0.9969733,0.02129324,-0.074771956,0.66167694,-0.53864306,-0.52158153,0.41657105,0.8424887,-0.34158653,0.62341976,0.008744155,0.7818385,10.013962,0.18066406,-0.707077,9.776968,0.20881535,-0.7332624,0.004638672,-0.018310547,-0.0015716553,-24.179077,5.3390503,-34.55963,0,0.0,0.0,0.0,0.0
0.157714843,0.009134749,-0.9872509,-0.15890944,-0.07735535,0.15774217,-0.9844458,0.9969617,0.021285161,-0.0749282,0.6274685,-0.5664756,-0.53421783,0.42402822,0.82402676,-0.37573934,0.6530569,0.009241138,0.75725245,10.013962,0.19262695,-0.7381897,9.776855,0.20873615,-0.73479474,-9.1552734E-5,-0.033432007,-0.0043182373,-24.179077,5.3390503,-34.55963,0,0.0,0.0,0.0,0.0
0.166015625,0.009935378,-0.9888672,-0.14846906,-0.07750791,0.14726812,-0.98605514,0.9969422,0.021304354,-0.07518186,0.594016,-0.5926118,-0.5440187,0.4288476,0.80542964,-0.40911227,0.6806135,0.009718116,0.7325782,9.974487,0.19979858,-0.7465668,9.776664,0.20892435,-0.73728216,0.0018920898,-0.037261963,-0.010131836,-24.119568,4.9194336,-34.379578,0,0.0,0.0,0.0,0.0
0.174316406,0.009929984,-0.98886776,-0.14846535,-0.077789694,0.14725879,-0.9860343,0.99692035,0.021340378,-0.07546144,0.5775344,-0.6052398,-0.5478493,0.43046886,0.79598105,-0.42557108,0.69365025,0.009949859,0.7202433,9.974487,0.19979858,-0.7465668,9.776449,0.20927761,-0.7400239,-5.645752E-4,-0.034957886,-0.004776001,-24.119568,4.9194336,-34.379578,0,0.0,0.0,0.0,0.0
0.182617187,0.009785241,-0.98865974,-0.14985415,-0.07817704,0.14864625,-0.9857955,0.9968915,0.0213614,-0.07583594,0.5453332,-0.62931085,-0.5536962,0.43201625,0.77708405,-0.45771417,0.71831304,0.0104009565,0.69564223,9.997208,0.19381714,-0.83628845,9.776166,0.20948377,-0.7436966,6.1035156E-5,-0.012207031,-0.0026397705,-24.35913,4.978943,-34.439087,0,0.0,0.0,0.0,0.0
0.190917968,0.010116601,-0.9893191,-0.14541472,-0.078292005,0.14419207,-0.98644763,0.9968791,0.021364307,-0.07599704,0.514264,-0.6518317,-0.557358,0.43147662,0.75828624,-0.48870227,0.7411886,0.010835021,0.67120945,9.982849,0.20100403,-0.76091003,9.776045,0.20951228,-0.7452764,0.005554199,-0.0016784668,0.006668091,-23.999023,4.798889,-34.318542,0,0.0,0.0,0.0,0.0
0.19921875,0.010083639,-0.9893227,-0.14539218,-0.07833707,0.14417113,-0.98644716,0.9968759,0.021336574,-0.07604688,0.49913418,-0.6626219,-0.55838805,0.4305553,0.74887264,-0.5037975,0.7519888,0.011045622,0.65908337,9.982849,0.20100403,-0.76091003,9.776013,0.20924032,-0.7457651,0.0054016113,-3.0517578E-4,-0.0026397705,-23.999023,4.798889,-34.318542,0,0.0,0.0,0.0,0.0
0.207519531,0.010051711,-0.9893262,-0.14537033,-0.07834579,0.1441516,-0.98644924,0.9968755,0.02130466,-0.076060586,0.46980625,-0.6831699,-0.5590715,0.42745042,0.73016965,-0.53304636,0.77237827,0.011453172,0.63505954,9.970886,0.19023132,-0.75852966,9.77601,0.20892735,-0.74589956,-0.0011749268,-0.0076293945,-0.0053863525,-23.999023,4.798889,-34.318542,0,0.0,0.0,0.0,0.0
0.215820312,0.009551213,-0.98840123,-0.151565,-0.07845549,0.15036394,-0.98551285,0.9968718,0.021303944,-0.076109335,0.44175756,-0.70240825,-0.55809754,0.42283762,0.7116757,-0.56100446,0.79123867,0.011843318,0.61139274,10.0247345,0.20578003,-0.7537384,9.775973,0.20892033,-0.74637765,8.239746E-4,-0.016021729,-0.005996704,-23.999023,5.039978,-34.379578,0,0.0,0.0,0.0,0.0
0.224121093,0.009560741,-0.9884001,-0.15157147,-0.0785632,0.15036736,-0.9855036,0.99686325,0.021330083,-0.07621425,0.42827433,-0.71147203,-0.5571252,0.41997284,0.70261127,-0.5744215,0.8001274,0.012032543,0.59970933,10.0247345,0.20578003,-0.7537384,9.775889,0.20917666,-0.7474064,-0.003768921,-0.026565552,-0.0037078857,-23.999023,5.039978,-34.379578,0,0.0,0.0,0.0,0.0
0.232421875,0.010134182,-0.9894882,-0.14425784,-0.07870416,0.14302841,-0.98658425,0.99684656,0.021351919,-0.07642737,0.40228623,-0.7287244,-0.55419,0.41336057,0.6846948,-0.6002717,0.8168836,0.01240075,0.5766692,9.96611,0.19979858,-0.77526855,9.775725,0.2093908,-0.74949646,-5.645752E-4,-0.034500122,-0.0041656494,-24.238586,4.798889,-34.61914,0,0.0,0.0,0.0,0.0
0.240722656,0.010114138,-0.98949045,-0.14424412,-0.07899213,0.14301008,-0.986564,0.99682397,0.021372395,-0.07671553,0.38971925,-0.73703104,-0.5521812,0.40971228,0.67574173,-0.61278784,0.8247756,0.012579785,0.56532025,9.96611,0.19979858,-0.77526855,9.775504,0.2095916,-0.7523224,0.0026550293,-0.041381836,-0.0055389404,-24.238586,4.798889,-34.61914,0,0.0,0.0,0.0,0.0
0.249023437,0.010319001,-0.9899754,-0.14086284,-0.0793401,0.13961563,-0.9870221,0.99679416,0.02136115,-0.07710405,0.36556062,-0.7528349,-0.5473618,0.4017003,0.65808237,-0.6368394,0.83964413,0.012927993,0.54298306,10.000809,0.16870117,-0.8003998,9.775212,0.20948134,-0.7561325,-3.9672852E-4,-0.0418396,-0.008453369,-24.41864,4.6798706,-34.67865,0,0.0,0.0,0.0,0.0
0.257324218,0.010283947,-0.98997915,-0.14083865,-0.0797013,0.13958648,-0.9869971,0.99676573,0.021375248,-0.07746712,0.34263313,-0.76770186,-0.5415131,0.39290556,0.64067,-0.659672,0.8533626,0.013261968,0.5211491,9.9673,0.18902588,-0.8027954,9.774933,0.20961958,-0.75969297,-0.0013122559,-0.030838013,-0.0024871826,-24.41864,4.6798706,-34.67865,0,0.0,0.0,0.0,0.0
0.265625,0.009152235,-0.9879982,-0.15419397,-0.08012599,0.15298001,-0.98497564,0.9967428,0.021369675,-0.07776423,0.3316442,-0.77476877,-0.53828,0.38823664,0.6321021,-0.6706111,0.8598165,0.013424243,0.51042664,9.9673,0.18902588,-0.8027954,9.774708,0.20956492,-0.7626066,2.1362305E-4,-0.03251648,-0.0038604736,-24.299622,5.1589966,-34.498596,0,0.0,0.0,0.0,0.0
0.273925781,0.009088867,-0.9880055,-0.15415043,-0.08039764,0.15293571,-0.9849604,0.9967215,0.021345505,-0.07804331,0.31080025,-0.787878,-0.5316499,0.37827048,0.6156782,-0.6912683,0.8719603,0.013738901,0.48938388,9.996017,0.17228699,-0.7956085,9.774499,0.2093279,-0.7653434,0.0023498535,-0.03312683,-0.009216309,-24.299622,5.1589966,-34.498596,0,0.0,0.0,0.0,0.0
0.282226562,0.010285112,-0.9902282,-0.13907686,-0.08053177,0.13781217,-0.9871791,0.99669904,0.021353353,-0.07832741,0.29114884,-0.8001413,-0.5244103,0.36781755,0.59964716,-0.71072745,0.88314354,0.014040141,0.4688926,9.997208,0.18066406,-0.7992096,9.774279,0.20940487,-0.7681295,0.0020446777,-0.030532837,-0.004623413,-24.238586,4.6188354,-34.67865,0,0.0,0.0,0.0,0.0
0.290527343,0.010254368,-0.99023145,-0.13905582,-0.08080644,0.13778771,-0.98716,0.99667704,0.021359308,-0.078604154,0.28164658,-0.8061534,-0.52037674,0.36252564,0.5915365,-0.72018033,0.88839763,0.014186414,0.45885554,9.997208,0.18066406,-0.7992096,9.774063,0.20946325,-0.77084345,0.0037231445,-0.030532837,-0.0053863525,-24.238586,4.6188354,-34.67865,0,0.0,0.0,0.0,0.0
0.298828125,0.009015673,-0.9881077,-0.15349922,-0.08125195,0.15227397,-0.98499286,0.99665284,0.021352483,-0.07891281,0.2634993,-0.8175847,-0.5119799,0.35167697,0.5756265,-0.7382259,0.8982714,0.014470477,0.43920287,10.000809,0.19023132,-0.8458557,9.773826,0.20939633,-0.77387035,0.002960205,-0.023361206,-0.0011138916,-23.999023,5.1589966,-34.61914,0,0.0,0.0,0.0,0.0
0.307128906,0.008940464,-0.98811626,-0.15344836,-0.08152975,0.15222327,-0.9849777,0.99663085,0.021316765,-0.079199925,0.2466547,-0.8279427,-0.50365895,0.34040755,0.5606189,-0.75487036,0.9073501,0.014743017,0.42011723,9.992432,0.18066406,-0.85902405,9.77361,0.20904605,-0.77668595,0.0032653809,-0.013580322,-8.087158E-4,-23.999023,5.1589966,-34.61914,0,0.0,0.0,0.0,0.0
0.315429687,0.008753122,-0.9878973,-0.15486288,-0.08175391,0.15364335,-0.98473865,0.9966141,0.021280179,-0.07941959,0.23862258,-0.83286846,-0.49938902,0.33470297,0.55327106,-0.7628008,0.91161025,0.014874499,0.4107865,9.992432,0.18066406,-0.85902405,9.773446,0.20868728,-0.7788401,-9.1552734E-5,-0.0045776367,-0.0029449463,-23.519897,5.218506,-34.61914,0,0.0,0.0,0.0,0.0
0.323730468,0.008769241,-0.9878953,-0.15487355,-0.08181263,0.15365148,-0.9847324,0.99660915,0.02130597,-0.07947492,0.22332852,-0.84220934,-0.49072167,0.32318613,0.53893834,-0.77787924,0.9196059,0.015128176,0.39255068,9.982849,0.21176147,-0.8386841,9.7733965,0.2089402,-0.77938265,0.0054016113,0.01725769,-0.0041656494,-23.519897,5.218506,-34.61914,0,0.0,0.0,0.0,0.0
0.33203125,0.009326013,-0.98886734,-0.14850691,-0.08170723,0.14726317,-0.9857167,0.9966127,0.021326898,-0.07942425,0.20218427,-0.8551039,-0.4774084,0.30580455,0.51822513,-0.7987029,0.93037903,0.015491497,0.36627167,9.980469,0.1986084,-0.82432556,9.773433,0.20914543,-0.77888584,0.0050964355,0.019699097,0.0023956299,-23.339844,4.978943,-34.61914,0,0.0,0.0,0.0,0.0
0.340332031,0.009333965,-0.9888665,-0.14851215,-0.08164518,0.1472691,-0.985721,0.99661773,0.021325987,-0.07936159,0.20218427,-0.8551039,-0.4774084,0.30580455,0.51822513,-0.7987029,0.93037903,0.015491497,0.36627167,9.980469,0.1986084,-0.82432556,9.773481,0.2091365,-0.7782713,0.0050964355,0.019699097,0.0023956299,-23.339844,4.978943,-34.61914,0,0.0,0.0,0.0,0.0
0.348632812,0.009283932,-0.9887956,-0.148987,-0.08152943,0.14774886,-0.98565876,0.9966277,0.021297613,-0.07924425,0.1891416,-0.863142,-0.46820012,0.29427794,0.50471646,-0.8115799,0.93681693,0.015722552,0.3494665,9.982849,0.18902588,-0.81355286,9.77358,0.20885827,-0.7771207,0.0064697266,0.023986816,-0.0011138916,-23.339844,4.978943,-34.498596,0,0.0,0.0,0.0,0.0
0.356933593,0.009298618,-0.98879397,-0.1489967,-0.0813622,0.14776096,-0.9856708,0.9966413,0.021288076,-0.079076484,0.17695802,-0.87065154,-0.45896822,0.28280497,0.4916419,-0.82359546,0.9427127,0.015943334,0.33322456,9.996017,0.19142151,-0.78604126,9.773712,0.20876472,-0.7754754,-8.69751E-4,0.013900757,-0.0026397705,-23.339844,4.978943,-34.498596,0,0.0,0.0,0.0,0.0
0.365234375,0.00927398,-0.98871815,-0.14950085,-0.081238754,0.14826809,-0.9856049,0.99665153,0.02128574,-0.07894719,0.17117204,-0.8742227,-0.45435104,0.27710402,0.48525983,-0.8292987,0.94547004,0.016050234,0.32531354,9.996017,0.19142151,-0.78604126,9.773813,0.20874181,-0.7742075,0.003112793,0.007949829,-0.0035552979,-23.399353,4.978943,-34.379578,0,0.0,0.0,0.0,0.0
0.373535156,0.009271016,-0.98871845,-0.1494989,-0.08120957,0.148267,-0.9856074,0.9966539,0.021278322,-0.078918815,0.16018675,-0.8810089,-0.4451556,0.26579028,0.47282028,-0.8401169,0.9506291,0.01625757,0.30990314,9.978073,0.19621277,-0.82432556,9.773836,0.20866905,-0.77392924,-5.645752E-4,0.009170532,-0.0017242432,-23.399353,4.978943,-34.379578,0,0.0,0.0,0.0,0.0
0.381835937,0.0102380635,-0.9904282,-0.13764882,-0.08109493,0.13638021,-0.9873318,0.9966538,0.021270987,-0.07892243,0.14993505,-0.88735974,-0.43601853,0.25461984,0.460784,-0.85020393,0.9553471,0.0164564,0.29502708,9.984055,0.19740295,-0.8410797,9.773835,0.20859712,-0.77396464,0.0079956055,0.013900757,-9.613037E-4,-23.579407,4.559326,-34.55963,0,0.0,0.0,0.0,0.0
0.390136718,0.010239372,-0.9904281,-0.1376497,-0.0810693,0.13638152,-0.9873337,0.9966558,0.021268839,-0.07889684,0.14501038,-0.8904903,-0.431276,0.24913137,0.45470098,-0.85509104,0.95755184,0.016552694,0.28778544,9.984055,0.19740295,-0.8410797,9.773855,0.20857607,-0.7737137,-5.645752E-4,0.014816284,-0.0050811768,-23.579407,4.559326,-34.55963,0,0.0,0.0,0.0,0.0
0.3984375,0.010417245,-0.9906461,-0.13605767,-0.08093156,0.13478339,-0.98756444,0.9966653,0.02129906,-0.078770466,0.13566807,-0.8964458,-0.42187566,0.23828444,0.4428371,-0.8643586,0.96167284,0.01673946,0.27368793,10.001999,0.20458984,-0.78245544,9.773948,0.20887244,-0.7724744,-9.1552734E-5,0.016189575,-0.0079956055,-23.458862,4.499817,-34.55963,0,0.0,0.0,0.0,0.0
0.406738281,0.010460417,-0.9906418,-0.13608639,-0.08081351,0.13481113,-0.9875703,0.9966743,0.021328017,-0.078647055,0.12695472,-0.9020441,-0.4125516,0.22763935,0.43131202,-0.8730122,0.965434,0.016920028,0.26009783,9.998413,0.1878357,-0.7896271,9.774036,0.20915641,-0.77126414,-5.645752E-4,0.013442993,-0.0030975342,-23.458862,4.499817,-34.55963,0,0.0,0.0,0.0,0.0
0.415039062,0.010039493,-0.98987615,-0.14157853,-0.08075353,0.14032061,-0.98680747,0.99668354,0.021340013,-0.07852724,0.12282774,-0.90470606,-0.4079464,0.22239514,0.42569667,-0.8771104,0.96718854,0.017008191,0.25348958,9.998413,0.1878357,-0.7896271,9.774127,0.20927404,-0.7700892,0.0067749023,0.013442993,-0.005996704,-23.399353,4.6798706,-34.379578,0,0.0,0.0,0.0,0.0
0.423339843,0.010060868,-0.98987395,-0.14159279,-0.08065908,0.14033517,-0.9868132,0.9966909,0.021348936,-0.07843041,0.115054354,-0.9096799,-0.3990551,0.2120481,0.4149546,-0.88478714,0.97046286,0.017179737,0.24063823,10.012772,0.19381714,-0.7992096,9.7741995,0.20936155,-0.7691396,0.00982666,0.013595581,-0.0014190674,-23.399353,4.6798706,-34.379578,0,0.0,0.0,0.0,0.0
0.431640625,0.010260582,-0.99022716,-0.1390856,-0.080564976,0.13782208,-0.98717487,0.9966965,0.021334417,-0.07836349,0.1078204,-0.91433656,-0.3903376,0.20193571,0.4045835,-0.89192724,0.97344583,0.017344845,0.22825955,9.997208,0.18544006,-0.8063812,9.774254,0.20921917,-0.7684834,-0.0034637451,0.0027618408,-0.0011138916,-23.519897,4.6188354,-34.61914,0,0.0,0.0,0.0,0.0
0.439941406,0.010235219,-0.9902298,-0.13906872,-0.080538735,0.1378078,-0.987179,0.9966989,0.021304416,-0.07834137,0.10438419,-0.916573,-0.38600248,0.19697623,0.39948764,-0.8953268,0.9748356,0.017424641,0.22224328,9.997208,0.18544006,-0.8063812,9.774278,0.20892495,-0.76826644,-8.69751E-4,0.001083374,1.0681152E-4,-23.519897,4.6188354,-34.61914,0,0.0,0.0,0.0,0.0
0.448242187,0.010376306,-0.99050385,-0.13709295,-0.08052168,0.1358274,-0.98745483,0.9966988,0.021285087,-0.078347646,0.0978726,-0.92083174,-0.37747836,0.18724203,0.38956383,-0.90176517,0.9774259,0.017578285,0.21054602,9.979263,0.19142151,-0.80877686,9.774277,0.2087354,-0.76832795,0.0037231445,0.012832642,-0.0052337646,-23.75946,4.559326,-34.739685,0,0.0,0.0,0.0,0.0
0.456542968,0.010364311,-0.9905051,-0.1370849,-0.08047486,0.13582133,-0.98745954,0.99670273,0.021266224,-0.07830306,0.09180155,-0.92485076,-0.36908478,0.1777652,0.37991697,-0.907779,0.9797816,0.01772508,0.19928324,9.973282,0.18066406,-0.7920227,9.774315,0.20855042,-0.76789075,-0.0016174316,0.0071868896,-0.0027923584,-23.75946,4.559326,-34.739685,0,0.0,0.0,0.0,0.0
0.46484375,0.009822367,-0.9895722,-0.14370197,-0.08048948,0.14246017,-0.98652244,0.9967071,0.021256484,-0.07825086,0.088927895,-0.92676383,-0.3649665,0.17312269,0.37522265,-0.91062415,0.9808773,0.017795905,0.19381163,9.973282,0.18066406,-0.7920227,9.774358,0.2084549,-0.7673788,-0.002090454,0.0016937256,-0.0055389404,-23.878479,4.798889,-34.67865,0,0.0,0.0,0.0,0.0
0.473144531,0.009876837,-0.9895664,-0.14373867,-0.08045949,0.14249313,-0.9865201,0.9967089,0.02130884,-0.07821263,0.083529875,-0.9303108,-0.35713392,0.16400944,0.36633357,-0.9159152,0.98291594,0.01793295,0.18317954,9.992432,0.22013855,-0.7788696,9.774376,0.20896833,-0.76700383,-0.0025482178,-0.0015258789,-0.0030975342,-23.878479,4.798889,-34.67865,0,0.0,0.0,0.0,0.0
0.481445312,0.010929687,-0.9913109,-0.13108492,-0.08037931,0.12979753,-0.9882772,0.99670446,0.021338075,-0.07826224,0.07851188,-0.9336364,-0.34951243,0.15515764,0.3577662,-0.92083085,0.98476493,0.018066637,0.17294973,9.991226,0.1986084,-0.8039856,9.774332,0.20925504,-0.76749045,-0.0010070801,-0.017700195,-0.0067749023,-24.119568,4.319763,-34.67865,0,0.0,0.0,0.0,0.0
0.489746093,0.010941558,-0.9913097,-0.13109301,-0.080507375,0.12980193,-0.98826617,0.99669397,0.021367125,-0.07838751,0.07609773,-0.93531173,-0.34554467,0.1508482,0.35335988,-0.9232452,0.98562366,0.01813207,0.16797997,9.991226,0.1986084,-0.8039856,9.774229,0.20953992,-0.76871884,0.0034179688,-0.019226074,-0.0056915283,-24.119568,4.319763,-34.67865,0,0.0,0.0,0.0,0.0
0.498046875,0.011308959,-0.9918986,-0.12652785,-0.08063832,0.12521915,-0.9888466,0.99667925,0.021385817,-0.078568935,0.07152873,-0.9385031,-0.33778045,0.14241555,0.34478772,-0.9278142,0.98721904,0.018260181,0.15831967,9.980469,0.19262695,-0.8147583,9.774085,0.20972323,-0.77049804,8.239746E-4,-0.005493164,2.593994E-4,-24.238586,4.1397095,-34.61914,0,0.0,0.0,0.0,0.0
0.506347656,0.011277412,-0.99190164,-0.12650612,-0.08082332,0.125196,-0.98883426,0.9966646,0.021376139,-0.078756906,0.067259885,-0.9415556,-0.33007446,0.13424298,0.3363556,-0.9321179,0.98866326,0.018383961,0.14902048,9.978073,0.19142151,-0.8542328,9.773941,0.20962831,-0.77234143,-0.0014801025,0.0058135986,-0.008453369,-24.238586,4.1397095,-34.61914,0,0.0,0.0,0.0,0.0
0.514648437,0.011299892,-0.99195695,-0.12607008,-0.08090922,0.12475769,-0.9888827,0.9966574,0.0213745,-0.07884872,0.06524066,-0.94300914,-0.3263088,0.13024767,0.3322553,-0.934153,0.9893327,0.018443808,0.14450128,9.978073,0.19142151,-0.8542328,9.77387,0.20961224,-0.7732418,9.765625E-4,0.016494751,-0.009063721,-24.179077,4.1397095,-34.739685,0,0.0,0.0,0.0,0.0
0.522949218,0.011326674,-0.9919543,-0.1260884,-0.080913454,0.124773756,-0.9888804,0.9966568,0.021402976,-0.07884918,0.06329386,-0.94441915,-0.32259312,0.126314,0.3282226,-0.9361168,0.989969,0.018502422,0.14006785,10.009171,0.20698547,-0.8721771,9.773864,0.20989148,-0.7732463,0.0037231445,0.0158844,-0.0069122314,-24.179077,4.1397095,-34.739685,0,0.0,0.0,0.0,0.0
0.53125,0.011888613,-0.9927311,-0.119764626,-0.08080713,0.118427515,-0.98966914,0.99665886,0.021443632,-0.07881182,0.059613537,-0.9471057,-0.31533614,0.11863325,0.3203811,-0.93983084,0.991147,0.01861729,0.1314573,9.994827,0.18185425,-0.8530426,9.773885,0.2102902,-0.77287996,-0.0034637451,0.024597168,-0.0027923584,-24.41864,3.8986206,-34.739685,0,0.0,0.0,0.0,0.0
0.539550781,0.011900317,-0.99273,-0.11977274,-0.0805928,0.118439294,-0.9896853,0.9966761,0.02143039,-0.07859743,0.056172963,-0.9497038,-0.30807033,0.111214384,0.3125891,-0.9433554,0.9922076,0.018729215,0.12317977,9.997208,0.18424988,-0.7896271,9.774054,0.21016033,-0.77077746,0.011199951,0.035583496,-0.0027923584,-24.41864,3.8986206,-34.739685,0,0.0,0.0,0.0,0.0
0.547851562,0.011813517,-0.9926022,-0.12083577,-0.08033125,0.11951151,-0.9895777,0.99669826,0.021397283,-0.07832512,0.054549225,-0.9509408,-0.3045258,0.10759971,0.30880216,-0.9450203,0.99269664,0.01878324,0.11916588,9.988831,0.18902588,-0.8075714,9.774271,0.20983568,-0.7681071,0.009979248,0.035125732,5.645752E-4,-24.479675,3.9596558,-34.91974,0,0.0,0.0,0.0,0.0
0.556152343,0.011818276,-0.9926018,-0.120839074,-0.0800673,0.11952009,-0.98959804,0.9967194,0.021370599,-0.078062415,0.05148733,-0.9532851,-0.29765156,0.100557834,0.30148083,-0.94815475,0.9935981,0.018886758,0.11138274,10.010376,0.19381714,-0.79681396,9.774479,0.209574,-0.7655308,0.005706787,0.030090332,-0.0015716553,-24.479675,3.9596558,-34.91974,0,0.0,0.0,0.0,0.0
0.564453125,0.012273837,-0.9932495,-0.11534589,-0.07978641,0.11401395,-0.9902701,0.9967364,0.02135745,-0.077848434,0.048651036,-0.95548356,-0.29100558,0.09376112,0.2944329,-0.9510616,0.99440527,0.01898512,0.103911676,10.010376,0.19381714,-0.79681396,9.774646,0.20944506,-0.76343244,0.0038757324,0.019561768,-0.009521484,-24.41864,3.718567,-34.61914,0,0.0,0.0,0.0,0.0
0.572753906,0.012328796,-0.99324447,-0.1153841,-0.079600975,0.114051744,-0.9902807,0.99675053,0.021393655,-0.0776571,0.047302477,-0.95656335,-0.28766122,0.09045872,0.29090253,-0.9524668,0.9947762,0.019032568,0.1002899,10.003189,0.20219421,-0.7692871,9.774784,0.2098001,-0.761556,-0.0014801025,0.01802063,-0.00982666,-24.41864,3.718567,-34.61914,0,0.0,0.0,0.0,0.0
0.581054687,0.012361645,-0.99319994,-0.11576308,-0.079464994,0.11442998,-0.99024814,0.9967611,0.021440208,-0.07751009,0.04475929,-0.95862097,-0.2811447,0.08402981,0.28404212,-0.95512253,0.9954575,0.019126069,0.09326627,10.00679,0.18902588,-0.79800415,9.774887,0.21025662,-0.7601143,0.002960205,0.0116119385,-0.00340271,-24.299622,3.718567,-34.498596,0,0.0,0.0,0.0,0.0
0.589355468,0.012369463,-0.9931992,-0.115768515,-0.07940491,0.114436075,-0.9902522,0.99676573,0.021441475,-0.07744938,0.042408466,-0.9605467,-0.27486673,0.077826254,0.2774543,-0.95758146,0.9960646,0.019217711,0.086522155,9.991226,0.19621277,-0.80519104,9.774933,0.21026905,-0.759519,-0.0040740967,0.010848999,-0.0030975342,-24.299622,3.718567,-34.498596,0,0.0,0.0,0.0,0.0
0.59765625,0.011247065,-0.99148035,-0.12977025,-0.07951969,0.12848057,-0.9885188,0.9967698,0.021437222,-0.077397175,0.04129935,-0.9614642,-0.2718102,0.07480691,0.27425423,-0.9587432,0.9963425,0.019262187,0.08325069,9.982849,0.19740295,-0.79800415,9.774973,0.21022734,-0.75900704,-0.007583618,0.007949829,-0.004928589,-24.41864,4.1992188,-34.199524,0,0.0,0.0,0.0,0.0
0.605957031,0.0112577705,-0.9914792,-0.12977776,-0.07941688,0.12848945,-0.9885259,0.9967779,0.02143514,-0.07729368,0.039243795,-0.9630641,-0.266397,0.06890748,0.26857603,-0.96079063,0.99685085,0.019348321,0.07690226,9.991226,0.19142151,-0.76091003,9.775052,0.21020693,-0.7579921,-3.9672852E-4,0.011154175,-0.0027923584,-24.41864,4.1992188,-34.199524,0,0.0,0.0,0.0,0.0
0.614257812,0.010475253,-0.9901394,-0.13969316,-0.07943555,0.13843532,-0.9871807,0.996785,0.02143757,-0.07720213,0.037336193,-0.96456903,-0.26117542,0.06322285,0.26311412,-0.96269095,0.99730074,0.019430958,0.07080647,9.991226,0.19142151,-0.76091003,9.775122,0.21023075,-0.75709426,0.0050964355,0.0071868896,-0.004470825,-24.299622,4.559326,-34.13849,0,0.0,0.0,0.0,0.0
0.622558593,0.010496327,-0.99013716,-0.13970785,-0.07936089,0.13844995,-0.98718464,0.9967907,0.021449152,-0.077124946,0.036446758,-0.9652355,-0.2588283,0.060452104,0.26065558,-0.9635374,0.9975054,0.019471092,0.06785057,9.969696,0.1878357,-0.7788696,9.775177,0.21034431,-0.75633734,-9.1552734E-5,0.007949829,-0.007385254,-24.299622,4.559326,-34.13849,0,0.0,0.0,0.0,0.0
0.630859375,0.010521604,-0.9901343,-0.13972546,-0.07932774,0.13846628,-0.9871849,0.99679303,0.021470878,-0.077088244,0.03476228,-0.96651065,-0.25426126,0.05506539,0.2558809,-0.9651387,0.9978774,0.019549426,0.062116288,9.98645,0.1878357,-0.7788696,9.775201,0.21055739,-0.75597745,0.0034179688,0.0027618408,-0.00982666,-24.299622,4.559326,-34.13849,0,0.0,0.0,0.0,0.0
0.639160156,0.008913137,-0.9870778,-0.15999384,-0.07953798,0.15879342,-0.98410285,0.99679196,0.02149703,-0.07709483,0.033195727,-0.96771294,-0.24985962,0.049877323,0.25128993,-0.9666259,0.9982035,0.019625517,0.05660868,9.972092,0.19142151,-0.7896271,9.77519,0.21081385,-0.756042,0.0028076172,-0.00579834,-0.0011138916,-23.81897,5.279541,-33.898926,0,0.0,0.0,0.0,0.0
0.647460937,0.007870033,-0.984987,-0.1724494,-0.0796796,0.17128868,-0.9819937,0.99678946,0.02146902,-0.07713531,0.032473475,-0.96818566,-0.24811691,0.04734174,0.2494592,-0.9672274,0.99835074,0.019662946,0.053936403,10.001999,0.17826843,-0.79800415,9.775166,0.21053916,-0.75643903,9.765625E-4,0.0027618408,2.593994E-4,-23.81897,5.6396484,-33.299255,0,0.0,0.0,0.0,0.0
0.655761718,0.00783338,-0.9849917,-0.17242397,-0.07972463,0.1712652,-0.9819941,0.9967862,0.02143877,-0.07718651,0.03111892,-0.9689697,-0.24521302,0.042396635,0.24639067,-0.9682428,0.99861616,0.019734465,0.048748463,9.98645,0.1878357,-0.8063812,9.775133,0.21024252,-0.7569411,0.0035705566,-0.0045776367,-0.0015716553,-23.81897,5.6396484,-33.299255,0,0.0,0.0,0.0,0.0
0.6640625,0.006875515,-0.98289764,-0.18402454,-0.079845406,0.18290168,-0.9798835,0.9967835,0.021430718,-0.07722231,0.02984541,-0.9697137,-0.24241415,0.03763715,0.24344045,-0.96918535,0.99884564,0.019801954,0.043762837,9.973282,0.19262695,-0.78723145,9.775107,0.21016355,-0.7572922,-0.0030059814,-0.0016784668,-0.0053863525,-23.458862,6.059265,-33.239746,0,0.0,0.0,0.0,0.0
0.672363281,0.006897052,-0.9828947,-0.18403922,-0.07988585,0.18291378,-0.9798779,0.9967801,0.021460397,-0.07725781,0.029246006,-0.9700141,-0.24128267,0.035318054,0.242238,-0.96957386,0.99894816,0.01983453,0.041343506,9.976868,0.20578003,-0.7800598,9.775074,0.21045461,-0.75764036,-2.593994E-4,4.7302246E-4,-0.0069122314,-23.458862,6.059265,-33.239746,0,0.0,0.0,0.0,0.0
0.680664062,0.0069243456,-0.9828911,-0.18405782,-0.07984353,0.18293114,-0.97987825,0.99678344,0.02148084,-0.07721081,0.028099794,-0.9705926,-0.23908237,0.030811662,0.23990418,-0.97030747,0.99913013,0.019898916,0.036646828,9.976868,0.20578003,-0.7525482,9.775106,0.21065508,-0.7571794,5.187988E-4,0.0044403076,-3.5095215E-4,-23.458862,6.059265,-33.239746,0,0.0,0.0,0.0,0.0
0.688964843,0.006890029,-0.9828253,-0.18441018,-0.079777345,0.18328649,-0.97981715,0.99678886,0.021462722,-0.07714433,0.02755212,-0.97087103,-0.23801301,0.028624538,0.23877203,-0.97065365,0.9992104,0.019930553,0.034369413,9.984055,0.1878357,-0.7525482,9.77516,0.2104774,-0.7565275,0.0037231445,0.0032196045,-0.0043182373,-23.699951,6.059265,-33.17871,0,0.0,0.0,0.0,0.0
0.697265625,0.0067156698,-0.98240316,-0.18665218,-0.07977025,0.18553524,-0.97939444,0.99679065,0.021466581,-0.07712055,0.026503947,-0.9714043,-0.23594745,0.024378996,0.23658824,-0.9713042,0.99935144,0.019991228,0.029952385,9.988831,0.1986084,-0.7848511,9.775178,0.21051526,-0.7562943,2.1362305E-4,0.0058135986,-0.006164551,-23.75946,6.1187744,-33.059692,0,0.0,0.0,0.0,0.0
0.705566406,0.0067272913,-0.9824015,-0.18666025,-0.07973121,0.18554322,-0.9793961,0.99679375,0.021471329,-0.077079855,0.025517115,-0.9718905,-0.23404635,0.020295378,0.23457798,-0.97188544,0.9994684,0.020049654,0.02571064,10.017548,0.18066406,-0.77168274,9.7752075,0.21056181,-0.7558952,0.0018920898,0.0012207031,-0.010437012,-23.75946,6.1187744,-33.059692,0,0.0,0.0,0.0,0.0
0.713867187,0.006737216,-0.98240006,-0.1866671,-0.079753764,0.1855488,-0.97939306,0.9967918,0.02148579,-0.07710003,0.025044715,-0.9721248,-0.2331225,0.018313866,0.23360267,-0.9721596,0.9995186,0.020078087,0.023653878,9.999603,0.2033844,-0.76091003,9.775188,0.21070363,-0.756093,0.0018920898,-0.014190674,-0.0038604736,-23.75946,6.1187744,-33.059692,0,0.0,0.0,0.0,0.0
0.722167968,0.006718718,-0.9823393,-0.18698779,-0.07983269,0.18586822,-0.9793262,0.99678564,0.021507552,-0.07717398,0.02413951,-0.9725766,-0.23132667,0.0144649325,0.23170966,-0.97267747,0.999604,0.020133832,0.019661613,9.982849,0.18664551,-0.7692871,9.775128,0.21091704,-0.75681823,0.0069274902,-0.016174316,-0.0030975342,-23.75946,6.1187744,-32.998657,0,0.0,0.0,0.0,0.0
0.73046875,0.0066928198,-0.9823429,-0.18696982,-0.07994695,0.18584985,-0.97932035,0.99677664,0.02150208,-0.07729146,0.023284324,-0.97300404,-0.22961056,0.010761698,0.22990347,-0.9731539,0.9996709,0.020188231,0.015824322,10.001999,0.19262695,-0.77526855,9.77504,0.21086337,-0.7579703,-7.019043E-4,-0.016174316,-0.005996704,-23.75946,6.1187744,-32.998657,0,0.0,0.0,0.0,0.0
0.738769531,0.007956945,-0.98518634,-0.17130242,-0.07997173,0.17013218,-0.98217076,0.9967653,0.021514433,-0.077433325,0.022873722,-0.9732103,-0.2287763,0.008961987,0.2290266,-0.97337896,0.99969816,0.020214507,0.013960588,10.001999,0.19262695,-0.77526855,9.774929,0.21098451,-0.75936157,-7.019043E-4,-0.020462036,-0.0055389404,-23.579407,5.5786133,-33.17871,0,0.0,0.0,0.0,0.0
0.747070312,0.007878545,-0.9850477,-0.17210153,-0.08013584,0.17093137,-0.9820187,0.9967528,0.021528376,-0.07759093,0.022081818,-0.9737517,-0.22653899,0.005476055,0.22670864,-0.97394717,0.99974114,0.020265985,0.010338457,9.984055,0.19740295,-0.7992096,9.774806,0.21112126,-0.7609071,0.0037231445,-0.018615723,-0.00630188,-23.579407,5.6396484,-33.358765,0,0.0,0.0,0.0,0.0
0.755371093,0.007859648,-0.98505,-0.17208856,-0.08039336,0.17091435,-0.98200047,0.9967322,0.021552958,-0.077848166,0.021335987,-0.9742593,-0.22441801,0.0021178136,0.22451264,-0.9744689,0.9997701,0.020315979,0.0068534985,9.951752,0.1986084,-0.8650055,9.774604,0.21136232,-0.76342976,3.6621094E-4,0.0019989014,-5.0354004E-4,-23.579407,5.6396484,-33.358765,0,0.0,0.0,0.0,0.0
0.763671875,0.007845537,-0.98505193,-0.17207892,-0.0805406,0.17090267,-0.9819906,0.9967205,0.021563582,-0.07799585,0.020978939,-0.97450393,-0.22338769,4.825145E-4,0.2234467,-0.97471607,0.9997798,0.020340718,0.0051578865,9.982849,0.19381714,-0.84706116,9.774489,0.2114665,-0.76487803,3.6621094E-4,0.008407593,-0.0037078857,-23.579407,5.6396484,-33.358765,0,0.0,0.0,0.0,0.0
0.771972656,0.008681142,-0.98679686,-0.16173038,-0.0804727,0.16052248,-0.9837463,0.996719,0.02155492,-0.07801668,0.020295298,-0.9749751,-0.2213856,-0.0026988327,0.22137699,-0.97518456,0.9997904,0.020389143,0.0018616172,9.988831,0.20100403,-0.8003998,9.774475,0.21138158,-0.7650824,2.1362305E-4,0.013748169,-0.0027923584,-23.81897,5.218506,-33.1192,0,0.0,0.0,0.0,0.0
0.780273437,0.008692366,-0.9867955,-0.16173823,-0.08038921,0.16053122,-0.9837517,0.9967257,0.021553136,-0.077932306,0.019653259,-0.97551495,-0.21905343,-0.0057492326,0.21898186,-0.975712,0.9997904,0.020435309,-0.0013047549,9.981659,0.19621277,-0.8027954,9.77454,0.21136408,-0.76425487,0.0040283203,0.014968872,-0.004470825,-23.81897,5.218506,-33.1192,0,0.0,0.0,0.0,0.0
0.788574218,0.008488204,-0.98635125,-0.1644363,-0.08031834,0.16323842,-0.9833119,0.9967331,0.021553801,-0.07783648,0.019347543,-0.9757746,-0.21792117,-0.0072282767,0.21781975,-0.9759623,0.9997867,0.020457666,-0.0028388917,9.981659,0.19621277,-0.8027954,9.774613,0.21137059,-0.7633152,0.0079956055,0.014816284,-0.0041656494,-23.519897,5.3390503,-33.239746,0,0.0,0.0,0.0,0.0
0.796875,0.008721084,-0.9868019,-0.16169682,-0.08021626,0.16049144,-0.98377216,0.99673927,0.021550275,-0.0777579,0.018764056,-0.97625107,-0.21582808,-0.010098707,0.21567,-0.97641414,0.99977297,0.020501073,-0.0058120303,9.96611,0.19023132,-0.7645111,9.774673,0.21133602,-0.7625446,2.1362305E-4,0.014663696,-0.0011138916,-23.579407,5.218506,-33.1192,0,0.0,0.0,0.0,0.0
0.805175781,0.008718296,-0.98680234,-0.1616949,-0.080157995,0.160491,-0.9837771,0.99674404,0.021537995,-0.077700876,0.01821751,-0.97672784,-0.21370769,-0.01285251,0.21349673,-0.9768593,0.99975145,0.020542622,-0.008664026,9.969696,0.20100403,-0.8183441,9.77472,0.21121559,-0.7619853,0.0012817383,0.01725769,-0.0056915283,-23.579407,5.218506,-33.1192,0,0.0,0.0,0.0,0.0
0.813476562,0.008698273,-0.9868047,-0.16168103,-0.080087185,0.16048025,-0.98378456,0.9967499,0.021505805,-0.07763451,0.017956795,-0.97695726,-0.2126783,-0.014187969,0.2124422,-0.97707057,0.9997381,0.02056253,-0.010046259,10.00679,0.17706299,-0.83151245,9.774777,0.2108999,-0.76133454,0.0026550293,0.019699097,-0.0055389404,-23.579407,5.218506,-33.1192,0,0.0,0.0,0.0,0.0
0.821777343,0.007734086,-0.98480093,-0.17351486,-0.08009437,0.17235246,-0.98177373,0.99675727,0.021490684,-0.07754401,0.0174584,-0.97739947,-0.2106788,-0.01677804,0.21039486,-0.9774725,0.9997068,0.020599883,-0.01272569,9.988831,0.20100403,-0.8003998,9.77485,0.21075162,-0.760447,-2.593994E-4,0.022155762,-0.0017242432,-23.278809,5.5786133,-32.699585,0,0.0,0.0,0.0,0.0
0.830078125,0.007756572,-0.984798,-0.17353037,-0.07996554,0.17236897,-0.9817813,0.99676746,0.021491705,-0.0774129,0.017216288,-0.9775619,-0.20994362,-0.018037375,0.20963691,-0.977613,0.9996891,0.0206177,-0.014023483,9.988831,0.20100403,-0.8003998,9.774949,0.21076162,-0.75916123,-0.003768921,0.0158844,-3.5095215E-4,-23.278809,5.5786133,-32.699585,0,0.0,0.0,0.0,0.0
0.838378906,0.007719993,-0.9846546,-0.17434372,-0.07983879,0.1731854,-0.9816479,0.9967779,0.021497706,-0.07727664,0.016753137,-0.97787535,-0.20851648,-0.020476894,0.20816645,-0.97787905,0.99964994,0.02065231,-0.016536409,9.994827,0.21057129,-0.79322815,9.775052,0.21082048,-0.75782496,0.002960205,0.027038574,-0.004928589,-23.2193,5.6396484,-32.87964,0,0.0,0.0,0.0,0.0
0.846679687,0.0071257357,-0.98324144,-0.18216848,-0.07973559,0.18103437,-0.98023915,0.99679065,0.021510238,-0.077109344,0.01631578,-0.97816753,-0.20717649,-0.022816254,0.20678589,-0.97812015,0.99960655,0.020685786,-0.018944245,10.009171,0.19023132,-0.7884369,9.775177,0.21094339,-0.7561844,2.1362305E-4,0.023834229,-0.011657715,-23.15979,5.8792114,-32.63855,0,0.0,0.0,0.0,0.0
0.854980468,0.00719585,-0.9832321,-0.18221655,-0.07957552,0.18108034,-0.9802436,0.99680287,0.021553662,-0.076938175,0.016103111,-0.9782756,-0.20668204,-0.023950737,0.20627213,-0.9782015,0.9995834,0.020702275,-0.020108799,10.009171,0.19023132,-0.7884369,9.775297,0.21136922,-0.75450575,2.1362305E-4,0.020477295,-0.007827759,-23.15979,5.8792114,-32.63855,0,0.0,0.0,0.0,0.0
0.86328125,0.0072264355,-0.983228,-0.18223749,-0.07948764,0.18110077,-0.9802471,0.99680966,0.02156932,-0.07684575,0.015696812,-0.9784843,-0.20572357,-0.026146434,0.20527689,-0.9783546,0.9995349,0.020735987,-0.02236168,9.981659,0.19621277,-0.74775696,9.775364,0.21152277,-0.7535994,0.005706787,-3.0517578E-4,-8.087158E-4,-23.15979,5.8792114,-32.63855,0,0.0,0.0,0.0,0.0
0.871582031,0.0076243193,-0.98409295,-0.17749052,-0.07941655,0.17633912,-0.98112047,0.9968123,0.021576062,-0.0768088,0.015312068,-0.9786834,-0.20480305,-0.028252466,0.2043218,-0.978496,0.9994835,0.020768987,-0.024521632,9.988831,0.1986084,-0.7621155,9.77539,0.21158889,-0.75323707,0.005859375,-0.001373291,-0.0066070557,-23.519897,5.758667,-32.939148,0,0.0,0.0,0.0,0.0
0.879882812,0.007640342,-0.98409086,-0.1775016,-0.07941677,0.17634894,-0.9811188,0.9968122,0.021592688,-0.07680595,0.015130013,-0.97879946,-0.20426157,-0.029272094,0.2037638,-0.9785824,0.999457,0.020785129,-0.02556856,9.988831,0.1986084,-0.7621155,9.775389,0.21175194,-0.7532091,0.007232666,-0.0030517578,-0.0053863525,-23.519897,5.758667,-32.939148,0,0.0,0.0,0.0,0.0
0.888183593,0.007809283,-0.98444045,-0.17554498,-0.0794459,0.17438461,-0.9814674,0.9968086,0.021610888,-0.07684793,0.014780741,-0.97902346,-0.20321037,-0.031250972,0.20268096,-0.978746,0.9994022,0.020817112,-0.027599663,9.991226,0.20100403,-0.80158997,9.775353,0.21193041,-0.7536208,0.0018920898,0.003829956,-0.00630188,-23.339844,5.6991577,-32.998657,0,0.0,0.0,0.0,0.0
0.896484375,0.0076393154,-0.9840033,-0.17798647,-0.079457454,0.17683154,-0.9810286,0.996809,0.021636736,-0.07683552,0.014452351,-0.97925353,-0.20212288,-0.033152778,0.20156355,-0.97891426,0.9993458,0.020848546,-0.029551905,9.982849,0.20578003,-0.78245544,9.775357,0.21218391,-0.7534991,-0.0010070801,0.004135132,-0.00340271,-23.399353,5.819702,-33.17871,0,0.0,0.0,0.0,0.0
