Time,Rot1,Rot2,Rot3,Rot4,Rot5,Rot6,Rot7,Rot8,Rot9,FRot1,FRot2,FRot3,FRot4,FRot5,FRot6,FRot7,FRot8,FRot9,AccX,AccY,AccZ,GravX,GravY,GravZ,GyroX,GyroY,GyroZ,MagX,MagY,MagZ,Imid
0.0,0.3276748,0.47024152,-0.81945235,-0.943633,0.119968854,-0.30848703,-0.046754643,0.8743457,0.48304617,1.0,0.0,0.0,0.0,1.0,0.0,0.0,0.0,1.0,-0.37327576,8.879761,4.278366,-0.45850644,8.574403,4.737065,-0.09609985,-0.08068848,0.14141846,-14.099121,-28.858948,-22.198486,0,0.0,0.0,0.0,0.0
0.008300781,0.32830048,0.46989578,-0.81940025,-0.9434929,0.12165328,-0.30825567,-0.045165315,0.87429875,0.48328215,0.9986332,0.052241396,0.0016131673,-0.05212669,0.9977456,-0.04226716,-0.0038176258,0.042125296,0.99910504,-0.2632141,8.965912,4.5056915,-0.44292045,8.573942,4.739379,-0.1214447,-0.13244629,0.09500122,-14.099121,-28.858948,-22.198486,0,0.0,0.0,0.0,0.0
0.016601563,0.3559567,0.4660495,-0.8099954,-0.9334814,0.13682151,-0.33149984,-0.043670557,0.87411535,0.48375112,0.997001,0.07738504,7.42781E-4,-0.07718592,0.9950382,-0.06277955,-0.0055972934,0.062533945,0.99802715,-0.2632141,8.965912,4.5056915,-0.42826188,8.572144,4.743978,-0.14741516,-0.14649963,0.0743866,-13.978577,-28.73993,-22.679138,0,0.0,0.0,0.0,0.0
0.024902344,0.35511175,0.46653336,-0.8100878,-0.93386877,0.13787882,-0.3299676,-0.04224695,0.8736911,0.48464337,0.99221766,0.12445502,-0.003884268,-0.12419681,0.9869647,-0.10235202,-0.0089045875,0.1020379,0.9947407,-0.18544006,8.931213,4.758133,-0.41430107,8.567983,4.752728,-0.15534973,-0.17643738,0.025970459,-13.978577,-28.73993,-22.679138,0,0.0,0.0,0.0,0.0
0.033203125,0.34352762,0.46910915,-0.813588,-0.93824124,0.13348393,-0.31919503,-0.04113636,0.87299407,0.4859929,0.98558056,0.16878328,-0.011963261,-0.16878621,0.97568953,-0.13978957,-0.011921711,0.13979311,0.99010897,-0.29193115,8.732605,5.05484,-0.40340993,8.561148,4.7659626,-0.14175415,-0.19078064,0.0071868896,-14.219666,-28.919983,-22.679138,0,0.0,0.0,0.0,0.0
0.041503906,0.34144583,0.47028673,-0.8137845,-0.9390435,0.13370402,-0.31673408,-0.040149577,0.8723265,0.48727238,0.9816123,0.19011077,-0.017183002,-0.19042054,0.968964,-0.15763512,-0.013318426,0.15800856,0.9873479,-0.29193115,8.732605,5.05484,-0.39373288,8.554602,4.77851,-0.13381958,-0.18681335,-0.007156372,-14.219666,-28.919983,-22.679138,0,0.0,0.0,0.0,0.0
0.049804688,0.34697413,0.47046614,-0.8113387,-0.9370461,0.13754325,-0.3209773,-0.039414786,0.87163264,0.48857242,0.9725841,0.23065425,-0.029643305,-0.23200686,0.9536743,-0.19151536,-0.015903775,0.19314225,0.98104185,-0.34934998,8.627319,5.0931244,-0.38652703,8.547796,4.791259,-0.12939453,-0.1678772,-0.027618408,-14.15863,-28.979492,-22.859192,0,0.0,0.0,0.0,0.0
0.058105469,0.3444179,0.47191188,-0.8115883,-0.93800706,0.13708821,-0.3183546,-0.038976125,0.8709225,0.48987228,0.96237475,0.26808533,-0.04432922,-0.27111098,0.936367,-0.22297013,-0.018266607,0.22659898,0.9738168,-0.39601135,8.581863,5.1469574,-0.38222522,8.5408325,4.804006,-0.12510681,-0.10908508,-0.037399292,-14.15863,-28.979492,-22.859192,0,0.0,0.0,0.0,0.0
0.06640625,0.32740027,0.47543246,-0.8165617,-0.944091,0.1291617,-0.30333042,-0.038744617,0.87021905,0.49113908,0.95686,0.2857843,-0.052404173,-0.28990284,0.9270497,-0.23777126,-0.019370023,0.24270594,0.9699065,-0.39601135,8.581863,5.1469574,-0.3799549,8.533934,4.816429,-0.131073,-0.078704834,-0.024414063,-14.219666,-29.159546,-22.679138,0,0.0,0.0,0.0,0.0
0.074707031,0.3244911,0.4770297,-0.8167914,-0.9450991,0.12823415,-0.30057216,-0.038641304,0.8694818,0.4924512,0.9449195,0.31974196,-0.0699439,-0.3265996,0.9071092,-0.26549116,-0.02144191,0.27371144,0.96157277,-0.4175415,8.5256195,5.15773,-0.37894174,8.526704,4.8292966,-0.13717651,-0.02708435,0.0021514893,-14.219666,-29.159546,-22.679138,0,0.0,0.0,0.0,0.0
0.083007813,0.32262138,0.4785509,-0.8166422,-0.9457426,0.12783581,-0.29871202,-0.03855281,0.8687042,0.49382856,0.9321316,0.3510473,-0.08886178,-0.3613656,0.8859205,-0.29079166,-0.023357159,0.3031677,0.95265096,-0.38165283,8.567505,5.13739,-0.37807393,8.519078,4.842804,-0.14282227,0.0068206787,0.020019531,-14.4592285,-29.159546,-22.799683,0,0.0,0.0,0.0,0.0
0.091308594,0.31981862,0.48009434,-0.81683874,-0.94669974,0.12696794,-0.2960384,-0.038414024,0.8679796,0.49511188,0.9254704,0.36572573,-0.09873875,-0.3780427,0.87495726,-0.30254516,-0.024256362,0.31732404,0.9480069,-0.38165283,8.567505,5.13739,-0.3767129,8.511972,4.855389,-0.13702393,0.002243042,0.033920288,-14.4592285,-29.159546,-22.799683,0,0.0,0.0,0.0,0.0
0.099609375,0.33131364,0.4794996,-0.81259555,-0.942751,0.13345608,-0.30563065,-0.03810396,0.8673348,0.4962645,0.91168433,0.3932296,-0.119172364,-0.4100716,0.85244703,-0.32430732,-0.02593912,0.34453514,0.93841493,-0.31585693,8.592621,5.0943146,-0.37367225,8.50565,4.8666925,-0.11213684,-0.019592285,0.039718628,-14.279175,-29.278564,-23.098755,0,0.0,0.0,0.0,0.0
0.107910156,0.32953727,0.48047927,-0.8127392,-0.94339174,0.13324526,-0.3037397,-0.037646994,0.86682487,0.4971894,0.89766276,0.41781896,-0.1401026,-0.43982607,0.8296186,-0.34392732,-0.027467642,0.37035158,0.92848545,-0.28115845,8.664413,5.063217,-0.3691909,8.5006485,4.8757625,-0.08204651,-0.031204224,0.03315735,-14.279175,-29.278564,-23.098755,0,0.0,0.0,0.0,0.0
0.116210938,0.3140216,0.48315915,-0.81728065,-0.948689,0.12600732,-0.2900194,-0.037142187,0.8664175,0.4979368,0.89051396,0.42925137,-0.15075867,-0.45408314,0.8180724,-0.3529392,-0.028168136,0.38275424,0.92342067,-0.28115845,8.664413,5.063217,-0.36424044,8.496654,4.883092,-0.07106018,-0.040985107,0.034835815,-14.579773,-29.699707,-23.15979,0,0.0,0.0,0.0,0.0
0.124511719,0.3131723,0.48361832,-0.81733495,-0.94899267,0.12623678,-0.28892416,-0.036551304,0.8661279,0.49848413,0.87572426,0.45092687,-0.1725458,-0.4819129,0.7945735,-0.36934116,-0.02944552,0.40659305,0.91313475,-0.24885559,8.654846,5.0153503,-0.35844585,8.4938135,4.8884597,-0.049057007,-0.05441284,0.04032898,-14.579773,-29.699707,-23.15979,0,0.0,0.0,0.0,0.0
0.1328125,0.32272962,0.48246127,-0.8142952,-0.9458114,0.1317872,-0.2967709,-0.035866786,0.8659465,0.49884903,0.8607312,0.47042722,-0.19452544,-0.50814086,0.7710236,-0.38381714,-0.030574339,0.42920968,0.90268725,-0.22372437,8.662018,4.9172516,-0.35173303,8.492034,4.892038,-0.038986206,-0.058380127,0.030853271,-14.759827,-29.519653,-23.339844,0,0.0,0.0,0.0,0.0
0.141113281,0.32270747,0.48247355,-0.8142967,-0.945844,0.13239059,-0.29639804,-0.035199013,0.8658475,0.49906817,0.8532992,0.47923604,-0.20545883,-0.52049464,0.75938386,-0.39041197,-0.031077353,0.44007844,0.8974214,-0.22372437,8.662018,4.9172516,-0.34518442,8.491064,4.894187,-0.026763916,-0.058380127,0.03163147,-14.759827,-29.519653,-23.339844,0,0.0,0.0,0.0,0.0
0.149414063,0.32008666,0.48278227,-0.8151477,-0.9467572,0.13160741,-0.2938199,-0.03457156,0.86579484,0.49920338,0.83840865,0.49539292,-0.22728124,-0.5441037,0.736265,-0.40232453,-0.031969503,0.46097696,0.88683605,-0.23330688,8.701492,4.9124603,-0.3390312,8.490547,4.895513,-0.034866333,-0.0594635,0.021850586,-14.878845,-29.3396,-23.2193,0,0.0,0.0,0.0,0.0
0.157714844,0.32026243,0.48268437,-0.8151367,-0.94671714,0.13215877,-0.29370162,-0.034037728,0.86576545,0.49929106,0.8234701,0.5098089,-0.24898161,-0.5664144,0.71338624,-0.4126195,-0.032737035,0.48080656,0.8762154,-0.26679993,8.690735,4.8753815,-0.33379608,8.490259,4.896373,-0.026000977,-0.0783844,0.011001587,-14.878845,-29.3396,-23.2193,0,0.0,0.0,0.0,0.0
0.166015625,0.3120458,0.4837472,-0.8176894,-0.9494746,0.12839521,-0.2863786,-0.03354744,0.86573863,0.4993709,0.8160261,0.51637036,-0.25973645,-0.577068,0.7020906,-0.41720647,-0.033074517,0.49033698,0.8709051,-0.26679993,8.690735,4.8753815,-0.32898802,8.489996,4.897156,-0.022949219,-0.08190918,0.0061187744,-14.819336,-28.979492,-22.799683,0,0.0,0.0,0.0,0.0
0.174316406,0.31216246,0.48368254,-0.8176831,-0.949452,0.12884995,-0.2862488,-0.03309512,0.8657071,0.49945554,0.8010104,0.5285249,-0.28114724,-0.59770304,0.6796511,-0.42523572,-0.03366562,0.50866085,0.8603085,-0.2871399,8.673981,4.8885345,-0.32455227,8.489687,4.897986,-0.03425598,-0.08526611,0.012069702,-14.819336,-28.979492,-22.799683,0,0.0,0.0,0.0,0.0
0.182617188,0.32615867,0.48178107,-0.81333107,-0.94475085,0.13640887,-0.29805756,-0.032652915,0.8656094,0.49965402,0.7861294,0.5391663,-0.30215922,-0.61711687,0.65770715,-0.4319584,-0.034165103,0.52604276,0.8497716,-0.29551697,8.622543,4.9340057,-0.3202157,8.488729,4.8999324,-0.038986206,-0.07060242,0.014678955,-14.6987915,-28.73993,-22.918701,0,0.0,0.0,0.0,0.0
0.190917969,0.3259347,0.4819075,-0.813346,-0.9448431,0.1367266,-0.29761946,-0.032219004,0.8654889,0.49989092,0.77893734,0.54376715,-0.31236804,-0.62615865,0.6471024,-0.43495265,-0.03437886,0.53439283,0.84453684,-0.29551697,8.622543,4.9340057,-0.3159605,8.487547,4.9022555,-0.036239624,-0.06251526,0.012237549,-14.6987915,-28.73993,-22.918701,0,0.0,0.0,0.0,0.0
0.19921875,0.33038664,0.48140162,-0.811848,-0.94331044,0.13945363,-0.30119428,-0.031780276,0.8653352,0.50018483,0.7646998,0.5520239,-0.33242124,-0.6434496,0.62632805,-0.44009757,-0.034739606,0.5504388,0.8341524,-0.25483704,8.5950165,4.9710846,-0.31165805,8.48604,4.9051375,-0.051818848,-0.028762817,0.027038574,-15.058899,-28.619385,-23.098755,0,0.0,0.0,0.0,0.0
0.207519531,0.3297131,0.48179075,-0.81189096,-0.94355917,0.13957518,-0.30035782,-0.03138979,0.8650991,0.50061786,0.7508097,0.55899745,-0.35186166,-0.6595893,0.6062685,-0.44427532,-0.035026144,0.56565034,0.823901,-0.2524414,8.608185,5.0859375,-0.3078287,8.483724,4.909384,-0.06524658,-0.0047912598,0.04322815,-15.058899,-28.619385,-23.098755,0,0.0,0.0,0.0,0.0
0.215820313,0.33756363,0.48098934,-0.8091354,-0.9407928,0.14410572,-0.3068264,-0.030979205,0.8648021,0.50115615,0.74394786,0.5620918,-0.36137822,-0.6673129,0.5964711,-0.4459996,-0.035141077,0.57295287,0.8188346,-0.2524414,8.608185,5.0859375,-0.30380222,8.480812,4.914663,-0.06341553,0.019500732,0.051940918,-14.759827,-28.49884,-23.098755,0,0.0,0.0,0.0,0.0
0.224121094,0.3366517,0.48151585,-0.8092022,-0.94113266,0.14415418,-0.3057597,-0.030578252,0.86450106,0.5017,0.7306475,0.5673507,-0.37982547,-0.6818409,0.57755905,-0.44890824,-0.035316736,0.5869742,0.80883497,-0.22612,8.6237335,5.0895386,-0.29987022,8.4778595,4.9199963,-0.057006836,0.031097412,0.047348022,-14.759827,-28.49884,-23.098755,0,0.0,0.0,0.0,0.0
0.232421875,0.32164177,0.48404497,-0.8137856,-0.9463804,0.13694991,-0.29259,-0.030178843,0.8642599,0.50213945,0.717596,0.57174647,-0.39769575,-0.69555753,0.5592823,-0.45100218,-0.03543472,0.6002577,0.7990213,-0.18304443,8.653641,5.059616,-0.29595336,8.475494,4.924306,-0.045700073,0.020721436,0.041397095,-14.6987915,-27.95868,-22.439575,0,0.0,0.0,0.0,0.0
0.240722656,0.32109085,0.48435923,-0.81381625,-0.94657934,0.13709417,-0.29187807,-0.02980436,0.864061,0.50250405,0.7109553,0.5738124,-0.4065487,-0.7023421,0.5502125,-0.45164347,-0.035470445,0.60663456,0.7941891,-0.18304443,8.653641,5.059616,-0.29228094,8.473544,4.9278817,-0.034866333,0.013076782,0.03804016,-14.6987915,-27.95868,-22.439575,0,0.0,0.0,0.0,0.0
0.249023438,0.31890386,0.48475614,-0.8144396,-0.94733083,0.13636856,-0.2897722,-0.029404882,0.8639532,0.50271285,0.69788146,0.57736737,-0.42380226,-0.71533287,0.53256774,-0.4524052,-0.035500586,0.6188849,0.78467906,-0.14476013,8.684753,4.99263,-0.2883634,8.4724865,4.9299293,-0.030578613,0.0084991455,0.023376465,-14.279175,-27.2995,-21.839905,0,0.0,0.0,0.0,0.0
0.257324219,0.31891635,0.48474908,-0.81443894,-0.94733655,0.13666604,-0.28961334,-0.029083636,0.86391014,0.5028055,0.6850468,0.58024734,-0.4404815,-0.7276343,0.515537,-0.4525152,-0.035486232,0.63050354,0.77537477,-0.16870117,8.778076,4.9794617,-0.28521302,8.472064,4.930837,-0.03074646,-0.007385254,0.0074920654,-14.279175,-27.2995,-21.839905,0,0.0,0.0,0.0,0.0
0.265625,0.30097523,0.48724106,-0.81976223,-0.9531968,0.12774158,-0.27404007,-0.028805874,0.86387396,0.5028837,0.6787472,0.5814367,-0.44859064,-0.7335152,0.507271,-0.45236218,-0.035462983,0.63608766,0.7708015,-0.16870117,8.778076,4.9794617,-0.28248915,8.47171,4.9316044,-0.019439697,-0.014251709,-5.950928E-4,-14.338684,-27.178955,-21.418762,0,0.0,0.0,0.0,0.0
0.273925781,0.30093238,0.48726493,-0.8197638,-0.95321494,0.12786451,-0.27391958,-0.028652707,0.8638423,0.50294673,0.66582954,0.5837265,-0.46468753,-0.7452642,0.4907944,-0.45133385,-0.035389487,0.6468263,0.76181585,-0.22013855,8.788834,5.004593,-0.28098708,8.471399,4.932223,-0.03149414,-0.012573242,-0.019073486,-14.338684,-27.178955,-21.418762,0,0.0,0.0,0.0,0.0
0.282226563,0.28305966,0.48968416,-0.8246737,-0.95867336,0.11874251,-0.2585452,-0.028681645,0.8637764,0.5030583,0.65323544,0.58543164,-0.48015964,-0.75633174,0.47496992,-0.44985092,-0.035295594,0.65701854,0.7530477,-0.28474426,8.727814,5.0105743,-0.28127086,8.470753,4.933317,-0.031661987,-0.019592285,-0.028396606,-14.338684,-27.479553,-21.238708,0,0.0,0.0,0.0,0.0
0.290527344,0.28266004,0.4898996,-0.8246827,-0.9587883,0.1185021,-0.258229,-0.028779637,0.8636872,0.50320584,0.6467762,0.5862619,-0.4878294,-0.761865,0.467078,-0.44877592,-0.03524587,0.6619177,0.7487474,-0.28474426,8.727814,5.0105743,-0.28223184,8.469878,4.934764,-0.029815674,-0.024032593,-0.02748108,-14.338684,-27.479553,-21.238708,0,0.0,0.0,0.0,0.0
0.298828125,0.30212304,0.48764408,-0.8191,-0.9528293,0.12838845,-0.27501377,-0.02894587,0.86355054,0.5034307,0.64039415,0.58696747,-0.49534276,-0.7672395,0.45934188,-0.44760305,-0.03519675,0.6666889,0.7445046,-0.3397827,8.646469,5.050049,-0.28386202,8.468538,4.9369693,-0.025238037,-0.036697388,-0.02961731,-14.338684,-27.598572,-21.71936,0,0.0,0.0,0.0,0.0
0.307128906,0.30155182,0.48795897,-0.819123,-0.9530084,0.12812017,-0.27451804,-0.02900736,0.86341256,0.5036639,0.6285098,0.587663,-0.5095367,-0.7770092,0.44481853,-0.44541347,-0.03510164,0.6758614,0.73619235,-0.29670715,8.573486,5.0321045,-0.28446504,8.467185,4.9392557,-0.029067993,-0.04449463,-0.021820068,-14.338684,-27.598572,-21.71936,0,0.0,0.0,0.0,0.0
0.315429688,0.27545622,0.49151418,-0.8261584,-0.9608762,0.11485371,-0.2520426,-0.028995166,0.86326265,0.5039215,0.61693853,0.5879672,-0.52314574,-0.78623265,0.43088835,-0.44291478,-0.035001982,0.6845654,0.7281106,-0.3014984,8.547165,5.0201416,-0.28434542,8.465714,4.9417815,-0.03364563,-0.05014038,-0.009613037,-14.279175,-27.89917,-21.359253,0,0.0,0.0,0.0,0.0
0.323730469,0.27485046,0.49183333,-0.8261702,-0.96105343,0.11473234,-0.2514213,-0.028868929,0.863097,0.5042123,0.6108465,0.5882145,-0.52997196,-0.7909773,0.42382723,-0.441277,-0.034948997,0.6887483,0.7241577,-0.2871399,8.553146,5.01416,-0.2831075,8.46409,4.944634,-0.044326782,-0.056243896,-0.006088257,-14.279175,-27.89917,-21.359253,0,0.0,0.0,0.0,0.0
0.33203125,0.27423033,0.49215963,-0.826182,-0.9612367,0.11467448,-0.25074634,-0.028665252,0.8629186,0.5045291,0.5989046,0.5884371,-0.5431898,-0.80006254,0.41015258,-0.4378068,-0.03483104,0.69679034,0.7164287,-0.26560974,8.621338,5.0153503,-0.2811101,8.462341,4.9477406,-0.056396484,-0.054260254,-0.0063934326,-14.279175,-27.89917,-21.359253,0,0.0,0.0,0.0,0.0
0.340332031,0.28512436,0.49116105,-0.8230826,-0.9580705,0.1206217,-0.25990653,-0.028374327,0.8626768,0.50495905,0.5872914,0.5883275,-0.5558413,-0.8086316,0.3970641,-0.43411416,-0.034696653,0.70442235,0.7089325,-0.22372437,8.659622,5.0895386,-0.2782571,8.4599695,4.9519567,-0.06173706,-0.0473938,0.0036773682,-13.978577,-27.778625,-21.418762,0,0.0,0.0,0.0,0.0
0.348632813,0.26575816,0.4938666,-0.8279303,-0.9636308,0.11107166,-0.24306172,-0.028080473,0.8624146,0.5054232,0.58180046,0.588069,-0.5618567,-0.8125944,0.39087763,-0.43232515,-0.034619838,0.7080886,0.7052744,-0.21894836,8.726624,5.181656,-0.27537537,8.457398,4.9565086,-0.06892395,-0.045715332,-0.00440979,-14.399719,-27.95868,-21.299744,0,0.0,0.0,0.0,0.0
0.356933594,0.264644,0.4944479,-0.8279401,-0.9639443,0.110851556,-0.24191576,-0.027836317,0.8621097,0.50595653,0.57041895,0.58766365,-0.57382375,-0.8206312,0.37846386,-0.42817,-0.034448393,0.7151339,0.6981381,-0.21894836,8.726624,5.181656,-0.27298102,8.454409,4.9617386,-0.05670166,-0.04724121,-0.013427734,-14.399719,-27.95868,-21.299744,0,0.0,0.0,0.0,0.0
0.365234375,0.26378888,0.4950334,-0.82786316,-0.96418524,0.11075661,-0.2409977,-0.027610594,0.8617859,0.5065202,0.55934817,0.5870215,-0.58526516,-0.82822436,0.36658877,-0.4238597,-0.034263104,0.72181606,0.6912363,-0.17706299,8.71347,5.2414703,-0.27076745,8.451233,4.9672666,-0.046463013,-0.03593445,-0.024414063,-14.338684,-28.079224,-21.359253,0,0.0,0.0,0.0,0.0
0.373535156,0.26264298,0.4956259,-0.8278729,-0.9645007,0.11039003,-0.23990057,-0.027512027,0.8614923,0.50702477,0.5539282,0.58662367,-0.5907929,-0.83186316,0.36084938,-0.4216532,-0.034164485,0.72502446,0.6878752,-0.20100403,8.715851,5.2773743,-0.2698008,8.448353,4.972214,-0.028457642,-0.023727417,-0.034805298,-14.338684,-28.079224,-21.359253,0,0.0,0.0,0.0,0.0
0.381835938,0.26163542,0.49614608,-0.8278803,-0.9647711,0.10988432,-0.23904376,-0.027629577,0.86125743,0.50741714,0.54330516,0.58569866,-0.60147864,-0.838848,0.34974098,-0.4171514,-0.033963267,0.73118967,0.68132824,-0.25723267,8.667999,5.268997,-0.2709536,8.446051,4.9760623,-0.009674072,-0.015777588,-0.047180176,-14.338684,-28.079224,-21.359253,0,0.0,0.0,0.0,0.0
0.390136719,0.2712935,0.49524108,-0.82530975,-0.96209216,0.11467475,-0.2474437,-0.027902085,0.8611539,0.507578,0.5329835,0.58461434,-0.6116819,-0.8454514,0.3391078,-0.4125746,-0.03377091,0.7370427,0.6750019,-0.2979126,8.672791,5.1996,-0.273626,8.445035,4.97764,0.022399902,-0.018371582,-0.0519104,-14.15863,-28.138733,-21.539307,0,0.0,0.0,0.0,0.0
0.3984375,0.27600437,0.49474,-0.8240472,-0.96074,0.11677577,-0.2516783,-0.02828658,0.8611595,0.5075472,0.52811676,0.5839482,-0.6165202,-0.8485035,0.33408487,-0.41040123,-0.033682987,0.73985934,0.67191786,-0.3529358,8.677567,5.1720886,-0.2773966,8.44509,4.977338,0.025909424,-0.013946533,-0.05419922,-13.798523,-28.079224,-21.479797,0,0.0,0.0,0.0,0.0
0.406738281,0.2759971,0.49474367,-0.8240475,-0.96072954,0.11639166,-0.25189632,-0.028711865,0.8612094,0.50743866,0.518786,0.58246046,-0.62578017,-0.8542464,0.3244774,-0.4061743,-0.033528958,0.745288,0.6658991,-0.38763428,8.687149,5.1541443,-0.28156722,8.44558,4.9762735,0.020111084,0.0068206787,-0.050689697,-13.798523,-28.079224,-21.479797,0,0.0,0.0,0.0,0.0
0.415039063,0.29262888,0.49264753,-0.81955284,-0.95577955,0.12450091,-0.26643023,-0.029221108,0.8612769,0.50729495,0.5097621,0.58086795,-0.634614,-0.8596668,0.31528535,-0.40195525,-0.033398435,0.75045824,0.66007346,-0.38763428,8.687149,5.1541443,-0.2865612,8.446241,4.974864,0.02255249,0.009262085,-0.0448761,-13.859558,-27.89917,-21.71936,0,0.0,0.0,0.0,0.0
0.423339844,0.29274026,0.4925887,-0.81954837,-0.9557326,0.12417043,-0.26675236,-0.02963553,0.8613583,0.50713277,0.50566196,0.57993126,-0.6387375,-0.8620869,0.31103685,-0.40007764,-0.033346623,0.7529514,0.6572307,-0.32901,8.6440735,5.107483,-0.29062527,8.44704,4.9732738,0.026519775,0.008956909,-0.04045105,-13.859558,-27.89917,-21.71936,0,0.0,0.0,0.0,0.0
0.431640625,0.29301718,0.49244246,-0.8195372,-0.9556388,0.12401825,-0.267159,-0.029922841,0.86146384,0.5069366,0.49767467,0.5780135,-0.64669955,-0.8667257,0.30281398,-0.3963461,-0.033263706,0.75776255,0.65168196,-0.27876282,8.568695,5.0488586,-0.29344285,8.448074,4.97135,0.031723022,0.002243042,-0.03541565,-13.859558,-27.89917,-21.71936,0,0.0,0.0,0.0,0.0
0.439941406,0.26824057,0.49527195,-0.8262886,-0.96288276,0.11106904,-0.2460095,-0.03006652,0.8616086,0.506682,0.49378926,0.5770328,-0.6505423,-0.8689465,0.2988397,-0.39449573,-0.03322909,0.7600842,0.6489745,-0.24406433,8.507675,4.975876,-0.29485184,8.449494,4.968853,0.031723022,-0.019760132,-0.02670288,-14.099121,-28.199768,-21.479797,0,0.0,0.0,0.0,0.0
0.448242188,0.26711076,0.4951873,-0.82670516,-0.9631969,0.11042985,-0.24506535,-0.030060343,0.86173934,0.5064599,0.48532805,0.57533175,-0.65836924,-0.8737029,0.29056457,-0.39014804,-0.033165753,0.7645689,0.6436881,-0.21534729,8.502899,4.968689,-0.29479128,8.450776,4.966675,0.01965332,-0.030288696,-0.026397705,-14.4592285,-27.95868,-21.418762,0,0.0,0.0,0.0,0.0
0.456542969,0.26753026,0.49496737,-0.8267012,-0.9630785,0.11054018,-0.2454803,-0.03012105,0.8618515,0.5062653,0.47711885,0.57357633,-0.6658587,-0.87821525,0.28263584,-0.38581732,-0.033100177,0.76884794,0.63857436,-0.28355408,8.543579,4.965103,-0.2953866,8.451877,4.9647665,0.006362915,-0.02281189,-0.030075073,-14.4592285,-27.95868,-21.418762,0,0.0,0.0,0.0,0.0
0.46484375,0.26776513,0.4948442,-0.82669884,-0.96300936,0.110521734,-0.24575973,-0.03024457,0.86192465,0.50613344,0.4731296,0.5726749,-0.6694714,-0.88037205,0.27881008,-0.38367963,-0.03306833,0.770914,0.63608027,-0.28355408,8.543579,4.965103,-0.29659793,8.452594,4.963474,0.006362915,-0.0063171387,-0.035110474,-14.4592285,-27.95868,-21.418762,0,0.0,0.0,0.0,0.0
0.473144531,0.25777197,0.49599242,-0.82918346,-0.9657218,0.10509682,-0.23735252,-0.030580519,0.86194324,0.5060817,0.46536934,0.57083774,-0.67644346,-0.88450086,0.2714199,-0.3794595,-0.0330096,0.7749036,0.63121694,-0.3756714,8.591431,4.997406,-0.29989246,8.452776,4.962966,-0.009811401,0.015670776,-0.03175354,-14.099121,-28.079224,-21.1792,0,0.0,0.0,0.0,0.0
0.481445313,0.2575197,0.49612045,-0.8291852,-0.9657769,0.104656965,-0.23732227,-0.030960424,0.8619231,0.5060929,0.45751655,0.56908315,-0.68324447,-0.88858986,0.26412,-0.37503165,-0.032965656,0.7787072,0.6265208,-0.4355011,8.593826,5.0069885,-0.30361804,8.452579,4.963076,-0.018676758,0.022094727,-0.023803711,-14.099121,-28.079224,-21.1792,0,0.0,0.0,0.0,0.0
0.489746094,0.24965559,0.49716005,-0.8309657,-0.967824,0.10024266,-0.23079896,-0.031445798,0.8618488,0.5061895,0.45368907,0.56819886,-0.6865248,-0.8905506,0.26058605,-0.37284654,-0.032952175,0.7805415,0.62423486,-0.4630127,8.589035,5.0309143,-0.30837795,8.45185,4.964024,-0.022644043,0.025604248,-0.021820068,-13.859558,-28.138733,-20.999146,0,0.0,0.0,0.0,0.0
0.498046875,0.26355314,0.49585995,-0.8274435,-0.96411896,0.107080676,-0.24291638,-0.03184929,0.8617753,0.5062894,0.44594812,0.566505,-0.69296634,-0.8944522,0.25356224,-0.36832237,-0.03294638,0.784078,0.6197873,-0.44865417,8.573486,5.004593,-0.31233487,8.451129,4.965003,-0.016235352,0.017974854,-9.0026855E-4,-13.739014,-28.138733,-21.238708,0,0.0,0.0,0.0,0.0
0.506347656,0.26324412,0.49601495,-0.8274489,-0.9641986,0.10682851,-0.24271116,-0.031993225,0.8617174,0.5063789,0.43899268,0.56465507,-0.698892,-0.89788604,0.24716757,-0.36429226,-0.03295603,0.78744704,0.6155006,-0.34457397,8.536392,4.997406,-0.31374633,8.450561,4.9658804,-0.012420654,-9.765625E-4,0.007797241,-13.739014,-28.138733,-21.238708,0,0.0,0.0,0.0,0.0
0.514648438,0.263025,0.49612486,-0.8274527,-0.9642585,0.106742784,-0.24251091,-0.031991087,0.8616647,0.5064686,0.43560362,0.563732,-0.701752,-0.89953494,0.24407487,-0.36230445,-0.032962605,0.78907144,0.6134165,-0.34457397,8.536392,4.997406,-0.31372538,8.450045,4.96676,-0.022491455,-0.0121154785,0.016357422,-13.739014,-28.138733,-21.238708,0,0.0,0.0,0.0,0.0
0.522949219,0.24092458,0.4985084,-0.8327333,-0.9700223,0.09555823,-0.22343966,-0.03181203,0.861602,0.5065866,0.42900276,0.56188995,-0.7072739,-0.90270126,0.23809825,-0.35838494,-0.03297222,0.7922051,0.60936356,-0.2979126,8.504089,4.97229,-0.31196946,8.4494295,4.9679174,-0.025238037,-0.016998291,0.01651001,-13.859558,-28.379822,-20.999146,0,0.0,0.0,0.0,0.0
0.53125,0.2407317,0.4986023,-0.83273286,-0.9700775,0.09567901,-0.22314797,-0.031587034,0.86153424,0.50671583,0.4218239,0.56026244,-0.71286094,-0.9060782,0.23189522,-0.3539025,-0.03296922,0.79519224,0.60546046,-0.28355408,8.5256195,4.97229,-0.30976298,8.448765,4.969185,-0.024017334,-0.014099121,0.01008606,-13.859558,-28.379822,-20.999146,0,0.0,0.0,0.0,0.0
0.539550781,0.26009163,0.4967165,-0.8280248,-0.9650736,0.10584782,-0.23964405,-0.031390537,0.8614343,0.5068981,0.41832942,0.5594459,-0.7155562,-0.9076971,0.22890325,-0.35169482,-0.0329611,0.79663265,0.6035644,-0.28474426,8.567505,5.0440674,-0.307836,8.447784,4.9709725,-0.02355957,-0.018066406,0.009643555,-14.219666,-28.259277,-21.418762,0,0.0,0.0,0.0,0.0
0.547851563,0.25101495,0.49782947,-0.830155,-0.96747917,0.10135541,-0.23175673,-0.031234622,0.86133206,0.50708133,0.41225433,0.5576355,-0.7204783,-0.91047335,0.2235761,-0.34792528,-0.032933753,0.79941005,0.5998825,-0.31704712,8.629715,5.0979156,-0.30630702,8.446782,4.9727693,-0.018981934,-0.013183594,-0.0021209717,-14.039612,-28.439331,-21.299744,0,0.0,0.0,0.0,0.0
0.556152344,0.2506038,0.49803367,-0.83015674,-0.9675871,0.101224765,-0.2313631,-0.031194195,0.86122936,0.50725824,0.40606403,0.5559259,-0.7252988,-0.9132523,0.21829227,-0.3439749,-0.03289742,0.8020566,0.59634125,-0.324234,8.685944,5.1541443,-0.30591056,8.445775,4.974504,-0.018218994,-0.008148193,-0.010070801,-14.039612,-28.439331,-21.299744,0,0.0,0.0,0.0,0.0
0.564453125,0.25015047,0.49825874,-0.83015835,-0.96770215,0.1009805,-0.23098813,-0.031262048,0.86112785,0.5074264,0.40304723,0.5550803,-0.7276254,-0.9145884,0.21573827,-0.34203073,-0.032877874,0.8033323,0.59462273,-0.28115845,8.702698,5.2055817,-0.30657595,8.444779,4.976153,-0.018218994,0.01399231,-0.016479492,-14.039612,-28.439331,-21.299744,0,0.0,0.0,0.0,0.0
0.572753906,0.24837169,0.49863064,-0.83046913,-0.9681566,0.100015365,-0.22949913,-0.03137563,0.8610252,0.5075935,0.39716405,0.5534115,-0.73211783,-0.91715986,0.21079409,-0.33820656,-0.032841276,0.8057925,0.59128666,-0.26081848,8.669189,5.227127,-0.30768985,8.443773,4.9777923,-3.5095215E-4,0.026062012,-0.018463135,-14.039612,-28.379822,-21.238708,0,0.0,0.0,0.0,0.0
0.581054688,0.24792708,0.49885097,-0.83046967,-0.9682648,0.099679664,-0.2291881,-0.031549785,0.86093646,0.50773317,0.39143124,0.55178326,-0.73642164,-0.9196223,0.20603126,-0.33443382,-0.032809105,0.8081376,0.5880793,-0.26081848,8.669189,5.227127,-0.30939773,8.4429035,4.9791617,0.017059326,0.055236816,-0.025177002,-14.039612,-28.379822,-21.238708,0,0.0,0.0,0.0,0.0
0.589355469,0.24633406,0.49914798,-0.8307651,-0.9686606,0.09860502,-0.2279773,-0.031876802,0.8608881,0.5077948,0.3886365,0.550982,-0.7384988,-0.92080724,0.20372383,-0.33258167,-0.032796707,0.8092685,0.58652276,-0.29431152,8.621338,5.2175446,-0.31260467,8.442429,4.979766,0.019348145,0.07324219,-0.024414063,-13.798523,-28.73993,-21.359253,0,0.0,0.0,0.0,0.0
0.59765625,0.24145189,0.49969426,-0.83186924,-0.96987545,0.095744394,-0.22399597,-0.032282684,0.860894,0.507759,0.3831422,0.54941565,-0.7425257,-0.9231073,0.19921851,-0.3289147,-0.032786008,0.81145203,0.5834986,-0.32063293,8.560318,5.150543,-0.316585,8.442487,4.979415,0.036605835,0.08027649,-0.017089844,-14.279175,-28.858948,-21.479797,0,0.0,0.0,0.0,0.0
0.605957031,0.24153364,0.4996541,-0.8318697,-0.96984076,0.09539564,-0.22429517,-0.032713264,0.8609561,0.50762624,0.38037866,0.548663,-0.7445005,-0.9242494,0.1969794,-0.32705075,-0.03278938,0.8125072,0.58202827,-0.32063293,8.560318,5.150543,-0.32080755,8.443095,4.9781127,0.035232544,0.075683594,-0.010223389,-14.279175,-28.858948,-21.479797,0,0.0,0.0,0.0,0.0
0.614257813,0.2419588,0.49944514,-0.8318717,-0.96972144,0.0952159,-0.22488745,-0.03311154,0.8610972,0.507361,0.37500837,0.54717416,-0.7483109,-0.9264405,0.19263656,-0.32341796,-0.032813907,0.8145499,0.5791646,-0.3900299,8.554337,5.000992,-0.3247133,8.44448,4.975512,0.04423523,0.061645508,-0.0066986084,-14.279175,-28.858948,-21.479797,0,0.0,0.0,0.0,0.0
0.622558594,0.26739946,0.49651647,-0.8258141,-0.9630034,0.107912526,-0.24693966,-0.033493932,0.8612933,0.50700283,0.36985424,0.5457007,-0.7519431,-0.92850876,0.18847921,-0.31991732,-0.03285346,0.8165086,0.5763978,-0.45942688,8.583054,5.0069885,-0.3284633,8.446403,4.971999,0.04057312,0.04637146,-0.0013580322,-14.15863,-28.49884,-21.71936,0,0.0,0.0,0.0,0.0
0.630859375,0.26798072,0.49621996,-0.82580394,-0.9628279,0.1077871,-0.24767771,-0.03389161,0.86147994,0.50665927,0.36783895,0.54487133,-0.75353146,-0.929308,0.1867479,-0.31860927,-0.032880638,0.81745976,0.5750465,-0.45942688,8.583054,5.0069885,-0.3323632,8.448233,4.9686303,0.037368774,0.042099,0.0070343018,-14.15863,-28.49884,-21.71936,0,0.0,0.0,0.0,0.0
0.639160156,0.26368904,0.49649024,-0.82702214,-0.9640018,0.105251655,-0.24417762,-0.034186367,0.8616377,0.5063712,0.36394522,0.5432326,-0.7565991,-0.9308374,0.18339501,-0.31608242,-0.032949764,0.8193074,0.572407,-0.4893341,8.556732,4.9914246,-0.33525375,8.4497795,4.965805,0.027282715,0.017196655,0.022918701,-14.15863,-28.559875,-21.659851,0,0.0,0.0,0.0,0.0
0.647460938,0.2776539,0.49469873,-0.82351774,-0.9600691,0.112291686,-0.2562378,-0.034286328,0.8617794,0.5061232,0.3600351,0.5416614,-0.7595905,-0.932354,0.18008077,-0.31350753,-0.033027273,0.8210809,0.5698555,-0.46899414,8.5256195,4.9698944,-0.33623403,8.451169,4.963373,0.033096313,-0.0107421875,0.03804016,-14.4592285,-28.439331,-21.958923,0,0.0,0.0,0.0,0.0
0.655761719,0.2783508,0.4943326,-0.82350236,-0.95987034,0.11263843,-0.25682965,-0.03420126,0.8619442,0.50584817,0.35840714,0.540835,-0.760948,-0.9329797,0.17863251,-0.31247318,-0.033066377,0.82194155,0.5686112,-0.46899414,8.5256195,4.9698944,-0.3353998,8.4527855,4.960676,0.042404175,-0.016235352,0.052856445,-14.4592285,-28.439331,-21.958923,0,0.0,0.0,0.0,0.0
0.6640625,0.27947503,0.49374098,-0.82347643,-0.9595582,0.113445416,-0.25763932,-0.033787448,0.86217743,0.5054784,0.3552728,0.5392021,-0.7635721,-0.93417513,0.17584674,-0.31047505,-0.033137117,0.8236134,0.56618273,-0.34576416,8.536392,4.9495544,-0.33134168,8.455072,4.95705,0.05142212,-0.033950806,0.061401367,-14.4592285,-28.439331,-21.958923,0,0.0,0.0,0.0,0.0
0.672363281,0.266495,0.49467236,-0.827212,-0.96326566,0.10716382,-0.2462422,-0.03316202,0.8624472,0.50505954,0.35230413,0.5375902,-0.7660801,-0.9352971,0.17321786,-0.3085693,-0.033185102,0.8252226,0.5638319,-0.27038574,8.5950165,4.9782715,-0.32520834,8.457718,4.9529424,0.045913696,-0.031661987,0.052703857,-14.518738,-28.799438,-21.899414,0,0.0,0.0,0.0,0.0
0.680664063,0.2677819,0.49400902,-0.8271928,-0.9629301,0.108231544,-0.24708615,-0.032534443,0.862694,0.5046786,0.35061133,0.53683716,-0.7673836,-0.93593264,0.17181018,-0.30742705,-0.033193953,0.8260067,0.56268203,-0.27038574,8.5950165,4.9782715,-0.31905392,8.460139,4.949207,0.037368774,-0.031661987,0.052703857,-14.518738,-28.799438,-21.899414,0,0.0,0.0,0.0,0.0
0.688964844,0.2706256,0.49323988,-0.82672626,-0.9621533,0.11005155,-0.24929835,-0.031981368,0.86290383,0.5043551,0.34737474,0.5353322,-0.76990277,-0.9371391,0.16913289,-0.3052284,-0.033182725,0.8275346,0.5604332,-0.25483704,8.690735,5.038086,-0.3136301,8.462196,4.946034,0.038589478,-0.0040283203,0.042770386,-14.518738,-28.73993,-21.899414,0,0.0,0.0,0.0,0.0
0.697265625,0.29755038,0.48955733,-0.8196325,-0.9541843,0.12411577,-0.27226362,-0.03155933,0.8630926,0.5040586,0.34437394,0.5338329,-0.77228814,-0.9382472,0.16665043,-0.3031827,-0.033146754,0.8290054,0.55825734,-0.26919556,8.711075,5.0560303,-0.3094913,8.464047,4.943126,0.028671265,0.023620605,0.03163147,-14.15863,-28.559875,-22.198486,0,0.0,0.0,0.0,0.0
0.705566406,0.29832137,0.48914737,-0.8195969,-0.95395184,0.12463619,-0.27283993,-0.0313075,0.8632501,0.50380474,0.34344512,0.5329994,-0.7732768,-0.9385885,0.16575518,-0.30261642,-0.03311972,0.829721,0.55719495,-0.26919556,8.711075,5.0560303,-0.3070217,8.465591,4.940637,0.023468018,0.036453247,0.031158447,-14.15863,-28.559875,-22.198486,0,0.0,0.0,0.0,0.0
0.713867188,0.29882076,0.48888165,-0.81957364,-0.95379734,0.12487377,-0.27327132,-0.031254083,0.86336625,0.5036089,0.34167275,0.5313581,-0.77518916,-0.9392375,0.16404526,-0.3015329,-0.03305585,0.8311123,0.5551213,-0.37088013,8.622543,4.9507446,-0.30649784,8.466731,4.9387164,0.021636963,0.056152344,0.026733398,-14.15863,-28.559875,-22.198486,0,0.0,0.0,0.0,0.0
0.722167969,0.302636,0.4881634,-0.81860125,-0.95258987,0.12665173,-0.2766441,-0.031370267,0.86351365,0.5033488,0.33998904,0.52976316,-0.77701896,-0.9398505,0.16241926,-0.30050123,-0.03299165,0.8324488,0.55311894,-0.3900299,8.5902405,4.898102,-0.30763724,8.468177,4.9361663,0.017211914,0.036895752,0.035446167,-13.978577,-28.259277,-22.019958,0,0.0,0.0,0.0,0.0
0.73046875,0.30317926,0.487873,-0.81857336,-0.95241517,0.12680188,-0.2771765,-0.0314303,0.8636558,0.5031013,0.33924708,0.52897,-0.7778831,-0.9401196,0.16167112,-0.30006263,-0.032962903,0.83309853,0.55214155,-0.3900299,8.5902405,4.898102,-0.30822596,8.46957,4.933738,0.008972168,0.028045654,0.03453064,-13.978577,-28.259277,-22.019958,0,0.0,0.0,0.0,0.0
0.738769531,0.3310438,0.48373324,-0.81019276,-0.94309783,0.14117557,-0.30105847,-0.031252556,0.8637544,0.502943,0.33782798,0.5274147,-0.779555,-0.94063234,0.16022952,-0.29922777,-0.032909393,0.8343622,0.5502333,-0.2907257,8.642868,4.955536,-0.30648288,8.470537,4.9321856,0.0033111572,0.006668091,0.035598755,-13.978577,-28.318787,-22.619629,0,0.0,0.0,0.0,0.0
0.747070313,0.3314888,0.48348603,-0.8101584,-0.9429486,0.14153558,-0.3013564,-0.03103539,0.86383384,0.5028199,0.33769268,0.52656,-0.7801911,-0.94068193,0.15984361,-0.29927817,-0.03287937,0.8349758,0.5493036,-0.2907257,8.642868,4.955536,-0.3043532,8.471316,4.930979,0.008041382,0.009719849,0.028411865,-13.978577,-28.318787,-22.619629,0,0.0,0.0,0.0,0.0
0.755371094,0.32326084,0.4845317,-0.812854,-0.9458088,0.13747728,-0.2941867,-0.030793857,0.86390334,0.50271535,0.33744812,0.5248894,-0.78142166,-0.9407721,0.15911092,-0.2993853,-0.03281145,0.83616674,0.547493,-0.24885559,8.671585,4.9507446,-0.30198458,8.471998,4.9299536,-0.008132935,0.012466431,0.021697998,-14.219666,-28.559875,-22.679138,0,0.0,0.0,0.0,0.0
0.763671875,0.3235208,0.48438802,-0.8128361,-0.94572586,0.13774234,-0.29432902,-0.030607505,0.86394167,0.5026608,0.33688918,0.5233299,-0.78270787,-0.9409751,0.15823418,-0.29921207,-0.032735486,0.83730984,0.54574776,-0.26081848,8.708679,5.0356903,-0.3001571,8.472374,4.929419,-0.007827759,0.017669678,0.013763428,-14.219666,-28.559875,-22.679138,0,0.0,0.0,0.0,0.0
0.771972656,0.31616455,0.4854407,-0.81509954,-0.9482141,0.13407673,-0.2879469,-0.030495264,0.8639275,0.50269204,0.3366232,0.5225693,-0.7833301,-0.9410716,0.1578152,-0.29912952,-0.032694492,0.83786374,0.5448994,-0.26081848,8.708679,5.0356903,-0.29905638,8.472235,4.929725,-0.013946533,0.023010254,0.012680054,-14.338684,-28.439331,-22.499084,0,0.0,0.0,0.0,0.0
0.780281739,0.31591082,0.48558053,-0.8151146,-0.9482987,0.13398455,-0.2877111,-0.030494157,0.8638632,0.5028026,0.33581766,0.5211392,-0.7846275,-0.9413623,0.15684725,-0.29872373,-0.032609962,0.83893555,0.5432529,-0.31585693,8.707489,5.0979156,-0.29904553,8.471604,4.9308095,-0.009674072,0.011703491,0.0140686035,-14.338684,-28.439331,-22.499084,0,0.0,0.0,0.0,0.0
0.78858252,0.32225356,0.484807,-0.81308967,-0.94616205,0.13727944,-0.29314116,-0.030496396,0.8637804,0.50294477,0.33503368,0.5197682,-0.78587115,-0.94164443,0.15591578,-0.29832187,-0.0325285,0.83995914,0.54167384,-0.31944275,8.592621,5.127823,-0.2990675,8.470792,4.9322033,-5.0354004E-4,8.69751E-4,0.022003174,-14.039612,-28.199768,-22.37854,0,0.0,0.0,0.0,0.0
0.796883301,0.3220364,0.4849268,-0.81310433,-0.9462392,0.1372886,-0.29288802,-0.030399298,0.8637117,0.5030686,0.33477944,0.51908374,-0.78643167,-0.9417363,0.15553519,-0.2982308,-0.032488946,0.8404528,0.54090995,-0.31944275,8.592621,5.127823,-0.29811528,8.4701185,4.933418,0.00819397,-0.005859375,0.02078247,-14.039612,-28.199768,-22.37854,0,0.0,0.0,0.0,0.0
0.805184082,0.3250906,0.48441333,-0.8121945,-0.9452021,0.13905546,-0.29539227,-0.03015189,0.86371714,0.5030741,0.3342775,0.5177586,-0.787518,-0.9419173,0.15479793,-0.29804248,-0.032407913,0.84140575,0.5394313,-0.24765015,8.549561,5.070389,-0.29568905,8.470172,4.9334717,0.027130127,-0.0079956055,0.025054932,-13.739014,-27.89917,-22.138977,0,0.0,0.0,0.0,0.0
0.813484864,0.3257041,0.4840759,-0.8121499,-0.9450018,0.1395931,-0.29577953,-0.02980922,0.86381966,0.5029186,0.33391622,0.5164612,-0.7885225,-0.9420485,0.15416558,-0.29795563,-0.032319482,0.8423187,0.5380099,-0.21176147,8.610565,5.0512543,-0.2923286,8.471177,4.9319468,0.035690308,-0.009521484,0.033920288,-13.739014,-27.89917,-22.138977,0,0.0,0.0,0.0,0.0
0.821785645,0.3294243,0.48322666,-0.8111545,-0.9437232,0.14173782,-0.29882574,-0.029429307,0.8639458,0.5027241,0.33375338,0.5158241,-0.7890084,-0.9421079,0.1538706,-0.29792023,-0.03226925,0.84276295,0.5373168,-0.21176147,8.610565,5.0512543,-0.28860292,8.472414,4.9300394,0.03126526,-0.009521484,0.02947998,-13.439941,-27.598572,-21.899414,0,0.0,0.0,0.0,0.0
0.830086426,0.3302894,0.48275098,-0.81108594,-0.9434309,0.14235131,-0.29945654,-0.029103788,0.8641109,0.50245935,0.3335848,0.514551,-0.78991044,-0.9421715,0.15338911,-0.29796743,-0.032155793,0.8436285,0.5359636,-0.22970581,8.646469,4.9902344,-0.28541067,8.474033,4.927443,0.031417847,0.0023956299,0.019866943,-13.439941,-27.598572,-21.899414,0,0.0,0.0,0.0,0.0
0.838387207,0.31750712,0.48435444,-0.81522393,-0.9478138,0.13585328,-0.2884318,-0.028952377,0.8642596,0.50221217,0.33345744,0.5133077,-0.79077256,-0.9422208,0.15295285,-0.29803592,-0.03203322,0.84446466,0.5346525,-0.28234863,8.660828,4.9627075,-0.28392583,8.475492,4.9250193,0.00819397,0.010177612,0.0045928955,-13.439941,-27.23999,-21.418762,0,0.0,0.0,0.0,0.0
0.846687989,0.3179201,0.48412925,-0.8151967,-0.9476763,0.13603185,-0.28879943,-0.028923534,0.8643577,0.5020451,0.33314097,0.51274,-0.7912742,-0.9423349,0.15260349,-0.2978543,-0.031970616,0.8448727,0.53401124,-0.28234863,8.660828,4.9627075,-0.28364298,8.476454,4.9233804,0.006210327,0.015823364,-0.0019683838,-13.439941,-27.23999,-21.418762,0,0.0,0.0,0.0,0.0
0.85498877,0.3193807,0.48382613,-0.8148057,-0.947182,0.13665508,-0.29012358,-0.029022008,0.8644291,0.5019163,0.3325427,0.511628,-0.79224503,-0.94255036,0.15193385,-0.29751477,-0.031848043,0.8456671,0.5327596,-0.31225586,8.647659,4.9459686,-0.2846087,8.477154,4.9221177,-0.0011138916,0.014755249,-9.0026855E-4,-13.619995,-26.879883,-21.299744,0,0.0,0.0,0.0,0.0
0.863289551,0.3194588,0.4837826,-0.8148008,-0.947153,0.13660827,-0.29023984,-0.029104479,0.8644608,0.5018569,0.3320252,0.5105457,-0.79315966,-0.9427365,0.15131785,-0.2972385,-0.03173462,0.8464313,0.5315514,-0.29193115,8.5950165,4.922043,-0.28541744,8.477465,4.9215355,-0.0134887695,0.0043792725,0.002609253,-13.619995,-26.879883,-21.299744,0,0.0,0.0,0.0,0.0
0.871590332,0.2989999,0.48663026,-0.8208472,-0.9538085,0.12615055,-0.27264512,-0.029127054,0.8644518,0.50187105,0.33177558,0.51001936,-0.7936027,-0.9428262,0.1510184,-0.29710636,-0.031681392,0.84680206,0.53096384,-0.29193115,8.5950165,4.922043,-0.28563884,8.477377,4.921674,-0.017608643,0.0027008057,0.011001587,-13.439941,-26.759338,-20.759583,0,0.0,0.0,0.0,0.0
0.879891114,0.29883862,0.48671693,-0.82085454,-0.95386136,0.12615685,-0.27245745,-0.029053235,0.8644022,0.501961,0.33048734,0.5091258,-0.79471314,-0.943282,0.1500036,-0.29617232,-0.031579133,0.8475198,0.5298235,-0.27397156,8.561523,4.91127,-0.2849149,8.47689,4.922556,-0.03868103,-0.013336182,0.0099487305,-13.439941,-26.759338,-20.759583,0,0.0,0.0,0.0,0.0
0.888191895,0.29708275,0.4871295,-0.8212469,-0.9544178,0.12557003,-0.2707739,-0.028777948,0.86425513,0.50222987,0.32924291,0.5082684,-0.7957778,-0.9437204,0.14903146,-0.29526493,-0.031477913,0.8482057,0.5287308,-0.17347717,8.678772,5.0608215,-0.28221527,8.475448,4.925193,-0.041885376,-0.024032593,0.012237549,-13.378906,-26.939392,-20.819092,0,0.0,0.0,0.0,0.0
0.896492676,0.29653388,0.4874216,-0.82127213,-0.9545982,0.12565029,-0.27010056,-0.028459745,0.8640788,0.5025513,0.32860446,0.50786036,-0.7963021,-0.9439448,0.14854856,-0.29479083,-0.03142305,0.8485347,0.5282059,-0.17347717,8.678772,5.0608215,-0.27909476,8.473719,4.928345,-0.045547485,-0.024032593,0.012237549,-13.378906,-26.939392,-20.819092,0,0.0,0.0,0.0,0.0
0.904793457,0.3143425,0.48525748,-0.815913,-0.9488955,0.13522594,-0.28515145,-0.02803925,0.86385137,0.5029658,0.327344,0.50707805,-0.79731905,-0.9443866,0.14761662,-0.29384235,-0.03130345,0.84916496,0.52719915,-0.107681274,8.720642,5.1589203,-0.27497113,8.471488,4.93241,-0.05027771,-0.004333496,0.0035247803,-13.739014,-27.719116,-21.77887,0,0.0,0.0,0.0,0.0
0.913094239,0.31349882,0.48571622,-0.8159647,-0.94918346,0.13518822,-0.28420934,-0.027736276,0.86359936,0.5034151,0.326833,0.50622594,-0.79806983,-0.9445679,0.14711827,-0.29350924,-0.031171322,0.8497597,0.52624786,-0.119644165,8.7469635,5.2211456,-0.27199996,8.469017,4.9368157,-0.03303528,0.022857666,-0.010375977,-13.739014,-27.719116,-21.77887,0,0.0,0.0,0.0,0.0
