Time,Rot1,Rot2,Rot3,Rot4,Rot5,Rot6,Rot7,Rot8,Rot9,FRot1,FRot2,FRot3,FRot4,FRot5,FRot6,FRot7,FRot8,FRot9,AccX,AccY,AccZ,GravX,GravY,GravZ,GyroX,GyroY,GyroZ,MagX,MagY,MagZ,Imid
0.0,0.0,0.0,0.0,0.0,0.0,0.0,0.0,0.0,0.0,1.0,0.0,0.0,0.0,1.0,0.0,0.0,0.0,1.0,10.00679,0.112457275,-0.15672302,9.804831,0.10354894,-0.1579827,0.013458252,-0.004135132,0.0036010742,0.0,0.0,0.0,0,0.0,0.0,0.0,0.0
0.008300781,-0.01924086,0.47772348,-0.8782995,-0.0015578866,0.8784467,0.47783768,0.9998137,0.010562299,-0.01615783,1.0,0.0,0.0,0.0,1.0,0.0,0.0,0.0,1.0,9.998413,0.124420166,-0.17826843,9.804823,0.10358077,-0.1584542,0.01789856,-0.0047454834,0.0014648438,-24.539185,41.038513,22.859192,0,0.0,0.0,0.0,0.0
0.016601563,-0.019232363,0.47789,-0.8782092,-0.0015519056,0.8783563,0.47800407,0.99981385,0.010556044,-0.016151225,0.9978313,0.01972314,-0.06279805,-0.019710472,0.9998054,8.21286E-4,0.06280203,4.1827443E-4,0.99802595,10.030716,0.13519287,-0.13160706,9.804825,0.10351943,-0.15838942,0.016830444,-0.00491333,0.005432129,-24.839783,41.33911,23.039246,0,0.0,0.0,0.0,0.0
0.024902344,-0.019215923,0.47789773,-0.8782053,-0.0015435424,0.8783523,0.4780115,0.99981415,0.010540978,-0.016140692,0.9952194,0.029291356,-0.093168184,-0.029221745,0.9995707,0.002111598,0.093190044,6.210335E-4,0.99564815,10.030716,0.13519287,-0.13160706,9.804828,0.10337169,-0.15828612,0.018661499,-0.0021514893,0.004211426,-24.839783,41.33911,23.039246,0,0.0,0.0,0.0,0.0
0.033203125,-0.019186672,0.4779115,-0.8781984,-0.0015256801,0.8783451,0.47802463,0.99981475,0.010511551,-0.016123377,0.98725903,0.047849417,-0.1517564,-0.047448132,0.99885404,0.006266529,0.15188235,0.0010138706,0.988398,10.013962,0.10887146,-0.13877869,9.804833,0.103083104,-0.15811633,0.012542725,-0.0013885498,0.0034484863,-24.839783,41.33911,23.039246,0,0.0,0.0,0.0,0.0
0.041503906,-0.019139063,0.46599904,-0.8845782,-0.0017757099,0.884723,0.46611375,0.9998152,0.010491734,-0.01610529,0.97605175,0.06565771,-0.20739336,-0.06451336,0.99784124,0.012283834,0.20775218,0.0013899857,0.97818047,10.02713,0.12921143,-0.17706299,9.804838,0.10288877,-0.15793894,0.015457153,-0.0053710938,-0.0015869141,-24.839783,41.459656,22.37854,0,0.0,0.0,0.0,0.0
0.049804688,-0.019193152,0.46597326,-0.88459057,-0.0017704782,0.88473636,0.46608847,0.9998143,0.0105118565,-0.016155886,0.9693929,0.07401894,-0.23409098,-0.072320744,0.99725556,0.015842503,0.23462118,0.0015720241,0.9720856,10.02713,0.12921143,-0.17706299,9.804829,0.1030861,-0.15843512,0.01789856,-0.0018463135,0.0017700195,-24.839783,41.459656,22.37854,0,0.0,0.0,0.0,0.0
0.058105469,-0.019242786,0.46804687,-0.883494,-0.0017201421,0.8836409,0.46816212,0.9998134,0.010528481,-0.016198607,0.9542019,0.09022654,-0.28523305,-0.08700065,0.9959194,0.023988016,0.28623348,0.0019260483,0.95815796,10.010376,0.12562561,-0.18066406,9.80482,0.103249125,-0.15885407,0.013458252,0.0028839111,0.0029907227,-25.2594,40.979004,22.259521,0,0.0,0.0,0.0,0.0
0.06640625,-0.019208204,0.46959403,-0.88267344,-0.0016742321,0.8828199,0.46970838,0.99981403,0.010500055,-0.016171176,0.93683046,0.105862215,-0.33337942,-0.100499354,0.9943782,0.033344034,0.33503512,0.0022667113,0.94220287,10.005585,0.10887146,-0.14356995,9.804827,0.10297036,-0.15858507,0.020339966,-6.2561035E-4,0.0057373047,-25.559998,40.67993,22.198486,0,0.0,0.0,0.0,0.0
0.074707031,-0.019180832,0.46960762,-0.8826668,-0.0016550329,0.8828131,0.4697214,0.9998146,0.01047049,-0.016155874,0.9274407,0.113471925,-0.35633942,-0.1068,0.9935382,0.03841288,0.3583956,0.0024313815,0.9335666,10.005585,0.10887146,-0.14356995,9.804832,0.10268044,-0.158435,0.025222778,-0.0058288574,-0.001739502,-25.559998,40.67993,22.198486,0,0.0,0.0,0.0,0.0
0.083007813,-0.019218378,0.46958905,-0.882676,-0.0016647181,0.8828227,0.46970338,0.99981385,0.010496342,-0.016184684,0.9074695,0.12821902,-0.4000738,-0.11844128,0.99174213,0.049186792,0.40307668,0.0027497364,0.9151621,10.010376,0.14715576,-0.15074158,9.804825,0.10293395,-0.15871754,0.022781372,-0.0099487305,-0.0069274902,-25.559998,40.67993,22.198486,0,0.0,0.0,0.0,0.0
0.091308594,-0.019271657,0.46505412,-0.8850724,-0.0018220516,0.885219,0.46517083,0.9998126,0.0105772605,-0.016212285,0.88616407,0.1423547,-0.44096303,-0.12882265,0.989811,0.06065414,0.44510448,0.003056508,0.8954735,10.017548,0.12802124,-0.16390991,9.804812,0.1037275,-0.15898821,0.013626099,0.003036499,5.493164E-4,-25.559998,40.618896,21.899414,0,0.0,0.0,0.0,0.0
0.099609375,-0.01928591,0.46504697,-0.8850758,-0.0018450073,0.8852224,0.46516418,0.9998123,0.010604088,-0.016214307,0.87511283,0.1490995,-0.46037695,-0.1334631,0.98881704,0.06654731,0.4651507,0.003206926,0.8852257,10.017548,0.12802124,-0.16390991,9.80481,0.103990585,-0.15900804,0.017288208,0.0037994385,0.006958008,-25.559998,40.618896,21.899414,0,0.0,0.0,0.0,0.0
0.107910156,-0.019270312,0.46565858,-0.88475466,-0.0018525659,0.8849008,0.46577588,0.9998126,0.010614712,-0.016189652,0.85234785,0.16216667,-0.49719736,-0.14186278,0.98675716,0.07864623,0.5033668,0.003499859,0.8640657,10.016357,0.13639832,-0.16630554,9.804812,0.104094766,-0.15876625,0.0099487305,9.0026855E-4,0.005432129,-25.79956,40.19928,21.71936,0,0.0,0.0,0.0,0.0
0.116210938,-0.019273141,0.46946308,-0.8827417,-0.0017896108,0.8828881,0.46958002,0.9998127,0.010630047,-0.016175872,0.828887,0.17471662,-0.5314324,-0.14915453,0.9846115,0.09106661,0.53916526,0.0037816127,0.84219146,10.012772,0.1483612,-0.16270447,9.804813,0.104245156,-0.15863112,0.01927185,-0.0039978027,0.0043640137,-25.498962,40.019226,21.839905,0,0.0,0.0,0.0,0.0
0.124511719,-0.019292908,0.4694532,-0.8827466,-0.0017949739,0.88289326,0.4695704,0.9998123,0.0106438855,-0.016190922,0.81694925,0.18087855,-0.54761016,-0.15246409,0.9834976,0.09740177,0.55619115,0.003918584,0.83104515,10.012772,0.1483612,-0.16270447,9.80481,0.10438086,-0.15877871,0.012542725,-7.7819824E-4,0.003753662,-25.498962,40.019226,21.839905,0,0.0,0.0,0.0,0.0
0.1328125,-0.019265302,0.46946707,-0.8827398,-0.0017863992,0.88288605,0.46958384,0.9998128,0.010623599,-0.016170409,0.7928005,0.19281428,-0.5781782,-0.15829816,0.9812264,0.11016598,0.58856523,0.004184912,0.80843884,10.040283,0.11605835,-0.1375885,9.804814,0.10418192,-0.15857755,0.018508911,-7.7819824E-4,0.0010070801,-25.498962,40.019226,21.839905,0,0.0,0.0,0.0,0.0
0.141113281,-0.01927959,0.46825853,-0.8833812,-0.001833343,0.88352734,0.468376,0.9998124,0.010649637,-0.016175564,0.76842695,0.20425113,-0.6064664,-0.16314033,0.9789085,0.1229775,0.61879337,0.0044398885,0.78554124,10.022339,0.14117432,-0.1651001,9.804811,0.10443727,-0.1586281,0.014694214,-0.0029144287,0.0031433105,-25.91858,40.019226,21.77887,0,0.0,0.0,0.0,0.0
0.149414063,-0.019309424,0.4682432,-0.8833886,-0.0018438422,0.8835351,0.4683612,0.9998118,0.010672615,-0.01619719,0.7562069,0.20976187,-0.61979914,-0.1651899,0.97774184,0.12935674,0.63313764,0.004564086,0.77402574,10.022339,0.14117432,-0.1651001,9.804806,0.10466261,-0.15884018,0.007965088,-0.008270264,0.0057373047,-25.91858,40.019226,21.77887,0,0.0,0.0,0.0,0.0
0.157714844,-0.019328402,0.46306288,-0.88611466,-0.0019260882,0.88626134,0.46318156,0.99981135,0.010659294,-0.016238116,0.73177344,0.22043514,-0.6449154,-0.16863231,0.9753898,0.1420489,0.6603565,0.0048059886,0.7509368,10.016357,0.12562561,-0.15911865,9.8048,0.10453197,-0.15924153,0.010116577,-6.2561035E-4,0.003753662,-25.979614,40.019226,21.479797,0,0.0,0.0,0.0,0.0
0.166015625,-0.019335583,0.46305925,-0.8861165,-0.001911229,0.8862635,0.46317774,0.99981123,0.010649382,-0.016251408,0.719609,0.22548872,-0.6567478,-0.16995744,0.9742333,0.14826956,0.6732587,0.004923057,0.7393906,10.016357,0.12562561,-0.15911865,9.804799,0.104434766,-0.15937187,0.012542725,0.0039520264,0.0028381348,-25.979614,40.019226,21.479797,0,0.0,0.0,0.0,0.0
0.174316406,-0.019332957,0.4692759,-0.88284,-0.0017922013,0.88298726,0.4693934,0.9998114,0.010656989,-0.016229717,0.6954107,0.2352771,-0.6790056,-0.17203909,0.9719147,0.16057517,0.6977152,0.005149824,0.71635675,10.036697,0.1375885,-0.1531372,9.804801,0.10450936,-0.15915915,0.011627197,-3.2043457E-4,0.005126953,-25.91858,40.019226,21.839905,0,0.0,0.0,0.0,0.0
0.182617188,-0.01932198,0.46928146,-0.8828372,-0.001799019,0.8829843,0.46939903,0.9998117,0.0106579615,-0.01621676,0.6714141,0.24492523,-0.6994389,-0.17360383,0.96952707,0.17285512,0.7204616,0.0053679114,0.69347405,10.025925,0.13639832,-0.15194702,9.804804,0.1045189,-0.15903209,0.009033203,-4.7302246E-4,0.002380371,-25.91858,40.019226,21.839905,0,0.0,0.0,0.0,0.0
0.190917969,-0.019321285,0.47217062,-0.8812953,-0.0017518457,0.88144255,0.47228792,0.9998118,0.010669105,-0.016203435,0.65953475,0.24959654,-0.7090243,-0.17413417,0.9683345,0.17890133,0.7312258,0.005473714,0.6821135,10.025925,0.13639832,-0.15194702,9.804805,0.10462818,-0.15890142,0.021560669,9.0026855E-4,0.002380371,-25.979614,40.25879,22.138977,0,0.0,0.0,0.0,0.0
0.19921875,-0.01932963,0.47216645,-0.8812975,-0.001761971,0.88144475,0.47228396,0.9998116,0.010681894,-0.016206056,0.63603437,0.2587693,-0.7269792,-0.17481202,0.9659224,0.19087842,0.75159895,0.005679455,0.65959585,10.013962,0.13877869,-0.16749573,9.804802,0.10475359,-0.15892711,0.0137786865,0.0037994385,0.0043640137,-25.979614,40.25879,22.138977,0,0.0,0.0,0.0,0.0
0.207519531,-0.019263662,0.46777123,-0.88363963,-0.0018779268,0.8837852,0.46788925,0.9998127,0.01067267,-0.016146498,0.6129568,0.26755673,-0.74343616,-0.17490943,0.9635242,0.2025533,0.77051324,0.005877555,0.63739693,10.016357,0.119644165,-0.1268158,9.804813,0.10466314,-0.15834306,0.019882202,-9.3078613E-4,0.0031433105,-25.79956,40.078735,21.77887,0,0.0,0.0,0.0,0.0
0.215820313,-0.019215807,0.46779552,-0.8836278,-0.0018968093,0.8837723,0.46791327,0.99981356,0.010667406,-0.016095081,0.60161066,0.27171525,-0.75115603,-0.1746986,0.96235913,0.20819521,0.7794517,0.005973459,0.62643385,10.016357,0.119644165,-0.1268158,9.804822,0.10461152,-0.15783884,0.016830444,-1.6784668E-4,0.0045166016,-25.79956,40.078735,21.77887,0,0.0,0.0,0.0,0.0
0.224121094,-0.019221496,0.47700593,-0.8786898,-0.0017181858,0.8788351,0.4771224,0.99981374,0.010680759,-0.016072942,0.5792931,0.27977094,-0.7656028,-0.17392309,0.96004707,0.21922699,0.7963481,0.0061593424,0.60480726,10.0247345,0.13279724,-0.16151428,9.804824,0.104742475,-0.15762171,0.01637268,0.009750366,-0.0015869141,-25.91858,39.959717,22.259521,0,0.0,0.0,0.0,0.0
0.232421875,-0.019190926,0.47702143,-0.87868214,-0.00179125,0.8788262,0.47713876,0.9998143,0.010730674,-0.016011024,0.5574299,0.2878855,-0.778713,-0.17294824,0.95764387,0.23023279,0.81201035,0.0063383933,0.5836086,10.022339,0.1375885,-0.14715576,9.804829,0.10523196,-0.1570145,0.020339966,0.0050201416,-0.0014343262,-25.91858,39.959717,22.259521,0,0.0,0.0,0.0,0.0
0.240722656,-0.01917306,0.48094046,-0.8765437,-0.0017781542,0.8766871,0.48105803,0.9998146,0.010781981,-0.015953584,0.5467062,0.29181442,-0.7848291,-0.17230576,0.9564534,0.23560065,0.81940407,0.0064262403,0.5731803,10.022339,0.1375885,-0.14715576,9.804832,0.105735116,-0.15645121,0.014541626,0.0062408447,0.0032958984,-25.979614,40.078735,22.558594,0,0.0,0.0,0.0,0.0
0.249023438,-0.01913592,0.48095918,-0.87653416,-0.00184133,0.8766763,0.48107734,0.9998152,0.010819846,-0.0158904,0.52565795,0.29959255,-0.7961959,-0.17083311,0.95404446,0.24620172,0.8333665,0.00659873,0.5526814,10.018753,0.14237976,-0.13877869,9.804838,0.106106445,-0.1558316,0.018051147,9.0026855E-4,-3.6621094E-4,-25.979614,40.078735,22.558594,0,0.0,0.0,0.0,0.0
0.257324219,-0.019081093,0.47997674,-0.87707365,-0.0019010562,0.8772143,0.48009512,0.9998161,0.010828105,-0.015825745,0.50519747,0.3070448,-0.8065351,-0.16901238,0.951671,0.2564315,0.8462921,0.0067658885,0.53267616,9.996017,0.12802124,-0.13639832,9.804847,0.10618744,-0.15519755,0.016983032,0.007461548,0.004058838,-26.278687,39.959717,22.439575,0,0.0,0.0,0.0,0.0
0.265625,-0.019013664,0.48001128,-0.8770563,-0.0019320757,0.87719566,0.4801294,0.9998174,0.010823558,-0.015751284,0.4951956,0.31063154,-0.81135035,-0.1679735,0.95050573,0.26138806,0.85238856,0.006847134,0.52286416,9.996017,0.12802124,-0.13639832,9.804859,0.10614285,-0.15446733,0.021255493,0.003189087,0.0046691895,-26.278687,39.959717,22.439575,0,0.0,0.0,0.0,0.0
0.273925781,-0.018989705,0.4843764,-0.8746535,-0.0018382953,0.8747929,0.48449346,0.99981797,0.01080826,-0.015721632,0.47564596,0.31757995,-0.8203072,-0.16568859,0.9482056,0.2710229,0.8638913,0.007004603,0.5036295,10.02713,0.12083435,-0.14715576,9.804865,0.10599283,-0.15417655,0.013931274,-0.0056762695,0.005584717,-25.91858,39.718628,22.558594,0,0.0,0.0,0.0,0.0
0.282226563,-0.018963214,0.48438987,-0.8746468,-0.0018384638,0.8747857,0.48450667,0.9998185,0.010795808,-0.015698213,0.45667127,0.3244239,-0.82837224,-0.16324666,0.94588476,0.2804507,0.8745296,0.00715523,0.4849195,10.017548,0.124420166,-0.11605835,9.80487,0.10587071,-0.15394688,0.020492554,-0.008575439,0.0013122559,-25.91858,39.718628,22.558594,0,0.0,0.0,0.0,0.0
0.290527344,-0.018973015,0.48907056,-0.8720379,-0.0017256476,0.87217754,0.48918644,0.99981844,0.010786171,-0.015703874,0.44741276,0.32773775,-0.83211166,-0.16194005,0.9447411,0.28502575,0.8795438,0.0072280425,0.47576308,10.017548,0.124420166,-0.11605835,9.804871,0.10577621,-0.15400241,0.02079773,-0.009490967,0.0036010742,-25.619507,39.65912,22.799683,0,0.0,0.0,0.0,0.0
0.298828125,-0.019037277,0.4890386,-0.87205446,-0.0016951305,0.8721955,0.4891547,0.9998174,0.010790417,-0.01577524,0.42931792,0.33435637,-0.8389827,-0.15926711,0.94241786,0.29407904,0.8889995,0.0073689464,0.45784885,10.021133,0.12921143,-0.1531372,9.804859,0.10581785,-0.15470226,0.01789856,-0.010406494,0.0013122559,-25.619507,39.65912,22.799683,0,0.0,0.0,0.0,0.0
0.307128906,-0.019129694,0.48735693,-0.8729933,-0.0016861409,0.8731361,0.4874736,0.9998156,0.010797211,-0.015881075,0.41182783,0.34069604,-0.845177,-0.1564071,0.9401436,0.30276546,0.89773864,0.007504438,0.44046456,10.025925,0.13160706,-0.15194702,9.804842,0.10588447,-0.15574014,0.018814087,-0.0058288574,0.0059051514,-25.79956,39.718628,22.738647,0,0.0,0.0,0.0,0.0
0.315429688,-0.019163134,0.48734015,-0.8730018,-0.0016633132,0.8731454,0.48745683,0.999815,0.010793277,-0.015921606,0.40331274,0.34372932,-0.8480501,-0.15490076,0.9390382,0.30694124,0.9018562,0.007570294,0.43197,10.025925,0.13160706,-0.15194702,9.804835,0.10584588,-0.1561376,0.016677856,-0.007659912,0.0032958984,-25.79956,39.718628,22.738647,0,0.0,0.0,0.0,0.0
0.323730469,-0.019216193,0.48233044,-0.87577856,-0.001789961,0.87592226,0.48244888,0.99981374,0.01083844,-0.015968539,0.3867271,0.3496042,-0.8533575,-0.15178649,0.93686587,0.3150289,0.90961695,0.007697926,0.4153766,10.015152,0.16630554,-0.14955139,9.804824,0.10628879,-0.15659787,0.018661499,-0.006286621,0.0045166016,-25.738525,39.718628,22.439575,0,0.0,0.0,0.0,0.0
0.33203125,-0.019278657,0.482299,-0.8757946,-0.0017669988,0.8759396,0.48241773,0.9998126,0.010847893,-0.016034715,0.37075925,0.35502142,-0.8581943,-0.14847566,0.9348254,0.32257771,0.91678387,0.007822292,0.39930722,10.001999,0.13998413,-0.15792847,9.804812,0.10638149,-0.15724684,0.0099487305,-0.007507324,0.004058838,-25.738525,39.718628,22.439575,0,0.0,0.0,0.0,0.0
0.340332031,-0.019325573,0.47797903,-0.87815857,-0.0018396885,0.87830406,0.47809872,0.99981153,0.010855071,-0.0160944,0.3629897,0.3576441,-0.8604238,-0.14678833,0.93382466,0.3262279,0.92015857,0.007882805,0.39146674,10.001999,0.13998413,-0.15792847,9.804802,0.106451884,-0.15783215,0.015914917,-0.00491333,0.0028381348,-25.85907,39.959717,22.31903,0,0.0,0.0,0.0,0.0
0.348632813,-0.019379271,0.47795188,-0.87817216,-0.0018069847,0.8783189,0.47807163,0.9998106,0.010851525,-0.01615753,0.3478999,0.3625434,-0.864597,-0.14329517,0.93193257,0.33311895,0.9265161,0.008000508,0.37616998,10.015152,0.122039795,-0.18304443,9.804792,0.10641711,-0.15845124,0.010864258,0.004257202,0.0026855469,-25.85907,39.959717,22.31903,0,0.0,0.0,0.0,0.0
0.356933594,-0.019390048,0.47181967,-0.88148177,-0.0019579227,0.8816279,0.47194096,0.99981004,0.010876833,-0.016171025,0.33335987,0.36723804,-0.868336,-0.13975744,0.9300917,0.33970198,0.93238354,0.008113409,0.36137944,10.019943,0.1375885,-0.16151428,9.804788,0.106665306,-0.15858358,0.01576233,0.0039520264,0.0036010742,-25.79956,40.078735,22.019958,0,0.0,0.0,0.0,0.0
0.365234375,-0.019362297,0.4718338,-0.881475,-0.0019783317,0.88162047,0.47195512,0.9998106,0.010881982,-0.016136749,0.32631126,0.3693823,-0.87010205,-0.13793238,0.9292416,0.34276035,0.93514466,0.008168679,0.35417178,10.019943,0.1375885,-0.16151428,9.804792,0.10671579,-0.15824746,0.020950317,0.0051727295,0.004211426,-25.79956,40.078735,22.019958,0,0.0,0.0,0.0,0.0
0.373535156,-0.019317983,0.47138217,-0.88171744,-0.0019894163,0.8818621,0.4715031,0.9998114,0.010862594,-0.016098024,0.31260934,0.37353802,-0.8733526,-0.1342786,0.927578,0.34866664,0.9403428,0.008276127,0.34012768,10.019943,0.12562561,-0.16749573,9.804801,0.10652565,-0.15786768,0.015914917,0.0076141357,0.00390625,-25.738525,40.019226,21.958923,0,0.0,0.0,0.0,0.0
0.381835938,-0.01925069,0.47141626,-0.8817007,-0.0019931886,0.8818443,0.47153658,0.9998127,0.0108348,-0.01603649,0.29942504,0.37750334,-0.8762624,-0.13062279,0.9259703,0.3542833,0.94513613,0.008378553,0.32656923,10.0247345,0.11843872,-0.16151428,9.804813,0.106253095,-0.15726425,0.01789856,0.012802124,-5.187988E-4,-25.738525,40.019226,21.958923,0,0.0,0.0,0.0,0.0
0.390136719,-0.019181607,0.47186586,-0.8814617,-0.002015552,0.88160384,0.47198585,0.999814,0.010830077,-0.015959507,0.29302207,0.37942493,-0.877596,-0.1288005,0.92518413,0.35699403,0.9473903,0.008427679,0.3199695,10.0247345,0.11843872,-0.16151428,9.804826,0.10620678,-0.15650931,0.008728027,0.009902954,7.019043E-4,-25.498962,40.319824,22.138977,0,0.0,0.0,0.0,0.0
0.3984375,-0.01908228,0.47191533,-0.88143736,-0.0020863172,0.88157713,0.47203535,0.9998157,0.010846469,-0.015837938,0.28058285,0.3831676,-0.88003176,-0.1251796,0.92363954,0.36224318,0.9516319,0.008522813,0.30712217,10.017548,0.13040161,-0.1268158,9.804843,0.10636752,-0.15531711,0.015609741,0.006088257,0.0036010742,-25.498962,40.319824,22.138977,0,0.0,0.0,0.0,0.0
0.406738281,-0.018959822,0.46937075,-0.88279766,-0.0021563908,0.88293517,0.46949017,0.99981797,0.010805106,-0.015728146,0.26862356,0.38675815,-0.8821902,-0.121591136,0.9221409,0.36724883,0.9555402,0.008614831,0.29473513,10.035492,0.12921143,-0.14715576,9.804865,0.1059619,-0.15424043,0.015609741,0.008529663,0.0059051514,-25.2594,40.618896,22.138977,0,0.0,0.0,0.0,0.0
0.415039063,-0.018900257,0.46940005,-0.8827834,-0.0021805079,0.88291967,0.4695192,0.999819,0.010798948,-0.015663877,0.26282686,0.38844448,-0.88319474,-0.11979538,0.9214314,0.3696122,0.9573772,0.008658636,0.2887108,10.035492,0.12921143,-0.14715576,9.804874,0.105901495,-0.15361015,0.01210022,-0.002609253,0.006210327,-25.2594,40.618896,22.138977,0,0.0,0.0,0.0,0.0
0.423339844,-0.01886855,0.47419816,-0.88021594,-0.0020723874,0.8803522,0.474316,0.9998198,0.010773804,-0.015628248,0.25157303,0.39171422,-0.8850259,-0.116239555,0.9200454,0.37417218,0.96083266,0.008743393,0.2769913,10.010376,0.12921143,-0.1375885,9.804884,0.10565493,-0.15326078,0.019424438,-0.0029144287,0.0032958984,-25.079346,41.09955,22.679138,0,0.0,0.0,0.0,0.0
0.431640625,-0.018895883,0.474185,-0.8802224,-0.0020449315,0.8803594,0.4743027,0.9998194,0.010762364,-0.015665494,0.24073371,0.39504772,-0.8865577,-0.11278634,0.9186182,0.3787081,0.96401584,0.008823799,0.26569837,10.011566,0.13279724,-0.16390991,9.804879,0.105542734,-0.15362602,0.011795044,-0.0047454834,-0.0020446777,-25.079346,41.09955,22.679138,0,0.0,0.0,0.0,0.0
0.439941406,-0.018948525,0.4760495,-0.87921435,-0.002006025,0.87935233,0.47616747,0.99981844,0.010786396,-0.015707461,0.23547368,0.3966625,-0.8872491,-0.11107755,0.9179217,0.3808956,0.9655123,0.00886257,0.2602067,10.011566,0.13279724,-0.16390991,9.80487,0.10577842,-0.15403758,0.01789856,-0.0053710938,-0.001739502,-24.659729,41.459656,22.979736,0,0.0,0.0,0.0,0.0
0.448242188,-0.018981112,0.47603425,-0.87922186,-0.0020502848,0.8793599,0.47615325,0.9998177,0.010840574,-0.015715225,0.22525385,0.3998692,-0.88846236,-0.10771918,0.91652864,0.38519067,0.96832705,0.008938753,0.24952519,10.017548,0.14596558,-0.13400269,9.804863,0.10630972,-0.15411371,0.021713257,-0.0055236816,0.0034484863,-24.659729,41.459656,22.979736,0,0.0,0.0,0.0,0.0
0.456542969,-0.019008083,0.48094115,-0.8765468,-0.0019719629,0.87668544,0.48106,0.9998174,0.010872545,-0.01571571,0.21543674,0.4029437,-0.8895074,-0.10441746,0.9151804,0.3892838,0.97091913,0.009014066,0.23923782,10.022339,0.13279724,-0.15194702,9.804859,0.10662325,-0.15411848,0.015151978,-0.0056762695,0.001159668,-24.479675,41.459656,23.278809,0,0.0,0.0,0.0,0.0
0.46484375,-0.019034045,0.4809292,-0.8765528,-0.001967494,0.87669194,0.48104823,0.9998169,0.010880907,-0.015740769,0.21066311,0.40453556,-0.88992816,-0.10281254,0.9144775,0.3913573,0.97213715,0.009051236,0.23423798,10.022339,0.13279724,-0.15194702,9.804854,0.10670525,-0.15436421,0.013320923,-0.0070495605,-9.765625E-4,-24.479675,41.459656,23.278809,0,0.0,0.0,0.0,0.0
0.473144531,-0.019124579,0.4870606,-0.87315875,-0.0018064408,0.8733002,0.48717907,0.99981546,0.010894406,-0.015821654,0.20598516,0.40609413,-0.89031327,-0.101221286,0.91378605,0.39338186,0.9733059,0.009087831,0.22933173,10.015152,0.12083435,-0.18544006,9.80484,0.106837615,-0.15515742,0.014694214,-0.003692627,-0.0014343262,-24.299622,41.63971,23.75946,0,0.0,0.0,0.0,0.0
0.481445313,-0.019172912,0.48703873,-0.87316984,-0.0018002773,0.8733122,0.48715764,0.99981457,0.010912179,-0.015867133,0.19688031,0.40936822,-0.8908736,-0.098135754,0.9123233,0.3975369,0.9755037,0.009159371,0.21979214,10.0295105,0.13639832,-0.16630554,9.8048315,0.10701192,-0.15560342,0.016983032,0.004257202,5.493164E-4,-24.299622,41.63971,23.75946,0,0.0,0.0,0.0,0.0
0.489746094,-0.019153066,0.48803544,-0.87261367,-0.0017982246,0.8727555,0.48815423,0.9998149,0.010918804,-0.015838346,0.18813968,0.4125068,-0.89131457,-0.09510323,0.91090786,0.40150017,0.9775269,0.009228784,0.21060862,10.009171,0.12562561,-0.16390991,9.804835,0.1070769,-0.15532112,0.019424438,0.007461548,0.0045166016,-24.179077,41.63971,23.81897,0,0.0,0.0,0.0,0.0
0.498046875,-0.019106539,0.48805636,-0.872603,-0.0018278919,0.8727437,0.4881751,0.9998157,0.01092236,-0.015782997,0.18390064,0.41404817,-0.8914845,-0.09361262,0.91020787,0.4034332,0.97847694,0.009262585,0.20614792,10.023529,0.14237976,-0.13877869,9.804843,0.10711177,-0.15477833,0.01576233,0.012496948,-0.0020446777,-24.179077,41.63971,23.81897,0,0.0,0.0,0.0,0.0
0.506347656,-0.019028721,0.48809135,-0.8725851,-0.0019251327,0.87272364,0.4882108,0.9998171,0.010969869,-0.015667174,0.17568214,0.41703653,-0.891749,-0.09067591,0.90884185,0.4071663,0.98026204,0.009328312,0.19748245,10.0295105,0.14476013,-0.1531372,9.804856,0.10757767,-0.15364249,0.014083862,0.011886597,-0.0020446777,-24.179077,41.63971,23.81897,0,0.0,0.0,0.0,0.0
0.514648438,-0.018980157,0.48771703,-0.8727954,-0.0020116768,0.8729323,0.48783726,0.99981785,0.011015011,-0.015587265,0.16779952,0.4199038,-0.8919216,-0.087803006,0.90752,0.4107287,0.9819032,0.009393319,0.18915024,10.0295105,0.14476013,-0.1531372,9.804864,0.10802036,-0.15285885,0.01713562,-1.6784668E-4,0.0014648438,-24.479675,41.459656,23.699951,0,0.0,0.0,0.0,0.0
0.522949219,-0.018960452,0.48622158,-0.87362975,-0.002075958,0.87376577,0.4863423,0.999818,0.011034891,-0.01555762,0.16398054,0.42128527,-0.8919804,-0.086389706,0.9068792,0.41244024,0.9826735,0.009425752,0.18510526,10.015152,0.13998413,-0.13998413,9.804866,0.10821532,-0.15256813,0.014541626,1.373291E-4,0.0068206787,-24.479675,41.519165,23.638916,0,0.0,0.0,0.0,0.0
0.53125,-0.01892241,0.48623905,-0.873621,-0.0020835935,0.8737563,0.4863595,0.99981874,0.011023364,-0.01552045,0.15658216,0.4239017,-0.89207023,-0.0836013,0.9056585,0.41568437,0.98412037,0.009489475,0.17724872,9.999603,0.12562561,-0.124420166,9.8048725,0.10810228,-0.15220362,0.018508911,-0.0013885498,0.0013122559,-24.479675,41.519165,23.638916,0,0.0,0.0,0.0,0.0
0.539550781,-0.018949201,0.49092418,-0.8709962,-0.0019963295,0.87113225,0.4910443,0.99981844,0.011043694,-0.015527216,0.14948508,0.42641196,-0.89209145,-0.08087918,0.90447867,0.41878027,0.98545057,0.009550218,0.16969393,10.031906,0.14117432,-0.14356995,9.80487,0.10830165,-0.15226997,0.013320923,-0.0055236816,0.0049743652,-24.899292,40.979004,23.638916,0,0.0,0.0,0.0,0.0
0.547851563,-0.01897602,0.49091163,-0.8710027,-0.0019732267,0.8711394,0.4910317,0.99981797,0.011036513,-0.015562079,0.1460365,0.4277254,-0.8920338,-0.07955919,0.90385795,0.42037025,0.9860749,0.009580088,0.16602574,10.018753,0.12083435,-0.1483612,9.804865,0.108231224,-0.15261187,0.016677856,-0.0073547363,0.001159668,-24.899292,40.979004,23.638916,0,0.0,0.0,0.0,0.0
0.556152344,-0.019030433,0.49088618,-0.8710159,-0.0019180076,0.8711542,0.491006,0.9998171,0.01101467,-0.015636913,0.1393498,0.43027097,-0.8918792,-0.07696578,0.9026484,0.42344096,0.98724765,0.009637763,0.15890001,10.023529,0.119644165,-0.17108154,9.804856,0.10801702,-0.15334575,0.01423645,-0.0056762695,0.0071258545,-24.899292,40.979004,23.638916,0,0.0,0.0,0.0,0.0
0.564453125,-0.01906814,0.48512292,-0.87423813,-0.0019758344,0.8743771,0.4852431,0.9998162,0.010980032,-0.01571422,0.13293391,0.43271145,-0.8916778,-0.07443442,0.9014804,0.42637148,0.9883259,0.009692289,0.15204595,10.023529,0.119644165,-0.17108154,9.804848,0.10767734,-0.15410388,0.014541626,-0.0032196045,0.0019226074,-25.019836,40.859985,23.2193,0,0.0,0.0,0.0,0.0
0.572753906,-0.019051263,0.48527306,-0.8741551,-0.0019784844,0.8742937,0.48539314,0.9998165,0.010976854,-0.015696293,0.12983343,0.4337751,-0.89161795,-0.07317459,0.9009688,0.42766896,0.98883206,0.009718045,0.14871718,10.025925,0.13279724,-0.114852905,9.804851,0.10764617,-0.15392806,0.01713562,-0.0012359619,2.4414063E-4,-24.958801,40.73944,23.15979,0,0.0,0.0,0.0,0.0
0.581054688,-0.019030247,0.48528302,-0.87415,-0.0020011785,0.8742881,0.48540324,0.9998169,0.010986674,-0.01566678,0.12382234,0.43584335,-0.8914643,-0.0707082,0.8999696,0.43018037,0.989782,0.009767894,0.14225404,10.025925,0.14356995,-0.15792847,9.804854,0.107742466,-0.15363863,0.01576233,-0.005050659,0.004211426,-24.958801,40.73944,23.15979,0,0.0,0.0,0.0,0.0
0.589355469,-0.019055732,0.48327935,-0.87525874,-0.0020262222,0.87539726,0.48339996,0.9998164,0.010985009,-0.015702106,0.11805647,0.43782794,-0.89127403,-0.068312,0.89900523,0.43257734,0.99065447,0.009816159,0.13604228,10.035492,0.12802124,-0.1603241,9.80485,0.10772614,-0.15398505,0.015609741,-0.002609253,8.544922E-4,-25.019836,40.73944,23.039246,0,0.0,0.0,0.0,0.0
0.59765625,-0.019081626,0.483267,-0.8752651,-0.0020199344,0.87540406,0.48338777,0.9998159,0.010991802,-0.015727965,0.11526444,0.43874863,-0.8911867,-0.067134075,0.89855593,0.4336937,0.99106365,0.009839536,0.13302654,10.005585,0.12562561,-0.1531372,9.804845,0.10779276,-0.15423866,0.021102905,-0.001083374,0.0019226074,-25.019836,40.73944,23.039246,0,0.0,0.0,0.0,0.0
0.605957031,-0.019166661,0.4832264,-0.87528557,-0.0020121406,0.875426,0.48334798,0.9998143,0.0110253645,-0.015806673,0.10985001,0.4405333,-0.89099014,-0.06483033,0.89768183,0.435849,0.99183166,0.009885165,0.12717028,10.022339,0.15434265,-0.19740295,9.804829,0.108121894,-0.15501052,0.015609741,-0.0039978027,0.0057373047,-25.019836,40.73944,23.039246,0,0.0,0.0,0.0,0.0
0.614257813,-0.019155966,0.47431287,-0.8801478,-0.0021547698,0.8802877,0.47443515,0.99981415,0.010984781,-0.015840728,0.104652174,0.44224402,-0.8907683,-0.06259535,0.8968398,0.43790436,0.992537,0.009930316,0.121538654,10.011566,0.105285645,-0.17706299,9.804828,0.10772391,-0.15534447,0.019882202,0.004257202,0.0014648438,-25.019836,40.73944,22.499084,0,0.0,0.0,0.0,0.0
0.622558594,-0.01913208,0.47664583,-0.8788872,-0.0021308041,0.87902665,0.47676784,0.9998147,0.0109942965,-0.015801968,0.10214512,0.44289118,-0.89073783,-0.06148172,0.89652014,0.4387159,0.99286777,0.009951406,0.118804865,10.00679,0.13400269,-0.1483612,9.804833,0.10781723,-0.15496439,0.019882202,0.0054779053,0.0046691895,-24.958801,41.038513,22.799683,0,0.0,0.0,0.0,0.0
0.630859375,-0.019105002,0.47665873,-0.8788808,-0.0021515656,0.87901956,0.47678077,0.9998151,0.010999867,-0.015768107,0.0949188,0.44489443,-0.8905388,-0.058266565,0.89552706,0.44117606,0.99377835,0.010012736,0.110924825,10.0295105,0.15074158,-0.14117432,9.804837,0.107871845,-0.15463232,0.016067505,-0.0027618408,-0.0023498535,-24.958801,41.038513,22.799683,0,0.0,0.0,0.0,0.0
0.639160156,-0.019114995,0.47665396,-0.8788831,-0.002193876,0.8790215,0.47677675,0.9998148,0.0110417465,-0.015756773,0.0949188,0.44489443,-0.8905388,-0.058266565,0.89552706,0.44117606,0.99377835,0.010012736,0.110924825,10.0295105,0.15074158,-0.14117432,9.804834,0.10828254,-0.15452117,0.016067505,-0.0027618408,-0.0023498535,-24.958801,41.038513,22.799683,0,0.0,0.0,0.0,0.0
0.647460938,-0.0191336,0.47338375,-0.88064843,-0.0023137252,0.88078636,0.47350818,0.9998143,0.0110974945,-0.015757333,0.09034427,0.44616324,-0.89037985,-0.056212958,0.89489514,0.44272205,0.9943229,0.010053485,0.1059288,10.011566,0.13639832,-0.17347717,9.804829,0.108829245,-0.15452667,0.010116577,-0.0015411377,0.0032958984,-24.899292,41.519165,22.859192,0,0.0,0.0,0.0,0.0
0.655761719,-0.019176276,0.4770605,-0.87866116,-0.0022357958,0.8788001,0.4771847,0.99981356,0.011115134,-0.015785504,0.085961126,0.44724935,-0.8902689,-0.05421646,0.8943523,0.44406584,0.9948222,0.010094829,0.1011278,10.035492,0.13400269,-0.16151428,9.804822,0.109002225,-0.15480292,0.014389038,0.0019683838,0.0010070801,-24.719238,41.218567,22.918701,0,0.0,0.0,0.0,0.0
0.6640625,-0.019186037,0.4770559,-0.8786634,-0.0022447323,0.8788024,0.4771804,0.9998134,0.011127566,-0.015789874,0.08383112,0.44785067,-0.8901698,-0.053250927,0.8940512,0.4447886,0.99505615,0.010115235,0.098797776,10.013962,0.1531372,-0.12921143,9.80482,0.10912415,-0.15484577,0.008880615,-0.0023040771,2.4414063E-4,-24.719238,41.218567,22.918701,0,0.0,0.0,0.0,0.0
0.672363281,-0.019174654,0.47347152,-0.88060033,-0.0023817937,0.8807381,0.47359744,0.99981326,0.011178477,-0.015760139,0.07970017,0.44901666,-0.8899618,-0.051368814,0.8934657,0.44618422,0.9954944,0.010155323,0.09427483,10.035492,0.12802124,-0.14476013,9.804819,0.10962341,-0.15455416,0.020187378,-0.0030822754,0.0057373047,-24.598694,41.519165,22.859192,0,0.0,0.0,0.0,0.0
0.680664063,-0.019222545,0.47344914,-0.8806113,-0.0023751347,0.88074994,0.47357553,0.9998124,0.011194899,-0.015805751,0.0757442,0.44999173,-0.88981473,-0.049540333,0.8929745,0.44737265,0.9958959,0.01019584,0.08993038,10.022339,0.14117432,-0.16870117,9.804811,0.109784454,-0.15500148,0.015914917,-0.0016937256,0.0032958984,-24.598694,41.519165,22.859192,0,0.0,0.0,0.0,0.0
0.688964844,-0.019265004,0.47342938,-0.88062114,-0.0023590229,0.8807606,0.47355598,0.99981165,0.011200462,-0.015851025,0.07382536,0.45046404,-0.889737,-0.04864985,0.89273614,0.44794574,0.99608386,0.010215821,0.08782157,10.022339,0.14117432,-0.16870117,9.804803,0.10983901,-0.15544546,0.016067505,-0.0015411377,0.0032958984,-24.598694,41.519165,22.859192,0,0.0,0.0,0.0,0.0
0.697265625,-0.019289738,0.47549406,-0.8795075,-0.0023304094,0.87964743,0.4756208,0.99981123,0.011224212,-0.01586007,0.07010225,0.45137936,-0.8895743,-0.046914972,0.89227325,0.44905174,0.996436,0.010254812,0.08372681,10.019943,0.14237976,-0.15792847,9.804799,0.11007192,-0.15553416,0.021865845,0.0018157959,-5.187988E-4,-24.299622,41.519165,22.979736,0,0.0,0.0,0.0,0.0
0.705566406,-0.01929856,0.47549,-0.87950945,-0.002346004,0.87964934,0.4756171,0.99981105,0.011242058,-0.015860464,0.06652378,0.45234078,-0.88936067,-0.045247704,0.89178574,0.4501897,0.99675834,0.010293202,0.07979234,10.016357,0.13400269,-0.16749573,9.804797,0.110246934,-0.15553802,0.008422852,0.004714966,0.0029907227,-24.299622,41.519165,22.979736,0,0.0,0.0,0.0,0.0
0.713867188,-0.019281778,0.4768032,-0.87879854,-0.0023581828,0.8789379,0.47693056,0.99981135,0.011268437,-0.015823096,0.064788885,0.45280686,-0.88925153,-0.04443632,0.891549,0.45073918,0.99690914,0.010312178,0.077883534,10.009171,0.14237976,-0.1483612,9.8048,0.11050562,-0.15517157,0.008422852,-1.5258789E-5,9.1552734E-5,-24.598694,41.578674,23.098755,0,0.0,0.0,0.0,0.0
0.722167969,-0.019271392,0.47732463,-0.8785157,-0.002385518,0.8786544,0.4774523,0.9998114,0.011296886,-0.015794227,0.061422504,0.4537635,-0.8890028,-0.042861518,0.891062,0.45185325,0.9971911,0.010350047,0.07418025,10.018753,0.14117432,-0.14237976,9.804801,0.11078461,-0.15488847,0.0137786865,0.0021209717,0.0048217773,-24.41864,41.63971,23.15979,0,0.0,0.0,0.0,0.0
0.73046875,-0.019244999,0.47733676,-0.8785097,-0.002412913,0.8786477,0.47746462,0.9998119,0.011308574,-0.015757803,0.058191374,0.45470282,-0.8887401,-0.041344643,0.8905826,0.45293838,0.9974489,0.010387542,0.070623755,10.036697,0.12921143,-0.12562561,9.804806,0.11089923,-0.15453126,0.013015747,4.4250488E-4,0.0060424805,-24.41864,41.63971,23.15979,0,0.0,0.0,0.0,0.0
0.738769531,-0.019183775,0.47736487,-0.87849575,-0.0024162554,0.8786328,0.4774921,0.9998131,0.011282771,-0.015702058,0.056625515,0.45515847,-0.8886081,-0.0406068,0.8903497,0.4534629,0.9975694,0.010405962,0.068899035,10.036697,0.12921143,-0.12562561,9.804817,0.11064619,-0.15398459,0.0137786865,0.0012054443,0.006515503,-24.41864,41.63971,23.15979,0,0.0,0.0,0.0,0.0
0.747070313,-0.019147702,0.48172477,-0.87611336,-0.0023080423,0.8762504,0.48185053,0.999814,0.011248437,-0.015666338,0.052120686,0.45647246,-0.88820964,-0.03847155,0.8896761,0.45496854,0.99789953,0.010457527,0.06393173,10.017548,0.1483612,-0.1651001,9.804826,0.11030948,-0.1536343,0.013458252,-0.006134033,0.0060424805,-24.598694,41.578674,23.399353,0,0.0,0.0,0.0,0.0
0.755371094,-0.019141944,0.48172742,-0.87611204,-0.0022552633,0.8762496,0.48185232,0.9998143,0.011199454,-0.015686698,0.050676998,0.45698124,-0.88803154,-0.037789837,0.8894147,0.45553645,0.9979999,0.0104733445,0.06234211,9.999603,0.122039795,-0.1483612,9.804829,0.10982913,-0.15383396,0.015914917,-0.0067443848,0.0063476563,-24.598694,41.578674,23.399353,0,0.0,0.0,0.0,0.0
0.763671875,-0.019142618,0.48109433,-0.8764598,-0.0022172043,0.8765978,0.48121852,0.9998143,0.0111550735,-0.015713694,0.049262833,0.45747972,-0.8878544,-0.03711898,0.8891582,0.45609197,0.99809587,0.0104878675,0.06078363,10.033112,0.124420166,-0.14955139,9.804829,0.1093939,-0.1540987,0.014694214,-9.3078613E-4,0.0072631836,-24.479675,41.218567,23.15979,0,0.0,0.0,0.0,0.0
0.771972656,-0.019190282,0.48957345,-0.87175095,-0.001974896,0.87189126,0.4896957,0.99981385,0.011119015,-0.01576498,0.046521634,0.45842123,-0.88751656,-0.035809197,0.8886728,0.4571414,0.9982753,0.010514288,0.057758212,10.011566,0.124420166,-0.17826843,9.804825,0.10904028,-0.15460163,0.010116577,-0.0044403076,5.493164E-4,-24.179077,41.038513,23.579407,0,0.0,0.0,0.0,0.0
0.780273438,-0.019227078,0.48955673,-0.87175953,-0.0019410928,0.8719008,0.48967886,0.99981326,0.0111072585,-0.015813828,0.04518538,0.45905003,-0.8872606,-0.035179295,0.88834804,0.4578211,0.99835896,0.010526382,0.056289397,10.011566,0.124420166,-0.17826843,9.804819,0.108925,-0.15508068,0.015457153,-0.0030822754,0.0013122559,-24.179077,41.038513,23.579407,0,0.0,0.0,0.0,0.0
0.788574219,-0.019255914,0.4895436,-0.87176627,-0.0019406676,0.871908,0.48966604,0.9998127,0.011120774,-0.015839342,0.042593427,0.46026883,-0.88675725,-0.033950187,0.8877169,0.45913622,0.9985154,0.010549385,0.053437117,10.015152,0.12802124,-0.15553284,9.804813,0.10905754,-0.15533088,0.021255493,-0.0018463135,0.0019226074,-24.179077,41.038513,23.579407,0,0.0,0.0,0.0,0.0
0.796875,-0.019269472,0.48774776,-0.87277186,-0.0019735754,0.8729137,0.4878706,0.9998124,0.0111234905,-0.01585798,0.040106088,0.46143803,-0.8862655,-0.032762926,0.88710946,0.46039486,0.9986581,0.010572013,0.050696544,10.005585,0.13877869,-0.15792847,9.804811,0.10908418,-0.15551366,0.021560669,-0.0029144287,7.019043E-4,-24.659729,41.218567,23.579407,0,0.0,0.0,0.0,0.0
0.805175781,-0.019300595,0.48773336,-0.87277925,-0.0019750847,0.87292165,0.48785657,0.9998118,0.0111397365,-0.015884593,0.03890161,0.46196833,-0.8860429,-0.03218289,0.88683325,0.4609675,0.99872464,0.010583043,0.049366713,10.005585,0.13877869,-0.15792847,9.804805,0.1092435,-0.15577465,0.012710571,-0.0056762695,0.0017700195,-24.659729,41.218567,23.579407,0,0.0,0.0,0.0,0.0
0.813476563,-0.019324161,0.48761845,-0.87284297,-0.001960474,0.8729858,0.48774165,0.99981135,0.011136385,-0.015913757,0.036564853,0.46299636,-0.88560563,-0.031053111,0.88629675,0.46207553,0.99884874,0.010605089,0.04678479,10.011566,0.12322998,-0.15672302,9.8048,0.10921063,-0.15606064,0.011795044,7.4768066E-4,0.005126953,-24.598694,41.33911,23.638916,0,0.0,0.0,0.0,0.0
0.821777344,-0.019301295,0.49011353,-0.8714449,-0.0018828893,0.8715879,0.49023563,0.9998119,0.011103017,-0.015899945,0.034322217,0.46397838,-0.88518137,-0.02996204,0.8857828,0.46313187,0.9989616,0.010626128,0.04430377,10.035492,0.107681274,-0.13639832,9.804806,0.10888341,-0.1559252,0.008422852,-0.0033874512,0.0049743652,-24.899292,41.159058,23.699951,0,0.0,0.0,0.0,0.0
0.830078125,-0.019273646,0.49012646,-0.8714382,-0.0018601762,0.87158096,0.4902479,0.9998125,0.011069894,-0.015886823,0.033234183,0.46450517,-0.8849466,-0.029432453,0.8855066,0.46369377,0.99901414,0.010635667,0.043100614,10.035492,0.107681274,-0.13639832,9.8048115,0.10855857,-0.15579651,0.0128479,-0.0033874512,8.544922E-4,-24.899292,41.159058,23.699951,0,0.0,0.0,0.0,0.0
0.838378906,-0.019246874,0.49013895,-0.87143177,-0.0018903101,0.8715738,0.4902606,0.99981296,0.011083261,-0.015848558,0.03112565,0.46552745,-0.88448596,-0.028400132,0.8849693,0.46478245,0.99911195,0.0106528625,0.040766288,10.004395,0.13040161,-0.12322998,9.804816,0.108689666,-0.15542127,0.01423645,0.0018157959,-0.0020446777,-24.899292,41.159058,23.699951,0,0.0,0.0,0.0,0.0
0.846679688,-0.019194381,0.48302254,-0.87539756,-0.0020914986,0.8755375,0.48314562,0.99981356,0.011104573,-0.015795158,0.029103735,0.46650916,-0.88403744,-0.027405147,0.884452,0.4658257,0.99920064,0.010669907,0.038525607,10.04985,0.13160706,-0.15434265,9.804822,0.10889866,-0.15489759,0.014846802,-0.0012359619,0.0029907227,-25.019836,40.979004,23.15979,0,0.0,0.0,0.0,0.0
0.854980469,-0.01919985,0.4830199,-0.8753988,-0.0020986157,0.8755388,0.48314318,0.9998135,0.011113403,-0.015796542,0.028128866,0.46684104,-0.8838938,-0.026917154,0.88427675,0.46618676,0.9992418,0.0106786,0.037439737,10.04985,0.13160706,-0.15434265,9.804821,0.10898526,-0.15491116,0.01499939,-0.0030822754,0.0031433105,-25.019836,40.979004,23.15979,0,0.0,0.0,0.0,0.0
0.86328125,-0.019178415,0.4805302,-0.8767685,-0.0021714615,0.8769077,0.48065397,0.9998137,0.011122049,-0.015774244,0.026238007,0.4674848,-0.88361156,-0.025968382,0.88393635,0.46688554,0.99931836,0.010695818,0.035332553,10.037888,0.13160706,-0.14237976,9.804824,0.109070055,-0.1546925,0.015457153,-0.0016937256,0.005584717,-25.019836,41.038513,23.039246,0,0.0,0.0,0.0,0.0
0.871582031,-0.019151038,0.47929746,-0.8774436,-0.00219773,0.87758225,0.47942114,0.99981415,0.011109795,-0.015753241,0.024426792,0.4680034,-0.88338906,-0.025052525,0.88366175,0.46745512,0.9993877,0.010712697,0.033309687,10.016357,0.12562561,-0.13639832,9.804829,0.108949885,-0.15448654,0.013015747,-0.0070495605,0.005584717,-25.019836,41.39862,23.15979,0,0.0,0.0,0.0,0.0
0.879882813,-0.019146087,0.47929975,-0.8774424,-0.0021691108,0.8775813,0.47942296,0.99981433,0.011082344,-0.015762595,0.023549747,0.46823007,-0.8832927,-0.024606787,0.8835415,0.46770594,0.9994198,0.010720639,0.032328818,10.016357,0.12562561,-0.13639832,9.80483,0.108680665,-0.15457825,0.016525269,-0.0019989014,0.0036010742,-25.019836,41.39862,23.15979,0,0.0,0.0,0.0,0.0
0.888183594,-0.019180732,0.47928342,-0.87745064,-0.0021652286,0.8775901,0.47940695,0.9998137,0.011095256,-0.015795061,0.02184886,0.4686699,-0.88310313,-0.02373948,0.8833082,0.46819133,0.99947935,0.010734962,0.030425252,10.022339,0.13279724,-0.1603241,9.804823,0.10880729,-0.15489665,0.016067505,-0.0030822754,-2.1362305E-4,-25.019836,41.39862,23.15979,0,0.0,0.0,0.0,0.0
