Time,Rot1,Rot2,Rot3,Rot4,Rot5,Rot6,Rot7,Rot8,Rot9,FRot1,FRot2,FRot3,FRot4,FRot5,FRot6,FRot7,FRot8,FRot9,AccX,AccY,AccZ,GravX,GravY,GravZ,GyroX,GyroY,GyroZ,MagX,MagY,MagZ,Imid
0.0,0.0,0.0,0.0,0.0,0.0,0.0,0.0,0.0,0.0,1.0,0.0,0.0,0.0,1.0,0.0,0.0,0.0,1.0,9.997208,-0.51086426,0.8877411,9.762835,-0.4593742,0.80399996,0.0,0.0,0.0,0.0,0.0,0.0,0,0.0,0.0,0.0,0.0
0.008300781,-0.09116612,-0.7017483,0.70656776,0.024488289,-0.7108877,-0.70287913,0.9955346,-0.046776123,0.08199348,1.0,0.0,0.0,0.0,1.0,0.0,0.0,0.0,1.0,9.979263,-0.5778656,0.9499512,9.762859,-0.45871708,0.8040814,0.041870117,-0.0046081543,-0.022201538,-30.479431,-22.439575,-26.219177,0,0.0,0.0,0.0,0.0
0.016601562,-0.091182984,-0.7017365,0.7065773,0.024677534,-0.71090746,-0.70285237,0.99552834,-0.0466516,0.0821398,0.9938867,-0.093424805,-0.058830325,0.093371384,0.9956246,-0.0036624502,0.058915082,-0.0018530078,0.9982613,10.001999,-0.5240326,0.95474243,9.762798,-0.45749593,0.80551624,0.041870117,0.008377075,-0.01335144,-30.479431,-22.439575,-26.219177,0,0.0,0.0,0.0,0.0
0.024902343,-0.09132394,-0.69610435,0.7121087,0.02416351,-0.7164354,-0.6972349,0.99552804,-0.046467204,0.082248025,0.9865372,-0.13849671,-0.08696478,0.13820495,0.9903591,-0.009396145,0.08742769,-0.0027493152,0.99616706,9.98645,-0.44506836,0.850647,9.762795,-0.4556876,0.8065776,0.03652954,0.013412476,-0.010131836,-30.659485,-22.799683,-26.219177,0,0.0,0.0,0.0,0.0
0.033203125,-0.091113895,-0.7006237,0.7076897,0.0248936,-0.71202594,-0.70171165,0.99552923,-0.046318736,0.0823165,0.9641844,-0.22536194,-0.1398585,0.22368574,0.9742648,-0.027798794,0.14252402,-0.004481193,0.98978126,9.911072,-0.40678406,0.7657013,9.762807,-0.45423165,0.8072491,0.029800415,0.018005371,0.008346558,-31.13861,-22.979736,-26.759338,0,0.0,0.0,0.0,0.0
0.041503906,-0.09108913,-0.70064104,0.70767576,0.02490386,-0.7120104,-0.7017271,0.99553126,-0.046295855,0.082305074,0.933097,-0.30689976,-0.18746346,0.30215168,0.951722,-0.054124933,0.19502404,-0.0061385906,0.98077923,9.914658,-0.41635132,0.707077,9.762828,-0.4540073,0.80713713,0.028274536,0.005783081,0.018722534,-31.13861,-22.979736,-26.759338,0,0.0,0.0,0.0,0.0
0.049804687,-0.091077425,-0.7006492,0.70766914,0.024810325,-0.7119985,-0.70174253,0.9955347,-0.0463554,0.08223033,0.914762,-0.3456929,-0.20906204,0.33864284,0.93832207,-0.06980538,0.22029874,-0.006942048,0.9754078,9.914658,-0.41635132,0.707077,9.76286,-0.45459116,0.80640405,0.036071777,0.0033416748,0.020858765,-31.13861,-22.979736,-26.759338,0,0.0,0.0,0.0,0.0
0.058105468,-0.091127,-0.70009017,0.7082157,0.024595369,-0.71254003,-0.70120007,0.99553543,-0.046479445,0.08215062,0.8734639,-0.41924575,-0.24757569,0.4058926,0.9078329,-0.10531141,0.26890874,-0.008503425,0.9631281,9.871582,-0.43429565,0.7190399,9.762868,-0.45580766,0.8056224,0.043548584,0.00944519,0.031402588,-31.439209,-23.15979,-26.939392,0,0.0,0.0,0.0,0.0
0.06640625,-0.09116139,-0.7000661,0.70823514,0.0244954,-0.7125577,-0.7011858,0.99553484,-0.046572577,0.08210616,0.8271771,-0.48741356,-0.27965343,0.46537963,0.87311393,-0.1452375,0.31496003,-0.0100078685,0.9490522,9.88475,-0.38285828,0.7298126,9.762862,-0.45672098,0.8051864,0.037597656,0.014175415,0.024215698,-31.439209,-23.15979,-26.939392,0,0.0,0.0,0.0,0.0
0.074707031,-0.09126935,-0.70061505,0.7076782,0.024444796,-0.7120064,-0.70174736,0.9955262,-0.046748977,0.08211075,0.80258644,-0.5194744,-0.29325986,0.4921976,0.8544185,-0.16646475,0.33704078,-0.010739455,0.9414288,9.915863,-0.447464,0.72024536,9.762777,-0.45845085,0.8052314,0.031936646,0.028381348,0.023452759,-31.559753,-23.15979,-26.998901,0,0.0,0.0,0.0,0.0
0.083007812,-0.09136297,-0.7036242,0.70467424,0.02480299,-0.70902216,-0.7047498,0.99550873,-0.046910014,0.08223036,0.751292,-0.57957774,-0.31567386,0.5400505,0.81482613,-0.2107221,0.37934914,-0.012166006,0.9251736,9.98764,-0.45463562,0.7262268,9.762606,-0.4600301,0.80640435,0.032714844,0.04335022,0.022994995,-31.739807,-23.458862,-27.539063,0,0.0,0.0,0.0,0.0
0.091308593,-0.091600254,-0.70345974,0.7048076,0.024906613,-0.70918024,-0.70458704,0.9954843,-0.04698598,0.08248189,0.6981727,-0.6343452,-0.33190522,0.5803362,0.7729313,-0.25648984,0.41924298,-0.013542423,0.907773,9.988831,-0.39959717,0.75852966,9.762366,-0.46077508,0.8088711,0.020950317,0.043655396,0.02116394,-31.739807,-23.458862,-27.539063,0,0.0,0.0,0.0,0.0
0.099609375,-0.091857575,-0.70328134,0.7049522,0.025089722,-0.7093551,-0.7044046,0.995456,-0.047017835,0.08280477,0.67120194,-0.65984154,-0.33778265,0.59780866,0.75127035,-0.27967417,0.43830675,-0.014211567,0.8987131,9.988831,-0.38883972,0.82192993,9.762089,-0.46108747,0.8120374,0.020950317,0.025634766,0.014907837,-31.739807,-23.458862,-27.539063,0,0.0,0.0,0.0,0.0
0.107910156,-0.09192291,-0.7063363,0.70188266,0.025614802,-0.7063111,-0.7074382,0.99543667,-0.04705118,0.083018824,0.6169743,-0.7071874,-0.345295,0.6276808,0.70685595,-0.32614625,0.47472042,-0.015511219,0.88,10.042679,-0.39482117,0.8422699,9.761899,-0.46141446,0.81413656,0.014694214,0.016174316,0.023605347,-31.858826,-23.2193,-27.539063,0,0.0,0.0,0.0,0.0
0.116210937,-0.092075035,-0.70623034,0.70196927,0.025678728,-0.70641357,-0.70733345,0.99542093,-0.04710207,0.08317815,0.5630966,-0.7497386,-0.3475837,0.65108246,0.6615219,-0.37212968,0.50893414,-0.016760701,0.86064225,10.042679,-0.39482117,0.8422699,9.761745,-0.46191356,0.81569904,0.013931274,0.0037994385,0.012771606,-31.858826,-23.2193,-27.539063,0,0.0,0.0,0.0,0.0
0.124511718,-0.09223112,-0.70544344,0.7027396,0.025653403,-0.70719695,-0.706551,0.9954071,-0.047138333,0.08332259,0.5364458,-0.76934433,-0.34689352,0.6605624,0.6385981,-0.3947781,0.52524585,-0.01736777,0.8507732,10.04985,-0.4139557,0.90089417,9.761609,-0.46226916,0.8171155,0.012237549,-0.014221191,0.009262085,-32.218933,-23.699951,-28.019714,0,0.0,0.0,0.0,0.0
0.1328125,-0.09236817,-0.70141315,0.7067445,0.025064208,-0.71119183,-0.7025511,0.9954094,-0.047179375,0.083271846,0.48402652,-0.8053987,-0.34212756,0.6754283,0.59244317,-0.43909883,0.55634075,-0.018547151,0.83074725,10.016357,-0.45942688,0.86979675,9.761632,-0.46267164,0.81661785,0.0073547363,-0.024459839,0.0029907227,-32.159424,-24.179077,-28.199768,0,0.0,0.0,0.0,0.0
0.141113281,-0.0922742,-0.7014777,0.70669264,0.02496709,-0.7111274,-0.7026197,0.9954206,-0.047189612,0.083132565,0.45830604,-0.8219626,-0.3381318,0.68098545,0.5692205,-0.46070263,0.57115185,-0.01912002,0.8206217,10.016357,-0.45942688,0.86979675,9.761741,-0.46277198,0.81525195,0.0033874512,-0.026443481,0.0032958984,-32.159424,-24.179077,-28.199768,0,0.0,0.0,0.0,0.0
0.149414062,-0.09219952,-0.70152897,0.70665145,0.024892367,-0.7110763,-0.702674,0.99542934,-0.04719598,0.08302362,0.40823513,-0.8521793,-0.32731417,0.688553,0.5228586,-0.5025073,0.59936535,-0.020232009,0.80021983,9.912262,-0.47018433,0.8685913,9.761827,-0.46283445,0.81418365,0.010253906,-0.015289307,2.4414063E-4,-32.159424,-24.179077,-28.199768,0,0.0,0.0,0.0,0.0
0.157714843,-0.09212253,-0.70315725,0.70504135,0.025018148,-0.7094632,-0.7042983,0.99543333,-0.047242917,0.08294924,0.36023694,-0.8787391,-0.3131246,0.69183064,0.476827,-0.54222363,0.62577933,-0.021300191,0.7797093,9.894318,-0.48335266,0.83509827,9.761867,-0.46329477,0.8134542,0.003692627,0.0024261475,0.021621704,-32.63855,-24.479675,-28.678894,0,0.0,0.0,0.0,0.0
0.166015625,-0.09223338,-0.70308125,0.7051026,0.024927553,-0.70952946,-0.7042347,0.99542534,-0.04737747,0.08296841,0.33711848,-0.8907104,-0.3049362,0.6920052,0.45404723,-0.5612217,0.6383415,-0.021819243,0.769444,9.894318,-0.48335266,0.83509827,9.761788,-0.46461427,0.81364214,-0.0039367676,0.012802124,0.019180298,-32.63855,-24.479675,-28.678894,0,0.0,0.0,0.0,0.0
0.174316406,-0.09233619,-0.7042363,0.70393556,0.02498309,-0.70837176,-0.70539737,0.99541444,-0.047547217,0.083002344,0.29267892,-0.91224945,-0.2866009,0.689773,0.40899846,-0.59743905,0.66223276,-0.02283173,0.74895024,9.90509,-0.4905243,0.7680969,9.761681,-0.46627888,0.8139749,-0.0022583008,0.023345947,0.014297485,-32.398987,-24.41864,-28.678894,0,0.0,0.0,0.0,0.0
0.182617187,-0.092476696,-0.7053732,0.7027778,0.025093704,-0.70722914,-0.706539,0.99539864,-0.047703087,0.083102636,0.25077742,-0.93076825,-0.26604715,0.6844645,0.36483344,-0.63119316,0.6845575,-0.023810826,0.72856987,9.908676,-0.45463562,0.7645111,9.761526,-0.4678075,0.8149585,0.005218506,0.020141602,0.018875122,-32.159424,-24.238586,-28.559875,0,0.0,0.0,0.0,0.0
0.190917968,-0.09262303,-0.7052739,0.70285827,0.025063012,-0.70732045,-0.7064487,0.99538577,-0.04781767,0.08319045,0.23080492,-0.9389723,-0.25506887,0.68079495,0.34313422,-0.6471299,0.69515985,-0.02428885,0.7184447,9.908676,-0.45463562,0.7645111,9.761399,-0.46893114,0.81581956,0.01499939,0.01600647,0.01689148,-32.159424,-24.238586,-28.559875,0,0.0,0.0,0.0,0.0
0.19921875,-0.09272807,-0.7052026,0.702916,0.025091555,-0.7073885,-0.70637953,0.9953753,-0.047863957,0.08328939,0.19278564,-0.9534456,-0.23189476,0.67169863,0.30050853,-0.6771378,0.7153004,-0.025220932,0.6983618,9.970886,-0.42352295,0.8027954,9.761297,-0.4693851,0.8167899,0.017288208,0.012191772,0.008651733,-32.159424,-24.238586,-28.559875,0,0.0,0.0,0.0,0.0
0.207519531,-0.09241065,-0.71473795,0.69326025,0.026410501,-0.6977539,-0.71585035,0.9953706,-0.047842853,0.08335649,0.15733449,-0.9655257,-0.20737882,0.66056895,0.25899416,-0.7046777,0.7340943,-0.026117917,0.67854506,9.964905,-0.5312042,0.8494568,9.761252,-0.46917814,0.817448,0.037597656,0.009140015,5.493164E-4,-31.799316,-23.939514,-28.919983,0,0.0,0.0,0.0,0.0
0.215820312,-0.092537776,-0.7146536,0.6933303,0.026435636,-0.697836,-0.7157695,0.99535817,-0.047907095,0.08346852,0.1407418,-0.97067064,-0.19491076,0.6543121,0.23894231,-0.71748334,0.7430125,-0.02655257,0.6687507,9.964905,-0.5312042,0.8494568,9.761129,-0.46980813,0.8185466,0.046295166,0.009140015,5.493164E-4,-31.799316,-23.939514,-28.919983,0,0.0,0.0,0.0,0.0
0.224121093,-0.09257956,-0.71496093,0.6930078,0.026556097,-0.6975223,-0.7160708,0.9953511,-0.047889933,0.08356288,0.10940659,-0.97946465,-0.16934952,0.6407198,0.1997458,-0.74133646,0.7599397,-0.027398504,0.64941585,9.96611,-0.47976685,0.8410797,9.76106,-0.46963984,0.81947196,0.06629944,0.007156372,0.0016174316,-31.619263,-23.878479,-28.858948,0,0.0,0.0,0.0,0.0
0.232421875,-0.09269495,-0.7131101,0.6948969,0.026388679,-0.6994159,-0.7142275,0.99534476,-0.04786788,0.083650365,0.08049415,-0.98641765,-0.14318122,0.6259222,0.1618158,-0.7629134,0.7757203,-0.028210241,0.630446,9.902695,-0.39720154,0.93678284,9.760999,-0.4694236,0.8203299,0.061264038,0.003189087,0.0013122559,-31.318665,-23.699951,-28.49884,0,0.0,0.0,0.0,0.0
0.240722656,-0.09272678,-0.7130889,0.69491434,0.026619747,-0.6994472,-0.71418834,0.9953357,-0.04772594,0.08383974,0.066882305,-0.9892694,-0.12989557,0.6181577,0.14327574,-0.7728862,0.78320354,-0.028603526,0.62110704,9.902695,-0.39720154,0.93678284,9.760909,-0.4680316,0.822187,0.047058105,-0.0099487305,5.493164E-4,-31.318665,-23.699951,-28.49884,0,0.0,0.0,0.0,0.0
0.249023437,-0.0927908,-0.71304643,0.6949493,0.02670272,-0.6994916,-0.7141416,0.9953274,-0.04770873,0.08394667,0.04135914,-0.993808,-0.1031273,0.6020352,0.10716225,-0.79124576,0.7973977,-0.029361019,0.6027395,10.114456,-0.52163696,0.9654999,9.760828,-0.46786284,0.82323563,0.014846802,-0.0099487305,-0.013504028,-31.318665,-23.699951,-28.49884,0,0.0,0.0,0.0,0.0
0.257324218,-0.09299945,-0.7081392,0.6999215,0.026131611,-0.7044618,-0.7092607,0.9953232,-0.047670778,0.08401938,0.01800759,-0.99692583,-0.07625322,0.5852936,0.07234328,-0.8075877,0.81062144,-0.030087817,0.5847971,10.051056,-0.5096741,0.8458557,9.760786,-0.46749064,0.8239486,-0.0016479492,5.950928E-4,0.008041382,-31.318665,-23.75946,-28.199768,0,0.0,0.0,0.0,0.0
0.265625,-0.0930177,-0.7081269,0.69993144,0.026091281,-0.70447135,-0.7092526,0.99532247,-0.047710937,0.084004246,0.00703148,-0.99800676,-0.06271436,0.576751,0.055280782,-0.8150474,0.81688976,-0.030439585,0.57599014,10.051056,-0.5096741,0.8458557,9.760779,-0.46788445,0.82380027,9.460449E-4,0.012039185,0.01399231,-31.318665,-23.75946,-28.199768,0,0.0,0.0,0.0,0.0
0.273925781,-0.09321007,-0.70628816,0.70176125,0.025798365,-0.70630634,-0.70743597,0.99531215,-0.04783586,0.084055945,-0.013423734,-0.9992705,-0.035753302,0.5594149,0.022131618,-0.8285923,0.82877904,-0.031123735,0.55870974,9.978073,-0.48214722,0.8183441,9.760678,-0.46910957,0.82430726,0.0029296875,0.024108887,0.026824951,-31.799316,-24.119568,-28.49884,0,0.0,0.0,0.0,0.0
0.282226562,-0.09345478,-0.70612323,0.7018947,0.025732953,-0.70645756,-0.7072874,0.9952909,-0.048037555,0.08419247,-0.022962404,-0.9994871,-0.022320807,0.5506598,0.0059899627,-0.83470833,0.8344139,-0.03145808,0.5502398,9.978073,-0.48214722,0.8183441,9.760469,-0.4710875,0.8256461,0.0012512207,0.025482178,0.029876709,-31.799316,-24.119568,-28.49884,0,0.0,0.0,0.0,0.0
0.290527343,-0.09358649,-0.70971614,0.698244,0.026169863,-0.70283324,-0.7108732,0.99526715,-0.04825518,0.084348865,-0.04068185,-0.9991629,0.004295284,0.5330631,-0.025339708,-0.8456959,0.8450969,-0.03211482,0.5336477,9.876373,-0.4510498,0.7908325,9.760237,-0.47322166,0.8271798,-0.01600647,0.027313232,0.03643799,-31.559753,-23.75946,-28.379822,0,0.0,0.0,0.0,0.0
0.298828125,-0.09388524,-0.7095152,0.698408,0.026068356,-0.70301795,-0.71069413,0.99524164,-0.048517343,0.084498905,-0.056577593,-0.9979378,0.030316824,0.5154621,-0.05520235,-0.8551324,0.8550425,-0.03275416,0.5175224,9.869202,-0.46061707,0.7956085,9.759987,-0.47579262,0.8286512,-0.014175415,0.0076141357,0.032165527,-31.559753,-23.75946,-28.379822,0,0.0,0.0,0.0,0.0
0.307128906,-0.094063856,-0.7104379,0.6974454,0.026048008,-0.70206785,-0.71163344,0.9952253,-0.048771918,0.084544696,-0.06392636,-0.9970214,0.04314831,0.50669134,-0.06967613,-0.85930735,0.85975426,-0.033069517,0.5096362,9.869202,-0.46061707,0.7956085,9.759827,-0.47828916,0.82910025,0.006439209,-3.2043457E-4,0.03262329,-31.858826,-23.75946,-28.49884,0,0.0,0.0,0.0,0.0
0.315441895,-0.09412105,-0.7103992,0.69747704,0.02589383,-0.70209694,-0.71161044,0.99522394,-0.04891716,0.084477045,-0.07746519,-0.99464905,0.068354756,0.48926574,-0.09766325,-0.86664927,0.8686876,-0.033691514,0.49421322,9.957733,-0.4091797,0.78364563,9.759813,-0.47971347,0.82843685,0.02217102,-0.0033874512,0.027282715,-31.858826,-23.75946,-28.49884,0,0.0,0.0,0.0,0.0
0.323742676,-0.09441531,-0.7052032,0.70269066,0.025160212,-0.7073086,-0.706457,0.99521494,-0.04902051,0.08452382,-0.08958288,-0.9916305,0.09297271,0.4720515,-0.12447046,-0.8727397,0.8770076,-0.034294628,0.47925106,10.047455,-0.41036987,0.88653564,9.759725,-0.480727,0.82889557,0.01789856,0.0037994385,0.01979065,-32.398987,-24.35913,-28.799438,0,0.0,0.0,0.0,0.0
0.332043458,-0.09449437,-0.70514935,0.70273405,0.025158394,-0.70735866,-0.7064069,0.9952074,-0.04907182,0.084581845,-0.09521059,-0.9898855,0.105174385,0.4635323,-0.13758741,-0.8753328,0.8809499,-0.034589227,0.4719437,10.047455,-0.41036987,0.88653564,9.759651,-0.48123017,0.82946455,0.02217102,0.0018157959,0.017807007,-32.398987,-24.35913,-28.799438,0,0.0,0.0,0.0,0.0
0.340344239,-0.09488006,-0.69505644,0.7126669,0.023868527,-0.7172791,-0.6963769,0.9952025,-0.04906198,0.08464547,-0.10552032,-0.9860041,0.12907876,0.44673008,-0.16297066,-0.87970036,0.8884243,-0.035162896,0.45767444,10.046265,-0.39840698,0.8949127,9.7596035,-0.4811337,0.8300886,0.026290894,-0.0029144287,0.013687134,-32.51953,-24.659729,-28.379822,0,0.0,0.0,0.0,0.0
0.34864502,-0.094881706,-0.69505537,0.7126679,0.023910437,-0.7172823,-0.6963724,0.9952014,-0.049032804,0.08467605,-0.11488998,-0.9815583,0.1527861,0.4302189,-0.18779737,-0.88297445,0.8953837,-0.035713445,0.44386098,10.009171,-0.35772705,0.8841553,9.759592,-0.48084754,0.83038837,0.037902832,-0.0072021484,0.017501831,-32.51953,-24.659729,-28.379822,0,0.0,0.0,0.0,0.0
0.356945801,-0.09482361,-0.69483846,0.71288705,0.02394287,-0.7174985,-0.69614846,0.9952061,-0.04894275,0.08467223,-0.1191514,-0.9791764,0.16436683,0.4221066,-0.19979729,-0.88425505,0.89868176,-0.0359799,0.43712297,10.009171,-0.35772705,0.8841553,9.759639,-0.47996444,0.830351,0.033477783,-0.013763428,0.0103302,-32.63855,-24.539185,-28.259277,0,0.0,0.0,0.0,0.0
0.365246583,-0.0946116,-0.6949866,0.7127709,0.023875535,-0.7173607,-0.6962927,0.9952279,-0.048859578,0.08446381,-0.12688866,-0.9741338,0.18698303,0.40618822,-0.22300589,-0.88615996,0.90493673,-0.036493357,0.4239786,10.003189,-0.39601135,0.7680969,9.759851,-0.47914878,0.8283071,0.044006348,-0.018035889,-0.0026550293,-32.63855,-24.539185,-28.259277,0,0.0,0.0,0.0,0.0
0.373547364,-0.09426968,-0.6969385,0.71090776,0.023989625,-0.7154707,-0.6982307,0.9952576,-0.048767574,0.0841665,-0.1336427,-0.9687749,0.2088418,0.39069757,-0.24516833,-0.8872699,0.91076624,-0.036983177,0.41126293,9.94696,-0.47616577,0.76091003,9.760143,-0.47824654,0.8253914,0.037750244,-0.017120361,-0.008300781,-32.57904,-24.479675,-28.318787,0,0.0,0.0,0.0,0.0
0.381848145,-0.09402199,-0.69711083,0.7107717,0.023935437,-0.7153107,-0.69839644,0.9952823,-0.048651986,0.08394059,-0.1366569,-0.96600765,0.21944039,0.3831244,-0.25582016,-0.8875651,0.91353196,-0.03721892,0.4050607,9.94696,-0.47616577,0.76091003,9.7603855,-0.477113,0.82317597,0.035308838,-0.0070495605,-0.013046265,-32.57904,-24.479675,-28.318787,0,0.0,0.0,0.0,0.0
0.390148926,-0.093728065,-0.70034134,0.7076278,0.024435204,-0.7121607,-0.7015911,0.99529797,-0.048467748,0.08386243,-0.1420514,-0.960307,0.24006645,0.3683233,-0.27638984,-0.88766354,0.9187814,-0.03767177,0.39296502,9.94577,-0.43669128,0.8123627,9.760539,-0.47530624,0.8224095,0.04248047,0.0018157959,-0.0079956055,-32.218933,-24.119568,-28.138733,0,0.0,0.0,0.0,0.0
0.398449708,-0.09359916,-0.70043045,0.70755655,0.024639651,-0.71208835,-0.70165724,0.995305,-0.048240587,0.08390925,-0.14660594,-0.9544728,0.2597853,0.35402477,-0.29585493,-0.88720703,0.92367375,-0.038099382,0.38128108,9.962524,-0.39959717,0.8566284,9.760609,-0.4730786,0.8228687,0.04248047,0.004562378,-0.007385254,-32.218933,-24.119568,-28.138733,0,0.0,0.0,0.0,0.0
0.406750489,-0.09322149,-0.7082317,0.69979817,0.025867157,-0.7043444,-0.7093869,0.99530935,-0.04802832,0.08397999,-0.14861538,-0.9515014,0.26936668,0.34705967,-0.30525053,-0.886776,0.925993,-0.038302246,0.3755927,9.962524,-0.39959717,0.8566284,9.760651,-0.47099695,0.8235624,0.043701172,0.0068511963,-0.011047363,-31.678772,-23.2193,-27.719116,0,0.0,0.0,0.0,0.0
0.41505127,-0.09314948,-0.70828146,0.6997575,0.026015699,-0.7043047,-0.70942086,0.99531215,-0.047877513,0.08403206,-0.15199775,-0.9456134,0.28759697,0.33356637,-0.32298395,-0.88567203,0.9303925,-0.038687475,0.36451763,9.98764,-0.44625854,0.82432556,9.760678,-0.469518,0.824073,0.054855347,0.011428833,-0.007843018,-31.678772,-23.2193,-27.719116,0,0.0,0.0,0.0,0.0
0.423352051,-0.09333755,-0.70296365,0.7050745,0.025444929,-0.70961887,-0.70412606,0.99530935,-0.047780838,0.08412096,-0.15479738,-0.9396483,0.305121,0.3205645,-0.33990592,-0.88413936,0.9344924,-0.039051473,0.35383445,9.92543,-0.47257996,0.83151245,9.760651,-0.46856996,0.82494485,0.047058105,-1.6784668E-4,0.012619019,-31.799316,-23.339844,-27.479553,0,0.0,0.0,0.0,0.0
0.431652833,-0.093365416,-0.7029443,0.7050903,0.025487844,-0.7096391,-0.7041043,0.99530566,-0.04776775,0.08417228,-0.15604481,-0.93659335,0.3137561,0.31422415,-0.34821573,-0.88318115,0.9364364,-0.039226092,0.34863752,9.92543,-0.47257996,0.83151245,9.760614,-0.46844164,0.8254481,0.038208008,-1.6784668E-4,0.012619019,-31.799316,-23.339844,-27.479553,0,0.0,0.0,0.0,0.0
0.439953614,-0.09319202,-0.70768106,0.70035905,0.026007831,-0.7049104,-0.7088193,0.9953084,-0.047841486,0.08409727,-0.15816824,-0.9304557,0.3305073,0.3019063,-0.3642622,-0.88100266,0.9401252,-0.039564405,0.33852512,9.900299,-0.4630127,0.76690674,9.760642,-0.46916476,0.8247126,0.03729248,-1.6784668E-4,0.018417358,-31.559753,-23.039246,-27.479553,0,0.0,0.0,0.0,0.0
0.448254395,-0.09322769,-0.70765626,0.7003793,0.025944877,-0.7049307,-0.70880145,0.99530673,-0.047908667,0.084079124,-0.15976192,-0.9244028,0.34634623,0.29010248,-0.37932596,-0.8786083,0.94356596,-0.039892234,0.32877335,9.8524475,-0.43070984,0.79322815,9.760625,-0.46982354,0.8245346,0.021560669,0.009597778,0.017959595,-31.559753,-23.039246,-27.479553,0,0.0,0.0,0.0,0.0
0.456555176,-0.09341964,-0.70412236,0.7039066,0.025430888,-0.70845526,-0.70529735,0.99530196,-0.047987655,0.08409009,-0.16040781,-0.9213785,0.35402122,0.28437513,-0.38659734,-0.87731034,0.94519854,-0.04005259,0.32403037,9.8524475,-0.43070984,0.79322815,9.760578,-0.47059816,0.8246421,0.023544312,0.007003784,0.022842407,-31.13861,-23.2193,-27.359009,0,0.0,0.0,0.0,0.0
0.464855958,-0.093531005,-0.7040459,0.70396835,0.025343586,-0.70852226,-0.70523316,0.9952937,-0.048120078,0.08411184,-0.16147876,-0.91526777,0.3690658,0.27323213,-0.4008185,-0.87446487,0.9482978,-0.04036687,0.31480423,9.914658,-0.4558258,0.81715393,9.760497,-0.47189677,0.8248554,0.009185791,-0.0044403076,0.024673462,-31.13861,-23.2193,-27.359009,0,0.0,0.0,0.0,0.0
0.473156739,-0.093583845,-0.70245457,0.7055492,0.02508954,-0.7100981,-0.7036556,0.9952952,-0.048148897,0.08407797,-0.16221212,-0.90919036,0.38348404,0.26253843,-0.4143892,-0.8714099,0.95118916,-0.04067394,0.30591637,10.04866,-0.38763428,0.8374939,9.760512,-0.47217938,0.8245232,0.002319336,-0.008117676,0.013076782,-31.079102,-23.519897,-27.539063,0,0.0,0.0,0.0,0.0
0.48145752,-0.093522504,-0.7024964,0.7055157,0.025038354,-0.71005684,-0.7036991,0.99530226,-0.04814675,0.08399565,-0.16247343,-0.9061511,0.39050284,0.25734904,-0.42097926,-0.8697976,0.9525617,-0.040823463,0.3015951,10.04866,-0.38763428,0.8374939,9.760581,-0.47215834,0.8237159,0.0053710938,-0.013153076,0.020401001,-31.079102,-23.519897,-27.539063,0,0.0,0.0,0.0,0.0
0.489758301,-0.09354405,-0.7013606,0.706642,0.02481392,-0.711176,-0.70257586,0.99530584,-0.04818724,0.08392979,-0.16277964,-0.9001186,0.40409082,0.24729171,-0.43370068,-0.8664586,0.9551699,-0.04111351,0.2931895,10.067795,-0.43070984,0.8805542,9.760616,-0.47255543,0.8230701,0.008422852,-0.018188477,0.008804321,-30.778503,-23.519897,-27.418518,0,0.0,0.0,0.0,0.0
0.498059083,-0.093562305,-0.7013482,0.7066518,0.024724524,-0.711183,-0.70257187,0.9953063,-0.04826262,0.08388043,-0.16284227,-0.8941283,0.4171533,0.23764211,-0.44589353,-0.862963,0.95760566,-0.041393667,0.28509286,9.972092,-0.4510498,0.90448,9.760621,-0.47329462,0.82258606,0.02079773,-0.0070495605,0.0013122559,-30.778503,-23.519897,-27.418518,0,0.0,0.0,0.0,0.0
0.506359864,-0.093578145,-0.70057327,0.707418,0.024645958,-0.71194816,-0.7017994,0.9953068,-0.048238087,0.08388909,-0.16278619,-0.8911631,0.42347252,0.2329697,-0.45177814,-0.8611746,0.95876265,-0.041531067,0.28115723,9.972092,-0.4510498,0.90448,9.760626,-0.47305405,0.822671,0.028427124,9.0026855E-4,-6.1035156E-5,-31.199646,-23.458862,-27.359009,0,0.0,0.0,0.0,0.0
0.514660645,-0.09362668,-0.70053977,0.7074447,0.024740476,-0.7119836,-0.7017601,0.99529994,-0.048200946,0.08399235,-0.16252403,-0.88527894,0.4357375,0.2239182,-0.46317843,-0.85751176,0.9609613,-0.041796707,0.27350768,9.968506,-0.46180725,0.9176483,9.760558,-0.4726898,0.82368356,0.031326294,0.004714966,0.003753662,-31.199646,-23.458862,-27.359009,0,0.0,0.0,0.0,0.0
0.522961426,-0.093481645,-0.7069274,0.70108116,0.02571068,-0.7056439,-0.7081,0.99528897,-0.048169084,0.084140345,-0.16207127,-0.8794896,0.44747174,0.21525884,-0.47405678,-0.8537762,0.96301425,-0.042050347,0.2661489,9.954147,-0.49172974,0.8638153,9.76045,-0.47237733,0.8251349,0.038970947,0.0066986084,0.004058838,-31.3797,-23.399353,-27.778625,0,0.0,0.0,0.0,0.0
0.531262208,-0.09356319,-0.7068718,0.7011264,0.025761269,-0.7056986,-0.7080437,0.99527997,-0.04818492,0.08423732,-0.16174346,-0.8767195,0.45299226,0.21110228,-0.47914967,-0.8519692,0.9639891,-0.04217274,0.26257682,9.954147,-0.49172974,0.8638153,9.760363,-0.47253266,0.826086,0.046447754,0.013412476,2.4414063E-4,-31.3797,-23.399353,-27.778625,0,0.0,0.0,0.0,0.0
0.539562989,-0.09378122,-0.70251614,0.7054616,0.025270306,-0.71003586,-0.703712,0.9952721,-0.048167728,0.084340826,-0.16098252,-0.871259,0.4636728,0.20306286,-0.4889879,-0.84832555,0.96584165,-0.042410854,0.25563884,9.934998,-0.4737854,0.8279114,9.760285,-0.47236407,0.827101,0.038970947,0.020599365,0.0031433105,-31.439209,-23.75946,-27.83966,0,0.0,0.0,0.0,0.0
0.54786377,-0.09391622,-0.702424,0.7055355,0.025385126,-0.7101268,-0.703616,0.99525636,-0.048170842,0.08452354,-0.1601427,-0.8657894,0.4740918,0.1953387,-0.49858865,-0.8445425,0.96757275,-0.042638853,0.24896751,9.981659,-0.46540833,0.86979675,9.760131,-0.4723946,0.8288928,0.046905518,0.017089844,0.013381958,-31.439209,-23.75946,-27.83966,0,0.0,0.0,0.0,0.0
0.556164551,-0.09387323,-0.7077809,0.70016706,0.02622363,-0.7047864,-0.7089346,0.9952387,-0.04818907,0.08472118,-0.15968081,-0.86309695,0.47913018,0.19160706,-0.5032258,-0.84264493,0.96839494,-0.042749505,0.24573097,9.981659,-0.46540833,0.86979675,9.759958,-0.47257337,0.83083093,0.042633057,0.014175415,0.012466431,-31.199646,-23.519897,-27.95868,0,0.0,0.0,0.0,0.0
0.564465333,-0.09398736,-0.70770395,0.70022964,0.026315875,-0.7048633,-0.70885485,0.9952255,-0.04819624,0.08487209,-0.15862808,-0.8579549,0.488621,0.18444408,-0.51192516,-0.8389953,0.96995753,-0.04296494,0.23945042,10.009171,-0.4402771,0.87338257,9.759829,-0.47264367,0.8323109,0.0345459,0.0051727295,0.011703491,-31.199646,-23.519897,-27.95868,0,0.0,0.0,0.0,0.0
0.572766114,-0.09406727,-0.7076499,0.7002734,0.026381996,-0.7049172,-0.7087987,0.9952162,-0.048200157,0.08497886,-0.15807097,-0.85542804,0.4932103,0.18098369,-0.5161277,-0.83717203,0.97069997,-0.04306958,0.23640335,10.025925,-0.4402771,0.8805542,9.759737,-0.47268206,0.833358,0.03163147,0.0053253174,0.0098724365,-31.199646,-23.519897,-27.95868,0,0.0,0.0,0.0,0.0
0.581066895,-0.094301425,-0.70238537,0.7055225,0.025733858,-0.71016353,-0.70356613,0.995211,-0.048191484,0.08504453,-0.15690282,-0.8504648,0.50208664,0.17429568,-0.524249,-0.833537,0.9721124,-0.043272775,0.2304885,10.025925,-0.4402771,0.8805542,9.759686,-0.47259703,0.83400196,0.024307251,-0.0059814453,0.005279541,-31.318665,-23.81897,-27.89917,0,0.0,0.0,0.0,0.0
0.589367676,-0.094041795,-0.7086783,0.69923604,0.026593473,-0.70388615,-0.7098146,0.995213,-0.048157137,0.08504095,-0.15631962,-0.8479509,0.50650126,0.17104106,-0.52829754,-0.831653,0.9727842,-0.04337116,0.22761768,10.051056,-0.42712402,0.84825134,9.759706,-0.4722602,0.83396685,0.028884888,-0.015594482,0.0026855469,-31.13861,-23.098755,-27.598572,0,0.0,0.0,0.0,0.0
0.597668458,-0.09386925,-0.7087961,0.69913995,0.026540227,-0.7037726,-0.70992935,0.9952307,-0.048085198,0.08487421,-0.15504685,-0.84320694,0.5147452,0.16480431,-0.53582144,-0.82809114,0.97406363,-0.043560702,0.22204155,10.047455,-0.39361572,0.8805542,9.759879,-0.47155473,0.8323317,0.036834717,-0.033462524,0.00390625,-31.13861,-23.098755,-27.598572,0,0.0,0.0,0.0,0.0
0.605969239,-0.093396395,-0.71498805,0.69287026,0.027272847,-0.6974882,-0.7160771,0.9952554,-0.04798247,0.084642634,-0.15372053,-0.8385916,0.5226224,0.15884075,-0.54300183,-0.8245718,0.97526383,-0.04373989,0.21667303,9.988831,-0.4127655,0.86260986,9.760122,-0.47054732,0.8300608,0.038208008,-0.031784058,-6.1035156E-5,-31.13861,-22.619629,-27.539063,0,0.0,0.0,0.0,0.0
0.61427002,-0.09314793,-0.7151576,0.6927287,0.02722133,-0.6973228,-0.71624017,0.9952801,-0.047859285,0.08442171,-0.15301135,-0.8364275,0.5262857,0.1559831,-0.54632264,-0.82292217,0.97583646,-0.04382475,0.21406211,9.9218445,-0.43429565,0.8530426,9.760364,-0.46933928,0.8278942,0.039886475,-0.023391724,-0.0023498535,-31.13861,-22.619629,-27.539063,0,0.0,0.0,0.0,0.0
0.622570801,-0.09313676,-0.71110797,0.6968866,0.026646934,-0.7014585,-0.7122119,0.99529666,-0.04776322,0.084280424,-0.1515646,-0.83219606,0.5333648,0.15045506,-0.55273426,-0.81966347,0.9769296,-0.04398454,0.20898305,9.92543,-0.43070984,0.8123627,9.760526,-0.46839717,0.8265086,0.045074463,-0.01361084,-8.239746E-4,-31.498718,-23.039246,-27.719116,0,0.0,0.0,0.0,0.0
0.630871583,-0.093006566,-0.7111973,0.69681287,0.026693255,-0.70137584,-0.71229166,0.9953076,-0.04764759,0.08421673,-0.15012737,-0.8279576,0.5403222,0.1451348,-0.55905133,-0.8163318,0.9779559,-0.04413419,0.20409435,9.92543,-0.43070984,0.8123627,9.760633,-0.46726328,0.825884,0.05393982,0.014953613,-0.0034179688,-31.498718,-23.039246,-27.719116,0,0.0,0.0,0.0,0.0
0.639172364,-0.09286746,-0.7137005,0.6942674,0.027167782,-0.6988374,-0.71476436,0.99530774,-0.047516648,0.08428892,-0.14939998,-0.8258861,0.5436836,0.14256449,-0.56210154,-0.81468844,0.9784452,-0.044204462,0.20171998,9.939789,-0.4355011,0.7525482,9.760635,-0.4659792,0.82659197,0.061569214,0.020751953,-0.004333496,-31.498718,-23.098755,-27.95868,0,0.0,0.0,0.0,0.0
0.647473145,-0.092808425,-0.71374065,0.694234,0.027308904,-0.69880575,-0.71479005,0.9953095,-0.047379766,0.08434653,-0.14791612,-0.82191485,0.5500699,0.13762198,-0.5678824,-0.81152314,0.97937787,-0.044335637,0.1971125,9.954147,-0.4127655,0.72262573,9.760652,-0.46463677,0.82715696,0.06278992,0.021514893,-0.0069274902,-31.498718,-23.098755,-27.95868,0,0.0,0.0,0.0,0.0
0.655773926,-0.0928855,-0.70797706,0.70010054,0.026697282,-0.70465845,-0.7090442,0.9953188,-0.047169145,0.08435362,-0.1464264,-0.8180639,0.55617505,0.13290367,-0.5734065,-0.80841917,0.980253,-0.04445619,0.19268554,9.927826,-0.39720154,0.6963043,9.760743,-0.46257132,0.82722646,0.06767273,0.020446777,-0.006164551,-31.498718,-23.2193,-27.659607,0,0.0,0.0,0.0,0.0
0.664074708,-0.092729114,-0.70808446,0.7000126,0.026859548,-0.70456475,-0.7091311,0.99532896,-0.046955068,0.08435249,-0.14570044,-0.8160881,0.5592599,0.13060202,-0.5762109,-0.80679864,0.9806704,-0.04451045,0.19053693,9.913467,-0.38046265,0.7405853,9.760843,-0.46047193,0.82721543,0.065078735,0.016479492,-0.009979248,-31.498718,-23.2193,-27.659607,0,0.0,0.0,0.0,0.0
0.672375489,-0.09265746,-0.7084029,0.69969994,0.027067993,-0.7042554,-0.7094305,0.99533004,-0.046794556,0.084429555,-0.1442424,-0.8122303,0.56522214,0.1261586,-0.58162886,-0.80361176,0.9814673,-0.044607267,0.18636537,9.913467,-0.38046265,0.7405853,9.760854,-0.45889783,0.8279711,0.06477356,0.005630493,-0.0037231445,-31.799316,-23.2193,-27.719116,0,0.0,0.0,0.0,0.0
0.68067627,-0.092589475,-0.7084499,0.69966125,0.027196102,-0.7042169,-0.70946383,0.9953329,-0.046660822,0.08447015,-0.14278473,-0.8085021,0.5709088,0.12192142,-0.5867937,-0.80050504,0.9822157,-0.044693887,0.1823589,9.956528,-0.43190002,0.8267212,9.760881,-0.45758635,0.82836926,0.05256653,-0.012237549,9.1552734E-5,-31.799316,-23.2193,-27.719116,0,0.0,0.0,0.0,0.0
0.688977051,-0.09229812,-0.7129891,0.6950739,0.027818758,-0.6996275,-0.7139661,0.99534273,-0.04656163,0.08440877,-0.14205778,-0.80668265,0.5736573,0.119876415,-0.58928937,-0.79897916,0.98257273,-0.04473323,0.18041538,9.956528,-0.43190002,0.8267212,9.760978,-0.4566136,0.82776725,0.04385376,-0.010406494,-2.1362305E-4,-31.678772,-23.039246,-27.83966,0,0.0,0.0,0.0,0.0
0.697277833,-0.092230886,-0.71303517,0.6950355,0.027781714,-0.6995816,-0.7140124,0.99535,-0.046544716,0.08433237,-0.14057918,-0.8032825,0.57877004,0.11595925,-0.5939105,-0.7961305,0.98325527,-0.044805635,0.17663948,9.96611,-0.4510498,0.83509827,9.761049,-0.45644775,0.8270181,0.03439331,-0.010253906,0.014907837,-31.678772,-23.039246,-27.83966,0,0.0,0.0,0.0,0.0
0.705578614,-0.09227701,-0.7119292,0.6961621,0.027635533,-0.7007069,-0.71291375,0.9953498,-0.046546746,0.08433369,-0.13911684,-0.79999346,0.5836583,0.11221373,-0.59832823,-0.7933545,0.9838976,-0.0448745,0.17300779,9.944565,-0.4091797,0.8949127,9.761047,-0.45646766,0.82703096,0.022323608,-0.017578125,0.020858765,-31.3797,-22.979736,-27.659607,0,0.0,0.0,0.0,0.0
0.713879395,-0.09234856,-0.7118803,0.69620264,0.027512457,-0.7007478,-0.7128784,0.9953466,-0.046679046,0.084298626,-0.13839701,-0.79837054,0.5860467,0.11039907,-0.6004896,-0.79197496,0.9842044,-0.044907946,0.17124532,9.893127,-0.45703125,0.8925171,9.761016,-0.45776507,0.82668716,0.010726929,-0.016052246,0.024215698,-31.3797,-22.979736,-27.659607,0,0.0,0.0,0.0,0.0
0.722180176,-0.09245117,-0.7118101,0.69626075,0.027341463,-0.7008067,-0.7128271,0.9953418,-0.04686491,0.08425233,-0.13697773,-0.79520273,0.59066886,0.10688597,-0.60467315,-0.78926915,0.98479056,-0.044978082,0.16782278,9.933807,-0.50727844,0.8757782,9.760969,-0.4595878,0.82623315,-0.0027160645,-0.013458252,0.029266357,-31.3797,-22.979736,-27.659607,0,0.0,0.0,0.0,0.0
0.730480958,-0.09257024,-0.71167505,0.6963831,0.02712043,-0.70092887,-0.71271545,0.9953368,-0.047090027,0.08418608,-0.13627937,-0.7936571,0.59290504,0.105184734,-0.6066976,-0.787943,0.98507065,-0.04501582,0.16616099,9.949356,-0.4665985,0.88175964,9.76092,-0.46179542,0.8255834,-0.0027160645,-0.01651001,0.027282715,-31.3797,-23.15979,-27.83966,0,0.0,0.0,0.0,0.0
0.738781739,-0.09268674,-0.7121654,0.69586605,0.027019497,-0.700416,-0.7132231,0.9953286,-0.04730438,0.08416164,-0.13490716,-0.7906383,0.5972361,0.10188647,-0.61062026,-0.7853419,0.985606,-0.045097966,0.16293241,9.937393,-0.45224,0.9176483,9.760839,-0.46389753,0.8253438,-0.017074585,-0.01651001,0.029418945,-31.498718,-23.2193,-27.95868,0,0.0,0.0,0.0,0.0
0.74708252,-0.09283616,-0.7120638,0.69595,0.026850425,-0.7005047,-0.7131423,0.99531925,-0.047518842,0.084151395,-0.1335637,-0.7877381,0.6013564,0.098731,-0.6143509,-0.7828315,0.98611003,-0.045185342,0.15982914,9.94696,-0.46420288,0.8889313,9.760748,-0.46600068,0.8252433,-0.04058838,-0.008880615,0.025436401,-31.498718,-23.2193,-27.95868,0,0.0,0.0,0.0,0.0
0.755383301,-0.09298429,-0.7119632,0.69603336,0.02668285,-0.70059276,-0.7130623,0.99530995,-0.04773143,0.084141314,-0.1329054,-0.7863232,0.60335064,0.097202376,-0.61615735,-0.7816021,0.9863508,-0.045232017,0.15832312,9.94696,-0.46420288,0.8889313,9.760656,-0.46808544,0.8251444,-0.04058838,-0.0019989014,0.022537231,-31.498718,-23.2193,-27.95868,0,0.0,0.0,0.0,0.0
0.763684083,-0.09301635,-0.71629524,0.6915699,0.027149875,-0.6961477,-0.71738505,0.9952944,-0.047952503,0.08420045,-0.13161612,-0.78356194,0.6072132,0.09423952,-0.61965775,-0.7791939,0.98681104,-0.045330998,0.15539944,9.98645,-0.4665985,0.93440247,9.760504,-0.47025344,0.82572436,-0.03982544,0.012802124,0.03048706,-31.3797,-22.918701,-27.95868,0,0.0,0.0,0.0,0.0
0.771984864,-0.09332728,-0.7160846,0.69174623,0.027094446,-0.69634795,-0.7171927,0.99526674,-0.048191164,0.08439017,-0.13034016,-0.7810488,0.61071616,0.09143447,-0.62281495,-0.7770079,0.9872442,-0.045434818,0.15259258,10.0247345,-0.44386292,0.91166687,9.760233,-0.47259387,0.82758486,-0.01600647,0.012802124,0.03491211,-31.3797,-22.918701,-27.95868,0,0.0,0.0,0.0,0.0
0.780285645,-0.09355555,-0.71535224,0.69247264,0.026970305,-0.69708884,-0.71647716,0.9952487,-0.048354227,0.08450981,-0.12972009,-0.77982116,0.61241466,0.09007707,-0.6243474,-0.7759359,0.98745066,-0.04548995,0.1512344,10.012772,-0.41635132,0.8757782,9.7600565,-0.47419304,0.82875824,-0.008834839,0.0068511963,0.027420044,-31.259155,-22.918701,-27.89917,0,0.0,0.0,0.0,0.0
0.788586426,-0.0936758,-0.71631557,0.69145983,0.027091604,-0.6960906,-0.7174425,0.9952341,-0.048474252,0.08461299,-0.12851384,-0.7774046,0.6157323,0.08744494,-0.6273455,-0.7738159,0.9878449,-0.045603383,0.14860268,10.035492,-0.4665985,0.89849854,9.7599125,-0.47537005,0.82976997,0.0010986328,0.0066986084,0.015975952,-31.619263,-22.738647,-27.83966,0,0.0,0.0,0.0,0.0
0.796887208,-0.09380418,-0.71622753,0.69153374,0.027065873,-0.6961743,-0.71736234,0.9952227,-0.048574623,0.08468938,-0.12733898,-0.77510726,0.6188647,0.08493377,-0.6301735,-0.77179503,0.9882161,-0.045717075,0.14607842,10.033112,-0.4665985,0.8889313,9.759801,-0.47635433,0.8305191,0.019119263,-0.01361084,0.003753662,-31.619263,-22.738647,-27.83966,0,0.0,0.0,0.0,0.0
0.805187989,-0.09379968,-0.71623063,0.6915312,0.027044687,-0.6961703,-0.7173671,0.99522364,-0.048586555,0.084670775,-0.12676555,-0.7739877,0.6203817,0.08371869,-0.6315439,-0.7708071,0.9883935,-0.04577423,0.14485525,10.033112,-0.4665985,0.8889313,9.75981,-0.47647136,0.8303367,0.031021118,-0.0128479,0.0019226074,-31.619263,-22.738647,-27.83966,0,0.0,0.0,0.0,0.0
0.81348877,-0.09375277,-0.7156607,0.6921272,0.026954673,-0.69675887,-0.71679866,0.99523056,-0.048545804,0.08461349,-0.1256411,-0.77180856,0.62331843,0.081366226,-0.6341972,-0.76887804,0.98873353,-0.045885608,0.14248037,10.053452,-0.45703125,0.89730835,9.759878,-0.47607172,0.82977486,0.034240723,-0.024307251,9.1552734E-5,-31.439209,-22.979736,-28.019714,0,0.0,0.0,0.0,0.0
0.821789551,-0.093618646,-0.7157517,0.6920514,0.026847493,-0.6966663,-0.7168928,0.99524605,-0.04853468,0.08443709,-0.124546595,-0.7696865,0.6261555,0.079109855,-0.6367633,-0.7669903,0.989055,-0.04599096,0.14019649,10.045074,-0.49172974,0.8386841,9.76003,-0.47596264,0.82804495,0.036987305,-0.023086548,-0.0049438477,-31.439209,-22.979736,-28.019714,0,0.0,0.0,0.0,0.0
0.830090333,-0.09394341,-0.70310515,0.7048529,0.025073022,-0.70943016,-0.7043293,0.99526167,-0.048494324,0.08427528,-0.12400799,-0.76865584,0.6275271,0.078015946,-0.63800347,-0.76607126,0.98920953,-0.046041835,0.13908494,10.005585,-0.4905243,0.84347534,9.760183,-0.47556686,0.8264582,0.036987305,-0.013305664,-0.0018920898,-31.498718,-23.579407,-27.719116,0,0.0,0.0,0.0,0.0
0.838391114,-0.09372419,-0.705944,0.70203906,0.025408078,-0.7066093,-0.70714766,0.99527395,-0.048439372,0.08416306,-0.12300207,-0.76619375,0.6307279,0.07580701,-0.64095116,-0.7638291,0.9895069,-0.04613896,0.13692117,9.963715,-0.49650574,0.80158997,9.7603035,-0.47502798,0.82535774,0.036834717,-0.010101318,-0.009521484,-31.3797,-23.458862,-27.778625,0,0.0,0.0,0.0,0.0
0.846691895,-0.09356289,-0.7060541,0.7019499,0.025370318,-0.7065045,-0.7072537,0.9952901,-0.048364013,0.08401542,-0.122005045,-0.7639207,0.6336718,0.07371093,-0.643652,-0.76176035,0.9897886,-0.04623006,0.1348381,9.948166,-0.47138977,0.79800415,9.760462,-0.47428897,0.8239099,0.042633057,-0.0154418945,0.001159668,-31.3797,-23.458862,-27.778625,0,0.0,0.0,0.0,0.0
0.854992676,-0.093421,-0.70615095,0.70187134,0.025313906,-0.70641106,-0.707349,0.9953048,-0.04831414,0.083869055,-0.12151322,-0.7628169,0.63509446,0.07269608,-0.64495677,-0.7607536,0.98992413,-0.04627274,0.13382457,9.948166,-0.47138977,0.79800415,9.760607,-0.4737999,0.82247454,0.042633057,-0.009033203,0.0019226074,-31.3797,-23.458862,-27.778625,0,0.0,0.0,0.0,0.0
0.863293458,-0.09332024,-0.7058883,0.7021488,0.025183156,-0.70667416,-0.7070908,0.99531764,-0.048303563,0.08372351,-0.12054412,-0.7606718,0.63784605,0.07072948,-0.64747953,-0.75879353,0.9901851,-0.046353582,0.13185178,9.932602,-0.48335266,0.78245544,9.760732,-0.47369614,0.8210472,0.035614014,-0.0078125,0.0028381348,-31.559753,-23.519897,-27.83966,0,0.0,0.0,0.0,0.0
0.871594239,-0.09323843,-0.7059443,0.7021034,0.025121324,-0.70661885,-0.7071484,0.9953269,-0.048295632,0.08361828,-0.119599015,-0.75859445,0.6404924,0.068841524,-0.64990664,-0.7568899,0.99043274,-0.046430808,0.129951,9.902695,-0.47616577,0.78245544,9.760822,-0.4736184,0.82001525,0.031799316,4.4250488E-4,0.010177612,-31.559753,-23.519897,-27.83966,0,0.0,0.0,0.0,0.0
0.87989502,-0.093367025,-0.70152014,0.7065069,0.024471413,-0.71100914,-0.70275664,0.9953309,-0.048325084,0.08355201,-0.11913494,-0.7575849,0.6417725,0.067926735,-0.6510805,-0.75596315,0.9905518,-0.04646811,0.1290267,9.9039,-0.43310547,0.7920227,9.760862,-0.4739072,0.8193653,0.023086548,0.0013580322,0.010787964,-31.678772,-23.699951,-27.719116,0,0.0,0.0,0.0,0.0
0.888195801,-0.09314176,-0.70557725,0.70248514,0.024900176,-0.7069823,-0.7067927,0.9953414,-0.048339915,0.08341857,-0.11824238,-0.7554594,0.64443755,0.06612411,-0.65354025,-0.75399786,0.99078065,-0.046541646,0.12723024,9.9039,-0.43310547,0.7920227,9.760965,-0.47405264,0.81805676,0.020950317,-0.0021514893,0.018112183,-31.799316,-23.519897,-27.83966,0,0.0,0.0,0.0,0.0
0.896496583,-0.09307417,-0.7056238,0.70244735,0.024775751,-0.7069328,-0.7068467,0.9953509,-0.048385516,0.08327954,-0.1177966,-0.75450045,0.64564157,0.06526329,-0.6546446,-0.7531143,0.9908908,-0.046577614,0.1263561,9.948166,-0.43310547,0.7298126,9.761058,-0.47449982,0.81669337,0.022476196,5.950928E-4,0.017044067,-31.799316,-23.519897,-27.83966,0,0.0,0.0,0.0,0.0
