Time,Rot1,Rot2,Rot3,Rot4,Rot5,Rot6,Rot7,Rot8,Rot9,FRot1,FRot2,FRot3,FRot4,FRot5,FRot6,FRot7,FRot8,FRot9,AccX,AccY,AccZ,GravX,GravY,GravZ,GyroX,GyroY,GyroZ,MagX,MagY,MagZ,Imid
0.0,0.0,0.0,0.0,0.0,0.0,0.0,0.0,0.0,0.0,1.0,0.0,0.0,0.0,1.0,0.0,0.0,0.0,1.0,10.025925,0.14596558,-0.17826843,9.804437,0.14616881,-0.14846496,0.0,0.0,0.0,0.0,0.0,0.0,0,0.0,0.0,0.0,0.0
0.008300782,-0.02071203,0.51591164,-0.85639143,-0.004913863,0.8565123,0.5161033,0.9997734,0.014897736,-0.015204988,1.0,0.0,0.0,0.0,1.0,0.0,0.0,0.0,1.0,10.022339,0.15792847,-0.15553284,9.804428,0.14609689,-0.14911,0.0010986328,-0.0019989014,0.0013122559,-23.81897,39.179993,24.179077,0,0.0,0.0,0.0,0.0
0.016601563,-0.020738559,0.5158996,-0.856398,-0.00490357,0.8565194,0.51609147,0.9997729,0.014902403,-0.01523323,0.99779767,0.021467006,-0.06276258,-0.021461705,0.9997694,7.586912E-4,0.062764384,5.8997155E-4,0.9980282,10.0247345,0.15792847,-0.16989136,9.804423,0.14614265,-0.14938696,0.003692627,0.0019683838,-0.0011291504,-23.81897,39.179993,24.179077,0,0.0,0.0,0.0,0.0
0.024902344,-0.020735698,0.51455355,-0.85720754,-0.004957717,0.8573284,0.51474607,0.9997727,0.01492341,-0.015226291,0.9951449,0.031876348,-0.09311547,-0.031819373,0.99949145,0.0020968255,0.09313496,8.762308E-4,0.99565315,10.060623,0.1651001,-0.14476013,9.804421,0.14634866,-0.1493189,0.0059814453,-0.003692627,-3.6621094E-4,-23.81897,38.819885,23.878479,0,0.0,0.0,0.0,0.0
0.033203125,-0.020741241,0.51218295,-0.85862595,-0.0050438335,0.8587461,0.5123765,0.99977213,0.014958088,-0.015228093,0.98706347,0.052001636,-0.15166238,-0.051616255,0.99864596,0.0064795464,0.15179399,0.0014325201,0.9884111,10.018753,0.17108154,-0.15074158,9.804416,0.14668874,-0.14933658,0.0070495605,0.0027313232,-0.0018920898,-23.999023,38.75885,23.699951,0,0.0,0.0,0.0,0.0
0.041503907,-0.020742396,0.5121824,-0.8586262,-0.005073162,0.85874593,0.51237637,0.99977195,0.014983864,-0.015214064,0.98176104,0.06170116,-0.17982873,-0.060998768,0.99809325,0.009438436,0.1800682,0.001703042,0.98365265,10.018753,0.17108154,-0.15074158,9.804414,0.14694151,-0.14919901,0.008117676,0.0037994385,0.003753662,-23.999023,38.75885,23.699951,0,0.0,0.0,0.0,0.0
0.049804688,-0.020729411,0.51218843,-0.85862285,-0.00509477,0.85874206,0.51238257,0.99977213,0.014995876,-0.015191737,0.96892154,0.080504626,-0.23390175,-0.07878124,0.9967517,0.016717644,0.23448782,0.0022289832,0.9721165,10.039093,0.16151428,-0.16390991,9.804416,0.1470593,-0.14898005,0.0072021484,0.0066986084,-6.1035156E-5,-23.999023,38.75885,23.699951,0,0.0,0.0,0.0,0.0
0.058105469,-0.02070746,0.5124093,-0.8584915,-0.0051143123,0.8586101,0.5126035,0.99977255,0.015005313,-0.0151590165,0.9534679,0.098536864,-0.28493744,-0.09519767,0.9951296,0.025581153,0.28607038,0.0027345724,0.9582047,10.025925,0.14715576,-0.16151428,9.8044195,0.14715186,-0.14865917,0.009811401,0.0050201416,0.0019226074,-23.939514,38.938904,23.81897,0,0.0,0.0,0.0,0.0
0.06640625,-0.020678936,0.5124225,-0.85848445,-0.0051118257,0.85860264,0.51261616,0.9997731,0.014988779,-0.015135573,0.94488883,0.10727723,-0.30931637,-0.10288545,0.99422467,0.030526508,0.31080475,0.0029799973,0.95046914,10.025925,0.14715576,-0.16151428,9.804425,0.14698972,-0.14842927,0.006286621,0.0015106201,-2.1362305E-4,-23.939514,38.938904,23.81897,0,0.0,0.0,0.0,0.0
0.074707032,-0.020635558,0.50706977,-0.8616579,-0.0052396106,0.86177474,0.507264,0.9997733,0.014982428,-0.015126356,0.9262642,0.12421335,-0.3558169,-0.11720048,0.99224955,0.041290972,0.35818803,0.003455564,0.9336431,10.016357,0.17228699,-0.15553284,9.804427,0.14692743,-0.14833888,0.0027770996,0.0041046143,-0.0011291504,-24.179077,38.879395,23.458862,0,0.0,0.0,0.0,0.0
0.083007813,-0.020625463,0.50712574,-0.86162525,-0.005282408,0.86174124,0.50732046,0.9997733,0.0150151765,-0.015094969,0.90600646,0.14020078,-0.39936945,-0.1298826,0.99011534,0.05293461,0.40284333,0.0039120466,0.9152606,10.016357,0.17228699,-0.15553284,9.804427,0.14724858,-0.14803109,0.01423645,0.010513306,-0.0012817383,-24.179077,39.179993,23.638916,0,0.0,0.0,0.0,0.0
0.091308594,-0.020567892,0.50715256,-0.86161083,-0.005345817,0.861725,0.50734735,0.99977416,0.01504108,-0.015012722,0.89535564,0.14794387,-0.42006043,-0.13571052,0.98898715,0.059051957,0.42417076,0.004134118,0.90557283,10.046265,0.17228699,-0.15074158,9.804436,0.14750262,-0.14722452,0.009811401,0.021057129,0.0036010742,-24.179077,39.179993,23.638916,0,0.0,0.0,0.0,0.0
0.099609375,-0.020460606,0.50720257,-0.86158395,-0.0054008104,0.86169577,0.50739664,0.9997761,0.015034893,-0.01489151,0.8731939,0.16294347,-0.4593276,-0.1463615,0.98662484,0.07176164,0.4648771,0.004566051,0.88536346,10.018753,0.15792847,-0.1651001,9.804454,0.14744192,-0.14603582,0.003692627,0.016784668,0.001159668,-24.179077,39.179993,23.638916,0,0.0,0.0,0.0,0.0
0.107910157,-0.020266142,0.5022808,-0.864467,-0.005634161,0.8645735,0.5024747,0.99977875,0.015053771,-0.014691639,0.85010594,0.17731592,-0.49586186,-0.15571228,0.98414135,0.08496723,0.5030642,0.0049806335,0.8642347,10.016357,0.17945862,-0.10647583,9.804481,0.14762707,-0.14407577,-0.0042419434,0.009902954,-8.239746E-4,-23.939514,39.718628,23.638916,0,0.0,0.0,0.0,0.0
0.116210938,-0.020151535,0.5023333,-0.86443925,-0.005730582,0.86454254,0.5025269,0.9997805,0.015080428,-0.014543196,0.83830965,0.1841618,-0.5131485,-0.15982153,0.9828823,0.091648795,0.5212428,0.005182104,0.8533927,10.016357,0.17945862,-0.10647583,9.804498,0.14788848,-0.14262004,7.9345703E-4,0.00440979,0.0034484863,-23.939514,39.718628,23.638916,0,0.0,0.0,0.0,0.0
0.124511719,-0.02011058,0.49652153,-0.8677915,-0.0058824173,0.86789316,0.49671605,0.9997804,0.015093959,-0.014533088,0.81431186,0.19742203,-0.5458212,-0.16715388,0.9803027,0.105195604,0.5558379,0.005574093,0.831272,10.035492,0.16390991,-0.1531372,9.804497,0.14802118,-0.1425209,0.0039978027,-0.0027618408,-9.765625E-4,-24.238586,39.59961,23.2193,0,0.0,0.0,0.0,0.0
0.1328125,-0.020151904,0.49742734,-0.86727154,-0.005828631,0.8673745,0.49762183,0.99977994,0.015083033,-0.014579926,0.7899768,0.20986345,-0.5761024,-0.17314656,0.97771263,0.11873646,0.58818096,0.005951096,0.8087074,10.035492,0.14476013,-0.1603241,9.804492,0.14791402,-0.14298023,0.009033203,-7.7819824E-4,-9.765625E-4,-24.41864,39.179993,23.039246,0,0.0,0.0,0.0,0.0
0.141113282,-0.020182097,0.49741295,-0.86727905,-0.005799413,0.8673829,0.49760744,0.99977946,0.015072471,-0.014620902,0.77771604,0.21590644,-0.5903745,-0.17576486,0.9763947,0.12553857,0.6035432,0.0061337412,0.79730666,10.035492,0.14476013,-0.1603241,9.804487,0.14781046,-0.14338207,0.012710571,-0.0019989014,8.544922E-4,-24.41864,39.179993,23.039246,0,0.0,0.0,0.0,0.0
0.149414063,-0.020132842,0.49743646,-0.8672668,-0.0057970816,0.8673699,0.49763018,0.9997805,0.0150463255,-0.014578939,0.7531111,0.22760782,-0.61726683,-0.18025391,0.9737313,0.1391256,0.6327181,0.006487729,0.77435505,10.021133,0.14596558,-0.088531494,9.804498,0.14755405,-0.14297056,0.0041503906,-0.007659912,0.0045166016,-24.41864,39.179993,23.039246,0,0.0,0.0,0.0,0.0
0.157714844,-0.020179259,0.4969614,-0.867538,-0.005752977,0.8676426,0.49715513,0.9997798,0.015023149,-0.014649376,0.7285093,0.23881589,-0.64206016,-0.18380754,0.97104084,0.15262511,0.6599159,0.0068266625,0.75130844,10.034302,0.16270447,-0.14476013,9.804491,0.14732677,-0.1436613,0.006439209,-0.008575439,-8.239746E-4,-24.539185,39.118958,22.979736,0,0.0,0.0,0.0,0.0
0.166015625,-0.020238865,0.49693277,-0.867553,-0.005713256,0.8676591,0.49712685,0.99977887,0.015017835,-0.014721331,0.7162479,0.24423039,-0.65371275,-0.18524733,0.969692,0.15931347,0.67280924,0.0069905985,0.739783,10.034302,0.16270447,-0.14476013,9.8044815,0.14727466,-0.14436695,0.008575439,-0.0073547363,0.0013122559,-24.539185,39.118958,22.979736,0,0.0,0.0,0.0,0.0
0.174316407,-0.020310538,0.49463752,-0.86886203,-0.0057533905,0.8689691,0.49483296,0.9997772,0.015049227,-0.014803388,0.6918659,0.2547135,-0.6756053,-0.18751347,0.966989,0.17254297,0.6972519,0.0073084887,0.71678895,10.018753,0.18304443,-0.16151428,9.804464,0.14758249,-0.14517164,0.0078125,-0.005050659,0.006652832,-24.778748,38.819885,22.679138,0,0.0,0.0,0.0,0.0
0.182617188,-0.02036474,0.494611,-0.8688758,-0.0057261363,0.8689841,0.49480683,0.99977624,0.015051916,-0.014864427,0.6797779,0.2597366,-0.68588555,-0.18832216,0.9656507,0.17903513,0.7088278,0.007463309,0.7053422,10.018753,0.18304443,-0.16151428,9.804456,0.14760888,-0.14577024,0.0078125,-0.0023040771,0.0075683594,-24.778748,38.819885,22.679138,0,0.0,0.0,0.0,0.0
0.190917969,-0.020343563,0.4891539,-0.87196016,-0.0058093253,0.87206817,0.48935,0.99977624,0.015020624,-0.014899321,0.65583915,0.26946208,-0.7051703,-0.18940921,0.9629797,0.19181825,0.7307524,0.007763829,0.6825984,10.02713,0.17108154,-0.15194702,9.804456,0.147302,-0.14611243,0.0015563965,-0.003692627,0.009262085,-25.79956,37.85858,21.839905,0,0.0,0.0,0.0,0.0
0.19921875,-0.02035099,0.48915,-0.87196225,-0.0057512387,0.87207115,0.48934528,0.9997763,0.014973525,-0.014934293,0.6323232,0.27853817,-0.7228996,-0.18968682,0.9603914,0.20412555,0.7511233,0.008051209,0.6601128,10.009171,0.16390991,-0.15434265,9.804457,0.14684013,-0.14645539,0.008880615,5.950928E-4,0.0074310303,-25.79956,37.85858,21.839905,0,0.0,0.0,0.0,0.0
0.207519532,-0.02030959,0.48374057,-0.87497574,-0.0058337227,0.875084,0.48393583,0.9997767,0.014932904,-0.01495059,0.62072414,0.2829315,-0.73119855,-0.1896067,0.95910513,0.21015854,0.76075673,0.0081896605,0.64898545,10.009171,0.16390991,-0.15434265,9.804461,0.14644177,-0.1466152,0.010253906,5.950928E-4,0.00390625,-25.91858,37.979126,21.598816,0,0.0,0.0,0.0,0.0
0.215820313,-0.020277245,0.48375767,-0.874967,-0.0058354917,0.87507474,0.4839525,0.9997774,0.014919087,-0.014921142,0.597922,0.2912048,-0.74678576,-0.18889916,0.9566234,0.2217856,0.77897775,0.008456701,0.62699455,10.02713,0.16151428,-0.13639832,9.804466,0.14630626,-0.14632641,0.0046081543,2.89917E-4,-0.004180908,-25.91858,37.979126,21.598816,0,0.0,0.0,0.0,0.0
0.224121094,-0.020246867,0.48314202,-0.87530774,-0.005890148,0.8754144,0.48333713,0.9997777,0.0149417585,-0.014878624,0.5756195,0.2991307,-0.7610408,-0.18772253,0.9541724,0.23305653,0.7958784,0.008712621,0.60539377,10.030716,0.16749573,-0.12562561,9.80447,0.1465286,-0.14590946,0.0033874512,0.0010528564,0.002532959,-25.979614,37.5,21.299744,0,0.0,0.0,0.0,0.0
0.232421875,-0.02023508,0.4831484,-0.87530464,-0.0059220167,0.87541056,0.48334378,0.9997777,0.014964068,-0.014852791,0.5646693,0.30295438,-0.76770264,-0.18696707,0.9529641,0.238543,0.8038606,0.008837207,0.594752,10.030716,0.16749573,-0.12562561,9.80447,0.14674738,-0.14565612,0.0030822754,-0.0047454834,5.493164E-4,-25.979614,37.5,21.299744,0,0.0,0.0,0.0,0.0
0.240722657,-0.020256117,0.48649785,-0.873447,-0.005829086,0.873554,0.4866926,0.99977785,0.014949897,-0.014858969,0.543182,0.31036004,-0.7801474,-0.18516974,0.9505757,0.24923477,0.8189416,0.009079839,0.5738049,10.023529,0.15194702,-0.12921143,9.804472,0.14660841,-0.14571671,0.0043029785,-0.003692627,0.008041382,-26.45874,36.59973,20.999146,0,0.0,0.0,0.0,0.0
0.249023438,-0.02026733,0.48649153,-0.8734502,-0.005801596,0.87355775,0.48668605,0.9997778,0.014931232,-0.014882255,0.52223545,0.31759855,-0.79145515,-0.18310618,0.9481796,0.2596684,0.8329119,0.009312299,0.55332726,10.025925,0.16270447,-0.13040161,9.804471,0.14642537,-0.14594507,0.013931274,-0.008728027,0.0034484863,-26.45874,36.59973,20.999146,0,0.0,0.0,0.0,0.0
0.257324219,-0.020266876,0.4836747,-0.8750132,-0.00582933,0.8751209,0.48386928,0.9997776,0.014907259,-0.014916466,0.511981,0.32110277,-0.79672366,-0.18195462,0.94699746,0.264742,0.83950466,0.009424681,0.5432708,10.025925,0.16270447,-0.13040161,9.804469,0.14619027,-0.14628056,0.0068969727,-0.009338379,0.00390625,-26.519775,36.11908,20.579529,0,0.0,0.0,0.0,0.0
0.265625,-0.020339858,0.48363322,-0.8750344,-0.005777833,0.875144,0.4838281,0.9997764,0.014896797,-0.015005952,0.4919398,0.32776928,-0.8065746,-0.179375,0.9447086,0.27450004,0.8519506,0.009641798,0.5235334,10.025925,0.15672302,-0.16151428,9.804458,0.14608768,-0.14715812,0.013458252,-0.0059814453,9.1552734E-5,-26.519775,36.11908,20.579529,0,0.0,0.0,0.0,0.0
0.273925782,-0.020408528,0.48343813,-0.8751406,-0.00576211,0.87525153,0.4836338,0.9997752,0.01491291,-0.015076973,0.47249565,0.33415467,-0.8155296,-0.17654915,0.9424668,0.28387806,0.8634687,0.009849902,0.50430614,10.0295105,0.1603241,-0.16390991,9.804445,0.14624569,-0.1478546,0.011627197,-0.0019989014,-6.713867E-4,-26.579285,36.239624,20.639038,0,0.0,0.0,0.0,0.0
0.282226563,-0.020460736,0.48340845,-0.87515575,-0.0057585994,0.8752675,0.48360482,0.9997741,0.014934582,-0.015124861,0.46299928,0.33724216,-0.8196947,-0.17505367,0.94136536,0.28842247,0.86890036,0.009951166,0.49488693,10.0295105,0.1603241,-0.16390991,9.804435,0.14645822,-0.14832422,0.009338379,-0.0047454834,9.1552734E-5,-26.579285,36.239624,20.639038,0,0.0,0.0,0.0,0.0
0.290527344,-0.020466829,0.47833624,-0.8779382,-0.0058905105,0.8780492,0.47853407,0.9997732,0.014965578,-0.015153237,0.444458,0.34322155,-0.8274394,-0.17192255,0.9391996,0.29723164,0.8791471,0.010148514,0.47644234,10.02713,0.17347717,-0.1531372,9.804425,0.14676218,-0.14860249,0.006134033,-0.0016937256,0.0013122559,-27.119446,36.05957,20.27893,0,0.0,0.0,0.0,0.0
0.298828125,-0.020497577,0.4783182,-0.8779474,-0.005900153,0.8780587,0.4785166,0.9997724,0.014988453,-0.015175922,0.42655686,0.34873635,-0.83452517,-0.16853358,0.93716383,0.30548385,0.8886201,0.010339275,0.45852742,10.039093,0.18066406,-0.17108154,9.804419,0.14698651,-0.14882496,0.0128479,-0.002456665,0.002380371,-27.119446,36.05957,20.27893,0,0.0,0.0,0.0,0.0
0.307128907,-0.02055585,0.48026577,-0.8768821,-0.0058579827,0.8769945,0.48046464,0.99977154,0.01501312,-0.015213979,0.41782945,0.35140657,-0.8378138,-0.16679212,0.9361648,0.30947667,0.893084,0.010432261,0.4497691,10.039093,0.18066406,-0.17108154,9.80441,0.14722842,-0.14919817,0.010116577,0.0019683838,0.002380371,-27.059937,35.758972,20.219421,0,0.0,0.0,0.0,0.0
0.315429688,-0.02055467,0.4802664,-0.8768818,-0.0058458047,0.8769944,0.48046508,0.99977165,0.015001881,-0.015218787,0.40080243,0.35666183,-0.84388965,-0.16326645,0.9341732,0.3172765,0.90149957,0.010613667,0.43264982,10.017548,0.1531372,-0.16630554,9.804411,0.1471182,-0.14924532,0.009643555,0.0054779053,5.493164E-4,-27.059937,35.758972,20.219421,0,0.0,0.0,0.0,0.0
0.323730469,-0.020536538,0.48002142,-0.87701637,-0.005849422,0.87712866,0.48021984,0.99977195,0.014992092,-0.015205338,0.3843618,0.36169836,-0.84937644,-0.15965085,0.9322328,0.32473633,0.9092731,0.010787444,0.41606012,10.039093,0.1758728,-0.13160706,9.804414,0.1470222,-0.14911343,0.011795044,1.373291E-4,0.00390625,-26.638794,36.239624,20.458984,0,0.0,0.0,0.0,0.0
0.33203125,-0.020497497,0.48004374,-0.8770051,-0.0058682445,0.87711656,0.4802419,0.9997727,0.014990237,-0.01516168,0.3763597,0.36413234,-0.8519161,-0.15781413,0.9312838,0.32833713,0.9129338,0.010871539,0.4079629,10.039093,0.1758728,-0.13160706,9.804421,0.14700401,-0.14868529,0.0056762695,0.0065460205,0.005584717,-26.638794,36.239624,20.458984,0,0.0,0.0,0.0,0.0
0.340332032,-0.020448066,0.4815206,-0.87619627,-0.005829698,0.8763072,0.4817176,0.9997739,0.01495815,-0.015111664,0.36078408,0.368849,-0.8566127,-0.15410069,0.92942387,0.33529738,0.9198304,0.011034644,0.39216122,10.060623,0.15672302,-0.13519287,9.804433,0.14668934,-0.1481948,0.0032348633,0.0021209717,0.003753662,-26.879883,35.758972,20.27893,0,0.0,0.0,0.0,0.0
0.348632813,-0.020460475,0.48151335,-0.8761999,-0.0058154664,0.8763112,0.48171028,0.9997737,0.014951534,-0.01512952,0.3457609,0.37343183,-0.8608124,-0.15037058,0.92759013,0.3420018,0.9261955,0.011190017,0.3768776,10.030716,0.17228699,-0.17826843,9.804431,0.14662446,-0.14836991,0.009811401,-0.0053710938,0.0034484863,-26.879883,35.758972,20.27893,0,0.0,0.0,0.0,0.0
0.356933594,-0.020480098,0.47716868,-0.87857306,-0.0058909366,0.8786845,0.47736654,0.9997729,0.0149521325,-0.015184576,0.33845547,0.3756513,-0.86274797,-0.14849457,0.9266926,0.3452393,0.9291917,0.011265248,0.36942634,10.030716,0.17228699,-0.17826843,9.804423,0.14663033,-0.14890982,0.006286621,-0.00491333,0.002380371,-27.178955,35.398865,19.859314,0,0.0,0.0,0.0,0.0
0.365234375,-0.020517899,0.4771461,-0.87858444,-0.0058864616,0.8786965,0.47734442,0.99977213,0.014965858,-0.015220305,0.3242757,0.37977043,-0.86638314,-0.14466643,0.92501044,0.35132235,0.93483526,0.0114112515,0.35489842,10.022339,0.17706299,-0.13877869,9.804416,0.14676493,-0.14926021,0.013153076,-0.011169434,3.9672852E-4,-27.178955,35.398865,19.859314,0,0.0,0.0,0.0,0.0
0.373535157,-0.02054536,0.4725613,-0.88105834,-0.00593605,0.88117105,0.47276023,0.99977124,0.014943033,-0.015298829,0.31062004,0.38371834,-0.869641,-0.14084154,0.923378,0.35712305,0.94004196,0.011552016,0.34086317,10.041473,0.15792847,-0.15553284,9.804407,0.1465411,-0.15003027,0.01133728,-0.011932373,-0.0020446777,-26.939392,35.51941,19.67926,0,0.0,0.0,0.0,0.0
0.381835938,-0.020629618,0.4725111,-0.8810832,-0.0059105437,0.88119763,0.47271088,0.9997697,0.014959528,-0.015385976,0.30399823,0.3855346,-0.87117636,-0.13890162,0.92262024,0.35983098,0.9424921,0.011619838,0.33402628,10.041473,0.15792847,-0.15553284,9.804392,0.14670286,-0.15088488,0.002319336,-0.010559082,-8.239746E-4,-26.939392,35.51941,19.67926,0,0.0,0.0,0.0,0.0
0.390136719,-0.020721707,0.47077894,-0.88200784,-0.005920362,0.88212407,0.47098008,0.9997678,0.0149813155,-0.015491932,0.29112598,0.38905254,-0.8740044,-0.1350432,0.92114055,0.3650525,0.9471055,0.011752092,0.32070687,10.037888,0.16749573,-0.16390991,9.804373,0.14691652,-0.15192395,0.009338379,-0.0128479,-9.765625E-4,-27.2995,35.21881,19.439697,0,0.0,0.0,0.0,0.0
0.3984375,-0.020831654,0.47071198,-0.88204104,-0.005875183,0.8821596,0.47091398,0.9997657,0.014992068,-0.015611323,0.27874684,0.3923544,-0.87656045,-0.13120013,0.9197374,0.36995894,0.95136046,0.011879971,0.30785084,10.022339,0.16151428,-0.17108154,9.804353,0.14702196,-0.15309478,0.0073547363,-0.004135132,8.544922E-4,-27.2995,35.21881,19.439697,0,0.0,0.0,0.0,0.0
0.406738282,-0.020898007,0.4670472,-0.88398546,-0.0059342645,0.88410497,0.46725067,0.99976397,0.01501041,-0.01570445,0.2727329,0.39395273,-0.87773454,-0.12929517,0.91905314,0.37232256,0.9533622,0.011942214,0.30159226,10.022339,0.16151428,-0.17108154,9.804336,0.14720184,-0.15400805,0.0072021484,-0.005050659,-0.0020446777,-27.659607,35.099792,19.198608,0,0.0,0.0,0.0,0.0
0.415039063,-0.020911772,0.4670386,-0.8839896,-0.0059359567,0.8841093,0.46724227,0.99976367,0.015018189,-0.015715973,0.2610685,0.39689982,-0.879951,-0.12548132,0.9177826,0.3767352,0.9571299,0.0120637175,0.28940764,10.023529,0.14715576,-0.14715576,9.804333,0.14727813,-0.15412106,0.011489868,0.0025787354,-0.0050964355,-27.659607,35.099792,19.198608,0,0.0,0.0,0.0,0.0
0.423339844,-0.020943018,0.4689125,-0.88299626,-0.005939506,0.883116,0.469117,0.999763,0.015069287,-0.015710006,0.249851,0.3997261,-0.88192606,-0.121730775,0.9165537,0.3809343,0.9606019,0.012180718,0.27766085,10.037888,0.16630554,-0.17108154,9.804326,0.14777923,-0.15406252,0.004760742,-0.006591797,0.0028381348,-27.598572,34.91974,19.198608,0,0.0,0.0,0.0,0.0
0.431640625,-0.020985683,0.46888596,-0.8830093,-0.005954445,0.8831295,0.46909127,0.999762,0.0151020335,-0.015741123,0.24440008,0.40113446,-0.8828136,-0.119892016,0.9159374,0.3829942,0.96223414,0.012238489,0.271948,10.037888,0.16630554,-0.17108154,9.8043165,0.14810036,-0.15436769,0.008422852,-0.005050659,0.0017700195,-27.598572,34.91974,19.198608,0,0.0,0.0,0.0,0.0
0.439941407,-0.020991916,0.46768674,-0.88364506,-0.0059561282,0.8837657,0.46789205,0.99976194,0.015085054,-0.015766332,0.23381498,0.40386337,-0.8844348,-0.11626595,0.9147359,0.3869631,0.9653045,0.012351888,0.26083452,10.040283,0.14715576,-0.15194702,9.804316,0.14793384,-0.1546149,0.008728027,-0.0055236816,0.0028381348,-27.95868,34.67865,19.018555,0,0.0,0.0,0.0,0.0
0.448242188,-0.021026712,0.46766466,-0.8836558,-0.005930411,0.8837773,0.4678701,0.99976134,0.015078212,-0.015809488,0.22364746,0.40643176,-0.8858866,-0.11269801,0.9135962,0.39069322,0.96813273,0.012460124,0.25012752,10.031906,0.16270447,-0.15434265,9.80431,0.14786676,-0.15503812,0.010116577,-0.006286621,-9.765625E-4,-27.95868,34.67865,19.018555,0,0.0,0.0,0.0,0.0
0.456542969,-0.021090943,0.4713846,-0.8816756,-0.005821369,0.88179886,0.47158977,0.99976057,0.01507883,-0.015853863,0.218713,0.40767592,-0.88654673,-0.1109418,0.913041,0.39248967,0.96946204,0.0125124855,0.24492224,10.031906,0.16270447,-0.15434265,9.804302,0.1478728,-0.15547329,0.009506226,-0.0012359619,0.0013122559,-28.019714,34.318542,19.018555,0,0.0,0.0,0.0,0.0
0.46484375,-0.021118393,0.47136697,-0.88168424,-0.005810499,0.88180816,0.47157237,0.9997601,0.015081879,-0.015883496,0.20911527,0.41024008,-0.8876789,-0.10752159,0.9118903,0.39609993,0.97196186,0.012614114,0.23479986,10.021133,0.15792847,-0.16270447,9.804297,0.14790271,-0.1557639,0.009033203,-0.0013885498,-0.0014343262,-28.019714,34.318542,19.018555,0,0.0,0.0,0.0,0.0
0.473144532,-0.021175198,0.4785553,-0.8778021,-0.0056365286,0.87792784,0.47875986,0.9997599,0.015085591,-0.015892906,0.19989482,0.41269895,-0.8886628,-0.104175754,0.91077876,0.39953652,0.97426355,0.012711839,0.22505318,10.023529,0.18066406,-0.18304443,9.804296,0.14793912,-0.15585618,0.0030822754,-7.7819824E-4,0.0059051514,-27.95868,34.199524,19.319153,0,0.0,0.0,0.0,0.0
0.481445313,-0.021220958,0.47852618,-0.87781686,-0.005636798,0.87794334,0.4787314,0.9997589,0.015107215,-0.015933445,0.19540532,0.41403925,-0.88903785,-0.10256353,0.9101696,0.4013378,0.97534484,0.012759315,0.2203173,10.023529,0.18066406,-0.18304443,9.804286,0.14815117,-0.15625371,4.8828125E-4,-0.0027618408,0.0017700195,-27.95868,34.199524,19.319153,0,0.0,0.0,0.0,0.0
0.489746094,-0.021221643,0.4796694,-0.87719256,-0.0055591217,0.87731993,0.47987354,0.9997593,0.015060128,-0.015951633,0.19100527,0.41535127,-0.88938206,-0.1009686,0.90957093,0.40309557,0.97638226,0.012806274,0.21567029,10.041473,0.13400269,-0.15911865,9.80429,0.1476894,-0.15643209,0.0078125,-0.0043029785,3.9672852E-4,-27.83966,34.318542,19.439697,0,0.0,0.0,0.0,0.0
0.498046875,-0.02123034,0.47966397,-0.87719536,-0.005500922,0.8773238,0.47986734,0.9997595,0.015013131,-0.01598729,0.18246451,0.4179415,-0.8899616,-0.097839415,0.9083824,0.4065327,0.97833234,0.012895528,0.20663871,10.052246,0.16630554,-0.17108154,9.804292,0.14722852,-0.15678176,0.0053710938,-0.0053710938,0.0048217773,-27.83966,34.318542,19.439697,0,0.0,0.0,0.0,0.0
0.506347657,-0.021282857,0.48124155,-0.87632954,-0.005429696,0.87645954,0.48144478,0.9997587,0.015004725,-0.016040567,0.17426494,0.42042577,-0.8904347,-0.094779186,0.90723413,0.40980873,0.98012686,0.012979386,0.1979467,10.041473,0.16151428,-0.16630554,9.804284,0.14714609,-0.15730424,0.007507324,-0.00491333,0.004058838,-27.778625,34.498596,19.619751,0,0.0,0.0,0.0,0.0
0.514648438,-0.021321587,0.4812174,-0.87634194,-0.0053958604,0.87647307,0.4814207,0.9997581,0.014993273,-0.016091216,0.170285,0.42166224,-0.89062,-0.09328184,0.90665954,0.41142076,0.98096967,0.013019893,0.19372393,10.004395,0.19262695,-0.1651001,9.804278,0.14703378,-0.15780093,0.0078125,-0.0047454834,0.006210327,-27.778625,34.498596,19.619751,0,0.0,0.0,0.0,0.0
0.522949219,-0.021363635,0.4811912,-0.87635535,-0.005385923,0.8764873,0.48139495,0.9997573,0.015004327,-0.016133294,0.16256437,0.4240582,-0.89092505,-0.09033976,0.9055402,0.41453063,0.9825536,0.013098041,0.18551789,10.039093,0.16630554,-0.19502258,9.80427,0.14714219,-0.15821357,0.013015747,-0.003692627,0.006210327,-27.778625,34.498596,19.619751,0,0.0,0.0,0.0,0.0
0.53125,-0.021470055,0.4885663,-0.8722626,-0.0051530423,0.872398,0.48876902,0.9997562,0.014988702,-0.016212828,0.1551529,0.42635545,-0.8911502,-0.08747009,0.9044598,0.41749433,0.98401046,0.01317353,0.1776229,10.039093,0.16630554,-0.19502258,9.804259,0.14698896,-0.15899354,0.0128479,-0.0019989014,-0.0011291504,-27.418518,34.67865,20.098877,0,0.0,0.0,0.0,0.0
0.539550782,-0.021513736,0.49036998,-0.8712488,-0.0051146466,0.8713851,0.49057302,0.9997555,0.015010187,-0.01623868,0.15154418,0.42762122,-0.89116466,-0.08608748,0.9038615,0.4190744,0.9846945,0.013209834,0.17378777,10.046265,0.17108154,-0.1651001,9.804253,0.14719966,-0.15924706,0.0026245117,-1.6784668E-4,-0.0012817383,-26.998901,34.739685,20.219421,0,0.0,0.0,0.0,0.0
0.547851563,-0.021533014,0.49035847,-0.87125474,-0.005105162,0.87139153,0.49056163,0.99975514,0.015011168,-0.016260328,0.14453918,0.43014887,-0.89111185,-0.08338495,0.90266025,0.42219827,0.9859794,0.013281129,0.16633771,10.0247345,0.1603241,-0.1758728,9.804249,0.14720927,-0.15945935,0.003540039,2.89917E-4,0.0060424805,-26.998901,34.739685,20.219421,0,0.0,0.0,0.0,0.0
0.556152344,-0.02154735,0.49583152,-0.86815137,-0.0049609262,0.86828923,0.4960334,0.9997555,0.0149950385,-0.016249547,0.13781826,0.43257275,-0.8910033,-0.08074836,0.90150017,0.42517895,0.9871605,0.013349639,0.15917273,10.055832,0.15792847,-0.15194702,9.804253,0.1470511,-0.15935363,0.003540039,0.0025787354,0.0019226074,-26.638794,34.979248,20.639038,0,0.0,0.0,0.0,0.0
0.564453125,-0.021533664,0.49583945,-0.8681472,-0.0049583763,0.8682849,0.49604106,0.9997558,0.014986183,-0.016238797,0.1345514,0.43386075,-0.89087635,-0.07947192,0.9008806,0.42672992,0.9877146,0.013382548,0.15569451,10.047455,0.15074158,-0.13877869,9.8042555,0.14696425,-0.1592482,0.008880615,-0.0023040771,0.0028381348,-26.638794,34.979248,20.639038,0,0.0,0.0,0.0,0.0
0.572753907,-0.021512011,0.49585205,-0.8681405,-0.004942868,0.86827815,0.49605313,0.9997564,0.014962204,-0.016227476,0.12821947,0.43635765,-0.89059067,-0.076966204,0.8996728,0.42972666,0.98875475,0.0134460535,0.14894037,10.043869,0.1603241,-0.1651001,9.804261,0.1467291,-0.15913719,0.010864258,-0.0021514893,0.0071258545,-26.638794,34.979248,20.639038,0,0.0,0.0,0.0,0.0
0.581054688,-0.021475483,0.4936545,-0.869393,-0.0049754893,0.86952996,0.4938552,0.999757,0.014931434,-0.016217403,0.12214735,0.43875307,-0.89026725,-0.0745233,0.89850616,0.43258867,0.9897103,0.013506095,0.14244747,10.043869,0.1603241,-0.1651001,9.804267,0.14642735,-0.1590384,0.0032348633,0.003189087,-0.007232666,-26.339722,35.51941,20.819092,0,0.0,0.0,0.0,0.0
0.589355469,-0.02150253,0.49670303,-0.86765414,-0.004907759,0.8677919,0.4969035,0.99975675,0.01494292,-0.016222022,0.11920934,0.4398684,-0.89011514,-0.0733193,0.89796025,0.43392587,0.99015826,0.013534602,0.1392961,10.02832,0.15074158,-0.17228699,9.804265,0.14653999,-0.15908371,0.009506226,2.89917E-4,-0.0066223145,-25.79956,35.879517,21.1792,0,0.0,0.0,0.0,0.0
0.59765625,-0.021511521,0.4966981,-0.86765677,-0.004928518,0.8677944,0.49689907,0.99975646,0.014965317,-0.016219594,0.11350385,0.44215536,-0.8897278,-0.07097665,0.89683557,0.43663296,0.9909991,0.013590371,0.133177,10.057037,0.15434265,-0.1375885,9.804262,0.14675963,-0.15905988,0.009811401,0.0024261475,0.0048217773,-25.79956,35.879517,21.1792,0,0.0,0.0,0.0,0.0
0.605957032,-0.021487419,0.49683252,-0.86758035,-0.0049322406,0.8677175,0.4970332,0.999757,0.014959076,-0.016194511,0.108032025,0.44434875,-0.8893162,-0.06869822,0.89575,0.43921813,0.991771,0.013644818,0.12729566,10.021133,0.15194702,-0.15911865,9.804267,0.14669843,-0.15881391,0.003692627,0.0027313232,-0.004333496,-25.498962,36.299133,21.418762,0,0.0,0.0,0.0,0.0
0.614257813,-0.021471338,0.49684116,-0.8675758,-0.004952591,0.8677123,0.4970419,0.9997572,0.014968903,-0.016170293,0.10538106,0.44541448,-0.88910115,-0.06758316,0.8952201,0.44046962,0.9921327,0.013671104,0.12444176,10.0295105,0.15553284,-0.15074158,9.804269,0.1467948,-0.15857641,0.009185791,1.373291E-4,9.1552734E-5,-25.498962,36.299133,21.418762,0,0.0,0.0,0.0,0.0
0.622558594,-0.021469984,0.49684188,-0.86757547,-0.004967558,0.8677118,0.4970429,0.9997572,0.0149812335,-0.016161665,0.100243375,0.44748104,-0.8886574,-0.06540107,0.8941881,0.44288856,0.9928111,0.013722496,0.11890218,10.04985,0.16151428,-0.16749573,9.804269,0.14691572,-0.15849179,0.008270264,0.0027313232,0.00390625,-25.498962,36.299133,21.418762,0,0.0,0.0,0.0,0.0
0.630859375,-0.021496847,0.5019465,-0.8646315,-0.0048457356,0.8647688,0.5021467,0.9997572,0.014984346,-0.016157502,0.09531611,0.4494635,-0.88819903,-0.063282005,0.8931926,0.44519937,0.99343354,0.013772341,0.11357859,10.04985,0.16151428,-0.16749573,9.804269,0.14694624,-0.15845098,0.01576233,-1.5258789E-5,0.0031433105,-25.2594,36.538696,21.839905,0,0.0,0.0,0.0,0.0
0.639160157,-0.02151509,0.5033338,-0.8638241,-0.004809688,0.86396205,0.50353396,0.999757,0.014988302,-0.01616734,0.09292141,0.4505295,-0.8879126,-0.062256806,0.8926549,0.4464205,0.9937252,0.013796582,0.110995285,10.033112,0.16151428,-0.15434265,9.804267,0.14698504,-0.15854746,0.01576233,-0.0035247803,0.0031433105,-25.079346,36.71875,22.019958,0,0.0,0.0,0.0,0.0
0.647460938,-0.021513881,0.5033344,-0.86382383,-0.0048061134,0.86396176,0.5035345,0.999757,0.014984616,-0.01616809,0.08827613,0.45265278,-0.88730645,-0.060255896,0.89157933,0.44883788,0.9942719,0.013843775,0.10598019,10.033112,0.16151428,-0.15434265,9.804267,0.14694889,-0.15855479,0.002319336,-1.6784668E-4,-0.0038757324,-25.079346,36.71875,22.019958,0,0.0,0.0,0.0,0.0
0.655761719,-0.021509368,0.5033368,-0.86382264,-0.0047787754,0.863961,0.50353634,0.9997573,0.014958762,-0.016177919,0.08602576,0.4536818,-0.8870019,-0.05927691,0.8910559,0.45000634,0.99452794,0.013866592,0.10354661,10.035492,0.14476013,-0.14955139,9.80427,0.14669535,-0.15865119,0.0056762695,-0.007659912,0.0059051514,-25.079346,36.71875,22.019958,0,0.0,0.0,0.0,0.0
0.6640625,-0.021545613,0.5086704,-0.8606917,-0.0046248836,0.8608317,0.5088689,0.9997572,0.014944491,-0.016194604,0.08166475,0.45567682,-0.8863913,-0.057360716,0.8900366,0.45226607,0.9950079,0.013909843,0.09882257,10.022339,0.1483612,-0.14955139,9.804269,0.1465554,-0.15881482,0.010864258,-9.3078613E-4,-5.187988E-4,-25.2594,36.898804,22.439575,0,0.0,0.0,0.0,0.0
0.672363282,-0.02152197,0.50868255,-0.86068517,-0.0046277586,0.86082464,0.50888073,0.99975765,0.014935158,-0.016172582,0.07746917,0.4578084,-0.8856693,-0.05551923,0.8889414,0.45464358,0.9954477,0.013950815,0.094282724,10.025925,0.15672302,-0.12921143,9.804274,0.14646387,-0.15859886,0.010253906,-0.0039978027,0.0048217773,-25.2594,36.898804,22.439575,0,0.0,0.0,0.0,0.0
0.680664063,-0.02151408,0.5109193,-0.8593595,-0.00458098,0.8594991,0.5111169,0.99975806,0.014932918,-0.01615082,0.075437404,0.45884168,-0.8853098,-0.054618593,0.88840824,0.45579344,0.99565357,0.013970503,0.092080496,10.016357,0.17468262,-0.15074158,9.804277,0.1464419,-0.15838544,0.011795044,-0.0023040771,-0.005554199,-25.19989,36.479187,22.31903,0,0.0,0.0,0.0,0.0
0.688964844,-0.021529486,0.51430875,-0.8573349,-0.004531597,0.8574746,0.51450634,0.99975795,0.014962152,-0.016130347,0.07149533,0.4609362,-0.8845486,-0.052864548,0.8873227,0.4581089,0.99603903,0.014008615,0.08780662,10.018753,0.16989136,-0.14715576,9.804276,0.14672859,-0.15818466,0.006134033,0.0077667236,0.00390625,-25.019836,36.358643,22.439575,0,0.0,0.0,0.0,0.0
0.697265625,-0.021519797,0.51431364,-0.8573321,-0.004536641,0.85747164,0.5145112,0.9997581,0.014961585,-0.016119359,0.06770866,0.4630839,-0.8837244,-0.051173918,0.8862031,0.46046194,0.9963919,0.014046375,0.083701454,10.018753,0.16989136,-0.14715576,9.804278,0.14672303,-0.15807691,0.009506226,0.0048675537,0.001159668,-25.019836,36.358643,22.439575,0,0.0,0.0,0.0,0.0
0.705566407,-0.021470798,0.5143388,-0.8573182,-0.0045357887,0.8574569,0.5145356,0.9997592,0.014936106,-0.016077355,0.06587481,0.4641248,-0.8833168,-0.05034717,0.8856582,0.46160024,0.99655694,0.014064679,0.08170993,10.017548,0.1531372,-0.18066406,9.804289,0.14647317,-0.157665,0.010864258,0.015258789,0.0016174316,-25.019836,36.358643,22.439575,0,0.0,0.0,0.0,0.0
0.713867188,-0.021373559,0.51517516,-0.8568184,-0.0045850035,0.85695463,0.5153715,0.99976104,0.014943837,-0.01595409,0.062323324,0.46614364,-0.8825111,-0.04873025,0.88459665,0.46380386,0.99686563,0.014099187,0.0778463,10.017548,0.1531372,-0.18066406,9.804307,0.14654899,-0.15645619,0.008728027,0.009140015,0.0017700195,-25.079346,36.17859,22.37854,0,0.0,0.0,0.0,0.0
0.722167969,-0.021207305,0.51526093,-0.8567708,-0.0046537137,0.8569034,0.51545584,0.99976426,0.014918598,-0.015774736,0.058921155,0.46811447,-0.88170135,-0.04716648,0.8835548,0.46594658,0.99714774,0.014132637,0.07413938,10.033112,0.13877869,-0.08494568,9.804338,0.14630148,-0.15469731,0.011795044,0.0039520264,0.0043640137,-25.079346,36.17859,22.37854,0,0.0,0.0,0.0,0.0
0.73046875,-0.02113467,0.5207873,-0.8534248,-0.0045973323,0.85355586,0.5209811,0.9997661,0.014934242,-0.015645389,0.057276465,0.46907136,-0.88130105,-0.04640366,0.8830469,0.4669848,0.99727935,0.014148355,0.07234444,10.033112,0.13877869,-0.08494568,9.804356,0.14645487,-0.15342884,0.011795044,-0.0059814453,7.019043E-4,-25.19989,36.239624,22.738647,0,0.0,0.0,0.0,0.0
0.738769532,-0.021221768,0.5177426,-0.85527325,-0.0046070814,0.85540617,0.5179373,0.99976414,0.014931858,-0.015767947,0.054082353,0.47115213,-0.8803924,-0.04492992,0.881938,0.46921924,0.9975251,0.0141794775,0.068866104,10.030716,0.15911865,-0.19262695,9.8043375,0.1464315,-0.15463074,0.0137786865,-0.016815186,-8.239746E-4,-25.019836,36.239624,22.558594,0,0.0,0.0,0.0,0.0
0.747070313,-0.02138095,0.5176609,-0.8553186,-0.004524016,0.85545534,0.5178568,0.99976116,0.014941745,-0.015948543,0.05102311,0.4730238,-0.879571,-0.043490663,0.8809351,0.47123456,0.9977501,0.014209272,0.06552017,10.009171,0.17347717,-0.18066406,9.804308,0.14652847,-0.15640178,0.011932373,-0.006286621,0.0017700195,-25.019836,36.239624,22.558594,0,0.0,0.0,0.0,0.0
0.755371094,-0.021493452,0.5176032,-0.85535073,-0.0044862144,0.8554898,0.5178001,0.9997589,0.0149666,-0.016065352,0.04953799,0.4739292,-0.87916845,-0.04278607,0.8804481,0.47220817,0.99785537,0.014223921,0.06389319,10.009171,0.17347717,-0.18066406,9.804286,0.1467722,-0.15754728,0.011169434,-0.003829956,0.0026855469,-25.019836,36.239624,22.558594,0,0.0,0.0,0.0,0.0
0.763671875,-0.021545896,0.52057576,-0.8535435,-0.0043673925,0.85368454,0.520772,0.9997583,0.014948262,-0.016119841,0.04665591,0.47568226,-0.878379,-0.04140863,0.8795017,0.47409075,0.99805236,0.014253332,0.060731303,10.022339,0.14117432,-0.18424988,9.80428,0.14659238,-0.15808165,0.009643555,0.009140015,-0.0052490234,-25.19989,36.239624,22.738647,0,0.0,0.0,0.0,0.0
0.771972657,-0.021552606,0.52480865,-0.8509474,-0.0042719217,0.851089,0.5250042,0.9997586,0.014950386,-0.016101241,0.043885563,0.47748512,-0.87754315,-0.04007895,0.87852377,0.47601435,0.9982323,0.014280851,0.05769161,10.033112,0.15911865,-0.1878357,9.804283,0.14661321,-0.15789925,0.013931274,0.020751953,-0.0023498535,-25.379944,36.11908,22.918701,0,0.0,0.0,0.0,0.0
0.780273438,-0.021476926,0.52484775,-0.8509252,-0.004353975,0.8510644,0.5250435,0.9997599,0.014981224,-0.01599307,0.04254019,0.4784461,-0.8770859,-0.039434325,0.8780006,0.4770324,0.9983162,0.014294242,0.056217507,10.02713,0.14955139,-0.1375885,9.804296,0.14691563,-0.15683845,0.0078125,0.025787354,-0.0018920898,-25.379944,36.11908,22.918701,0,0.0,0.0,0.0,0.0
0.788574219,-0.021291198,0.5226092,-0.85230654,-0.0045354096,0.8524405,0.5228046,0.999763,0.014996694,-0.015779233,0.03993661,0.4803107,-0.8761887,-0.038178176,0.8769815,0.4790051,0.9984725,0.0143214455,0.05336105,10.039093,0.17706299,-0.100494385,9.804326,0.14706734,-0.15474142,0.0070495605,0.014953613,-0.0011291504,-25.138855,36.05957,22.738647,0,0.0,0.0,0.0,0.0
0.796875,-0.021135438,0.52268916,-0.85226125,-0.004687449,0.85239047,0.52288467,0.99976563,0.01504633,-0.0155655695,0.038681224,0.48116827,-0.8757744,-0.037565157,0.87651104,0.4799138,0.9985452,0.014334951,0.05197968,10.039093,0.17706299,-0.100494385,9.804352,0.1475541,-0.1526461,0.013626099,0.008071899,-0.0014343262,-25.138855,36.05957,22.738647,0,0.0,0.0,0.0,0.0
0.805175782,-0.021054965,0.5227305,-0.8522379,-0.0047640586,0.8523648,0.52292603,0.999767,0.015070301,-0.015456191,0.036254853,0.48283425,-0.87496096,-0.036374453,0.87559396,0.4816764,0.99868035,0.01436312,0.04930736,10.040283,0.16270447,-0.11366272,9.804365,0.14778917,-0.15157346,0.011489868,-0.002609253,-0.0023498535,-25.138855,36.05957,22.738647,0,0.0,0.0,0.0,0.0
0.813476563,-0.021047091,0.5231012,-0.85201067,-0.004792746,0.85213685,0.5232971,0.999767,0.015097352,-0.015427911,0.033931952,0.48443434,-0.87416935,-0.03522508,0.87470925,0.48336622,0.9988032,0.014391124,0.04674483,10.022339,0.17706299,-0.117248535,9.804365,0.14805445,-0.15129612,0.0070495605,-0.010864258,-0.0012817383,-25.2594,36.11908,22.799683,0,0.0,0.0,0.0,0.0
0.821777344,-0.021108737,0.5230695,-0.85202867,-0.0048143184,0.85215557,0.5232666,0.99976563,0.015147435,-0.015469703,0.03280663,0.48521742,-0.87377787,-0.034665506,0.87427485,0.48419186,0.99886036,0.014405249,0.04550232,10.022339,0.17706299,-0.117248535,9.804352,0.1485456,-0.15170597,0.011932373,-0.01727295,-0.0021972656,-25.2594,36.11908,22.799683,0,0.0,0.0,0.0,0.0
0.830078125,-0.021208167,0.5193271,-0.8543123,-0.004852725,0.854441,0.5195258,0.9997633,0.015163933,-0.015600975,0.030623604,0.48673457,-0.8730129,-0.03357484,0.8734306,0.4857897,0.99896693,0.014434639,0.04308963,10.040283,0.15792847,-0.15194702,9.804329,0.14870739,-0.1529933,0.007659912,-0.021240234,0.0020751953,-25.2594,36.17859,22.619629,0,0.0,0.0,0.0,0.0
0.838378907,-0.021330327,0.5194271,-0.85424846,-0.0047734203,0.85438013,0.51962644,0.99976104,0.015161488,-0.015744764,0.02853123,0.48803875,-0.8723556,-0.032513186,0.8727021,0.48716927,0.99906397,0.014463519,0.04076696,10.030716,0.1531372,-0.1651001,9.804307,0.14868341,-0.15440339,0.008117676,-0.011016846,0.001159668,-25.2594,36.358643,22.738647,0,0.0,0.0,0.0,0.0
0.846679688,-0.021425342,0.51937824,-0.8542759,-0.0046944628,0.8544103,0.5195777,0.9997594,0.015142497,-0.015867831,0.027514776,0.48867297,-0.8720331,-0.031994507,0.87234694,0.4878393,0.99910927,0.014477479,0.039637282,10.030716,0.1531372,-0.1651001,9.804291,0.14849716,-0.15561028,0.012237549,-0.007965088,0.0026855469,-25.2594,36.358643,22.738647,0,0.0,0.0,0.0,0.0
0.854980469,-0.021487914,0.519346,-0.85429394,-0.0046256417,0.8544305,0.5195453,0.9997584,0.015115601,-0.015957618,0.025540907,0.48990092,-0.8714039,-0.030980784,0.87165743,0.4891354,0.99919355,0.014503814,0.037440438,10.021133,0.14955139,-0.16870117,9.804281,0.14823341,-0.15649079,0.0124053955,-0.010101318,0.005432129,-25.2594,36.358643,22.738647,0,0.0,0.0,0.0,0.0
0.86328125,-0.021568665,0.5213777,-0.8530534,-0.00449788,0.8531926,0.5215765,0.9997573,0.015086642,-0.016057134,0.023645343,0.49107808,-0.8707946,-0.029999215,0.8709944,0.4903762,0.9992702,0.014528041,0.035326917,10.042679,0.1483612,-0.16870117,9.80427,0.14794941,-0.1574667,0.0072021484,-0.0015411377,0.0026855469,-25.19989,36.358643,22.859192,0,0.0,0.0,0.0,0.0
0.871582032,-0.021614676,0.5213541,-0.8530667,-0.0044464963,0.8532074,0.5215528,0.99975646,0.015066351,-0.016123602,0.022723973,0.49169013,-0.8704737,-0.029520826,0.87064886,0.4910184,0.99930584,0.014539213,0.0342997,10.042679,0.1483612,-0.16870117,9.804262,0.14775044,-0.15811853,0.004760742,-3.2043457E-4,2.4414063E-4,-25.19989,36.358643,22.859192,0,0.0,0.0,0.0,0.0
0.879882813,-0.021599552,0.52280676,-0.8521775,-0.004380553,0.85231864,0.52300435,0.99975705,0.015029669,-0.016119517,0.020936193,0.4928761,-0.8698476,-0.02858682,0.8699777,0.49226177,0.99937207,0.014560088,0.03230378,10.031906,0.14476013,-0.16630554,9.804268,0.14739071,-0.15807846,0.0032348633,0.0022735596,0.005279541,-25.619507,36.299133,22.918701,0,0.0,0.0,0.0,0.0
0.888183594,-0.02155546,0.5227099,-0.8522381,-0.0043601505,0.8523789,0.52290654,0.9997581,0.014987376,-0.016094323,0.019220572,0.49407297,-0.869208,-0.027685283,0.8692982,0.49351206,0.9994319,0.014578683,0.030386958,10.00679,0.14955139,-0.16749573,9.804278,0.14697595,-0.1578314,0.0039978027,0.0027313232,0.0043640137,-25.559998,36.11908,22.799683,0,0.0,0.0,0.0,0.0
0.896484375,-0.021518035,0.5227294,-0.85222703,-0.0043468634,0.8523674,0.5229253,0.999759,0.014956839,-0.01606904,0.018390186,0.49465117,-0.868897,-0.027245734,0.8689692,0.4941156,0.9994596,0.0145868575,0.029457638,10.00679,0.14955139,-0.16749573,9.804287,0.1466765,-0.15758345,0.007659912,0.0053253174,-0.0014343262,-25.559998,36.11908,22.799683,0,0.0,0.0,0.0,0.0
