Time,Rot1,Rot2,Rot3,Rot4,Rot5,Rot6,Rot7,Rot8,Rot9,FRot1,FRot2,FRot3,FRot4,FRot5,FRot6,FRot7,FRot8,FRot9,AccX,AccY,AccZ,GravX,GravY,GravZ,GyroX,GyroY,GyroZ,MagX,MagY,MagZ,Imid
0.0,0.0,0.0,0.0,0.0,0.0,0.0,0.0,0.0,0.0,1.0,0.0,0.0,0.0,1.0,0.0,0.0,0.0,1.0,0.0,0.0,0.0,9.806467,-0.057784542,0.015775293,0.0,0.0,0.0,0.0,0.0,0.0,0,0.0,0.0,0.0,0.0
0.008300781,0.0046913954,0.9184287,0.3955588,-0.0039797327,-0.39554286,0.9184389,0.99998105,-0.005882978,0.0017994527,1.0,0.0,0.0,0.0,1.0,0.0,0.0,0.0,1.0,10.067795,-0.06819153,0.047851563,9.806464,-0.057692308,0.017646603,-0.004776001,0.014007568,-0.003967285,-57.958984,-12.779236,30.358887,0,0.0,0.0,0.0,0.0
0.016601562,0.004653382,0.9184552,0.3954974,-0.0040802034,-0.39548093,0.91846496,0.9999808,-0.0058876793,0.0019071606,0.995013,0.078227445,-0.061883777,-0.07806207,0.99693555,0.005089123,0.06209225,-2.3296705E-4,0.9980704,10.039093,-0.09451294,0.009567261,9.806462,-0.057738412,0.018702857,-0.009048462,0.012023926,-0.0045776367,-57.958984,-12.779236,30.358887,0,0.0,0.0,0.0,0.0
0.024902343,0.0046237702,0.918476,0.39544964,-0.0041759145,-0.39543268,0.91848546,0.99998057,-0.00589823,0.0020070875,0.9890248,0.116027236,-0.0914742,-0.11550204,0.99324596,0.011032603,0.09213646,-3.460619E-4,0.9957463,10.071396,-0.06939697,0.01914978,9.806459,-0.057841875,0.019682804,-0.016540527,0.016448975,-0.0035095215,-57.958984,-12.779236,30.358887,0,0.0,0.0,0.0,0.0
0.033203125,0.0045851185,0.91613597,0.40084144,-0.004249434,-0.4008242,0.91614515,0.99998045,-0.005903983,0.0020552333,0.97088736,0.18884593,-0.14735968,-0.1866211,0.98200655,0.028907942,0.15016732,-5.659288E-4,0.9886604,10.022339,-0.08734131,-0.025131226,9.806458,-0.057898298,0.020154955,-0.013015747,0.014160156,-0.0047302246,-58.139038,-13.018799,30.419922,0,0.0,0.0,0.0,0.0
0.041503906,0.0045659207,0.9161496,0.40081054,-0.0042914096,-0.40079305,0.91615856,0.99998033,-0.0059031495,0.0021015834,0.9455705,0.25804558,-0.19826442,-0.25238845,0.9661324,0.05374212,0.2054176,-7.77317E-4,0.9786741,10.022339,-0.08734131,-0.025131226,9.8064575,-0.05789012,0.020609492,-0.009048462,0.011413574,-0.009765625,-58.139038,-13.018799,30.419922,0,0.0,0.0,0.0,0.0
0.049804687,0.0045666764,0.9188016,0.39469314,-0.0042797634,-0.3946757,0.91881055,0.99998045,-0.005885104,0.0021298975,0.93063223,0.29116315,-0.22169273,-0.28302425,0.956673,0.06836671,0.23199332,-8.798342E-4,0.972717,10.010376,-0.07417297,0.0,9.806458,-0.05771316,0.02088716,-0.009048462,0.00592041,-0.0077819824,-58.018494,-12.779236,30.419922,0,0.0,0.0,0.0,0.0
0.058105468,0.0044741454,0.91753846,0.39762193,-0.004313357,-0.3976045,0.91754675,0.9999806,-0.0058203223,0.0021787307,0.8970491,0.3541574,-0.26433954,-0.33938888,0.9351852,0.10121178,0.2830513,-0.001078044,0.9591041,10.046265,-0.044265747,0.01914978,9.80646,-0.057077866,0.021366049,-0.0055389404,0.007293701,-0.0025787354,-58.018494,-12.89978,30.419922,0,0.0,0.0,0.0,0.0
0.06640625,0.0044968356,0.91752255,0.39765844,-0.0043116934,-0.39764097,0.917531,0.99998057,-0.0058405665,0.0021679497,0.8593294,0.4132985,-0.30122632,-0.38956973,0.91059476,0.13803145,0.3313433,-0.0012658393,0.94350946,10.059433,-0.086135864,-0.034698486,9.806459,-0.057276394,0.021260325,-0.004776001,0.0138549805,-0.0018310547,-58.018494,-12.89978,30.419922,0,0.0,0.0,0.0,0.0
0.074707031,0.004437023,0.9175645,0.39756215,-0.0044204975,-0.39754418,0.9175723,0.99998033,-0.005828712,0.0022921793,0.83926326,0.44138968,-0.31750947,-0.41229805,0.89731455,0.15759759,0.3544678,-0.0013573343,0.93506724,10.055832,-0.06341553,0.033493042,9.8064575,-0.05716014,0.022478601,-0.004776001,0.015396118,-0.00289917,-58.018494,-12.89978,30.419922,0,0.0,0.0,0.0,0.0
0.083007812,0.004349637,0.9189593,0.3943284,-0.004582174,-0.39430967,0.91896623,0.99998003,-0.0058040507,0.0024957277,0.7973248,0.49465457,-0.34581798,-0.45310536,0.86908835,0.19844659,0.39870885,-0.0015344019,0.9170763,10.042679,-0.062210083,0.07298279,9.806455,-0.056918297,0.024474729,-0.0014190674,0.014465332,-0.0064086914,-57.899475,-12.779236,30.419922,0,0.0,0.0,0.0,0.0
0.091308593,0.004248755,0.91902953,0.39416587,-0.0047207153,-0.39414662,0.9190355,0.99997985,-0.0057655014,0.002663844,0.7537639,0.5440033,-0.36864665,-0.48779532,0.83908135,0.24082819,0.44033587,-0.0017034808,0.8978315,10.059433,-0.062210083,0.0657959,9.806453,-0.056540255,0.026123388,-0.013168335,0.0065307617,-0.005645752,-57.899475,-12.779236,30.419922,0,0.0,0.0,0.0,0.0
0.099609375,0.00417239,0.91962826,0.39276758,-0.004800842,-0.39274806,0.91963357,0.9999798,-0.005722685,0.0027762922,0.73159665,0.5672934,-0.37807998,-0.50297713,0.8235138,0.26237178,0.46019584,-0.0017847216,0.8878156,10.059433,-0.062210083,0.0657959,9.806452,-0.05612037,0.027226126,-0.013168335,0.0040893555,-0.0064086914,-58.31909,-12.599182,30.119324,0,0.0,0.0,0.0,0.0
0.107910156,0.0040443595,0.9160878,0.40095747,-0.004926335,-0.40093765,0.91609216,0.9999797,-0.0056802565,0.0028914195,0.6869401,0.6111516,-0.39320108,-0.5291876,0.7915112,0.30572948,0.49807006,-0.0019406657,0.8671346,10.023529,-0.08015442,0.023925781,9.806451,-0.05570429,0.028355138,-0.008743286,0.014160156,-0.002746582,-58.198547,-12.89978,30.059814,0,0.0,0.0,0.0,0.0
0.116210937,0.004003645,0.9161169,0.40089116,-0.0050040814,-0.400871,0.9161208,0.9999795,-0.005673914,0.002979379,0.6421054,0.6518466,-0.40348062,-0.5504594,0.7583479,0.34914583,0.5335682,-0.0020887542,0.84575444,10.041473,-0.053833008,0.049057007,9.806449,-0.055642094,0.029217727,-0.015625,0.008361816,-0.0015258789,-58.198547,-12.89978,30.059814,0,0.0,0.0,0.0,0.0
0.124511718,0.0039205565,0.91617656,0.40075585,-0.005144301,-0.40073517,0.91617954,0.9999791,-0.005653542,0.0031419825,0.61985284,0.67094445,-0.4069595,-0.5592651,0.7415045,0.37066653,0.55045897,-0.002160458,0.83485943,10.063019,-0.061019897,0.09690857,9.806445,-0.055442307,0.030812323,-0.011184692,1.2207031E-4,-0.004272461,-58.198547,-12.89978,30.059814,0,0.0,0.0,0.0,0.0
0.1328125,0.0038677962,0.9122846,0.40953866,-0.005221671,-0.4095177,0.9122873,0.9999789,-0.005667017,0.0031797187,0.5759511,0.70674574,-0.41084164,-0.5734734,0.707464,0.41306552,0.5825879,-0.0022987847,0.81276447,10.074982,-0.08375549,0.061019897,9.806443,-0.05557445,0.03118239,-0.01133728,-0.010574341,-0.0012207031,-58.198547,-13.139343,29.818726,0,0.0,0.0,0.0,0.0
0.141113281,0.0038945796,0.9122649,0.40958223,-0.0052003968,-0.4095613,0.91226774,0.9999789,-0.0056828894,0.0031490703,0.5329244,0.7397625,-0.41078335,-0.5836956,0.67286366,0.45448205,0.6126099,-0.0024321673,0.79038155,10.0295105,-0.07777405,0.025131226,9.806443,-0.05573011,0.030881831,-0.009506226,-0.018356323,-7.4768066E-4,-58.198547,-13.139343,29.818726,0,0.0,0.0,0.0,0.0
0.149414062,0.003916199,0.9083972,0.41809002,-0.0051161367,-0.41806954,0.90840065,0.99997926,-0.005696483,0.0030102404,0.5119167,0.7551731,-0.40945685,-0.58735037,0.65552074,0.47467056,0.62686586,-0.002497182,0.7791232,10.0295105,-0.07777405,0.025131226,9.806447,-0.055863414,0.029520376,-0.010269165,-0.020339966,-0.0024414063,-58.61969,-13.499451,29.87976,0,0.0,0.0,0.0,0.0
0.157714843,0.004044614,0.91206604,0.4100234,-0.004915292,-0.41000363,0.9120706,0.9999797,-0.0057043578,0.0028247647,0.47084472,0.7841387,-0.40426704,-0.5921744,0.62058014,0.51401335,0.6539378,-0.0026238747,0.7565437,10.065414,-0.07777405,0.017944336,9.806451,-0.055940643,0.027701478,-0.008285522,-0.018966675,-0.0019683838,-58.73871,-13.198853,29.93927,0,0.0,0.0,0.0,0.0
0.166015625,0.0041235024,0.9120077,0.4101524,-0.004755862,-0.41013336,0.9120131,0.99998015,-0.0057113166,0.002646197,0.45104626,0.7975033,-0.40068167,-0.5932622,0.6033087,0.5329715,0.66678125,-0.0026854847,0.7452487,10.065414,-0.07777405,0.017944336,9.806456,-0.056008883,0.02595033,-0.01423645,-0.017593384,-0.0015258789,-58.73871,-13.198853,29.93927,0,0.0,0.0,0.0,0.0
0.174316406,0.00420477,0.9119475,0.41028535,-0.004620704,-0.41026688,0.91195375,0.99998045,-0.005730363,0.0024887612,0.41280195,0.82234865,-0.39158306,-0.59321946,0.568977,0.56952256,0.6911478,-0.0028053084,0.722708,10.025925,-0.08375549,-0.0035858154,9.806458,-0.056195665,0.02440641,-0.017303467,7.324219E-4,-0.004272461,-58.73871,-13.198853,29.93927,0,0.0,0.0,0.0,0.0
0.182617187,0.004134623,0.90255064,0.4305637,-0.004695287,-0.43054512,0.9025568,0.99998045,-0.0057533523,0.002457593,0.37645438,0.8448234,-0.38020453,-0.5905239,0.5350372,0.60416615,0.71383727,-0.0029211412,0.7003055,10.066605,-0.093322754,0.039474487,9.806458,-0.056421116,0.024100756,-0.007369995,-0.009353638,-0.0024414063,-58.799744,-14.099121,30.119324,0,0.0,0.0,0.0,0.0
0.190917968,0.004169704,0.9025238,0.43061963,-0.0046797763,-0.43060103,0.90253013,0.99998033,-0.0057784873,0.0024281312,0.35875466,0.85545444,-0.37348732,-0.5884506,0.51786953,0.62091625,0.72458327,-0.0029777857,0.68918085,10.066605,-0.093322754,0.039474487,9.8064575,-0.056667604,0.023811834,-0.008895874,-0.009963989,-0.001663208,-58.799744,-14.099121,30.119324,0,0.0,0.0,0.0,0.0
0.19921875,0.004194822,0.89684826,0.44231844,-0.0046339855,-0.44230014,0.8968551,0.99998045,-0.005811845,0.0023006115,0.3248782,0.8750851,-0.35872024,-0.5826838,0.4839592,0.6528883,0.74493873,-0.003088694,0.6671257,10.071396,-0.093322754,-0.009567261,9.806458,-0.056994732,0.022561293,-0.006454468,-0.009811401,-0.0018310547,-59.098816,-14.518738,29.99878,0,0.0,0.0,0.0,0.0
0.207519531,0.0042137504,0.88914603,0.45760414,-0.0045827944,-0.45758623,0.8891534,0.9999806,-0.0058437767,0.0021466191,0.29275116,0.89290595,-0.3420755,-0.575165,0.45023182,0.68299085,0.76385987,-0.0031965314,0.6453741,10.054642,-0.08375549,0.009567261,9.80646,-0.057307873,0.021051142,-0.004623413,-0.018203735,-0.0059509277,-59.75952,-14.93988,29.579163,0,0.0,0.0,0.0,0.0
0.215820312,0.0042835316,0.88908815,0.4577159,-0.004450262,-0.4576986,0.8890962,0.9999809,-0.0058454275,0.001996109,0.27726567,0.90123194,-0.33302358,-0.5708638,0.4333248,0.69738376,0.7728119,-0.0032494764,0.6346268,10.054642,-0.08375549,0.009567261,9.806463,-0.057324063,0.019575143,-0.0055389404,-0.013473511,-0.005645752,-59.75952,-14.93988,29.579163,0,0.0,0.0,0.0,0.0
0.224121093,0.004288015,0.88908446,0.45772308,-0.004343002,-0.45770642,0.8890928,0.9999814,-0.005800335,0.0018986436,0.24784459,0.91647404,-0.31408343,-0.5611267,0.40008014,0.724619,0.789753,-0.0033522767,0.6134158,10.039093,-0.055038452,0.03111267,9.806467,-0.056881856,0.018619332,-0.008895874,-0.013626099,-0.004119873,-59.75952,-14.93988,29.579163,0,0.0,0.0,0.0,0.0
0.232421875,0.0042803143,0.8866059,0.4625058,-0.004264134,-0.4624896,0.8866144,0.9999817,-0.005767175,0.0018010057,0.2204601,0.92995876,-0.29423457,-0.5500935,0.36764756,0.7498216,0.8054778,-0.0034492202,0.5926159,10.040283,-0.051452637,0.01675415,9.806471,-0.056556668,0.017661832,-0.0030975342,-0.0096588135,3.2043457E-4,-59.458923,-15.299988,29.87976,0,0.0,0.0,0.0,0.0
0.240722656,0.004310783,0.8865809,0.46255362,-0.0041686697,-0.46253797,0.8865897,0.999982,-0.0057501285,0.0017019619,0.20745596,0.9361252,-0.28395697,-0.54418737,0.35164943,0.7617104,0.81290966,-0.0034955794,0.5823793,10.040283,-0.051452637,0.01675415,9.806474,-0.0563895,0.016690545,-0.007522583,-0.015609741,-9.1552734E-4,-59.458923,-15.299988,29.87976,0,0.0,0.0,0.0,0.0
0.249023437,0.0043304963,0.88436097,0.46678367,-0.0040779538,-0.46676856,0.88437015,0.9999823,-0.005733283,0.001585044,0.18290669,0.94730467,-0.26298097,-0.53167784,0.3203139,0.7840393,0.82696056,-0.0035848601,0.56224847,10.061813,-0.058624268,0.015548706,9.806478,-0.056224305,0.015543973,-0.010574341,-0.014694214,-0.0048828125,-59.75952,-15.478516,29.87976,0,0.0,0.0,0.0,0.0
0.257324218,0.0044244756,0.8875913,0.46061045,-0.003897321,-0.46059614,0.8876012,0.9999826,-0.005722317,0.001421332,0.16014357,0.95710933,-0.24144521,-0.5184337,0.28970382,0.8045485,0.8399884,-0.0036699378,0.5425919,10.065414,-0.07537842,-0.015548706,9.806479,-0.05611676,0.013938506,-0.003250122,-0.012710571,-6.1035156E-4,-60.058594,-15.299988,30.059814,0,0.0,0.0,0.0,0.0
0.265625,0.004500671,0.88752854,0.46073073,-0.0037537403,-0.46071714,0.887539,0.9999828,-0.0057239844,0.0012580155,0.14951743,0.96147114,-0.23068951,-0.51155555,0.2748806,0.81409556,0.8461415,-0.0037109854,0.53294533,10.065414,-0.07537842,-0.015548706,9.806482,-0.056133118,0.012336919,-0.012557983,-0.02217102,-0.001663208,-60.058594,-15.299988,30.059814,0,0.0,0.0,0.0,0.0
0.273925781,0.004555927,0.887483,0.46081796,-0.0036126235,-0.46080512,0.88749397,0.9999831,-0.00570812,0.0011067473,0.12956658,0.96928054,-0.20906386,-0.49744064,0.2459285,0.83190864,0.8577676,-0.0037907006,0.51402366,10.039093,-0.050247192,0.010772705,9.806484,-0.055977535,0.010853484,-0.008132935,-0.018051147,0.0027618408,-60.058594,-15.299988,30.059814,0,0.0,0.0,0.0,0.0
0.282226562,0.0046083853,0.88306946,0.46921974,-0.0034977868,-0.4692076,0.883081,0.99998325,-0.0057108076,9.264993E-4,0.111277334,0.9759611,-0.1873962,-0.48296884,0.2179106,0.84808964,0.8685381,-0.0038666308,0.49560732,10.019943,-0.06700134,-0.022735596,9.806486,-0.056003895,0.0090858545,-0.008285522,-0.0040130615,-0.005340576,-60.11963,-15.658569,30.059814,0,0.0,0.0,0.0,0.0
0.290527343,0.004651286,0.8830336,0.4692869,-0.0033918915,-0.46927536,0.8830455,0.9999835,-0.005699067,8.124199E-4,0.102637336,0.97894895,-0.17642158,-0.47565767,0.20406803,0.855632,0.873622,-0.0039035142,0.48658952,10.019943,-0.06700134,-0.022735596,9.806488,-0.055888757,0.007967118,-0.007827759,-0.0041656494,-0.0010528564,-60.11963,-15.658569,30.059814,0,0.0,0.0,0.0,0.0
0.298828125,0.0046019354,0.8731013,0.48751706,-0.0034185231,-0.48750564,0.8731131,0.99998355,-0.005684599,7.4124755E-4,0.086501166,0.9841865,-0.15457831,-0.4609097,0.17709067,0.86959827,0.88322127,-0.003974619,0.46893963,10.042679,-0.06341553,-0.025131226,9.806489,-0.055746872,0.0072691552,-0.00340271,0.0051574707,-0.003967285,-60.238647,-16.19873,29.579163,0,0.0,0.0,0.0,0.0
0.307128906,0.004679802,0.8775643,0.479436,-0.0034166356,-0.47942442,0.8775765,0.9999832,-0.005744942,7.547065E-4,0.07144727,0.9886409,-0.13222905,-0.44614118,0.15024279,0.8822614,0.8921061,-0.004042334,0.45180783,10.083359,-0.12322998,0.007171631,9.806485,-0.056338638,0.0074011427,-0.010726929,0.007751465,-0.006866455,-60.238647,-15.838623,29.579163,0,0.0,0.0,0.0,0.0
0.315429687,0.0046969056,0.8775496,0.47946295,-0.0034777708,-0.47945103,0.8775618,0.99998295,-0.005789287,7.999803E-4,0.0645314,0.99051255,-0.1213284,-0.43873563,0.13736181,0.8880556,0.89629614,-0.004076387,0.4434373,10.083359,-0.12322998,0.007171631,9.806483,-0.056773514,0.007845127,-0.010726929,0.003479004,-0.002746582,-60.238647,-15.838623,29.579163,0,0.0,0.0,0.0,0.0
0.323730468,0.0047079697,0.87754,0.47948036,-0.0035092395,-0.47946823,0.8775522,0.9999828,-0.0058141006,8.221762E-4,0.051687006,0.9936655,-0.09978655,-0.42396757,0.11230195,0.8986878,0.90420127,-0.004144218,0.4270865,10.066605,-0.10169983,0.0,9.806481,-0.057016853,0.008062795,-0.00843811,0.0065307617,-0.0038146973,-60.238647,-15.838623,29.579163,0,0.0,0.0,0.0,0.0
0.33203125,0.004748512,0.8804348,0.4741433,-0.003515401,-0.47413105,0.88044727,0.9999826,-0.005847619,8.4366463E-4,0.04573528,0.9949667,-0.08916089,-0.41662288,0.10011957,0.9035494,0.9079282,-0.0041776155,0.4191049,10.066605,-0.10169983,0.0,9.806479,-0.057345554,0.008273524,-0.009048462,0.0056152344,-0.00289917,-60.238647,-15.539551,29.458618,0,0.0,0.0,0.0,0.0
0.340332031,0.0047670077,0.88041896,0.47417277,-0.0035355682,-0.47416037,0.8804315,0.9999824,-0.0058734934,8.524552E-4,0.03481401,0.99704677,-0.06845201,-0.40204373,0.07667909,0.91240406,0.9149584,-0.0042437483,0.4035259,10.061813,-0.08973694,-0.011962891,9.806478,-0.057599295,0.00835973,-0.010726929,0.0036315918,-0.0025787354,-60.238647,-15.539551,29.458618,0,0.0,0.0,0.0,0.0
0.348632812,0.0047749733,0.88204443,0.47114217,-0.003556346,-0.4711296,0.88205695,0.9999823,-0.005887342,8.872239E-4,0.024989724,0.99852484,-0.04820418,-0.38767236,0.05412548,0.92020684,0.9214584,-0.004308286,0.38845307,10.04866,-0.088531494,0.0047912598,9.806477,-0.057735104,0.008700695,-0.010116577,0.0082092285,-0.009155273,-59.939575,-15.539551,29.699707,0,0.0,0.0,0.0,0.0
0.356933593,0.004739521,0.8820744,0.4710863,-0.0035899521,-0.4710735,0.88208663,0.9999823,-0.0058718454,9.3394186E-4,0.020489346,0.9990551,-0.038328256,-0.38057825,0.043243892,0.923737,0.9245217,-0.0043398677,0.3811047,10.04866,-0.088531494,0.0047912598,9.806477,-0.057583135,0.009158841,-0.013473511,0.0040893555,-0.006713867,-59.939575,-15.539551,29.699707,0,0.0,0.0,0.0,0.0
0.365234375,0.0047799284,0.8912596,0.4534681,-0.0035355475,-0.45345542,0.89127195,0.9999824,-0.0058634747,9.836066E-4,0.012205488,0.9997457,-0.01896324,-0.36660242,0.022118175,0.9301148,0.9302977,-0.0044005346,0.36677915,10.0785675,-0.08973694,0.020339966,9.806478,-0.057501044,0.009645886,-0.003250122,-0.0015563965,-0.003967285,-59.698486,-14.759827,29.638672,0,0.0,0.0,0.0,0.0
0.373535156,0.004701573,0.8913241,0.45334235,-0.003513005,-0.45332983,0.8913359,0.9999828,-0.005783275,9.998627E-4,0.005091504,0.99998665,-8.652534E-4,-0.35293168,0.002606558,0.9356455,0.93563527,-0.004458467,0.35294023,10.053452,-0.04067993,0.035888672,9.806481,-0.056714553,0.009805303,-0.011489868,-0.013168335,-0.00869751,-59.698486,-14.759827,29.638672,0,0.0,0.0,0.0,0.0
0.381835937,0.004638392,0.8910389,0.45390326,-0.0034171862,-0.45389137,0.8910504,0.9999834,-0.0056841136,9.3951967E-4,0.0018340815,0.99996644,0.007984317,-0.3462241,-0.0068555283,0.93812674,0.93815,-0.0044849636,0.3461999,10.053452,-0.04067993,0.035888672,9.806487,-0.055742115,0.009213541,-0.020965576,-0.020187378,-0.010223389,-59.75952,-14.878845,29.818726,0,0.0,0.0,0.0,0.0
0.390136718,0.004646141,0.8910325,0.45391563,-0.0032803647,-0.4539045,0.8910443,0.99998385,-0.005628926,8.140074E-4,-0.004133888,0.9996712,0.02530646,-0.3330731,-0.025238123,0.9425632,0.94289196,-0.0045324503,0.33306792,10.022339,-0.056228638,0.033493042,9.806491,-0.05520091,0.007982685,-0.007369995,-0.026153564,-7.4768066E-4,-59.75952,-14.878845,29.818726,0,0.0,0.0,0.0,0.0
0.3984375,0.004703126,0.8917411,0.4525216,-0.0030839213,-0.4525115,0.89175326,0.99998415,-0.005589568,6.218408E-4,-0.0068548582,0.9994063,0.033765905,-0.32663214,-0.03415235,0.94453436,0.9451267,-0.0045543797,0.3266723,10.022339,-0.056228638,0.033493042,9.806495,-0.05481494,0.0060981754,-0.013015747,-0.026153564,-7.4768066E-4,-59.579468,-14.93988,30.059814,0,0.0,0.0,0.0,0.0
0.406738281,0.0047390675,0.891712,0.4525784,-0.0029410194,-0.4525691,0.89172447,0.99998444,-0.005556984,4.7778705E-4,-0.011787393,0.9986687,0.050219245,-0.314025,-0.051378958,0.94802344,0.94934154,-0.004595373,0.31421256,10.036697,-0.041870117,0.0059814453,9.806498,-0.054495398,0.0046854904,-0.012557983,-0.00920105,-0.004425049,-59.579468,-14.93988,30.059814,0,0.0,0.0,0.0,0.0
0.415039062,0.004749952,0.8924231,0.45117447,-0.0028020465,-0.45116588,0.89243567,0.99998474,-0.0055032386,3.5759486E-4,-0.016116047,0.99768054,0.06613436,-0.30179507,-0.067911796,0.950951,0.9532366,-0.004633453,0.30218953,10.02713,-0.039474487,-0.013153076,9.806501,-0.05396834,0.003506808,-0.011642456,-0.012557983,-0.005493164,-59.51996,-14.819336,29.93927,0,0.0,0.0,0.0,0.0
0.423339843,0.0048297886,0.8923586,0.45130128,-0.0026634121,-0.45129347,0.89237165,0.9999848,-0.0055119675,1.9706675E-4,-0.01987534,0.9964792,0.08145045,-0.28994963,-0.083710305,0.9533739,0.9568355,-0.004667897,0.29059255,10.073776,-0.09211731,-0.04067993,9.806501,-0.054053936,0.0019325647,-0.011489868,-0.0096588135,-0.0048828125,-59.51996,-14.819336,29.93927,0,0.0,0.0,0.0,0.0
0.431640625,0.0049502016,0.90181065,0.43210322,-0.002437292,-0.43209633,0.9018242,0.99998474,-0.0055173724,5.901205E-5,-0.021564275,0.9958061,0.088911295,-0.28417024,-0.09136897,0.95441025,0.9585313,-0.004684778,0.28494877,10.073776,-0.09211731,-0.04067993,9.806501,-0.054106947,5.787106E-4,-0.009811401,-0.002029419,-0.008087158,-59.21936,-14.279175,30.479431,0,0.0,0.0,0.0,0.0
0.439941406,0.0049928008,0.901778,0.4321707,-0.0023496735,-0.4321643,0.90179175,0.99998474,-0.0055179265,-3.882607E-5,-0.024356637,0.9944217,0.10262613,-0.27292025,-0.1053713,0.95624864,0.9617283,-0.0047177486,0.27396435,10.034302,-0.10169983,-0.049057007,9.806501,-0.05411238,-3.807537E-4,-0.010421753,0.0014953613,-0.0073242188,-59.21936,-14.279175,30.479431,0,0.0,0.0,0.0,0.0
0.448242187,0.0049783546,0.89728034,0.44143307,-0.0023423634,-0.44142684,0.89729404,0.9999848,-0.0055010454,-9.582275E-5,-0.026741356,0.9929065,0.1158513,-0.2620595,-0.11880263,0.9577112,0.9646812,-0.004749436,0.26337752,10.040283,-0.086135864,-0.046661377,9.806501,-0.053946827,-9.3970017E-4,-0.0070648193,8.8500977E-4,-0.0076293945,-59.339905,-14.4592285,30.059814,0,0.0,0.0,0.0,0.0
0.456542968,0.004992067,0.89726955,0.44145495,-0.002295029,-0.44144902,0.89728343,0.9999849,-0.0054924507,-1.4448349E-4,-0.02784571,0.99208045,0.12247893,-0.25676808,-0.12551405,0.9582882,0.9660718,-0.004764468,0.25822964,10.040283,-0.086135864,-0.046661377,9.806502,-0.053862542,-0.001416899,-0.008895874,0.0031738281,-0.00793457,-59.339905,-14.4592285,30.059814,0,0.0,0.0,0.0,0.0
0.46484375,0.005045666,0.8989994,0.43792075,-0.0022574603,-0.43791497,0.8990136,0.99998474,-0.0055247108,-1.80117E-4,-0.029785756,0.99034786,0.13536586,-0.24647117,-0.13852122,0.9591996,0.9686923,-0.0047932966,0.24821815,10.036697,-0.1040802,-0.041870117,9.8065,-0.054178905,-0.0017663444,-0.0043182373,0.0016479492,-0.0010528564,-59.339905,-14.338684,30.119324,0,0.0,0.0,0.0,0.0
0.473144531,0.0050863423,0.8989676,0.43798578,-0.002277788,-0.43797988,0.8989819,0.99998444,-0.005570168,-1.8005821E-4,-0.03135754,0.9885469,0.1476201,-0.23655604,-0.15083678,0.9598383,0.9711117,-0.0048222607,0.23857662,10.035492,-0.09451294,-0.0143585205,9.806498,-0.05462469,-0.0017657679,-0.014083862,-0.0038604736,-6.1035156E-4,-59.339905,-14.338684,30.119324,0,0.0,0.0,0.0,0.0
0.481445312,0.005145212,0.90066165,0.43449074,-0.0022443342,-0.43448502,0.9006763,0.99998426,-0.0056093126,-2.1413172E-4,-0.032031022,0.98761797,0.15357338,-0.2317383,-0.15680361,0.9600573,0.97225064,-0.0048372187,0.23389149,10.035492,-0.09451294,-0.0143585205,9.806496,-0.055008568,-0.002099915,-0.0067596436,-0.008895874,-0.006713867,-59.339905,-14.219666,30.178833,0,0.0,0.0,0.0,0.0
0.489746093,0.0051710983,0.9006415,0.4345321,-0.002223966,-0.43452647,0.9006563,0.99998415,-0.005623767,-2.4398316E-4,-0.033136956,0.9857385,0.16498934,-0.22238106,-0.16821368,0.9603389,0.9743965,-0.0048677935,0.22478366,10.07019,-0.093322754,0.015548706,9.806495,-0.05515032,-0.0023926576,-0.013320923,-0.007827759,-0.0022735596,-59.339905,-14.219666,30.178833,0,0.0,0.0,0.0,0.0
0.498046875,0.0051874183,0.89813244,0.43969434,-0.0021744785,-0.4396891,0.8981474,0.9999842,-0.005615173,-3.2788177E-4,-0.033996165,0.9838091,0.17596559,-0.2133811,-0.17915256,0.9604024,0.97637737,-0.00489773,0.21601677,10.045074,-0.07777405,-0.0143585205,9.806495,-0.055066034,-0.0032154217,-0.0124053955,-0.011947632,-0.009002686,-59.75952,-14.4592285,30.239868,0,0.0,0.0,0.0,0.0
0.506347656,0.0052210577,0.8981059,0.43974817,-0.0020843914,-0.43974346,0.89812106,0.99998426,-0.0056057493,-4.2392174E-4,-0.034365233,0.98280835,0.18140236,-0.2090071,-0.18456341,0.9603397,0.9773102,-0.004912079,0.21175648,10.045074,-0.07777405,-0.0143585205,9.806496,-0.05497362,-0.004157252,-0.011489868,-0.011184692,-0.002746582,-59.75952,-14.4592285,30.239868,0,0.0,0.0,0.0,0.0
0.514648437,0.0052569574,0.8977084,0.44055858,-0.0020095946,-0.4405543,0.8977236,0.99998415,-0.00560464,-5.119453E-4,-0.034945138,0.9807811,0.19195653,-0.20051219,-0.1950489,0.96007854,0.97906774,-0.0049395477,0.20347457,10.067795,-0.086135864,-0.01914978,9.806495,-0.054962743,-0.0050204685,-0.010879517,1.2207031E-4,-0.007171631,-60.17914,-14.399719,30.059814,0,0.0,0.0,0.0,0.0
0.522949218,0.005257869,0.89770776,0.44056007,-0.001977976,-0.44055596,0.897723,0.99998426,-0.0055915266,-5.4074114E-4,-0.03533873,0.97872144,0.20212723,-0.19234717,-0.20513308,0.9596473,0.9806904,-0.0049658846,0.19550346,10.0247345,-0.06819153,0.011962891,9.806496,-0.054834146,-0.0053028595,-0.015014648,-0.0014038086,-0.0065612793,-60.17914,-14.399719,30.059814,0,0.0,0.0,0.0,0.0
0.53125,0.005214977,0.89633316,0.4433506,-0.0019949446,-0.44334647,0.8963482,0.99998444,-0.0055588945,-5.2390655E-4,-0.03546976,0.97768515,0.2070597,-0.18838654,-0.21001674,0.95937663,0.98145425,-0.0049783974,0.19163196,10.0247345,-0.06819153,0.011962891,9.806498,-0.054514136,-0.0051377686,-0.012252808,-0.0027770996,-1.373291E-4,-60.058594,-14.399719,29.818726,0,0.0,0.0,0.0,0.0
0.539550781,0.005192561,0.8963512,0.44331416,-0.0019791978,-0.44331002,0.89636606,0.9999845,-0.005531843,-5.2785827E-4,-0.035635658,0.9755776,0.21674499,-0.18069915,-0.219598,0.9587098,0.98289263,-0.005001385,0.18411157,10.02832,-0.053833008,0.0035858154,9.806499,-0.054248847,-0.0051765214,-0.0035552979,-0.004470825,-0.004119873,-60.058594,-14.399719,29.818726,0,0.0,0.0,0.0,0.0
0.547851562,0.005229054,0.897387,0.44121328,-0.0018977914,-0.4412096,0.89740205,0.9999845,-0.005529895,-6.0405553E-4,-0.035655014,0.9734655,0.22603895,-0.17332065,-0.22877863,0.95792496,0.9842198,-0.0050223917,0.17687878,10.057037,-0.06700134,-0.03111267,9.806499,-0.054229748,-0.005923761,-0.010726929,-0.007369995,-0.0021362305,-59.999084,-14.399719,29.99878,0,0.0,0.0,0.0,0.0
0.556152343,0.005265456,0.89735794,0.44127214,-0.0018043373,-0.441269,0.89737314,0.9999845,-0.005521282,-7.0434634E-4,-0.0356065,0.9724209,0.23049918,-0.16974428,-0.23317884,0.9575043,0.9848447,-0.005032541,0.17336556,10.057037,-0.06700134,-0.03111267,9.806498,-0.054145277,-0.0069072777,-0.016235352,-0.009353638,-0.004119873,-59.999084,-14.399719,29.99878,0,0.0,0.0,0.0,0.0
0.564453125,0.0053235316,0.8900491,0.4558336,-0.001782213,-0.4558309,0.89006466,0.99998426,-0.0055506798,-8.403732E-4,-0.03542067,0.9703364,0.23914976,-0.16280636,-0.24170583,0.9565941,0.98602206,-0.005051895,0.16653833,10.045074,-0.09690857,-0.058624268,9.806496,-0.054433577,-0.008241246,-0.008285522,-9.460449E-4,-7.4768066E-4,-60.17914,-14.819336,29.638672,0,0.0,0.0,0.0,0.0
0.572753906,0.0053881085,0.88999534,0.45593783,-0.0017294257,-0.45593548,0.8900112,0.99998397,-0.005583987,-9.174489E-4,-0.035226796,0.9681027,0.24806488,-0.15612403,-0.2505023,0.9554443,0.98710907,-0.005071647,0.1599685,10.046265,-0.098098755,-0.04067993,9.806493,-0.05476021,-0.0089971,-0.009353638,0.0056152344,-0.0045776367,-60.17914,-14.819336,29.638672,0,0.0,0.0,0.0,0.0
0.581054687,0.0054330993,0.89143854,0.453109,-0.0017053693,-0.45310676,0.8914546,0.9999837,-0.00561608,-9.415423E-4,-0.03508888,0.96698993,0.25238705,-0.15288503,-0.25476384,0.95484114,0.98762083,-0.005081894,0.15677767,10.046265,-0.098098755,-0.04067993,9.806491,-0.05507493,-0.009233376,-0.0055389404,0.008361816,-0.0047302246,-60.4187,-14.819336,29.87976,0,0.0,0.0,0.0,0.0
0.589355468,0.0054392074,0.8914335,0.4531188,-0.001722226,-0.4531165,0.89144963,0.9999837,-0.005629153,-9.2934474E-4,-0.03472092,0.9648103,0.26064464,-0.14661184,-0.26289755,0.95361936,0.9885846,-0.005103048,0.15058066,10.021133,-0.093322754,-0.041870117,9.806491,-0.055203136,-0.009113759,-0.008590698,0.005004883,-0.0010528564,-60.4187,-14.819336,29.87976,0,0.0,0.0,0.0,0.0
0.59765625,0.005405154,0.88594884,0.46375152,-0.0018978557,-0.46374837,0.8859649,0.99998355,-0.00566891,-8.252284E-4,-0.034268867,0.9626524,0.26856297,-0.14059873,-0.27069202,0.95234334,0.9894734,-0.0051238816,0.14462401,10.052246,-0.107681274,0.009567261,9.806489,-0.055593017,-0.008092727,-0.010726929,0.0016479492,-0.0035095215,-60.598755,-15.238953,29.818726,0,0.0,0.0,0.0,0.0
0.605957031,0.0054273256,0.8859301,0.46378696,-0.0019692618,-0.46378338,0.88594633,0.99998325,-0.0057216375,-7.724752E-4,-0.03404769,0.96151733,0.27262652,-0.13768044,-0.27469638,0.95162284,0.98989135,-0.0051347823,0.14173491,10.052246,-0.107681274,0.009567261,9.806486,-0.0561101,-0.007575394,-0.008285522,-9.460449E-4,-0.0024414063,-60.598755,-15.238953,29.818726,0,0.0,0.0,0.0,0.0
0.614257812,0.0055110627,0.89136606,0.45325074,-0.0019090194,-0.4532474,0.8913827,0.99998295,-0.0057777297,-7.962396E-4,-0.033807084,0.96038854,0.27660608,-0.1348249,-0.27861688,0.9508916,0.99029255,-0.0051465193,0.13890353,10.04866,-0.105285645,-0.026321411,9.806483,-0.056660175,-0.007808443,-0.00843811,-0.0014038086,0.002609253,-60.238647,-14.759827,29.759216,0,0.0,0.0,0.0,0.0
0.622558593,0.0055665327,0.89132005,0.4533403,-0.0019542433,-0.45333675,0.8913371,0.9999826,-0.0058475947,-7.816576E-4,-0.03321153,0.9582869,0.28387177,-0.12930866,-0.28576118,0.9495366,0.9910481,-0.0051715155,0.13340536,10.04866,-0.105285645,-0.009567261,9.806479,-0.057345316,-0.007665443,-0.009506226,0.006072998,4.7302246E-4,-60.238647,-14.759827,29.759216,0,0.0,0.0,0.0,0.0
0.630859375,0.0055673057,0.8928153,0.4503884,-0.0019633858,-0.45038477,0.89283234,0.9999826,-0.005854957,-7.5448863E-4,-0.032561023,0.9562173,0.29084057,-0.12402383,-0.2926114,0.94815433,0.9917449,-0.0051982882,0.12812147,10.061813,-0.07537842,-0.009567261,9.806479,-0.057417516,-0.0073990063,-0.008285522,-0.0070648193,-0.005645752,-59.81903,-14.639282,29.759216,0,0.0,0.0,0.0,0.0
0.639160156,0.0055599026,0.89282143,0.45037657,-0.0019581176,-0.45037293,0.89283836,0.9999826,-0.005845984,-7.5578014E-4,-0.032210536,0.95521533,0.29415315,-0.12146769,-0.29586557,0.94747514,0.99207264,-0.0052114213,0.12555778,10.025925,-0.08135986,-0.008377075,9.806479,-0.05732952,-0.007411672,-0.008285522,0.0025634766,-0.0051879883,-59.81903,-14.639282,29.759216,0,0.0,0.0,0.0,0.0
0.647460937,0.0055569173,0.8928238,0.4503717,-0.0019635307,-0.45036805,0.89284074,0.9999826,-0.0058457614,-7.4957096E-4,-0.0314815,0.95323986,0.30057058,-0.116516404,-0.30216938,0.94610655,0.9926897,-0.00523655,0.12058083,10.034302,-0.086135864,-0.027511597,9.80648,-0.05732734,-0.0073507805,-0.0035552979,0.0051574707,-0.0018310547,-59.81903,-14.639282,29.759216,0,0.0,0.0,0.0,0.0
0.655761718,0.0055479626,0.89826065,0.4394279,-0.0019251925,-0.43942428,0.8982775,0.9999828,-0.0058295936,-7.085844E-4,-0.0307204,0.9513035,0.30672118,-0.11177294,-0.30821088,0.944729,0.99325883,-0.0052606747,0.115798354,10.042679,-0.055038452,-0.01675415,9.80648,-0.05716878,-0.0069488385,-0.013473511,0.012481689,0.002456665,-59.51996,-14.219666,29.818726,0,0.0,0.0,0.0,0.0
0.6640625,0.005477934,0.9004825,0.43485773,-0.0020056684,-0.43485346,0.9004989,0.99998295,-0.0058050547,-5.760295E-4,-0.03030353,0.9504265,0.30946925,-0.10948436,-0.31090468,0.9441141,0.9935265,-0.005272053,0.11347834,10.055832,-0.04547119,0.03111267,9.806483,-0.05692814,-0.00564892,-0.015457153,0.007446289,-0.005340576,-59.81903,-13.978577,29.699707,0,0.0,0.0,0.0,0.0
0.672363281,0.005400819,0.9005439,0.4347314,-0.002071788,-0.43472672,0.90055996,0.99998325,-0.005764433,-4.8214415E-4,-0.029439364,0.9487665,0.31460366,-0.105062045,-0.31593373,0.9429464,0.9940298,-0.0052931593,0.10898023,10.042679,-0.06819153,-0.013153076,9.806486,-0.05652978,-0.004728219,-0.008743286,-3.3569336E-4,-0.0035095215,-59.81903,-13.978577,29.699707,0,0.0,0.0,0.0,0.0
0.680664062,0.0053823027,0.899467,0.4369555,-0.0020702542,-0.43695086,0.89948297,0.9999834,-0.0057458985,-4.8967655E-4,-0.028567625,0.94714904,0.31951928,-0.10082739,-0.32074985,0.941782,0.99449366,-0.005311822,0.10466163,10.042679,-0.06819153,-0.013153076,9.806487,-0.056348015,-0.004802087,-0.0053863525,-0.0015563965,-0.0025787354,-59.939575,-14.039612,29.638672,0,0.0,0.0,0.0,0.0
0.688964843,0.005397376,0.8994549,0.43698025,-0.0020617736,-0.43697563,0.89947087,0.99998325,-0.0057557374,-5.0404953E-4,-0.02813456,0.9463398,0.32194647,-0.09877528,-0.32312965,0.94118583,0.994712,-0.005320504,0.10256609,10.031906,-0.08255005,-0.009567261,9.806486,-0.056444503,-0.0049430374,-0.0050811768,-0.0035552979,-0.0021362305,-59.939575,-14.039612,29.638672,0,0.0,0.0,0.0,0.0
0.697265625,0.005420329,0.8994365,0.43701795,-0.0020455937,-0.43701348,0.8994526,0.9999832,-0.0057692896,-5.288749E-4,-0.027264565,0.9447519,0.3266503,-0.09479985,-0.3277427,0.93999875,0.9951229,-0.005337739,0.0984981,10.069,-0.07537842,-0.013153076,9.806485,-0.056577407,-0.005186491,-0.007369995,-0.0035552979,-1.373291E-4,-59.939575,-14.039612,29.638672,0,0.0,0.0,0.0,0.0
0.705566406,0.005465386,0.906823,0.4214763,-0.0019834968,-0.42147195,0.90683925,0.9999831,-0.005792224,-5.048266E-4,-0.026392031,0.9432053,0.33116043,-0.09098984,-0.33216727,0.93882143,0.995502,-0.0053548277,0.09458867,10.043869,-0.07896423,0.008377075,9.806484,-0.056802314,-0.004950658,-0.014083862,0.007293701,-0.005340576,-59.698486,-13.499451,29.818726,0,0.0,0.0,0.0,0.0
0.713867187,0.005508117,0.91397315,0.40573722,-0.0019126486,-0.405733,0.9139896,0.99998295,-0.0058103944,-4.867155E-4,-0.025925063,0.94256264,0.33302197,-0.08915451,-0.3339865,0.93835205,0.9956804,-0.0053635756,0.09269233,10.039093,-0.08734131,-0.01675415,9.806483,-0.056980506,-0.0047730487,-0.008590698,0.004852295,-0.0022735596,-59.399414,-12.95929,29.99878,0,0.0,0.0,0.0,0.0
0.722167968,0.005515255,0.91396785,0.40574908,-0.0019929195,-0.40574437,0.91398436,0.9999828,-0.005849482,-4.163194E-4,-0.024939757,0.94153637,0.33598703,-0.085616566,-0.3368684,0.9376511,0.99601597,-0.0053812694,0.089012526,10.051056,-0.093322754,0.01914978,9.806481,-0.057363823,-0.004082699,-0.00630188,0.0024108887,0.0029144287,-59.399414,-12.95929,29.99878,0,0.0,0.0,0.0,0.0
0.73046875,0.0055593075,0.9151692,0.40303162,-0.0020351403,-0.40302667,0.915186,0.9999825,-0.0059080264,-3.780517E-4,-0.023972498,0.9405423,0.3388297,-0.08222715,-0.33963376,0.9369566,0.99632525,-0.005399811,0.085479975,10.051056,-0.093322754,0.01914978,9.8064785,-0.05793795,-0.003707421,-0.0026397705,-0.0027770996,-0.0012207031,-59.21936,-12.719727,29.699707,0,0.0,0.0,0.0,0.0
0.738769531,0.0055988883,0.91513973,0.4030979,-0.0020577633,-0.4030928,0.9151567,0.9999822,-0.005953341,-3.7373067E-4,-0.023490503,0.9400774,0.3401509,-0.0805876,-0.3409181,0.9366326,0.9964707,-0.005409975,0.08376692,10.08934,-0.102890015,0.0023956299,9.806476,-0.05838233,-0.0036650458,-0.0030975342,-0.0096588135,-0.0012207031,-59.21936,-12.719727,29.699707,0,0.0,0.0,0.0,0.0
0.747070312,0.0056618466,0.9150928,0.4032034,-0.0020206315,-0.40319857,0.91511035,0.999982,-0.0059959395,-4.3378316E-4,-0.022541009,0.9391694,0.3427138,-0.07741048,-0.34341133,0.9359895,0.9967445,-0.0054314923,0.0804424,10.051056,-0.112457275,-0.028717041,9.806474,-0.058800083,-0.0042539597,-0.0096588135,-0.01499939,-0.0036621094,-59.21936,-12.719727,29.699707,0,0.0,0.0,0.0,0.0
0.755371093,0.005645972,0.90947056,0.41572982,-0.0020687634,-0.4157249,0.90948796,0.9999819,-0.005994991,-4.6569208E-4,-0.02161113,0.93828946,0.34517488,-0.074362025,-0.34580773,0.9353541,0.9969971,-0.005453844,0.077246405,10.043869,-0.07537842,0.037094116,9.806473,-0.05879078,-0.0045668795,-0.009353638,-0.00920105,-0.0019683838,-59.698486,-13.259888,29.818726,0,0.0,0.0,0.0,0.0
0.763671875,0.0056488127,0.90817803,0.41854617,-0.0020649054,-0.41854137,0.90819544,0.9999819,-0.0059944834,-4.8896007E-4,-0.021174235,0.93776524,0.34662372,-0.07287849,-0.34722686,0.93494505,0.997116,-0.005464667,0.07569518,10.066605,-0.090927124,-0.0011901855,9.806473,-0.058785804,-0.0047950605,-0.00920105,-0.009963989,-0.004425049,-59.81903,-13.259888,29.579163,0,0.0,0.0,0.0,0.0
0.771972656,0.005679787,0.90815395,0.418598,-0.002016095,-0.4185935,0.90817153,0.9999818,-0.0060021537,-5.465973E-4,-0.020321943,0.9366989,0.3495457,-0.07000025,-0.35009298,0.93409574,0.99734,-0.005485647,0.07268373,10.042679,-0.071777344,-0.052642822,9.806472,-0.05886102,-0.0053602885,-0.013015747,-0.0018615723,-0.00579834,-59.81903,-13.259888,29.579163,0,0.0,0.0,0.0,0.0
0.780273437,0.005681001,0.90815294,0.41859996,-0.0019262575,-0.418596,0.9081705,0.999982,-0.0059656496,-6.2870805E-4,-0.01990173,0.9361781,0.3509622,-0.06860501,-0.35148308,0.93367714,0.9974454,-0.005495977,0.071221635,10.051056,-0.058624268,-0.008377075,9.806474,-0.05850304,-0.00616552,-0.01210022,0.0036315918,-0.0077819824,-59.81903,-13.259888,29.579163,0,0.0,0.0,0.0,0.0
0.788574218,0.0056632794,0.9080578,0.4188065,-0.0018439111,-0.41880304,0.9080752,0.9999823,-0.0059149256,-6.974206E-4,-0.019074772,0.9351616,0.3537075,-0.06589777,-0.35417852,0.93285316,0.99764407,-0.005514576,0.068380944,10.051056,-0.06700134,-0.08015442,9.806477,-0.05800561,-0.00683936,-0.015151978,0.010345459,-0.0073242188,-59.939575,-13.378906,29.818726,0,0.0,0.0,0.0,0.0
0.796875,0.0056378534,0.9080775,0.41876414,-0.0017848869,-0.418761,0.90809464,0.9999825,-0.005867152,-7.400975E-4,-0.018267315,0.9341747,0.35634792,-0.06329874,-0.35677296,0.93204415,0.9978274,-0.0055304295,0.06564937,10.051056,-0.06700134,-0.08015442,9.8064785,-0.05753711,-0.007257877,-0.010116577,0.008666992,-0.008392334,-59.939575,-13.378906,29.818726,0,0.0,0.0,0.0,0.0
0.805175781,0.005625944,0.90912867,0.4164771,-0.0017096982,-0.41647434,0.90914565,0.99998266,-0.005826854,-7.887258E-4,-0.017870978,0.9336939,0.35762602,-0.06203857,-0.35802945,0.931647,0.9979138,-0.005537164,0.06432337,10.061813,-0.058624268,-0.0382843,9.80648,-0.057141922,-0.007734758,-0.005996704,0.0025634766,-0.0045776367,-59.579468,-13.319397,29.87976,0,0.0,0.0,0.0,0.0
0.813476562,0.005592327,0.9091545,0.4164216,-0.0016742481,-0.416419,0.9091713,0.99998295,-0.0057815756,-8.066008E-4,-0.01708716,0.9327918,0.36001036,-0.059595834,-0.36037293,0.9309026,0.9980763,-0.0055486364,0.061748255,10.059433,-0.08494568,-0.041870117,9.806482,-0.056697886,-0.007910051,-0.01576233,0.0018005371,-0.0024414063,-59.579468,-13.319397,29.87976,0,0.0,0.0,0.0,0.0
0.821777343,0.0056187515,0.91204304,0.410056,-0.0016182438,-0.41005364,0.91205996,0.9999829,-0.005788209,-8.2808157E-4,-0.016324092,0.9319209,0.3622942,-0.057252254,-0.36261916,0.9301772,0.9982263,-0.005557861,0.059273995,10.047455,-0.08135986,-0.023925781,9.806482,-0.05676294,-0.008120706,-0.0110321045,0.0066833496,-0.0022735596,-59.458923,-12.95929,29.638672,0,0.0,0.0,0.0,0.0
0.830078125,0.0056159324,0.9120452,0.4100513,-0.001639564,-0.4100488,0.9120621,0.9999829,-0.005794385,-8.0745004E-4,-0.01594176,0.9315473,0.3632706,-0.05611867,-0.3635777,0.9298721,0.9982968,-0.005562468,0.05807326,10.043869,-0.052642822,-0.0059814453,9.806482,-0.056823507,-0.00791838,-0.0110321045,0.0043945313,-0.0051879883,-59.458923,-12.95929,29.638672,0,0.0,0.0,0.0,0.0
0.838378906,0.0055659628,0.91056657,0.41332495,-0.0016850375,-0.4133222,0.9105832,0.9999831,-0.005764741,-7.6619745E-4,-0.015193346,0.9308197,0.3651628,-0.053922314,-0.36543626,0.9292732,0.99842954,-0.005571652,0.055744153,10.02713,-0.0382843,0.021530151,9.806484,-0.056532796,-0.0075138304,-0.00630188,0.0030212402,-0.0019683838,-59.579468,-13.198853,29.87976,0,0.0,0.0,0.0,0.0
0.846679687,0.005499402,0.9106172,0.41321453,-0.0017310901,-0.41321146,0.9106335,0.9999834,-0.0057232506,-6.9605553E-4,-0.014475329,0.9300652,0.36710918,-0.051814646,-0.3673521,0.92863756,0.9985518,-0.0055792984,0.053508542,10.039093,-0.07777405,-0.010772705,9.806487,-0.056125917,-0.0068259733,-0.007827759,0.004699707,-0.0036621094,-59.579468,-13.198853,29.87976,0,0.0,0.0,0.0,0.0
0.854980468,0.0054708505,0.9065345,0.42209628,-0.0018215559,-0.42209285,0.90655077,0.9999834,-0.0057284757,-6.5790385E-4,-0.014125111,0.9296987,0.36804998,-0.050794452,-0.36827862,0.9283269,0.99860924,-0.0055821775,0.052425515,10.039093,-0.07777405,-0.010772705,9.806487,-0.056177158,-0.006451833,-0.011184692,0.009735107,-0.0032043457,-59.698486,-13.439941,29.638672,0,0.0,0.0,0.0,0.0
0.86328125,0.0054478226,0.9108843,0.41262567,-0.0018326722,-0.412622,0.9109005,0.9999835,-0.005718632,-5.785392E-4,-0.013458958,0.92884165,0.3702325,-0.048813015,-0.37043488,0.92757493,0.99871725,-0.005587971,0.05032523,10.072586,-0.088531494,-0.029907227,9.806488,-0.056080624,-0.0056735314,-0.007827759,0.012939453,-0.0064086914,-59.698486,-13.259888,30.059814,0,0.0,0.0,0.0,0.0
0.871582031,0.0054065776,0.91091543,0.41255748,-0.0019392343,-0.41255316,0.91093135,0.9999835,-0.0057250676,-4.640224E-4,-0.012792719,0.92816746,0.37194294,-0.046921074,-0.37212086,0.92699754,0.99881667,-0.005593144,0.04831105,10.054642,-0.09451294,0.007171631,9.806488,-0.056143735,-0.0045505054,-0.017303467,0.007904053,-0.0035095215,-59.698486,-13.259888,30.059814,0,0.0,0.0,0.0,0.0
