Time,Rot1,Rot2,Rot3,Rot4,Rot5,Rot6,Rot7,Rot8,Rot9,FRot1,FRot2,FRot3,FRot4,FRot5,FRot6,FRot7,FRot8,FRot9,AccX,AccY,AccZ,GravX,GravY,GravZ,GyroX,GyroY,GyroZ,MagX,MagY,MagZ,Imid
0.0,0.0,0.0,0.0,0.0,0.0,0.0,0.0,0.0,0.0,1.0,0.0,0.0,0.0,1.0,0.0,0.0,0.0,1.0,10.037888,0.021530151,0.14117432,9.805623,0.027607942,0.13918781,0.0,0.0,0.0,0.0,0.0,0.0,0,0.0,0.0,0.0,0.0
0.008300782,0.0,0.0,0.0,0.0,0.0,0.0,0.0,0.0,0.0,1.0,0.0,0.0,0.0,1.0,0.0,0.0,0.0,1.0,10.037888,0.021530151,0.14117432,9.805609,0.028397772,0.14003645,-0.0023498535,-0.0026397705,-0.009796143,0.0,0.0,0.0,0,0.0,0.0,0.0,0.0
0.016601563,-0.013457808,0.57064134,0.8210891,-0.005787628,-0.8211942,0.5706195,0.9998927,0.0029271296,0.014354133,1.0,0.0,0.0,0.0,1.0,0.0,0.0,0.0,1.0,10.054642,-0.010772705,0.19502258,9.805598,0.028705336,0.14076596,-0.0012817383,-0.008743286,-0.0068969727,-31.199646,-39.239502,26.759338,0,0.0,0.0,0.0,0.0
0.024902344,-0.013465295,0.5706452,0.8210862,-0.005790925,-0.82119143,0.57062334,0.99989253,0.0029287627,0.01436215,0.99823177,0.05066431,-0.03108677,-0.05064158,0.99871576,0.0015184255,0.031123776,5.854262E-5,0.99951553,10.054642,-0.010772705,0.19502258,9.805596,0.028721351,0.14084458,-0.011352539,-0.012710571,-0.003692627,-31.199646,-39.239502,26.759338,0,0.0,0.0,0.0,0.0
0.033203125,-0.013383481,0.57211274,0.8200658,-0.0058234064,-0.8201699,0.5720903,0.9998934,0.002880983,0.0143083725,0.9847726,0.14848584,-0.090415284,-0.14787984,0.98891455,0.013402478,0.09140306,1.7220339E-4,0.99581397,10.065414,-0.026321411,0.17945862,9.805605,0.028252793,0.1403172,-0.0011291504,-0.014083862,-0.00491333,-31.13861,-38.99994,26.69983,0,0.0,0.0,0.0,0.0
0.041503907,-0.013278629,0.57205683,0.82010645,-0.0058546676,-0.82020915,0.5720337,0.9998947,0.0027943722,0.014240457,0.95967704,0.24102554,-0.1446606,-0.23837595,0.9705187,0.035641298,0.14898628,2.7947113E-4,0.9888392,10.04985,-0.056228638,0.16151428,9.805617,0.027403431,0.13965118,-0.003112793,-0.006454468,-0.0072021484,-31.13861,-38.99994,26.69983,0,0.0,0.0,0.0,0.0
0.049804688,-0.013184559,0.5746857,0.818268,-0.0059319306,-0.8183697,0.5746615,0.99989545,0.002722749,0.014198838,0.9433638,0.28519076,-0.16950208,-0.28075656,0.9584707,0.050096314,0.17674978,3.297692E-4,0.98425573,10.04985,-0.056228638,0.16151428,9.805625,0.026701048,0.13924304,-0.004180908,-0.008895874,-0.0043029785,-31.318665,-38.819885,26.759338,0,0.0,0.0,0.0,0.0
0.058105469,-0.013130807,0.57465684,0.8182891,-0.0059488444,-0.8183901,0.5746323,0.9998961,0.002677511,0.014164667,0.904437,0.36898422,-0.21411306,-0.35916498,0.92943555,0.08455799,0.23020484,4.2453123E-4,0.9731421,10.041473,-0.035888672,0.17108154,9.805631,0.02625741,0.13890792,-0.0052490234,-0.0067596436,-0.002319336,-31.318665,-38.819885,26.759338,0,0.0,0.0,0.0,0.0
0.06640625,-0.013057121,0.5744635,0.8184261,-0.005902896,-0.81852585,0.57443935,0.9998973,0.0026694394,0.014078589,0.8585789,0.44673693,-0.25153208,-0.4288791,0.89466524,0.12504745,0.28090033,5.137493E-4,0.9597368,10.039093,0.0011901855,0.13639832,9.805643,0.02617826,0.1380638,-0.0025024414,-0.011489868,-0.0039978027,-31.318665,-38.578796,26.579285,0,0.0,0.0,0.0,0.0
0.074707032,-0.012989528,0.57442707,0.8184527,-0.0058590397,-0.8185515,0.5744034,0.9998985,0.0026658813,0.013998187,0.83358544,0.48332182,-0.26746085,-0.46040717,0.8754425,0.14705634,0.30522215,5.5686315E-4,0.952281,10.039093,0.0011901855,0.13639832,9.805655,0.026143366,0.13727532,-0.005706787,-0.006454468,-0.007965088,-31.318665,-38.578796,26.579285,0,0.0,0.0,0.0,0.0
0.083007813,-0.012949937,0.57036656,0.8212882,-0.0056980876,-0.82138586,0.5703445,0.9998999,0.0027061526,0.013886893,0.78046334,0.55190307,-0.29373467,-0.5168021,0.833908,0.19368279,0.35184184,6.403802E-4,0.9360593,10.004395,0.022735596,0.098098755,9.805669,0.026538292,0.1361839,-0.008926392,-0.002029419,-0.0067443848,-31.3797,-38.63983,26.339722,0,0.0,0.0,0.0,0.0
0.091308594,-0.012950613,0.5703669,0.82128793,-0.005659011,-0.8213855,0.5703454,0.9999001,0.0027386455,0.013865158,0.72424746,0.61458856,-0.31264448,-0.56462115,0.78884757,0.24273957,0.3958138,7.221848E-4,0.9183305,10.043869,0.011962891,0.11843872,9.805671,0.026856938,0.13597076,-0.009689331,0.009887695,-0.006134033,-31.3797,-38.63983,26.339722,0,0.0,0.0,0.0,0.0
0.099609375,-0.01293451,0.5783436,0.81569076,-0.005781499,-0.81578857,0.5783213,0.9998996,0.0027643873,0.013895519,0.6954238,0.64369714,-0.31943673,-0.58535457,0.76527995,0.26778096,0.41682836,7.62514E-4,0.90898484,10.043869,0.011962891,0.11843872,9.805666,0.027109379,0.1362685,-0.010437012,0.0071411133,-9.3078613E-4,-31.13861,-38.09967,26.519775,0,0.0,0.0,0.0,0.0
0.107910157,-0.0129772965,0.5783667,0.81567377,-0.0057969843,-0.81577224,0.57834435,0.99989897,0.002776897,0.013939299,0.63730294,0.6972917,-0.32806903,-0.6205061,0.716787,0.31810153,0.4569652,8.4178825E-4,0.8894842,10.079758,0.022735596,0.13998413,9.805659,0.027232058,0.13669783,-0.005706787,-0.0066070557,-0.006439209,-31.13861,-38.09967,26.519775,0,0.0,0.0,0.0,0.0
0.116210938,-0.0129935695,0.57986224,0.81461084,-0.0058108214,-0.8147096,0.5798399,0.9998987,0.0028006309,0.013955464,0.57907194,0.74533737,-0.33037552,-0.64806765,0.6666869,0.36815336,0.49465546,9.1841863E-4,0.8690887,10.016357,0.025131226,0.17347717,9.805656,0.027464807,0.13685635,-0.004638672,-0.023101807,-0.0029296875,-31.199646,-38.038635,26.579285,0,0.0,0.0,0.0,0.0
0.124511719,-0.012947897,0.5798376,0.8146292,-0.0057347217,-0.8147272,0.5798162,0.99989974,0.0028357294,0.013874211,0.5502063,0.76733863,-0.32933944,-0.6591662,0.6412414,0.3928224,0.5126139,9.5606287E-4,0.8586187,10.016357,0.025131226,0.17347717,9.805667,0.027809005,0.13605954,-0.005706787,-0.020645142,-0.005218506,-31.199646,-38.038635,26.579285,0,0.0,0.0,0.0,0.0
0.1328125,-0.012823207,0.582704,0.8125832,-0.0056213676,-0.8126792,0.5826841,0.99990195,0.0029040496,0.013696748,0.49337253,0.8075322,-0.32322642,-0.6764367,0.58982265,0.44106984,0.54682434,0.0010304977,0.83724666,9.988831,0.051452637,0.13877869,9.805689,0.028478999,0.13431922,-0.007843018,-0.026916504,-0.0014038086,-31.199646,-37.919617,26.69983,0,0.0,0.0,0.0,0.0
0.141113282,-0.01263669,0.58260345,0.8126584,-0.0055424026,-0.81275165,0.58258414,0.9999048,0.002857854,0.013499511,0.43831983,0.842823,-0.3122901,-0.6876116,0.53818977,0.48738292,0.57884884,0.0011046904,0.8154341,10.061813,-0.021530151,0.14356995,9.8057165,0.028025974,0.13238499,-0.009063721,-0.037902832,0.0018157959,-31.199646,-37.919617,26.69983,0,0.0,0.0,0.0,0.0
0.149414063,-0.012380953,0.58138096,0.8135373,-0.00542084,-0.81362665,0.5813623,0.99990857,0.0027877637,0.013225045,0.41157553,0.8587628,-0.30517542,-0.6911439,0.5123721,0.5097008,0.5940754,0.0011397537,0.8044085,10.061813,-0.021530151,0.14356995,9.805754,0.027338624,0.12969339,-0.008010864,-0.048599243,-6.2561035E-4,-31.259155,-37.85858,26.579285,0,0.0,0.0,0.0,0.0
0.157714844,-0.01198141,0.58116406,0.8136983,-0.005263215,-0.8137821,0.5811464,0.99991435,0.0026802847,0.0128090475,0.35984924,0.88745195,-0.28798875,-0.6945121,0.46089864,0.55247205,0.6230261,0.0012050148,0.7822002,10.064209,-0.047851563,0.105285645,9.805811,0.026284616,0.12561385,-9.765625E-4,-0.049972534,2.89917E-4,-31.259155,-37.85858,26.579285,0,0.0,0.0,0.0,0.0
0.166015625,-0.011498968,0.5868525,0.8096122,-0.0051723584,-0.80968976,0.58683527,0.9999204,0.0025603955,0.012346009,0.31076032,0.9121094,-0.26736584,-0.69343144,0.40994498,0.5925352,0.65006226,0.0012634356,0.75987995,10.060623,-0.059814453,0.08015442,9.80587,0.025108904,0.12107299,-0.009231567,-0.03868103,1.373291E-4,-31.199646,-37.85858,26.998901,0,0.0,0.0,0.0,0.0
0.174316407,-0.011112539,0.5866451,0.80976796,-0.0050357673,-0.80984056,0.5866286,0.9999256,0.0024411299,0.011953591,0.28737172,0.92296743,-0.25602466,-0.6913643,0.38487592,0.6114621,0.66289735,0.0012893749,0.7487092,10.060623,-0.059814453,0.08015442,9.805921,0.023939306,0.11722469,-0.007080078,-0.027832031,-7.9345703E-4,-31.199646,-37.85858,26.998901,0,0.0,0.0,0.0,0.0
0.182617188,-0.010865775,0.57741183,0.8163807,-0.0047900556,-0.8164495,0.5773968,0.9999295,0.0023633558,0.011637194,0.24278742,0.94206786,-0.23143551,-0.68463403,0.33541965,0.64712435,0.6872631,0.0013349844,0.7264074,10.059433,-0.04547119,0.052642822,9.805959,0.023176605,0.11412189,-0.008758545,-0.004623413,-0.009643555,-31.318665,-38.339233,26.69983,0,0.0,0.0,0.0,0.0
0.190917969,-0.010714376,0.57732993,0.81644064,-0.004699137,-0.8165075,0.57731557,0.9999315,0.0023490095,0.011461321,0.20089927,0.95804876,-0.2044065,-0.6749711,0.2866019,0.67990685,0.7099672,0.0013757078,0.7042334,10.045074,-0.020339966,0.07058716,9.805979,0.023035916,0.11239717,-0.0025024414,0.018585205,-0.0038452148,-31.318665,-38.339233,26.69983,0,0.0,0.0,0.0,0.0
0.19921875,-0.010777257,0.56979424,0.8217167,-0.004620403,-0.821784,0.5697803,0.9999312,0.0023440064,0.011489256,0.18109736,0.9648928,-0.19022541,-0.669147,0.26264048,0.6951707,0.7207261,0.0013951738,0.6932186,10.045074,-0.020339966,0.07058716,9.805976,0.022986852,0.11267112,-0.0011291504,0.021652222,-0.0010986328,-31.3797,-38.578796,26.339722,0,0.0,0.0,0.0,0.0
0.207519532,-0.01083453,0.5698256,0.8216943,-0.0047293724,-0.8217625,0.56981057,0.9999301,0.002287531,0.011598327,0.14353706,0.9765385,-0.16052943,-0.65585804,0.21533819,0.7235189,0.7411122,0.0014327476,0.6713797,10.053452,-0.041870117,0.07417297,9.805964,0.022433016,0.113740735,-0.009689331,0.021499634,-0.009643555,-31.3797,-38.578796,26.339722,0,0.0,0.0,0.0,0.0
0.215820313,-0.01099658,0.5664721,0.8240075,-0.0048598163,-0.8240779,0.5664556,0.99992776,0.0022245494,0.011814989,0.10900349,0.98554146,-0.12971596,-0.640639,0.16942799,0.74891645,0.76006573,0.001466597,0.6498445,10.066605,-0.06341553,0.14356995,9.805942,0.021815378,0.11586547,-0.0049438477,0.024551392,-0.012237549,-31.91986,-38.75885,26.219177,0,0.0,0.0,0.0,0.0
0.224121094,-0.011152967,0.566559,0.82394564,-0.0050094407,-0.82401824,0.56654114,0.99992526,0.002191107,0.0120283915,0.09279758,0.9891445,-0.11393777,-0.63243836,0.1469388,0.7605463,0.76903206,0.0014817561,0.63920844,10.066605,-0.06341553,0.14356995,9.805918,0.021487422,0.11795823,-0.012588501,0.016448975,-0.012084961,-31.91986,-38.75885,26.219177,0,0.0,0.0,0.0,0.0
0.232421875,-0.011464736,0.5453215,0.8381486,-0.004739405,-0.83822393,0.54530567,0.99992305,0.0022794597,0.012194514,0.06255754,0.9946701,-0.08196351,-0.6150546,0.10309793,0.7817152,0.785999,0.0015098463,0.61822593,10.023529,0.01675415,0.13040161,9.805896,0.022353865,0.11958734,-0.004180908,0.009429932,-0.010864258,-32.57904,-39.59961,25.318909,0,0.0,0.0,0.0,0.0
0.240722657,-0.011685865,0.5454486,0.8380628,-0.0047485866,-0.83814085,0.54543316,0.9999204,0.0023942438,0.01238451,0.03450272,0.99820966,-0.048857857,-0.5966608,0.0597926,0.800263,0.8017515,0.001540323,0.59765553,10.005585,0.04307556,0.15553284,9.80587,0.023479512,0.12145056,-0.007232666,-0.0024871826,0.0010528564,-32.57904,-39.59961,25.318909,0,0.0,0.0,0.0,0.0
0.249023438,-0.011826343,0.538195,0.8427373,-0.0046302034,-0.8428167,0.53818077,0.99991935,0.0024626656,0.012459394,0.021504628,0.99924797,-0.032266486,-0.58714396,0.038744673,0.8085548,0.8091969,0.0015574015,0.58753556,10.005585,0.04307556,0.15553284,9.80586,0.0241505,0.12218492,-0.00831604,-0.0024871826,0.0010528564,-32.818604,-39.89868,25.019836,0,0.0,0.0,0.0,0.0
0.257324219,-0.011844644,0.53820574,0.8427303,-0.004611033,-0.8428098,0.53819174,0.9999192,0.0024888325,0.0124644665,-0.0027189264,0.99999565,0.0011366149,-0.5676337,-0.0024791146,0.8232775,0.82327676,0.00159325,0.56763804,10.053452,0.046661377,0.1758728,9.805858,0.02440711,0.122234665,-0.010131836,-0.030273438,2.89917E-4,-32.818604,-39.89868,25.019836,0,0.0,0.0,0.0,0.0
0.265625,-0.011678841,0.53511673,0.84469736,-0.004468472,-0.8447745,0.5351038,0.9999218,0.0024748854,0.012257141,-0.024422554,0.9991135,0.034290172,-0.54766923,-0.042066902,0.83563685,0.8363385,0.0016287151,0.54821104,10.02832,0.022735596,0.117248535,9.805883,0.024270335,0.1202015,-0.009231567,-0.03591919,0.0010528564,-32.759094,-40.019226,24.899292,0,0.0,0.0,0.0,0.0
0.273925782,-0.011433687,0.5349742,0.84479094,-0.0043217726,-0.8448647,0.5349625,0.9999253,0.002465599,0.011971957,-0.03441671,0.9981167,0.050779995,-0.5375775,-0.061322175,0.8409816,0.8425117,0.0016456385,0.53867555,10.02832,0.022735596,0.117248535,9.805918,0.024179267,0.117404796,-0.010910034,-0.029510498,-0.0041503906,-32.759094,-40.019226,24.899292,0,0.0,0.0,0.0,0.0
0.282226563,-0.011224461,0.5300937,0.84786475,-0.0041038473,-0.84793544,0.5300836,0.9999286,0.0024703948,0.011693042,-0.05270574,0.9951237,0.083371855,-0.51729065,-0.098620206,0.85010844,0.85418516,0.0016781089,0.5199661,10.043869,0.010772705,0.090927124,9.805949,0.024226297,0.11466956,-0.009231567,-0.018676758,-0.0059814453,-32.939148,-40.13977,24.659729,0,0.0,0.0,0.0,0.0
0.290527344,-0.0110431705,0.5299873,0.84793365,-0.0039607836,-0.8480019,0.52997833,0.99993116,0.0024941594,0.011463795,-0.06897005,0.9909069,0.11552751,-0.49698994,-0.1345383,0.8572634,0.86501104,0.0017094836,0.5017498,10.053452,-0.011962891,0.0657959,9.805975,0.024459349,0.11242143,-0.013198853,-0.022644043,-0.0026245117,-32.939148,-40.13977,24.659729,0,0.0,0.0,0.0,0.0
0.298828125,-0.010833704,0.5256262,0.8506467,-0.0037841971,-0.85071206,0.5256184,0.99993414,0.0024753793,0.011205436,-0.07634574,0.98839396,0.13133407,-0.48688212,-0.15190238,0.8601578,0.87012476,0.001725177,0.49282846,10.053452,-0.011962891,0.0657959,9.806005,0.024275178,0.109887786,-0.012588501,-0.02003479,-0.007507324,-33.059692,-40.19928,24.41864,0,0.0,0.0,0.0,0.0
0.307128907,-0.010656672,0.5255213,0.85071373,-0.0036573724,-0.8507768,0.5255144,0.99993646,0.0024888576,0.010988476,-0.08977138,0.982613,0.16251992,-0.46681017,-0.18565707,0.8646501,0.87978935,0.001754885,0.47536042,10.021133,0.007171631,0.071777344,9.806027,0.024407357,0.10776014,-0.007232666,-0.0070648193,-0.003692627,-33.059692,-40.19928,24.41864,0,0.0,0.0,0.0,0.0
0.315429688,-0.010503738,0.5262634,0.85025674,-0.0036138452,-0.8503181,0.52625674,0.9999383,0.0024549675,0.010833354,-0.10142142,0.975975,0.19283822,-0.44704118,-0.21787542,0.86757386,0.88874507,0.0017839503,0.45839822,10.065414,-0.039474487,0.06700134,9.806046,0.024075007,0.10623891,-0.010131836,-0.0015563965,-0.0039978027,-33.239746,-40.019226,24.35913,0,0.0,0.0,0.0,0.0
0.323730469,-0.010388809,0.5261947,0.8503006,-0.0036089004,-0.8503607,0.5261878,0.9999395,0.0023978148,0.010733221,-0.10661742,0.9723784,0.20763682,-0.43730092,-0.23340328,0.86849916,0.89297295,0.0017973706,0.45010683,10.065414,-0.039474487,0.06700134,9.806057,0.02351453,0.105256945,-0.009063721,0.0030212402,-0.005218506,-33.239746,-40.019226,24.35913,0,0.0,0.0,0.0,0.0
0.33203125,-0.010408801,0.5169635,0.85594416,-0.0035708614,-0.8560043,0.5169564,0.9999395,0.002324439,0.010755984,-0.111423515,0.9686137,0.22219905,-0.42766857,-0.24856457,0.8690888,0.8970421,0.0018093794,0.44194153,10.066605,-0.056228638,0.1268158,9.806057,0.02279496,0.10548017,-0.0093688965,-1.9836426E-4,-0.0053710938,-33.95996,-40.618896,24.119568,0,0.0,0.0,0.0,0.0
0.340332032,-0.010392068,0.51695323,0.85595053,-0.003630834,-0.85601056,0.5169454,0.9999394,0.0022643183,0.010772693,-0.120110065,0.960516,0.25096336,-0.40871504,-0.27821878,0.8692216,0.90472406,0.0018297757,0.4259942,10.066605,-0.056228638,0.13160706,9.806056,0.022205377,0.10564403,-0.012435913,-0.0038604736,-0.0073547363,-33.95996,-40.618896,24.119568,0,0.0,0.0,0.0,0.0
0.348632813,-0.010369664,0.5118546,0.85900956,-0.0035685524,-0.8590693,0.5118471,0.9999399,0.0022422608,0.0107348375,-0.12741852,0.9518842,0.27871293,-0.39028445,-0.3064522,0.8681965,0.9118347,0.0018469837,0.4105533,10.072586,-0.029907227,0.13160706,9.806061,0.021989068,0.1052728,-0.0050964355,-0.016983032,-0.0058288574,-33.839417,-40.559387,23.75946,0,0.0,0.0,0.0,0.0
0.356933594,-0.010241739,0.5117761,0.8590579,-0.003550833,-0.85911614,0.5117684,0.99994123,0.0021910288,0.010616075,-0.13064145,0.9473601,0.29230413,-0.38126284,-0.3201647,0.8672561,0.91518927,0.0018548892,0.40301996,10.052246,-0.044265747,0.112457275,9.806074,0.021486653,0.10410813,-0.005859375,-0.016983032,-0.003692627,-33.839417,-40.559387,23.75946,0,0.0,0.0,0.0,0.0
0.365234375,-0.010102873,0.5116909,0.8591102,-0.0034664427,-0.8591668,0.5116838,0.99994296,0.002191421,0.010453801,-0.13620044,0.93801755,0.31870458,-0.36365566,-0.34658286,0.86465883,0.9215227,0.0018682005,0.3883201,10.0247345,0.0023956299,0.08734131,9.806091,0.021490501,0.10251678,-0.00982666,-0.016220093,-1.6784668E-4,-33.839417,-40.559387,23.75946,0,0.0,0.0,0.0,0.0
0.373535157,-0.009830095,0.5240811,0.85161155,-0.003467231,-0.8516654,0.52407426,0.99994564,0.002198966,0.010189064,-0.14067492,0.9283499,0.34405953,-0.34665114,-0.37170264,0.8612027,0.92738533,0.0018809999,0.3741028,10.013962,0.021530151,0.01914978,9.806117,0.02156449,0.099920586,-0.011352539,-0.01713562,-0.003692627,-33.718872,-40.019226,24.238586,0,0.0,0.0,0.0,0.0
0.381835938,-0.009622409,0.52395475,0.8516918,-0.0033103894,-0.8517433,0.523949,0.99994826,0.0022222204,0.009930315,-0.14244005,0.9235291,0.35609657,-0.33841982,-0.38352364,0.8592914,0.93015206,0.0018873592,0.3671697,10.037888,0.015548706,0.06819153,9.806143,0.021792538,0.097383134,-0.010604858,-0.013931274,-0.008880615,-33.718872,-40.019226,24.238586,0,0.0,0.0,0.0,0.0
0.390136719,-0.009492853,0.5253274,0.8508472,-0.0031748223,-0.8508971,0.5253228,0.99994993,0.0022855238,0.0097452635,-0.14530773,0.9137438,0.37941796,-0.32242337,-0.40628648,0.85497046,0.93537635,0.0019006198,0.35364893,10.047455,0.033493042,0.062210083,9.806159,0.022413332,0.09556839,-0.007080078,-0.016830444,-0.0030822754,-33.358765,-39.959717,24.299622,0,0.0,0.0,0.0,0.0
0.3984375,-0.009346127,0.5261595,0.8503346,-0.0030427922,-0.8503827,0.5261558,0.99995166,0.0023301276,0.009548778,-0.14735058,0.9038451,0.40168628,-0.30706805,-0.42785555,0.8500876,0.9402112,0.0019158621,0.34058672,10.047455,0.033493042,0.062210083,9.806176,0.022850746,0.09364152,-0.008926392,-0.018356323,-9.3078613E-4,-33.358765,-39.959717,24.35913,0,0.0,0.0,0.0,0.0
0.406738282,-0.009200123,0.5260717,0.85039043,-0.0029146243,-0.85043687,0.5260689,0.9999534,0.0023613302,0.009357425,-0.14809199,0.89886856,0.41243675,-0.2996292,-0.4382141,0.84746134,0.942492,0.0019241475,0.33422327,10.059433,0.023925781,0.051452637,9.806193,0.02315674,0.091765,-0.010910034,-0.013320923,-0.0053710938,-33.358765,-39.959717,24.35913,0,0.0,0.0,0.0,0.0
0.415039063,-0.009052405,0.52598286,0.850447,-0.0027824624,-0.8504918,0.52598095,0.9999552,0.0023950557,0.009162524,-0.14907889,0.8888724,0.43322212,-0.28522038,-0.45815077,0.84187126,0.94679713,0.0019414598,0.32182512,9.997208,0.026321411,0.013153076,9.8062105,0.023487475,0.08985367,-0.006011963,5.79834E-4,-0.0058288574,-33.358765,-39.959717,24.35913,0,0.0,0.0,0.0,0.0
0.423339844,-0.009018596,0.52748394,0.8495171,-0.0027207513,-0.84956145,0.5274826,0.99995565,0.0024458275,0.009097004,-0.14946757,0.87885356,0.45307383,-0.2714326,-0.47708762,0.8358898,0.9507807,0.0019594221,0.30985862,10.011566,0.027511597,0.022735596,9.806215,0.023985375,0.08921114,-0.014419556,0.019500732,-0.008422852,-32.939148,-39.59961,24.238586,0,0.0,0.0,0.0,0.0
0.431640625,-0.009146345,0.50855684,0.86097974,-0.0024795788,-0.8610246,0.508557,0.99995506,0.0025165712,0.009136236,-0.14945066,0.87386566,0.4626265,-0.2647749,-0.48616344,0.8327901,0.9526588,0.0019691503,0.30403513,10.031906,-0.0047912598,0.06460571,9.80621,0.024679134,0.08959587,-0.008010864,0.024398804,-0.012390137,-33.599854,-40.319824,23.458862,0,0.0,0.0,0.0,0.0
0.439941407,-0.009297843,0.5086501,0.8609231,-0.0025559464,-0.8609696,0.50864995,0.9999535,0.0025288747,0.009305243,-0.14927901,0.8634784,0.4817892,-0.25178453,-0.5043819,0.82595605,0.95620096,0.001990828,0.29270416,10.071396,-0.020339966,0.08494568,9.806194,0.02479979,0.091253266,-0.0064697266,0.021957397,-0.0078125,-33.599854,-40.319824,23.458862,0,0.0,0.0,0.0,0.0
0.448242188,-0.009447865,0.50839007,0.861075,-0.0026420339,-0.861123,0.5083895,0.99995184,0.0025282057,0.009478959,-0.14864789,0.8531472,0.50004363,-0.23940195,-0.52166635,0.8188717,0.959474,0.0020121348,0.28178972,10.071396,-0.020339966,0.08494568,9.806178,0.02479323,0.09295684,-0.009231567,0.025466919,-0.0078125,-33.718872,-40.25879,23.399353,0,0.0,0.0,0.0,0.0
0.456542969,-0.009649671,0.508515,0.86099905,-0.002716336,-0.86104923,0.5085142,0.9999497,0.002568232,0.009690139,-0.14818057,0.84800804,0.5088466,-0.23343302,-0.5299795,0.81524885,0.9610159,0.0020224561,0.27648574,10.052246,0.0143585205,0.100494385,9.806157,0.02518575,0.095027804,-0.0066223145,0.029891968,-0.0058288574,-33.718872,-40.25879,23.399353,0,0.0,0.0,0.0,0.0
0.46484375,-0.009870816,0.50865173,0.8609157,-0.0027925377,-0.86096835,0.5086508,0.99994737,0.0026166593,0.00991889,-0.14697403,0.83780843,0.5258096,-0.22193131,-0.54596055,0.8078822,0.9639217,0.0020440686,0.26617792,10.059433,0.0011901855,0.13160706,9.806134,0.025660662,0.097271085,-0.010299683,0.027297974,-0.009796143,-33.718872,-40.25879,23.399353,0,0.0,0.0,0.0,0.0
0.473144532,-0.010099303,0.5229109,0.85232747,-0.0030899772,-0.8523831,0.52290845,0.99994415,0.002647339,0.01022426,-0.14544556,0.8277328,0.5419446,-0.2109934,-0.56111866,0.8003922,0.9666061,0.002066743,0.25625837,10.063019,-0.0047912598,0.17468262,9.806103,0.025961526,0.10026574,-0.010437012,0.015380859,-0.0021514893,-33.059692,-39.65912,23.939514,0,0.0,0.0,0.0,0.0
0.481445313,-0.010282396,0.53035295,0.8477146,-0.0032461302,-0.84777266,0.53034985,0.9999418,0.0027014753,0.010438728,-0.14450848,0.8229358,0.5494488,-0.20577952,-0.5681306,0.7967951,0.9678699,0.002078355,0.25144303,10.02832,0.03111267,0.15672302,9.80608,0.026492422,0.10236896,-0.0067749023,0.00592041,-0.0015411377,-32.939148,-39.479065,24.299622,0,0.0,0.0,0.0,0.0
0.489746094,-0.010351638,0.5303942,0.84768784,-0.0033097968,-0.84774685,0.5303907,0.999941,0.0026847385,0.010531067,-0.14239673,0.8136601,0.56363153,-0.19579354,-0.58133715,0.78975445,0.97025156,0.0021030304,0.24208988,10.00798,-0.0059814453,0.114852905,9.806071,0.026328292,0.10327449,-0.0054016113,0.004699707,-0.006286621,-32.939148,-39.479065,24.299622,0,0.0,0.0,0.0,0.0
0.498046875,-0.01034507,0.5303904,0.84769046,-0.0033208083,-0.8477494,0.53038675,0.999941,0.0026718704,0.010531351,-0.14126593,0.80908483,0.57046086,-0.19098909,-0.587688,0.7862226,0.9713738,0.0021146645,0.23754667,10.031906,-0.01675415,0.08375549,9.806071,0.026202098,0.10327727,-0.00831604,-8.087158E-4,-0.007507324,-32.939148,-39.479065,24.299622,0,0.0,0.0,0.0,0.0
0.506347657,-0.010317814,0.53127295,0.8471379,-0.0033008074,-0.8471965,0.5312695,0.99994135,0.0026853,0.010494845,-0.1388736,0.8000661,0.5836167,-0.1817411,-0.5999081,0.7791537,0.9734908,0.00213673,0.22871628,10.060623,-0.0047912598,0.090927124,9.806075,0.0263338,0.10291927,-0.0093688965,-0.005844116,-0.006134033,-32.818604,-39.479065,24.35913,0,0.0,0.0,0.0,0.0
0.514648438,-0.010255757,0.53123605,0.8471618,-0.003241565,-0.8472195,0.531233,0.9999421,0.0027020664,0.010410913,-0.1363249,0.7912558,0.5960955,-0.1729609,-0.6114815,0.77212363,0.97544867,0.0021584535,0.22021648,10.060623,-0.0047912598,0.090927124,9.806083,0.02649822,0.102096185,-0.006164551,-0.014694214,-0.008422852,-32.818604,-39.479065,24.35913,0,0.0,0.0,0.0,0.0
0.522949219,-0.010187546,0.5323114,0.84648734,-0.0031969142,-0.8465443,0.5323087,0.999943,0.0027167723,0.010325963,-0.13500303,0.7869215,0.6021036,-0.16873647,-0.61704934,0.76862097,0.976372,0.0021693257,0.2160859,10.040283,-0.007171631,0.13040161,9.806091,0.026642434,0.101263106,-0.006011963,-0.021575928,-0.0067443848,-32.51953,-39.35852,24.35913,0,0.0,0.0,0.0,0.0
0.53125,-0.010136253,0.5171695,0.855823,-0.0029038126,-0.8558786,0.51716864,0.9999444,0.0027570026,0.010177164,-0.1322715,0.7784311,0.61363614,-0.1606133,-0.62772626,0.7616844,0.97811437,0.0021910043,0.20805669,10.031906,0.011962891,0.10647583,9.806106,0.027036963,0.0998039,-0.010299683,-0.015304565,-0.004760742,-32.759094,-39.959717,23.75946,0,0.0,0.0,0.0,0.0
0.539550782,-0.010041175,0.5171127,0.85585845,-0.0027914073,-0.8559127,0.5171127,0.99994564,0.0028033694,0.010037841,-0.12956077,0.769691,0.6251318,-0.15280585,-0.6384128,0.75437355,0.9797267,0.002213418,0.20032653,10.035492,0.015548706,0.100494385,9.806117,0.027491663,0.0984376,-0.0067749023,-0.01499939,-0.009338379,-32.759094,-39.959717,23.75946,0,0.0,0.0,0.0,0.0
0.547851563,-0.00994969,0.51705796,0.85589254,-0.0027562957,-0.8559459,0.51705813,0.9999467,0.0027854743,0.009941559,-0.12817365,0.76539785,0.6306644,-0.1490506,-0.6435535,0.75074816,0.98048735,0.0022252172,0.1965696,10.043869,-0.032302856,0.107681274,9.806128,0.027316172,0.097493395,-0.0067749023,-0.007675171,-0.007659912,-32.759094,-39.959717,23.75946,0,0.0,0.0,0.0,0.0
0.556152344,-0.009877426,0.51591647,0.8565819,-0.002652543,-0.8566342,0.51591736,0.99994767,0.002823815,0.009829831,-0.12534785,0.75696796,0.64131695,-0.14182845,-0.65344816,0.74356586,0.9819229,0.0022474031,0.1892679,10.011566,0.011962891,0.090927124,9.806137,0.027692165,0.09639772,-0.01121521,-0.015457153,-0.006134033,-32.939148,-40.078735,23.75946,0,0.0,0.0,0.0,0.0
0.564453125,-0.009724467,0.51582456,0.856639,-0.0025276912,-0.85668945,0.5158262,0.9999495,0.0028508173,0.009634695,-0.122477174,0.74871653,0.65147746,-0.13496804,-0.6628864,0.7364545,0.9832513,0.0022702292,0.18224126,10.011566,0.011962891,0.090927124,9.806155,0.027956968,0.09448408,-0.008926392,-0.014541626,-0.007507324,-32.939148,-40.078735,23.75946,0,0.0,0.0,0.0,0.0
0.572753907,-0.0095263785,0.5236776,0.8518632,-0.0024867358,-0.8519116,0.52367955,0.9999515,0.002870411,0.009417881,-0.121025905,0.74467015,0.6563681,-0.1316685,-0.66742873,0.73294085,0.98387814,0.0022818407,0.17882577,10.053452,0.008377075,0.041870117,9.806174,0.028149117,0.09235787,-0.008926392,-0.024017334,-0.002456665,-32.458496,-40.019226,24.238586,0,0.0,0.0,0.0,0.0
0.581054688,-0.00930954,0.5235505,0.85194373,-0.0023610906,-0.8519898,0.523553,0.9999539,0.0028625217,0.009167784,-0.11805358,0.73698634,0.6655182,-0.12536277,-0.67590374,0.7262495,0.9850622,0.0023051482,0.17218348,10.040283,-0.020339966,0.07298279,9.806198,0.028071748,0.08990525,-0.015792847,-0.023101807,-7.9345703E-4,-32.458496,-40.019226,24.238586,0,0.0,0.0,0.0,0.0
0.589355469,-0.009158101,0.52045536,0.8538397,-0.0022723433,-0.8538841,0.52045804,0.9999555,0.002826191,0.009002611,-0.115067266,0.72951204,0.6742193,-0.119374625,-0.683964,0.71968246,0.98615885,0.0023272203,0.1657871,10.041473,-0.008377075,0.100494385,9.806213,0.027715467,0.08828546,-0.004486084,-0.019729614,-0.007507324,-32.398987,-40.13977,24.119568,0,0.0,0.0,0.0,0.0
0.59765625,-0.009017083,0.52037275,0.8538917,-0.0021489484,-0.85393447,0.52037615,0.999957,0.002857306,0.008818252,-0.113580585,0.7258049,0.67845905,-0.11648739,-0.6878966,0.71639997,0.98667634,0.0023371996,0.16267882,10.010376,0.022735596,0.07537842,9.806229,0.028020602,0.08647751,-0.0066223145,-0.02142334,-0.004760742,-32.398987,-40.13977,24.119568,0,0.0,0.0,0.0,0.0
0.605957032,-0.008889883,0.51464695,0.8573561,-0.0019558154,-0.85739726,0.51465136,0.9999586,0.0028983601,0.008628716,-0.11060981,0.7185484,0.6866248,-0.11093145,-0.6954729,0.70993775,0.9876536,0.002357796,0.15663575,10.030716,0.028717041,0.07537842,9.806244,0.028423203,0.0846188,-0.01411438,-0.022033691,-7.9345703E-4,-32.339478,-40.13977,23.75946,0,0.0,0.0,0.0,0.0
0.614257813,-0.008712246,0.51454216,0.8574208,-0.0018198832,-0.85746,0.51454717,0.9999603,0.0029224562,0.0084068095,-0.107679136,0.7113188,0.6945724,-0.105627894,-0.70286554,0.7034364,0.9885586,0.002379202,0.15081906,10.042679,0.03111267,0.0657959,9.806261,0.028659506,0.08244264,-0.006011963,-0.027069092,1.373291E-4,-32.339478,-40.13977,23.75946,0,0.0,0.0,0.0,0.0
0.622558594,-0.008508357,0.5089075,0.86077917,-0.001633679,-0.86081624,0.5089132,0.99996245,0.0029237787,0.008155523,-0.10621855,0.7077828,0.69839895,-0.103076495,-0.706426,0.70024097,0.9889858,0.002390067,0.14799133,10.042679,0.03111267,0.0657959,9.806282,0.028672475,0.07997836,-6.713867E-4,-0.031951904,0.003189087,-32.159424,-40.319824,23.519897,0,0.0,0.0,0.0,0.0
0.630859375,-0.008294998,0.50540376,0.86284316,-0.001480784,-0.8628781,0.50541,0.9999645,0.0029146906,0.007905966,-0.10333547,0.7006858,0.705947,-0.09813938,-0.71346587,0.69378316,0.98979306,0.0024112023,0.1424912,10.021133,-0.015548706,0.04307556,9.806302,0.028583352,0.07753104,9.1552734E-5,-0.01789856,-0.0044555664,-32.458496,-40.379333,23.339844,0,0.0,0.0,0.0,0.0
0.639160157,-0.008083625,0.50527763,0.862919,-0.0014044472,-0.862952,0.5052839,0.9999663,0.0028726007,0.0076854164,-0.101908356,0.6971599,0.7096357,-0.095756486,-0.7169116,0.69055665,0.9901744,0.002421272,0.13981687,10.021133,-0.015548706,0.04307556,9.80632,0.028170591,0.07536819,-0.001739502,-0.013320923,-0.007507324,-32.458496,-40.379333,23.339844,0,0.0,0.0,0.0,0.0
0.647460938,-0.007972329,0.5052113,0.86295885,-0.001353191,-0.862991,0.5052176,0.99996734,0.0028600125,0.007563695,-0.09907058,0.69026536,0.7167417,-0.0911725,-0.72355217,0.68422204,0.9908948,0.0024391448,0.13461596,10.071396,-0.011962891,0.061019897,9.80633,0.028047143,0.07417451,-0.012741089,-0.0023345947,-0.005218506,-32.458496,-40.379333,23.339844,0,0.0,0.0,0.0,0.0
0.655761719,-0.007927273,0.50730747,0.8617287,-0.0013361389,-0.86176044,0.50731385,0.9999677,0.0028702258,0.0075092427,-0.09626547,0.68358225,0.72349715,-0.08682415,-0.7298693,0.6780504,0.9915616,0.0024558108,0.12961267,10.034302,0.0023956299,0.062210083,9.806334,0.0281473,0.07364052,-0.0066223145,0.0042419434,-0.0044555664,-32.759094,-40.25879,23.399353,0,0.0,0.0,0.0,0.0
0.6640625,-0.007933214,0.507311,0.8617265,-0.0013380733,-0.86175823,0.50731736,0.99996763,0.002871604,0.007515332,-0.09487346,0.6803555,0.72671556,-0.08473933,-0.73287815,0.6750622,0.9918761,0.002464099,0.12718354,10.034302,0.0023956299,0.062210083,9.806333,0.028160816,0.073700234,-0.0118255615,0.007293701,-7.9345703E-4,-32.759094,-40.25879,23.399353,0,0.0,0.0,0.0,0.0
0.672363282,-0.007974238,0.5083369,0.8611213,-0.0013720205,-0.86115336,0.5083431,0.9999672,0.0028721734,0.007564491,-0.09212399,0.6740565,0.73291266,-0.08073262,-0.7386756,0.6692089,0.9924693,0.002480236,0.1224681,10.004395,0.007171631,0.06341553,9.806329,0.0281664,0.07418232,-0.005859375,0.015075684,-0.012084961,-33.1192,-40.25879,23.458862,0,0.0,0.0,0.0,0.0
0.680664063,-0.008070319,0.5093656,0.8605124,-0.0013946458,-0.86054534,0.509372,0.99996644,0.0029106848,0.0076552597,-0.08942165,0.66799545,0.7387732,-0.076938875,-0.7441612,0.66355455,0.99301773,0.0024957568,0.117938936,10.045074,0.007171631,0.06819153,9.806321,0.028544068,0.07507245,-0.012588501,0.010498047,-0.010559082,-33.1192,-40.25879,23.519897,0,0.0,0.0,0.0,0.0
0.688964844,-0.008179537,0.5094319,0.860472,-0.0013927536,-0.86050576,0.50943863,0.99996555,0.0029685476,0.0077480534,-0.08809019,0.6650573,0.74157864,-0.075118765,-0.7467881,0.66080606,0.993276,0.0025040554,0.11574299,10.045074,0.007171631,0.06819153,9.806313,0.029111508,0.07598245,-0.0037231445,0.011566162,-0.008880615,-33.1192,-40.25879,23.519897,0,0.0,0.0,0.0,0.0
0.697265625,-0.008274462,0.5094896,0.86043704,-0.0014222648,-0.8604716,0.50949633,0.9999647,0.002992039,0.007844568,-0.08547249,0.65932894,0.7469804,-0.07162032,-0.75185037,0.6554323,0.993763,0.002522449,0.11148388,10.074982,-0.0059814453,0.090927124,9.806305,0.029341882,0.07692894,-0.0074005127,0.011108398,-0.008575439,-33.1192,-40.25879,23.519897,0,0.0,0.0,0.0,0.0
0.705566407,-0.0083393995,0.5127538,0.85849524,-0.001502709,-0.8585306,0.5127603,0.9999641,0.002986044,0.007930148,-0.08291483,0.6537932,0.7521168,-0.06830306,-0.75666904,0.65022045,0.99421316,0.0025410445,0.107395165,10.063019,-0.022735596,0.098098755,9.806298,0.029283088,0.07776819,-0.005706787,0.0066833496,-0.0067443848,-33.239746,-40.019226,23.579407,0,0.0,0.0,0.0,0.0
0.713867188,-0.008401209,0.51279145,0.8584721,-0.0015539939,-0.8585081,0.5127977,0.9999635,0.0029740604,0.008009381,-0.08165411,0.6511529,0.75454116,-0.066715986,-0.7589422,0.6477312,0.99442524,0.0025499444,0.105413064,10.063019,-0.022735596,0.098098755,9.806293,0.02916557,0.0785452,-0.009231567,0.007446289,-0.006591797,-33.239746,-40.019226,23.579407,0,0.0,0.0,0.0,0.0
0.722167969,-0.008410701,0.5188203,0.854842,-0.0015836784,-0.85487807,0.5188266,0.99996334,0.0030098998,0.008011767,-0.079180144,0.64600897,0.75921196,-0.06366567,-0.76332545,0.64286923,0.9948252,0.0025667395,0.10156882,10.0247345,0.01675415,0.04307556,9.806291,0.029517034,0.07856859,-0.009063721,0.0030212402,-0.0032348633,-32.939148,-39.779663,23.81897,0,0.0,0.0,0.0,0.0
0.73046875,-0.008416911,0.52355665,0.8519492,-0.0016133536,-0.8519854,0.5235629,0.9999633,0.003032288,0.008015769,-0.07675203,0.6412548,0.7634798,-0.060790166,-0.7673237,0.63837206,0.99519527,0.0025842888,0.09787563,10.00798,0.025131226,0.059814453,9.806291,0.029736592,0.07860784,-0.009063721,0.0010375977,1.373291E-4,-33.059692,-39.779663,24.119568,0,0.0,0.0,0.0,0.0
0.738769532,-0.008411739,0.5235536,0.8519512,-0.0016122297,-0.85198736,0.5235599,0.99996334,0.003030508,0.008010784,-0.0755558,0.6390251,0.7654661,-0.059414856,-0.76918155,0.63626224,0.9953699,0.0025932488,0.09608371,10.00798,0.025131226,0.059814453,9.806291,0.029719133,0.07855896,-0.0107421875,0.00881958,-0.002456665,-33.059692,-39.779663,24.119568,0,0.0,0.0,0.0,0.0
0.747070313,-0.008422767,0.52356017,0.85194695,-0.0016642313,-0.8519833,0.52356607,0.99996316,0.0029920384,0.008047383,-0.073213026,0.6346832,0.7692965,-0.056767013,-0.7727681,0.63214475,0.9956994,0.0026105642,0.092605755,10.021133,-0.0023956299,0.04547119,9.806289,0.029341873,0.078917876,-0.0052490234,0.01675415,-0.0017089844,-33.059692,-39.779663,24.119568,0,0.0,0.0,0.0,0.0
0.755371094,-0.008553148,0.52426195,0.8515141,-0.001796569,-0.8515519,0.5242672,0.9999618,0.0029543308,0.008225322,-0.07093669,0.63049465,0.7729453,-0.054252274,-0.7761891,0.6281617,0.99600434,0.0026256705,0.08926606,10.057037,-0.01675415,0.1040802,9.806275,0.02897209,0.080662854,-0.013809204,0.017059326,-0.0058288574,-33.299255,-39.718628,24.119568,0,0.0,0.0,0.0,0.0
0.763671875,-0.008685218,0.52434194,0.85146344,-0.0018948207,-0.8515026,0.5243467,0.9999605,0.0029406957,0.008389021,-0.06982454,0.62846917,0.77469414,-0.053045604,-0.77783006,0.626232,0.99614793,0.0026322438,0.08764915,10.057037,-0.01675415,0.1040802,9.806263,0.028838374,0.08226819,-0.0118255615,0.007293701,-0.008270264,-33.299255,-39.718628,24.119568,0,0.0,0.0,0.0,0.0
0.771972657,-0.008743128,0.5304683,0.84765965,-0.002038381,-0.84769976,0.53047234,0.9999597,0.0029101344,0.008492844,-0.06765419,0.62452954,0.7780654,-0.050726276,-0.7809967,0.6224717,0.9964184,0.0026444586,0.084517755,10.054642,-0.033493042,0.1268158,9.806255,0.02853867,0.08328635,-0.002960205,-0.0052337646,0.0037994385,-32.87964,-39.65912,24.479675,0,0.0,0.0,0.0,0.0
0.780273438,-0.008747359,0.5304707,0.847658,-0.0021088189,-0.8476983,0.53047425,0.9999595,0.0028526923,0.008533791,-0.066587456,0.6227258,0.77960163,-0.049620833,-0.78243566,0.6207513,0.996546,0.0026497722,0.08300057,10.054642,-0.033493042,0.1268158,9.806253,0.027975354,0.0836879,-0.012893677,-0.010116577,-0.006286621,-32.87964,-39.65912,24.479675,0,0.0,0.0,0.0,0.0
0.788574219,-0.00870285,0.5275473,0.84948117,-0.0020522373,-0.849521,0.527551,0.99996,0.0028478596,0.008475904,-0.06450353,0.6192162,0.7825666,-0.047493126,-0.78521603,0.6173979,0.9967867,0.0026578077,0.08005772,10.018753,-0.011962891,0.090927124,9.806258,0.027927963,0.08312023,-0.007537842,-0.007675171,-0.011016846,-32.818604,-39.959717,24.479675,0,0.0,0.0,0.0,0.0
0.796875,-0.008628806,0.52750355,0.84950906,-0.0019555762,-0.84954804,0.52750784,0.9999609,0.002890483,0.008362157,-0.062489178,0.61572653,0.7854782,-0.045458004,-0.7879554,0.614052,0.9970098,0.0026653334,0.07722838,10.043869,0.007171631,0.053833008,9.806267,0.028345956,0.082004756,-0.008010864,-0.010726929,-0.0046081543,-32.818604,-39.959717,24.479675,0,0.0,0.0,0.0,0.0
0.805175782,-0.008541827,0.5273871,0.8495821,-0.0018762804,-0.84962004,0.5273918,0.9999618,0.0029108361,0.008246835,-0.061504688,0.6140287,0.7868837,-0.0444754,-0.7892792,0.6124217,0.9971154,0.0026698366,0.07585354,10.043869,0.007171631,0.053833008,9.806275,0.028545553,0.08087383,-0.009231567,-0.0069122314,-0.0058288574,-32.398987,-39.959717,24.479675,0,0.0,0.0,0.0,0.0
0.813476563,-0.0084394775,0.52732754,0.8496202,-0.0018449363,-0.8496572,0.5273321,0.9999626,0.0028829128,0.008143548,-0.059579942,0.6107217,0.7896007,-0.04257747,-0.79184073,0.60924166,0.9973151,0.0026793804,0.07318082,10.016357,-0.017944336,0.051452637,9.806284,0.028271716,0.079860926,-0.012893677,-0.00920105,-0.0027770996,-32.398987,-39.959717,24.479675,0,0.0,0.0,0.0,0.0
0.821777344,-0.00839096,0.51958984,0.85437465,-0.001754035,-0.85441107,0.5195947,0.9999632,0.0028612958,0.008080708,-0.05771341,0.6075334,0.7921946,-0.040768635,-0.7942896,0.60616994,0.99750036,0.00268744,0.07060947,10.041473,0.0035858154,0.08973694,9.80629,0.028059728,0.07924467,-0.00982666,-0.01423645,5.950928E-4,-32.398987,-40.379333,24.238586,0,0.0,0.0,0.0,0.0
0.830078125,-0.008298579,0.51953596,0.8544083,-0.0017258946,-0.85444397,0.51954085,0.9999641,0.0028368314,0.007987333,-0.05680895,0.60583884,0.79355663,-0.03988603,-0.79558283,0.6045304,0.997588,0.0026909173,0.069360726,10.041473,0.0035858154,0.08973694,9.806298,0.027819814,0.07832899,-0.0040283203,-0.013168335,-0.0073547363,-32.398987,-40.379333,24.238586,0,0.0,0.0,0.0,0.0
0.838378907,-0.0082259355,0.5240293,0.85166055,-0.0017202792,-0.85169554,0.52403426,0.9999647,0.002845578,0.007907469,-0.05504029,0.6025409,0.79618776,-0.038183212,-0.79808336,0.60133594,0.9977538,0.0026966955,0.06693369,10.064209,0.007171631,0.090927124,9.806304,0.027905587,0.07754578,-0.0074005127,-0.011642456,-0.0046081543,-32.218933,-39.89868,24.238586,0,0.0,0.0,0.0,0.0
0.846679688,-0.008169686,0.5239965,0.8516813,-0.0016001854,-0.8517155,0.5240022,0.99996537,0.002918085,0.0077967397,-0.053319227,0.5995308,0.7985736,-0.03657111,-0.8003471,0.5984205,0.99790764,0.0027025912,0.064599395,10.041473,0.049057007,0.07298279,9.806311,0.02861664,0.0764599,-0.00982666,-0.017288208,-0.003540039,-32.218933,-39.89868,24.238586,0,0.0,0.0,0.0,0.0
0.854980469,-0.008080253,0.5199716,0.85414535,-0.0014414263,-0.85417837,0.5199781,0.9999663,0.002970367,0.007651478,-0.05247928,0.5980673,0.7997259,-0.035791393,-0.8014414,0.59700143,0.9979804,0.0027069012,0.06346472,10.041473,0.049057007,0.07298279,9.806319,0.029129349,0.07503536,-0.007537842,-0.019424438,0.0010528564,-32.099915,-40.019226,24.058533,0,0.0,0.0,0.0,0.0
0.86328125,-0.007930338,0.51988417,0.85419995,-0.0013516103,-0.8542316,0.5198909,0.99996763,0.0029683653,0.0074770264,-0.050844744,0.59507114,0.80206305,-0.03427286,-0.80366844,0.5940895,0.9981183,0.0027173345,0.0612571,10.025925,0.01675415,0.0657959,9.806333,0.02910972,0.07332458,-0.007232666,-0.019424438,-0.0030822754,-32.099915,-40.019226,24.058533,0,0.0,0.0,0.0,0.0
0.871582032,-0.007694766,0.52182335,0.8530189,-0.001223811,-0.85304844,0.5218304,0.99996966,0.0029714287,0.0072026206,-0.049259383,0.59218246,0.8042969,-0.03282213,-0.8057993,0.59127843,0.9982466,0.0027272752,0.059129868,9.996017,0.01675415,-0.007171631,9.806353,0.02913976,0.07063358,-0.008148193,-0.014846802,-0.0014038086,-31.91986,-39.89868,24.119568,0,0.0,0.0,0.0,0.0
0.879882813,-0.0074952547,0.52170753,0.8530914,-0.0011018291,-0.8531192,0.52171487,0.99997133,0.0029704252,0.006969179,-0.048480906,0.59081525,0.805349,-0.03212153,-0.8068022,0.5899477,0.99830747,0.0027321584,0.05809239,9.996017,0.01675415,-0.007171631,9.806369,0.02912992,0.0683443,-0.012130737,-0.0066070557,-0.0015411377,-31.91986,-39.89868,24.119568,0,0.0,0.0,0.0,0.0
0.888183594,-0.0073310724,0.52717674,0.8497241,-0.0011395013,-0.84975076,0.5271834,0.99997246,0.002896558,0.0068303025,-0.046956588,0.5881535,0.8073851,-0.030764231,-0.8087447,0.5873548,0.9984231,0.0027415939,0.056069978,10.063019,-0.047851563,0.023925781,9.80638,0.028405532,0.06698239,-0.007080078,-0.0069122314,-0.008575439,-31.739807,-39.89868,24.479675,0,0.0,0.0,0.0,0.0
