Time,Rot1,Rot2,Rot3,Rot4,Rot5,Rot6,Rot7,Rot8,Rot9,FRot1,FRot2,FRot3,FRot4,FRot5,FRot6,FRot7,FRot8,FRot9,AccX,AccY,AccZ,GravX,GravY,GravZ,GyroX,GyroY,GyroZ,MagX,MagY,MagZ,Imid
0.0,0.0,0.0,0.0,0.0,0.0,0.0,0.0,0.0,0.0,1.0,0.0,0.0,0.0,1.0,0.0,0.0,0.0,1.0,10.042679,0.17347717,-0.20578003,9.802689,0.19081314,-0.20315284,0.0,0.0,0.0,0.0,0.0,0.0,0,0.0,0.0,0.0,0.0
0.008300782,-0.026337134,0.9131854,-0.40669253,0.011421388,0.40708196,0.9133202,0.99958783,0.019409243,-0.021151217,1.0,0.0,0.0,0.0,1.0,0.0,0.0,0.0,1.0,10.042679,0.17347717,-0.20578003,9.8026085,0.19033965,-0.20742258,3.0517578E-5,-0.04827881,3.9672852E-4,-30.659485,10.258484,25.019836,0,0.0,0.0,0.0,0.0
0.016601563,-0.02653029,0.91309154,-0.40689075,0.011844134,0.40729257,0.913221,0.9995778,0.019408746,-0.021620367,0.99697405,0.04558177,-0.062969014,-0.04553961,0.9989603,0.0021053017,0.06299951,7.686535E-4,0.99801326,10.059433,0.1986084,-0.27876282,9.80251,0.19033478,-0.21202338,-0.0018005371,-0.033309937,-0.004333496,-30.659485,10.258484,25.019836,0,0.0,0.0,0.0,0.0
0.024902344,-0.026895085,0.90632784,-0.42171836,0.011777479,0.42212898,0.9064592,0.9995689,0.01941252,-0.022027453,0.9883928,0.0892613,-0.12293154,-0.088765435,0.9960071,0.009515674,0.12329007,0.0015068483,0.99236953,10.059433,0.18304443,-0.29431152,9.802423,0.19037178,-0.21601553,0.002319336,-0.013916016,-0.0049438477,-30.419922,10.739136,25.019836,0,0.0,0.0,0.0,0.0
0.033203125,-0.02702969,0.9062611,-0.42185336,0.012028383,0.42227188,0.9063894,0.99956226,0.019425213,-0.022314735,0.9822838,0.1100674,-0.15167002,-0.10906448,0.99392235,0.014941536,0.1523928,0.0018649853,0.98831826,10.059433,0.18304443,-0.29431152,9.802358,0.19049628,-0.21883279,0.0056762695,-0.016204834,3.9672852E-4,-30.419922,10.739136,25.019836,0,0.0,0.0,0.0,0.0
0.041503907,-0.02697512,0.91052234,-0.41257918,0.01241343,0.41300264,0.9106453,0.99955904,0.019443244,-0.0224435,0.96683866,0.15028785,-0.20648623,-0.14751379,0.988639,0.028856056,0.20847704,0.0025604162,0.9780239,10.058228,0.20219421,-0.2536316,9.802326,0.1906731,-0.22009555,0.0027770996,-0.0015411377,-0.0038757324,-30.659485,10.319519,24.778748,0,0.0,0.0,0.0,0.0
0.049804688,-0.026965054,0.9105273,-0.4125688,0.012378662,0.41299137,0.91065085,0.9995597,0.019448698,-0.022407442,0.9475768,0.18908015,-0.25757885,-0.1833208,0.9819564,0.046424244,0.26170906,0.0032290213,0.9651414,10.08934,0.19023132,-0.1758728,9.802332,0.19072656,-0.21974194,-8.8500977E-4,-0.005218506,-0.005554199,-30.659485,10.319519,24.778748,0,0.0,0.0,0.0,0.0
0.058105469,-0.026853004,0.9146856,-0.40327302,0.0126295425,0.40369675,0.9148057,0.99955964,0.019472128,-0.022392532,0.9367334,0.2077947,-0.2816944,-0.20003659,0.978166,0.056361552,0.28725553,0.003553437,0.95784736,10.08934,0.19023132,-0.1758728,9.802332,0.19095635,-0.21959573,0.002166748,-0.023834229,-3.6621094E-4,-31.13861,9.719849,24.119568,0,0.0,0.0,0.0,0.0
0.06640625,-0.026862914,0.9146806,-0.40328377,0.012644819,0.403708,0.9148005,0.99955916,0.019474758,-0.022410743,0.9129037,0.2442771,-0.32700992,-0.23142111,0.9696964,0.078314,0.33623067,0.0041838605,0.9417704,10.088135,0.18664551,-0.0657959,9.802327,0.19098213,-0.21977432,-0.0018005371,-0.07926941,-0.0034179688,-31.13861,9.719849,24.119568,0,0.0,0.0,0.0,0.0
0.074707032,-0.027003372,0.91514623,-0.40221658,0.013076894,0.40265226,0.9152596,0.9995498,0.019455351,-0.02284024,0.8867837,0.27899218,-0.36848086,-0.2595461,0.9602815,0.10244702,0.38242725,0.004789422,0.92397326,10.080963,0.17347717,-0.112457275,9.802236,0.19079183,-0.22398624,0.015914917,-0.123565674,8.544922E-4,-31.259155,9.599304,23.939514,0,0.0,0.0,0.0,0.0
0.083007813,-0.027283443,0.9150025,-0.40252465,0.013768355,0.40298036,0.91510516,0.99953294,0.019425115,-0.023592768,0.8730171,0.2957254,-0.3877985,-0.27241746,0.95525944,0.11518712,0.40451193,0.0050827605,0.9145186,10.080963,0.17347717,-0.112457275,9.80207,0.19049531,-0.23136602,0.0128479,-0.14097595,0.0059051514,-31.259155,9.599304,23.939514,0,0.0,0.0,0.0,0.0
0.091308594,-0.027460657,0.9211499,-0.38823816,0.0151913185,0.38872433,0.92122895,0.9995074,0.0193997,-0.024668105,0.8443735,0.32791892,-0.42367736,-0.29576966,0.944689,0.1417147,0.44671428,0.005650756,0.8946588,10.063019,0.19381714,-0.16630554,9.80182,0.19024608,-0.24191147,0.006286621,-0.1934967,0.00819397,-31.079102,9.239197,24.119568,0,0.0,0.0,0.0,0.0
0.099609375,-0.027905172,0.9209303,-0.38872686,0.01640875,0.38924792,0.92098683,0.9994759,0.019321775,-0.025973348,0.8143989,0.3590573,-0.45588636,-0.31654415,0.93329495,0.16958876,0.4863685,0.0061952514,0.87373185,10.047455,0.24047852,-0.24406433,9.801511,0.1894819,-0.25471154,0.009185791,-0.20800781,0.006210327,-31.079102,9.239197,24.119568,0,0.0,0.0,0.0,0.0
0.107910157,-0.028533392,0.9211878,-0.38807067,0.017935442,0.38863805,0.9212159,0.9994319,0.019325193,-0.027611071,0.7990984,0.3740103,-0.4706996,-0.32578534,0.927402,0.18381871,0.5052779,0.0064578,0.86293256,10.047455,0.24047852,-0.24406433,9.80108,0.18951543,-0.27077213,0.011489868,-0.20327759,0.0014648438,-31.199646,9.118652,23.939514,0,0.0,0.0,0.0,0.0
0.116210938,-0.029214382,0.92084694,-0.38882834,0.019318573,0.38944185,0.9208484,0.9993864,0.01939041,-0.02916675,0.7680628,0.40276974,-0.4978515,-0.34210938,0.9152748,0.21268092,0.5413324,0.006967383,0.84077984,10.036697,0.2679901,-0.21534729,9.800633,0.19015497,-0.28602812,0.03378296,-0.17211914,0.0046691895,-31.199646,9.118652,23.939514,0,0.0,0.0,0.0,0.0
0.124511719,-0.030146942,0.9150921,-0.40211657,0.020331103,0.40277758,0.91507214,0.9993387,0.019411152,-0.030747341,0.7367351,0.42998976,-0.52185255,-0.3556462,0.9028029,0.24179046,0.57509744,0.007459367,0.81805086,9.98645,0.19023132,-0.707077,9.800165,0.19035839,-0.30152842,0.051330566,-0.11302185,-0.004638672,-31.199646,9.359741,23.638916,0,0.0,0.0,0.0,0.0
0.1328125,-0.030826423,0.9147368,-0.40287265,0.021850064,0.40358457,0.91468143,0.9992859,0.019393563,-0.032428127,0.72114253,0.44279492,-0.5328097,-0.3612234,0.8965899,0.25621137,0.59116083,0.007698419,0.80651695,9.98645,0.19023132,-0.707077,9.799647,0.19018589,-0.31801128,0.05897522,-0.060653687,-0.0064697266,-31.199646,9.359741,23.638916,0,0.0,0.0,0.0,0.0
0.141113282,-0.03072931,0.92336255,-0.38269734,0.023550898,0.38344073,0.9232651,0.99925023,0.019358438,-0.033528887,0.6900489,0.4673527,-0.5526427,-0.37054083,0.88403326,0.28492925,0.621717,0.008161576,0.7831994,9.979263,0.14596558,-0.7549286,9.799298,0.18984143,-0.3288061,0.03668213,0.05923462,-0.003112793,-32.27997,8.399963,22.859192,0,0.0,0.0,0.0,0.0
0.149414063,-0.030851189,0.9232971,-0.38284543,0.02392572,0.38360018,0.9231893,0.9992376,0.019321634,-0.03392507,0.658922,0.49135935,-0.5695505,-0.37818035,0.87091446,0.31382746,0.6502318,0.008605001,0.7596871,10.015152,0.12562561,-0.67836,9.799173,0.1894805,-0.3326913,0.036071777,0.11039734,-0.0011291504,-32.27997,8.399963,22.859192,0,0.0,0.0,0.0,0.0
0.157714844,-0.030459128,0.9267744,-0.37438127,0.024011951,0.37512544,0.926663,0.9992476,0.019235725,-0.03367966,0.6435306,0.5028693,-0.57705355,-0.38118592,0.8643175,0.3281046,0.6637512,0.008819346,0.74790144,10.015152,0.12562561,-0.67836,9.799272,0.18863802,-0.33028466,0.026748657,0.15513611,-0.0011291504,-32.398987,8.338928,23.278809,0,0.0,0.0,0.0,0.0
0.166015625,-0.030038565,0.92699283,-0.3738742,0.023049684,0.3745859,0.9269056,0.9992829,0.019225234,-0.032618918,0.61305934,0.5252576,-0.5901379,-0.38592178,0.8508932,0.356434,0.68936396,0.00923186,0.72435635,10.02713,0.1758728,-0.42591858,9.799618,0.18853515,-0.3198823,0.016677856,0.21133423,-0.0093688965,-32.398987,8.338928,23.278809,0,0.0,0.0,0.0,0.0
0.174316407,-0.029529093,0.92699254,-0.37391576,0.021711979,0.37458548,0.92693824,0.99932814,0.01925319,-0.031188007,0.58330536,0.54644156,-0.600963,-0.3888129,0.83744186,0.3840776,0.7131475,0.009627622,0.7009479,10.035492,0.17826843,-0.49771118,9.800061,0.1888093,-0.30584988,0.038360596,0.28050232,-0.007385254,-32.57904,8.279419,23.098755,0,0.0,0.0,0.0,0.0
0.182617188,-0.028857186,0.9273446,-0.3730943,0.02000821,0.3737108,0.92732954,0.9993833,0.019295167,-0.029338745,0.5687417,0.55659366,-0.6055876,-0.3896245,0.8307268,0.3975999,0.7243795,0.009820145,0.68933153,10.035492,0.17826843,-0.49771118,9.800602,0.18922096,-0.2877148,0.038208008,0.31837463,-0.0064697266,-32.57904,8.279419,23.098755,0,0.0,0.0,0.0,0.0
0.190917969,-0.028094135,0.9263981,-0.37549612,0.01783044,0.37604907,0.92642826,0.9994463,0.019331936,-0.027082859,0.54028946,0.5760866,-0.6133609,-0.39012015,0.8173251,0.4240117,0.7455827,0.010195377,0.6663351,10.04985,0.18304443,-0.47737122,9.80122,0.18958153,-0.26559213,0.031021118,0.3544159,-0.008758545,-32.27997,8.578491,23.579407,0,0.0,0.0,0.0,0.0
0.19921875,-0.027033787,0.92693746,-0.3742407,0.015234078,0.37471604,0.9270144,0.9995184,0.019359501,-0.024251034,0.51284623,0.5944236,-0.61939436,-0.38917175,0.80408275,0.44943994,0.765202,0.010557206,0.6437037,10.0785675,0.16870117,-0.28115845,9.801928,0.18985185,-0.23782142,0.0110321045,0.38267517,-0.01411438,-32.27997,8.578491,23.579407,0,0.0,0.0,0.0,0.0
0.207519532,-0.025979964,0.92676663,-0.37473807,0.012435222,0.3751352,0.92688674,0.99958515,0.019420533,-0.021270549,0.4995067,0.6032319,-0.6217752,-0.3882546,0.7974937,0.4618033,0.77443624,0.010733264,0.63256097,10.0785675,0.16870117,-0.28115845,9.802582,0.19045037,-0.20859283,0.009033203,0.34968567,-0.020523071,-31.91986,8.639526,23.579407,0,0.0,0.0,0.0,0.0
0.215820313,-0.025054676,0.92722934,-0.37365505,0.009926128,0.3739847,0.92738175,0.99963677,0.019526301,-0.018573862,0.4864523,0.6117859,-0.6237645,-0.3870646,0.7909482,0.47390082,0.7832912,0.0109070195,0.62155926,10.165909,0.2524414,0.6077728,9.803088,0.1914876,-0.18214737,0.028427124,0.2756195,-0.02128601,-31.91986,8.639526,23.579407,0,0.0,0.0,0.0,0.0
0.224121094,-0.024331983,0.92758924,-0.37280858,0.0075678565,0.3730792,0.92776865,0.9996753,0.01975309,-0.016097618,0.4611362,0.6282188,-0.62665343,-0.38394582,0.7779554,0.4973641,0.7999619,0.011248361,0.59994537,10.069,0.2715912,0.21894836,9.803466,0.19371164,-0.1578637,0.079589844,0.12413025,-0.008300781,-31.91986,8.639526,23.579407,0,0.0,0.0,0.0,0.0
0.232421875,-0.023858327,0.9303903,-0.3657933,0.006390141,0.36603191,0.9305804,0.99969494,0.019864619,-0.014678232,0.43687066,0.6437708,-0.62825406,-0.3799228,0.76513064,0.5198401,0.81535435,0.011585169,0.57884634,10.067795,0.2368927,0.16151428,9.8036585,0.19480537,-0.1439443,0.08937073,0.016174316,-6.713867E-4,-32.099915,8.399963,23.458862,0,0.0,0.0,0.0,0.0
0.240722657,-0.023695176,0.92875296,-0.36994117,0.0056393202,0.37016335,0.92894953,0.9997033,0.019925406,-0.014008622,0.42507735,0.65133554,-0.628547,-0.37766525,0.7586989,0.5307966,0.82260454,0.011750767,0.56849253,10.04985,0.27038574,0.28953552,9.8037405,0.19540149,-0.13737765,0.096084595,-0.042175293,0.0026855469,-31.91986,8.338928,22.979736,0,0.0,0.0,0.0,0.0
0.249023438,-0.023783803,0.9287082,-0.37004802,0.0061424416,0.3702815,0.92889935,0.9996982,0.019819759,-0.014511237,0.40233624,0.66569877,-0.628467,-0.37250218,0.7461229,0.5518539,0.8362821,0.012074501,0.5481665,10.060623,0.14596558,-0.22732544,9.803691,0.19436544,-0.14230663,0.09501648,-0.08035278,0.003753662,-31.91986,8.338928,22.979736,0,0.0,0.0,0.0,0.0
0.257324219,-0.023852998,0.9357269,-0.35191768,0.0074402285,0.35217425,0.93590474,0.99968773,0.01970579,-0.015362436,0.38059488,0.6792609,-0.6274967,-0.3666355,0.73379236,0.5719503,0.8489558,0.0123812305,0.5283188,10.060623,0.14596558,-0.22732544,9.803588,0.19324778,-0.15065403,0.06355286,-0.10676575,0.00390625,-32.458496,7.8598022,23.098755,0,0.0,0.0,0.0,0.0
0.265625,-0.024096245,0.9356074,-0.35221887,0.008388844,0.352498,0.93577486,0.9996744,0.019593956,-0.016342545,0.36994773,0.6860399,-0.6264885,-0.36360884,0.727456,0.5818904,0.85494286,0.01252773,0.5185709,10.069,0.19502258,-0.07777405,9.803457,0.19215107,-0.16026562,0.06355286,-0.115615845,0.00390625,-32.458496,7.8598022,23.098755,0,0.0,0.0,0.0,0.0
0.273925782,-0.024375925,0.9354698,-0.35256505,0.009304419,0.35286683,0.93562734,0.99965954,0.019526366,-0.017305458,0.34939054,0.6990151,-0.62394243,-0.3571003,0.7149922,0.60105366,0.8662596,0.012807568,0.49943,10.052246,0.17347717,-0.117248535,9.803311,0.19148824,-0.16970858,0.06187439,-0.14204407,0.0013122559,-32.458496,7.8598022,23.098755,0,0.0,0.0,0.0,0.0
0.282226563,-0.024912529,0.9284625,-0.37058976,0.010245008,0.37092248,0.92860734,0.9996372,0.019337263,-0.018752724,0.3298041,0.7112524,-0.6207651,-0.3500724,0.7028151,0.6192739,0.8767432,0.013073645,0.48078114,10.051056,0.08255005,-0.4247284,9.803092,0.18963377,-0.1839014,0.056381226,-0.101119995,0.0019226074,-31.91986,8.459473,23.339844,0,0.0,0.0,0.0,0.0
0.290527344,-0.025197173,0.9289006,-0.36947083,0.011488423,0.3698328,0.9290272,0.99961644,0.019164223,-0.019990347,0.32049215,0.716842,-0.61921114,-0.34625727,0.6971108,0.6278077,0.88169765,0.013198922,0.47163028,10.042679,0.15911865,-0.35414124,9.802889,0.18793684,-0.19603834,0.044921875,-0.078201294,-0.004333496,-32.159424,8.21991,22.859192,0,0.0,0.0,0.0,0.0
0.298828125,-0.02539878,0.92879707,-0.3697173,0.012161227,0.3700963,0.9289138,0.9996034,0.01909706,-0.020695306,0.30251893,0.72758895,-0.6157082,-0.33836877,0.68588173,0.6442614,0.89106053,0.013435158,0.4536856,10.042679,0.13877869,-0.24526978,9.802761,0.1872782,-0.20295164,0.026443481,-0.052856445,-0.0026550293,-32.159424,8.21991,22.859192,0,0.0,0.0,0.0,0.0
0.307128907,-0.025678027,0.9250302,-0.37902486,0.012395307,0.37941536,0.92514336,0.9995934,0.019057728,-0.02120867,0.28543437,0.73773724,-0.6117768,-0.33019525,0.67494977,0.659859,0.89972126,0.013659379,0.4362512,10.042679,0.14955139,-0.23928833,9.802663,0.18689248,-0.20798601,0.020492554,-0.040634155,-0.0015869141,-31.91986,8.578491,23.098755,0,0.0,0.0,0.0,0.0
0.315429688,-0.0258322,0.92495066,-0.37920842,0.012760539,0.3796092,0.92505896,0.99958485,0.019057404,-0.021609008,0.27727985,0.74246603,-0.6098033,-0.325967,0.6697422,0.66722625,0.9038039,0.01376735,0.42772546,10.057037,0.18424988,-0.24287415,9.802579,0.1868893,-0.21191199,0.011795044,-0.03163147,0.0019226074,-31.91986,8.578491,23.098755,0,0.0,0.0,0.0,0.0
0.323730469,-0.02593733,0.92489636,-0.3793335,0.013058322,0.37974223,0.9250001,0.99957824,0.019038575,-0.021927094,0.26159066,0.7515311,-0.60561645,-0.3173885,0.65954953,0.6813655,0.9115014,0.013976844,0.41105932,10.057037,0.18424988,-0.24287415,9.802514,0.18670465,-0.21503134,0.0058288574,-0.03315735,0.004058838,-31.91986,8.578491,23.098755,0,0.0,0.0,0.0,0.0
0.33203125,-0.026019165,0.9252099,-0.37856272,0.013316885,0.3789781,0.9253098,0.9995727,0.019034512,-0.022181606,0.24670431,0.7601019,-0.60115063,-0.30869555,0.64964926,0.6947395,0.91860986,0.014177297,0.39491132,10.053452,0.2033844,-0.23210144,9.80246,0.1866648,-0.21752726,0.0020141602,-0.011016846,0.003753662,-31.91986,8.578491,23.15979,0,0.0,0.0,0.0,0.0
0.340332032,-0.02611984,0.923655,-0.382334,0.0133429775,0.38275257,0.9237546,0.9995698,0.019026846,-0.022321742,0.23954564,0.7642229,-0.5988166,-0.30432454,0.6447942,0.70116115,0.9219569,0.014274444,0.38702944,10.053452,0.2033844,-0.23210144,9.802431,0.18658963,-0.21890152,0.0039978027,0.009750366,0.001159668,-31.91986,8.758545,23.339844,0,0.0,0.0,0.0,0.0
0.348632813,-0.026144978,0.92364204,-0.3823635,0.0134032145,0.38278374,0.92374074,0.9995683,0.019026283,-0.022387644,0.22583784,0.77202797,-0.59411293,-0.29551643,0.635424,0.7133768,0.9282604,0.014462648,0.3716497,10.035492,0.1878357,-0.2907257,9.802417,0.1865841,-0.2195478,0.002319336,0.037399292,-0.001739502,-31.91986,8.758545,23.339844,0,0.0,0.0,0.0,0.0
0.356933594,-0.026261285,0.9163313,-0.39955893,0.012558001,0.39996764,0.9164432,0.9995762,0.019049315,-0.022010952,0.21284918,0.77941495,-0.58924323,-0.28670806,0.62633693,0.7249142,0.9340737,0.014643374,0.3567798,10.046265,0.19262695,-0.18304443,9.802494,0.18680997,-0.2158537,0.011627197,0.05052185,-0.0067749023,-31.799316,9.239197,23.278809,0,0.0,0.0,0.0,0.0
0.365234375,-0.026106913,0.91641337,-0.39938062,0.012123125,0.39977765,0.9165319,0.9995856,0.01908608,-0.021546757,0.20672417,0.7827271,-0.5870293,-0.2822433,0.62219065,0.73021746,0.93680507,0.014731496,0.34954134,10.08934,0.19740295,-0.16630554,9.802587,0.1871705,-0.2113015,0.010726929,0.042434692,0.0031433105,-31.799316,9.239197,23.278809,0,0.0,0.0,0.0,0.0
0.373535157,-0.02593868,0.9165029,-0.39918637,0.011729488,0.39957225,0.9166267,0.9995947,0.019093834,-0.021114483,0.19496395,0.7890962,-0.5825086,-0.27338696,0.6140889,0.74037445,0.94193876,0.014903942,0.3354538,10.063019,0.18664551,-0.20578003,9.802676,0.18724656,-0.20706238,4.8828125E-4,0.035720825,0.0014648438,-31.799316,9.239197,23.278809,0,0.0,0.0,0.0,0.0
0.381835938,-0.025685987,0.9202095,-0.39058244,0.011662774,0.39096063,0.92033356,0.9996021,0.0190844,-0.020774405,0.18932083,0.792158,-0.58020973,-0.2690003,0.610132,0.74523675,0.9443498,0.014987743,0.32860145,10.063019,0.18664551,-0.20578003,9.802748,0.18715404,-0.20372732,-0.004852295,0.042129517,-0.004180908,-32.099915,9.239197,23.878479,0,0.0,0.0,0.0,0.0
0.390136719,-0.025519399,0.92094105,-0.38886544,0.01135086,0.38923404,0.921069,0.99960995,0.019091172,-0.020386491,0.17839329,0.79826623,-0.5752798,-0.26038396,0.6021142,0.75475734,0.94888145,0.015149977,0.31526887,10.069,0.17826843,-0.1603241,9.802825,0.18722044,-0.19992319,0.0046081543,0.032348633,-0.0018920898,-31.678772,9.1796875,23.81897,0,0.0,0.0,0.0,0.0
0.3984375,-0.025430482,0.9209861,-0.38876453,0.011086222,0.38912618,0.92111766,0.9996151,0.019114537,-0.020105923,0.1680368,0.8041003,-0.57025117,-0.25190434,0.59429663,0.76377726,0.95305187,0.015306053,0.30242005,10.060623,0.17706299,-0.19502258,9.8028755,0.18744959,-0.19717175,0.0056762695,0.019989014,-0.0038757324,-31.678772,9.1796875,23.81897,0,0.0,0.0,0.0,0.0
0.406738282,-0.02533133,0.9210363,-0.388652,0.010865612,0.38900745,0.9211704,0.99962,0.019111533,-0.0198617,0.16307001,0.8069039,-0.56772727,-0.24771614,0.5904824,0.7680933,0.9550104,0.015382225,0.2961731,10.043869,0.1603241,-0.16989136,9.802924,0.18742011,-0.19477674,3.3569336E-4,0.02319336,-0.0028076172,-31.678772,9.1796875,23.81897,0,0.0,0.0,0.0,0.0
0.415039063,-0.025186902,0.9246229,-0.3800503,0.0108903665,0.38040212,0.9247571,0.9996235,0.01915288,-0.01965063,0.15354091,0.8122954,-0.5626735,-0.23945023,0.5830395,0.77635586,0.9586912,0.015529911,0.28402475,10.043869,0.1986084,-0.19621277,9.802958,0.18782559,-0.19270685,6.4086914E-4,0.032806396,-0.0020446777,-31.3797,9.059143,24.119568,0,0.0,0.0,0.0,0.0
0.423339844,-0.025116596,0.92465705,-0.37997165,0.010674445,0.38031796,0.9247942,0.99962753,0.019171696,-0.019422494,0.14443995,0.8176213,-0.55734414,-0.23139225,0.57554305,0.7843519,0.96207833,0.015673384,0.27232262,10.063019,0.20698547,-0.12802124,9.802998,0.18801011,-0.19046961,-0.0039367676,0.017547607,0.002532959,-31.3797,9.059143,24.119568,0,0.0,0.0,0.0,0.0
0.431640625,-0.024935769,0.9277518,-0.3723637,0.010626096,0.37270448,0.92788917,0.9996326,0.019180862,-0.019152055,0.14007743,0.8201808,-0.5546908,-0.22742255,0.57188785,0.7881772,0.96366864,0.015743352,0.26663616,10.063019,0.20698547,-0.12802124,9.803047,0.18810001,-0.1878175,-0.0010375977,0.015701294,-0.0012817383,-31.619263,8.758545,23.939514,0,0.0,0.0,0.0,0.0
0.439941407,-0.024817882,0.9302244,-0.36615083,0.0106147025,0.3664882,0.93036205,0.9996356,0.019203037,-0.018969519,0.131642,0.82528424,-0.5491596,-0.21965161,0.56449425,0.79567546,0.96665585,0.01587948,0.25558618,10.057037,0.20817566,-0.17228699,9.803077,0.18831746,-0.18602744,-0.0014953613,0.021362305,0.0010070801,-31.678772,8.459473,23.638916,0,0.0,0.0,0.0,0.0
0.448242188,-0.024740802,0.9302619,-0.3660609,0.010387727,0.36639243,0.9304023,0.99963987,0.01921636,-0.018728152,0.123613685,0.8302705,-0.54348,-0.21207598,0.5571305,0.8028881,0.9694036,0.016011098,0.2449494,10.064209,0.19979858,-0.1483612,9.803119,0.18844813,-0.18366043,-0.0068359375,0.024414063,-0.0012817383,-31.678772,8.459473,23.638916,0,0.0,0.0,0.0,0.0
0.456542969,-0.024661059,0.9303006,-0.3659679,0.010167936,0.3662937,0.93044364,0.99964416,0.01922459,-0.01849243,0.11976827,0.8326667,-0.54066795,-0.20835151,0.5535412,0.80633855,0.9706931,0.016075205,0.23978402,10.051056,0.1878357,-0.15074158,9.803161,0.18852884,-0.1813488,-0.0068359375,0.018920898,-0.0047912598,-31.678772,8.459473,23.638916,0,0.0,0.0,0.0,0.0
0.46484375,-0.024498027,0.93325573,-0.35837618,0.010155808,0.35869756,0.9333985,0.9996483,0.019226823,-0.01826535,0.1123992,0.83727396,-0.5351062,-0.20103306,0.5465435,0.8129427,0.9731146,0.016199926,0.2297508,10.051056,0.1878357,-0.15074158,9.803201,0.18855073,-0.1791219,-0.0031738281,-0.015136719,-0.0012817383,-31.799316,8.21991,23.579407,0,0.0,0.0,0.0,0.0
0.473144532,-0.02453208,0.93323946,-0.35841647,0.01022509,0.35873985,0.9333817,0.9996468,0.019232951,-0.018343091,0.105376214,0.84181774,-0.5293759,-0.19392397,0.5395152,0.81933933,0.97534066,0.016319793,0.2201007,10.065414,0.18902588,-0.1878357,9.803186,0.18861082,-0.17988427,0.0078125,-0.022003174,-3.6621094E-4,-31.799316,8.21991,23.579407,0,0.0,0.0,0.0,0.0
0.481445313,-0.024610579,0.9328302,-0.3594748,0.010349341,0.35980222,0.93297124,0.99964356,0.019240635,-0.018509118,0.10201081,0.844,-0.5265528,-0.1904304,0.5360931,0.8223992,0.97638625,0.016378058,0.21541056,10.065414,0.18902588,-0.1878357,9.803154,0.18868616,-0.18151243,0.0078125,-0.017730713,-0.0054016113,-31.97937,8.21991,23.519897,0,0.0,0.0,0.0,0.0
0.489746094,-0.024595426,0.9362475,-0.3504792,0.01074366,0.35081252,0.9363841,0.99963975,0.019265335,-0.018687109,0.095564395,0.84817076,-0.5210314,-0.18356104,0.5294661,0.82823366,0.97835207,0.016491417,0.20628922,10.054642,0.1758728,-0.22013855,9.803117,0.1889284,-0.18325792,-0.0016479492,-0.035446167,-0.0014343262,-32.27997,7.978821,23.579407,0,0.0,0.0,0.0,0.0
0.498046875,-0.02469398,0.9362003,-0.35059813,0.011020713,0.35093868,0.9363335,0.99963427,0.01925796,-0.01898367,0.08940084,0.8523266,-0.5153124,-0.17689386,0.5227464,0.8339333,0.98016125,0.016601268,0.19750531,10.054642,0.1758728,-0.22013855,9.803063,0.1888561,-0.18616621,3.3569336E-4,-0.031021118,0.00390625,-32.27997,7.978821,23.579407,0,0.0,0.0,0.0,0.0
0.506347657,-0.024792068,0.9361534,-0.35071653,0.0113455765,0.35106522,0.93628216,0.9996282,0.019233292,-0.019324835,0.08644625,0.8543218,-0.51250494,-0.17361881,0.51947755,0.8366598,0.9810115,0.016654402,0.1932332,10.061813,0.19023132,-0.25483704,9.803004,0.18861417,-0.1895119,-0.0028686523,-0.014373779,0.0045166016,-32.27997,7.978821,23.579407,0,0.0,0.0,0.0,0.0
0.514648438,-0.024911765,0.9335043,-0.35769996,0.011273966,0.35805058,0.93363416,0.9996261,0.019225778,-0.019443966,0.0807786,0.8581548,-0.5069962,-0.16718528,0.51311743,0.8418786,0.98261076,0.016756527,0.18491976,10.060623,0.19381714,-0.21176147,9.802983,0.18854047,-0.19068018,-0.0051574707,0.014953613,-0.0035705566,-32.27997,8.21991,23.699951,0,0.0,0.0,0.0,0.0
0.522949219,-0.024911499,0.9335043,-0.3576996,0.0112314345,0.35804942,0.93363506,0.9996266,0.019240769,-0.019404141,0.07808691,0.8599208,-0.50441927,-0.16401981,0.51015085,0.8443007,0.98336154,0.016805913,0.18088014,10.060623,0.19381714,-0.21176147,9.802988,0.18868749,-0.19028963,-7.324219E-4,0.015258789,3.9672852E-4,-32.27997,8.21991,23.699951,0,0.0,0.0,0.0,0.0
0.531249563,-0.024957748,0.9305367,-0.3653473,0.010857264,0.3656919,0.9306727,0.99962956,0.019260822,-0.019229926,0.07292572,0.86331797,-0.4993634,-0.15782438,0.5043771,0.84893763,0.98477066,0.016902339,0.17303471,10.077377,0.18544006,-0.17347717,9.803018,0.18888414,-0.18858117,0.0029296875,0.023345947,-0.0066223145,-32.398987,8.459473,23.75946,0,0.0,0.0,0.0,0.0
0.539550345,-0.024893593,0.9322185,-0.36103874,0.010772433,0.36137983,0.93235636,0.999632,0.019320436,-0.019038303,0.068097934,0.86638236,-0.49471635,-0.15179116,0.49909192,0.8531511,0.98606396,0.016995735,0.1654963,10.065414,0.19740295,-0.17347717,9.803041,0.18946876,-0.18670197,3.0517578E-5,0.012954712,-0.0021972656,-32.63855,8.399963,23.939514,0,0.0,0.0,0.0,0.0
0.547851126,-0.024881328,0.93222445,-0.3610241,0.010607626,0.36136177,0.9323653,0.99963415,0.01936888,-0.018879851,0.06576939,0.867903,-0.4923604,-0.14885244,0.49644127,0.8552128,0.9866698,0.017042229,0.16184011,10.065414,0.19740295,-0.17347717,9.803062,0.18994382,-0.1851481,0.0067443848,0.012191772,-0.005706787,-32.63855,8.399963,23.939514,0,0.0,0.0,0.0,0.0
0.556151907,-0.024852587,0.93223846,-0.36098984,0.01043204,0.36132354,0.93238205,0.99963665,0.019406248,-0.018704977,0.061302844,0.8708308,-0.4877456,-0.14311434,0.49128428,0.85916126,0.9878058,0.017134368,0.15474549,10.067795,0.17468262,-0.12322998,9.803087,0.19031028,-0.18343316,0.0024719238,5.950928E-4,-0.0023498535,-32.63855,8.399963,23.939514,0,0.0,0.0,0.0,0.0
0.564452688,-0.024856588,0.93159413,-0.36264932,0.010341603,0.36298162,0.9317389,0.99963754,0.019409476,-0.018656662,0.057078257,0.8736145,-0.48325956,-0.13755861,0.48631373,0.8628885,0.9888476,0.017224336,0.14793113,10.040283,0.18304443,-0.17228699,9.803096,0.19034193,-0.18295935,0.0073547363,-0.0058288574,0.001159668,-32.218933,8.459473,23.939514,0,0.0,0.0,0.0,0.0
0.57275347,-0.0248493,0.9315977,-0.36264074,0.010364564,0.3629733,0.9317419,0.9996374,0.01939452,-0.018675236,0.05505683,0.87493736,-0.481096,-0.13484475,0.4839281,0.86465627,0.9893359,0.01726804,0.14462425,10.040283,0.18304443,-0.17228699,9.803095,0.19019528,-0.1831415,0.00491333,-0.011169434,-0.0014343262,-32.218933,8.459473,23.939514,0,0.0,0.0,0.0,0.0
0.581054251,-0.024825752,0.9315874,-0.3626687,0.010360632,0.36300078,0.9317312,0.99963814,0.01937345,-0.0186636,0.05117628,0.87748575,-0.47686446,-0.12954521,0.47928867,0.868044,0.99025196,0.01735225,0.13820228,10.045074,0.1758728,-0.112457275,9.803102,0.18998866,-0.1830274,0.009185791,-0.018951416,-0.0015869141,-32.27997,8.459473,23.939514,0,0.0,0.0,0.0,0.0
0.589355032,-0.024851967,0.9310123,-0.3641409,0.010378808,0.36447406,0.93115574,0.99963725,0.0193617,-0.018720694,0.04750271,0.8799096,-0.47276077,-0.124415405,0.47482142,0.8712437,0.9910925,0.017432291,0.13202961,10.069,0.1986084,-0.12083435,9.803093,0.18987343,-0.1835873,0.007659912,-0.03300476,-0.003112793,-32.57904,8.399963,23.699951,0,0.0,0.0,0.0,0.0
0.597655813,-0.024931232,0.93097293,-0.36423597,0.010513948,0.36457324,0.9311153,0.99963385,0.019384293,-0.018877462,0.045742996,0.88106203,-0.47078368,-0.121910825,0.47267798,0.8727619,0.9914864,0.01747088,0.1290327,10.069,0.1986084,-0.12083435,9.80306,0.19009498,-0.18512467,-0.0011901855,-0.040023804,-9.765625E-4,-32.57904,8.399963,23.699951,0,0.0,0.0,0.0,0.0
0.605956595,-0.02504072,0.93091863,-0.36436722,0.010812125,0.3647124,0.93105745,0.99962795,0.019374764,-0.019197868,0.042359512,0.88328147,-0.4669255,-0.11702009,0.46851453,0.8756714,0.99222577,0.017546652,0.12320773,10.055832,0.20458984,-0.16390991,9.803001,0.19000153,-0.18826678,-0.0042419434,-0.053009033,0.010177612,-32.57904,8.399963,23.699951,0,0.0,0.0,0.0,0.0
0.614257376,-0.02513759,0.9300653,-0.36653325,0.011145806,0.36688706,0.9301987,0.99962187,0.019297646,-0.019588985,0.03914824,0.88539183,-0.463194,-0.112280495,0.46451142,0.8784203,0.9929051,0.017619047,0.11759704,10.055832,0.18304443,-0.17826843,9.802942,0.18924527,-0.19210231,-0.007446289,-0.042007446,-0.0012817383,-32.57904,8.459473,23.699951,0,0.0,0.0,0.0,0.0
0.622558157,-0.025236644,0.9300159,-0.36665183,0.011489829,0.36701426,0.93014437,0.9996155,0.019260956,-0.019947931,0.037608746,0.88638735,-0.46141422,-0.10996125,0.4626077,0.87971735,0.9932241,0.01765262,0.11486636,10.055832,0.18304443,-0.17826843,9.802879,0.18888547,-0.19562238,-0.006072998,-0.048736572,-0.002960205,-32.57904,8.459473,23.699951,0,0.0,0.0,0.0,0.0
0.630858938,-0.025321022,0.9306504,-0.36503235,0.011815393,0.36540252,0.93077457,0.99960953,0.019255163,-0.020248367,0.03464508,0.8883048,-0.4579457,-0.10542809,0.45891252,0.8822041,0.99382323,0.01771631,0.10955135,10.033112,0.20100403,-0.3254242,9.802821,0.18882865,-0.19856866,0.0038452148,-0.031784058,0.0026855469,-32.458496,8.459473,23.81897,0,0.0,0.0,0.0,0.0
0.63915972,-0.025649542,0.92469984,-0.37983182,0.011764655,0.38020974,0.92482543,0.9996018,0.019252758,-0.020630982,0.031821713,0.8901632,-0.45452937,-0.1010416,0.45529503,0.8845886,0.9943732,0.01777725,0.10443178,10.031906,0.17108154,-0.3744812,9.802745,0.18880507,-0.20232083,0.0017089844,0.022735596,-8.239746E-4,-32.099915,8.81958,23.638916,0,0.0,0.0,0.0,0.0
0.647460501,-0.0256763,0.92468625,-0.37986305,0.011921435,0.38024455,0.92480904,0.9995992,0.019217167,-0.020786863,0.030493148,0.8909144,-0.45314652,-0.09888884,0.4538221,0.8855882,0.9946312,0.01780676,0.10193995,10.031906,0.17108154,-0.3744812,9.80272,0.18845603,-0.2038495,-0.002105713,0.053131104,3.9672852E-4,-32.099915,8.81958,23.638916,0,0.0,0.0,0.0,0.0
0.655761282,-0.025568532,0.924741,-0.37973717,0.0116775185,0.38011172,0.9248669,0.9996049,0.0192131,-0.020517578,0.027933815,0.8923645,-0.4504501,-0.09469204,0.45096177,0.887506,0.9951146,0.01786261,0.09709689,10.033112,0.16270447,-0.3912201,9.802775,0.18841615,-0.20120871,0.007965088,0.1247406,-0.012130737,-32.099915,8.81958,23.638916,0,0.0,0.0,0.0,0.0
0.664062063,-0.02543768,0.9214637,-0.3876306,0.010808645,0.38798693,0.9216015,0.999618,0.019253641,-0.019829262,0.025505198,0.8937511,-0.44783753,-0.09065437,0.4482053,0.88932204,0.99555576,0.017916093,0.09245401,10.047455,0.18544006,-0.3098755,9.802903,0.18881372,-0.19445862,0.0026245117,0.15345764,-0.007385254,-31.739807,9.118652,23.75946,0,0.0,0.0,0.0,0.0
0.672362845,-0.025094585,0.9216378,-0.3872391,0.009818016,0.38756964,0.92178816,0.9996369,0.019329973,-0.018774552,0.024356682,0.8943443,-0.44671583,-0.08869869,0.4470194,0.89011586,0.9957607,0.017942844,0.09021508,10.047455,0.18544006,-0.3098755,9.803089,0.18956228,-0.18411547,0.010559082,0.17559814,-0.015487671,-31.739807,9.118652,23.75946,0,0.0,0.0,0.0,0.0
0.680663626,-0.024819657,0.9153089,-0.40198702,0.00812777,0.40228233,0.9154795,0.9996588,0.01945463,-0.017423932,0.02215697,0.8954989,-0.44451207,-0.084933355,0.44469988,0.89164364,0.9961403,0.017997775,0.08591092,10.063019,0.20578003,-0.22851563,9.803305,0.19078475,-0.17087041,0.0041503906,0.20857239,-0.01991272,-31.858826,9.359741,23.278809,0,0.0,0.0,0.0,0.0
0.688964407,-0.024347503,0.9155607,-0.40144214,0.006677158,0.40170115,0.9157465,0.99968123,0.019615645,-0.015893763,0.021133274,0.89591444,-0.44372365,-0.08312089,0.4438607,0.89223236,0.9963154,0.018026913,0.08384944,10.063019,0.20578003,-0.22851563,9.803524,0.19236377,-0.15586457,0.016525269,0.20857239,-0.019607544,-31.858826,9.359741,23.278809,0,0.0,0.0,0.0,0.0
0.697265188,-0.023743922,0.9179108,-0.39607587,0.0051283427,0.3962942,0.91810936,0.99970496,0.019768301,-0.014116938,0.019175475,0.8967297,-0.44216305,-0.07965519,0.44220883,0.893368,0.99663806,0.018089827,0.07990874,10.057037,0.19621277,-0.1268158,9.803757,0.19386081,-0.13843988,0.011795044,0.21072388,-0.015487671,-32.159424,9.239197,23.339844,0,0.0,0.0,0.0,0.0
0.70556597,-0.023111759,0.91824526,-0.39533725,0.003310942,0.39551103,0.9184553,0.9997274,0.019918177,-0.012181211,0.017314803,0.8976125,-0.44044518,-0.07638882,0.44041127,0.8945405,0.99692774,0.018156296,0.0761932,10.069,0.21176147,0.04307556,9.803977,0.1953306,-0.11945688,0.005065918,0.1862793,-0.015335083,-32.159424,9.239197,23.339844,0,0.0,0.0,0.0,0.0
0.713866751,-0.022535391,0.9202222,-0.3907468,0.0017573489,0.39088196,0.9204391,0.99974453,0.020055778,-0.010425829,0.01642998,0.8980469,-0.43959293,-0.07483775,0.43952352,0.89510804,0.9970604,0.018191535,0.07442917,10.069,0.21176147,0.04307556,9.804145,0.19668001,-0.10224246,0.0038452148,0.16841125,-0.016098022,-32.339478,9.118652,23.339844,0,0.0,0.0,0.0,0.0
0.722167532,-0.022029106,0.9204881,-0.39014918,3.2256916E-4,0.3902504,0.9207088,0.9997573,0.02015654,-0.008893788,0.0147329755,0.89897436,-0.43775338,-0.07189038,0.43762022,0.8962814,0.9973037,0.018265363,0.07107505,10.055832,0.19262695,0.03111267,9.80427,0.19766814,-0.08721827,0.0029296875,0.13726807,-0.007843018,-32.339478,9.118652,23.339844,0,0.0,0.0,0.0,0.0
0.730468313,-0.021563899,0.91897905,-0.3937163,-0.001026779,0.39378726,0.91920096,0.9997669,0.020225815,-0.0075480007,0.013135796,0.8998731,-0.43595392,-0.06910904,0.43576598,0.8974029,0.99752265,0.018340254,0.0679135,10.04866,0.21057129,0.100494385,9.804364,0.1983475,-0.0740206,0.006134033,0.09100342,3.9672852E-4,-32.398987,9.239197,23.339844,0,0.0,0.0,0.0,0.0
0.738769095,-0.02117955,0.919182,-0.3932631,-0.0019772514,0.39331204,0.9194029,0.9997737,0.02025012,-0.0065127183,0.0123808645,0.9002743,-0.4351471,-0.06778129,0.43493512,0.89790714,0.9976234,0.018377967,0.06640662,10.04866,0.21057129,0.100494385,9.804431,0.19858584,-0.06386795,0.007965088,0.06625366,-0.0035705566,-32.398987,9.239197,23.339844,0,0.0,0.0,0.0,0.0
0.747069876,-0.0209347,0.9195054,-0.39251918,-0.0026385211,0.39255303,0.9197255,0.9997774,0.02028985,-0.0057918457,0.010938402,0.9010591,-0.43355834,-0.06523795,0.43330362,0.8988837,0.9978098,0.018452106,0.0635229,10.066605,0.20936584,0.049057007,9.804467,0.19897546,-0.056798603,0.0059814453,0.050827026,-0.006011963,-32.159424,9.1796875,23.2193,0,0.0,0.0,0.0,0.0
0.755370657,-0.020811664,0.91957015,-0.39237434,-0.0030395323,0.3923993,0.9197899,0.99977875,0.020334993,-0.0053714192,0.009570546,0.90182424,-0.43199703,-0.06281685,0.43170574,0.89982456,0.99797916,0.01852488,0.06078142,10.072586,0.19621277,-0.059814453,9.804481,0.19941816,-0.05267563,0.003540039,0.044418335,-0.005706787,-32.159424,9.1796875,23.2193,0,0.0,0.0,0.0,0.0
0.763671438,-0.020692522,0.91930395,-0.3930039,-0.003414841,0.39302078,0.9195232,0.99978,0.020369299,-0.004993314,0.008912761,0.9021958,-0.43123463,-0.061648693,0.43092716,0.90027845,0.99805814,0.018561082,0.059459943,10.072586,0.19621277,-0.059814453,9.804493,0.1997546,-0.04896768,0.008575439,0.055114746,-0.001739502,-32.03888,9.1796875,23.15979,0,0.0,0.0,0.0,0.0
0.77197222,-0.02058193,0.919362,-0.39287394,-0.0037618368,0.39288318,0.9195807,0.9997811,0.020404674,-0.004627805,0.0076489,0.9029032,-0.42977583,-0.059392415,0.42943987,0.9011404,0.9982054,0.01863269,0.05691034,10.08934,0.20458984,-0.13877869,9.804503,0.20010151,-0.045383267,0.010253906,0.08946228,-0.0040283203,-32.03888,9.1796875,23.15979,0,0.0,0.0,0.0,0.0
0.780273001,-0.020477753,0.92600274,-0.37696102,-0.0038798144,0.37696365,0.92621994,0.99978274,0.020429442,-0.0041266493,0.006446691,0.9035829,-0.42836493,-0.057235166,0.42800495,0.9019623,0.9983399,0.018702865,0.05447593,10.061813,0.19381714,-0.18066406,9.80452,0.20034438,-0.040468607,0.011489868,0.1381836,-0.0107421875,-32.339478,8.639526,22.979736,0,0.0,0.0,0.0,0.0
0.788573782,-0.020239169,0.9261257,-0.37667152,-0.004592125,0.3766586,0.92634064,0.9997846,0.02047809,-0.0033703726,0.0058504716,0.90405905,-0.4273675,-0.056198645,0.42699668,0.9025051,0.9984025,0.018737396,0.05330503,10.061813,0.19381714,-0.18066406,9.804538,0.20082147,-0.033052064,0.002166748,0.13284302,-0.011520386,-32.339478,8.639526,22.979736,0,0.0,0.0,0.0,0.0
0.796874563,-0.019782603,0.9234181,-0.38328537,-0.0059028235,0.38324586,0.92362756,0.9997869,0.020534223,-0.0021308265,0.004710464,0.90498537,-0.4254165,-0.054211564,0.4250267,0.9035559,0.99851835,0.018806329,0.05106275,10.061813,0.20458984,0.086135864,9.804561,0.20137194,-0.02089627,0.006439209,0.12657166,-0.0011291504,-32.63855,8.639526,22.499084,0,0.0,0.0,0.0,0.0
0.805175345,-0.019368129,0.9236408,-0.38276964,-0.0069931946,0.38270694,0.9238434,0.999788,0.020569896,-9.53117E-4,0.0036572497,0.9057516,-0.4237932,-0.052342743,0.42338848,0.9044349,0.9986225,0.018874755,0.04895796,10.059433,0.21176147,0.0765686,9.804571,0.20172179,-0.009346885,0.002319336,0.12931824,-0.010131836,-32.63855,8.639526,22.499084,0,0.0,0.0,0.0,0.0
0.813476126,-0.019140495,0.93132603,-0.36368334,-0.0076890364,0.3636021,0.93152267,0.9997872,0.020626176,2.0147586E-4,0.0031575132,0.90612704,-0.4229938,-0.051456485,0.42258275,0.9048624,0.99867016,0.018908659,0.047960423,10.059433,0.21176147,0.0765686,9.8045635,0.2022737,0.0019758034,0.004760742,0.1209259,-0.0066223145,-32.87964,8.039856,22.31903,0,0.0,0.0,0.0,0.0
0.821776907,-0.018795656,0.9315059,-0.36324012,-0.008784363,0.36313644,0.9316945,0.99978477,0.020702645,0.0013572985,0.002169028,0.90719664,-0.4207013,-0.049778484,0.42027867,0.9060286,0.9987579,0.018976672,0.04607047,10.046265,0.22851563,0.15434265,9.80454,0.2030236,0.013310551,0.010253906,0.08595276,-0.0035705566,-32.87964,8.039856,22.31903,0,0.0,0.0,0.0,0.0
0.830077688,-0.018450007,0.9293442,-0.36875325,-0.009772968,0.36863077,0.9295244,0.99978197,0.020753548,0.0022812104,0.0012431387,0.90822655,-0.418477,-0.048205115,0.41804525,0.9071463,0.9988367,0.019045023,0.044300854,10.047455,0.22253418,0.14955139,9.804512,0.20352279,0.022371031,0.013015747,0.059539795,-0.003112793,-32.63855,8.279419,22.499084,0,0.0,0.0,0.0,0.0
0.83837847,-0.01823755,0.9294545,-0.36848566,-0.01042969,0.36835003,0.92962855,0.9997792,0.02079734,0.0029761198,8.0921315E-4,0.90867484,-0.41750377,-0.047457445,0.41706836,0.90763533,0.99887294,0.019079192,0.043460883,10.047455,0.22253418,0.14955139,9.804485,0.20395224,0.029185764,0.022323608,0.034347534,0.0029907227,-32.63855,8.279419,22.499084,0,0.0,0.0,0.0,0.0
0.846679251,-0.01792599,0.9247522,-0.38014752,-0.011061945,0.38000187,0.92491955,0.9997781,0.020785268,0.003417647,-1.8853694E-5,0.9095467,-0.41560173,-0.046029888,0.41516042,0.9085829,0.99894005,0.019147232,0.041858505,10.084549,0.20578003,0.088531494,9.804474,0.20383385,0.03351567,0.0015563965,0.04777527,-0.0025024414,-32.699585,8.639526,22.558594,0,0.0,0.0,0.0,0.0
0.854980032,-0.01773824,0.9248519,-0.37991357,-0.01151036,0.37975928,0.9250137,0.9997764,0.020781057,0.0039091166,-7.7852234E-4,0.9101745,-0.4142243,-0.044671934,0.4137793,0.90928054,0.9990014,0.019212099,0.04033712,10.071396,0.20698547,0.12921143,9.804458,0.20379256,0.03833534,0.014389038,0.051132202,-0.0028076172,-32.699585,8.639526,22.558594,0,0.0,0.0,0.0,0.0
0.863280813,-0.017522248,0.92389554,-0.3822435,-0.012065453,0.38207898,0.924051,0.9997737,0.02080339,0.0044523356,-0.0011416506,0.9104804,-0.41355065,-0.044021234,0.41310424,0.9096191,0.9990299,0.019243479,0.03960885,10.071396,0.20698547,0.12921143,9.804431,0.20401157,0.0436625,0.011795044,0.048080444,-0.0049438477,-32.339478,8.81958,22.799683,0,0.0,0.0,0.0,0.0
0.871581595,-0.01739229,0.9239633,-0.38208544,-0.012499245,0.38191247,0.9241139,0.9997706,0.020848239,0.0049065114,-0.0018311944,0.91103154,-0.41233262,-0.04277722,0.41188452,0.9102315,0.9990829,0.019305253,0.038217157,10.059433,0.21655273,0.09451294,9.8044,0.20445138,0.04811644,0.0055236816,0.03892517,-6.713867E-4,-32.339478,8.81958,22.799683,0,0.0,0.0,0.0,0.0
0.879882376,-0.017131995,0.9204479,-0.3904896,-0.0130229015,0.39030838,0.92059207,0.99976844,0.020856887,0.0053001414,-0.0024847528,0.9115623,-0.4111545,-0.041597977,0.4107057,0.9108186,0.9991314,0.019366356,0.036898643,10.042679,0.1986084,0.088531494,9.804379,0.2045362,0.051976632,0.0038452148,0.04319763,-0.0011291504,-32.57904,8.938599,22.499084,0,0.0,0.0,0.0,0.0
0.888183157,-0.016981497,0.9205294,-0.3903041,-0.013373343,0.39011633,0.9206685,0.99976635,0.020853998,0.0056857956,-0.0027900953,0.9117444,-0.41074848,-0.04103318,0.41029975,0.91102713,0.9991539,0.019396167,0.036266997,10.042679,0.1986084,0.088531494,9.804359,0.20450789,0.05575861,7.9345703E-4,0.045181274,-0.005554199,-32.57904,8.938599,22.499084,0,0.0,0.0,0.0,0.0
0.896483938,-0.016878987,0.92125696,-0.3885882,-0.013660984,0.3883948,0.92139184,0.99976426,0.020860657,0.006029566,-0.003375169,0.91210085,-0.40995213,-0.03995017,0.40950418,0.91143316,0.999196,0.019453896,0.035056435,10.07019,0.2033844,0.025131226,9.8043375,0.20457315,0.059129838,0.0124053955,0.06762695,0.0045166016,-32.87964,8.938599,22.619629,0,0.0,0.0,0.0,0.0
0.90478472,-0.016692612,0.92135775,-0.38835716,-0.014055897,0.38815662,0.9214862,0.9997618,0.02084072,0.0064711594,-0.003932882,0.91247267,-0.40911883,-0.038921215,0.40867233,0.9118509,0.99923456,0.019509604,0.033907283,10.065414,0.21176147,0.039474487,9.804315,0.20437764,0.063460395,0.010726929,0.08198547,8.544922E-4,-32.87964,8.938599,22.619629,0,0.0,0.0,0.0,0.0
