Time,Rot1,Rot2,Rot3,Rot4,Rot5,Rot6,Rot7,Rot8,Rot9,FRot1,FRot2,FRot3,FRot4,FRot5,FRot6,FRot7,FRot8,FRot9,AccX,AccY,AccZ,GravX,GravY,GravZ,GyroX,GyroY,GyroZ,MagX,MagY,MagZ,Imid
0.0,0.0,0.0,0.0,0.0,0.0,0.0,0.0,0.0,0.0,1.0,0.0,0.0,0.0,1.0,0.0,0.0,0.0,1.0,0.0,0.0,0.0,9.806335,-0.047803327,0.06244199,0.0,0.0,0.0,0.0,0.0,0.0,0,0.0,0.0,0.0,0.0
0.008300782,0.0,0.0,0.0,0.0,0.0,0.0,0.0,0.0,0.0,1.0,0.0,0.0,0.0,1.0,0.0,0.0,0.0,1.0,10.030716,-0.06700134,0.058624268,9.806337,-0.0475691,0.062296208,-0.006942749,-0.00440979,-0.008621216,0.0,0.0,0.0,0,0.0,0.0,0.0,0.0
0.016601563,-0.004418693,0.32588604,0.94539875,-0.006584252,-0.945397,0.3258547,0.9999686,-0.004784892,0.006323135,1.0,0.0,0.0,0.0,1.0,0.0,0.0,0.0,1.0,10.023529,-0.041870117,0.050247192,9.806342,-0.04692376,0.062008772,-0.01121521,-0.0025787354,-0.011672974,-57.418823,-16.43982,5.3985596,0,0.0,0.0,0.0,0.0
0.024902344,-0.004401081,0.32583082,0.9454179,-0.0064899437,-0.9454164,0.32580012,0.99996924,-0.004701836,0.006275478,0.9979331,0.056163177,-0.031229578,-0.0561327,0.9984216,0.0018525275,0.03128433,-9.569811E-5,0.9995105,10.023529,-0.041870117,0.050247192,9.806349,-0.046109263,0.061541416,-0.0049591064,-0.0039520264,-0.004348755,-57.418823,-16.43982,5.3985596,0,0.0,0.0,0.0,0.0
0.033203125,-0.0045233066,0.2993382,0.9541364,-0.006262175,-0.9541359,0.29930836,0.99997014,-0.004621105,0.0061903573,0.9919113,0.111033395,-0.061510753,-0.11080881,0.9938167,0.007060868,0.061914403,-1.8782113E-4,0.99808145,10.021133,-0.033493042,0.017944336,9.806357,-0.04531756,0.060706668,-8.392334E-4,-0.0011901855,-0.0061798096,-57.47986,-16.738892,4.978943,0,0.0,0.0,0.0,0.0
0.041503907,-0.0044774283,0.29919416,0.95418173,-0.0061809514,-0.9541814,0.29916504,0.9999709,-0.004558261,0.006121583,0.96888506,0.21747349,-0.11818231,-0.21582839,0.9760662,0.026701285,0.12116057,-3.6337966E-4,0.99263287,10.021133,-0.033493042,0.017944336,9.806365,-0.04470127,0.060032222,-0.0046539307,7.9345703E-4,-0.004043579,-57.47986,-16.738892,4.978943,0,0.0,0.0,0.0,0.0
0.049804688,-0.004599539,0.27979958,0.9600474,-0.005993828,-0.96004796,0.27977103,0.9999714,-0.004467542,0.0060928483,0.933257,0.31733543,-0.16831401,-0.31219792,0.94831324,0.056872636,0.17766212,-5.2949745E-4,0.9840914,10.009171,-0.025131226,0.033493042,9.80637,-0.04381162,0.059750434,-0.009231567,0.003540039,-0.0066375732,-57.899475,-16.799927,4.6188354,0,0.0,0.0,0.0,0.0
0.058105469,-0.004621011,0.27986807,0.9600274,-0.0059592845,-0.96002823,0.2798396,0.9999715,-0.004427934,0.006104114,0.91130984,0.36498806,-0.1905203,-0.3571303,0.931012,0.07532985,0.2048712,-6.082585E-4,0.97878873,10.057037,-0.056228638,0.053833008,9.806371,-0.043423202,0.05986091,-0.007858276,0.0033874512,-0.0016021729,-57.899475,-16.799927,4.6188354,0,0.0,0.0,0.0,0.0
0.06640625,-0.0046399604,0.2799285,0.9600097,-0.0059761275,-0.96001065,0.2798999,0.9999714,-0.0044384156,0.0061272993,0.86078674,0.4546673,-0.228744,-0.4391977,0.89066106,0.117593996,0.2571995,-7.5951807E-4,0.966358,10.019943,-0.07777405,0.06939697,9.80637,-0.04352599,0.06008828,-2.2888184E-4,-0.0019683838,-0.004196167,-57.899475,-16.799927,4.6188354,0,0.0,0.0,0.0,0.0
0.074707032,-0.0047756964,0.25958553,0.96570826,-0.0058740666,-0.96570987,0.25955692,0.99997133,-0.0044330703,0.0061367606,0.8032638,0.5366642,-0.25837728,-0.5105565,0.8437954,0.16535217,0.30675617,-9.052028E-4,0.95178765,10.023529,-0.07537842,0.07777405,9.806369,-0.043473568,0.060181066,-0.004043579,-1.2207031E-4,-0.005569458,-57.47986,-16.679382,4.1992188,0,0.0,0.0,0.0,0.0
0.083007813,-0.004837597,0.24915619,0.96845114,-0.005812876,-0.9684531,0.24912767,0.9999714,-0.004424308,0.0061333003,0.7722936,0.5751021,-0.26985198,-0.54251987,0.818081,0.19082873,0.3305068,-9.7576034E-4,0.9438031,10.009171,-0.07537842,0.07058716,9.80637,-0.04338764,0.06014713,-0.004501343,-0.0025787354,-0.005874634,-58.018494,-16.97998,4.0786743,0,0.0,0.0,0.0,0.0
0.091308594,-0.0047763246,0.24895908,0.96850216,-0.0058040656,-0.9685037,0.24893086,0.9999717,-0.0044322764,0.0060708635,0.7072576,0.646433,-0.2862012,-0.59868205,0.76297003,0.24383736,0.3759874,-0.0011123233,0.9266241,10.009171,-0.071777344,0.032302856,9.806373,-0.043465786,0.059534837,-0.0060272217,-0.00440979,-9.765625E-4,-58.018494,-16.97998,4.0786743,0,0.0,0.0,0.0,0.0
0.099609375,-0.0047443695,0.24153411,0.9703808,-0.005779382,-0.9703821,0.24150617,0.999972,-0.004462406,0.005999768,0.6398222,0.710007,-0.2941387,-0.6443645,0.70419353,0.29817083,0.41883397,-0.0012437936,0.908062,10.009171,-0.071777344,0.032302856,9.8063755,-0.043761253,0.05883763,-0.004196167,-5.79834E-4,-0.0023498535,-57.77893,-16.558838,3.8391113,0,0.0,0.0,0.0,0.0
0.107910157,-0.004704458,0.24140249,0.9704137,-0.0057892534,-0.97041476,0.24137469,0.99997216,-0.004482433,0.0059628156,0.6055856,0.73905784,-0.29505885,-0.66354066,0.6736408,0.3254564,0.4392948,-0.0013081661,0.898342,10.030716,-0.06700134,0.041870117,9.806377,-0.043957654,0.05847525,-0.002670288,0.0026245117,-0.0025177002,-57.77893,-16.558838,3.8391113,0,0.0,0.0,0.0,0.0
0.116210938,-0.004683566,0.2413336,0.9704309,-0.0057914304,-0.97043186,0.24130589,0.9999723,-0.0044900114,0.005942748,0.5370944,0.7916397,-0.29126668,-0.69477683,0.61098665,0.37944764,0.47834584,-0.0014338674,0.8781704,10.052246,-0.06460571,0.034698486,9.806378,-0.04403197,0.05827845,0.0020599365,0.0029296875,-0.0023498535,-57.77893,-16.558838,3.8391113,0,0.0,0.0,0.0,0.0
0.124511719,-0.0047679106,0.2301826,0.9731358,-0.005772723,-0.973137,0.2301546,0.999972,-0.004520287,0.0059686094,0.46952322,0.8371589,-0.28055823,-0.71717596,0.54695755,0.4318519,0.5149821,-0.0015548911,0.85719955,10.045074,-0.093322754,0.07058716,9.8063755,-0.044328872,0.058532067,-0.0022125244,-0.001663208,-0.008010864,-57.839966,-16.918945,3.718567,0,0.0,0.0,0.0,0.0
0.1328125,-0.0047509097,0.22714876,0.9738485,-0.0057064365,-0.97384983,0.22712122,0.99997246,-0.004478172,0.005922883,0.4362178,0.8575114,-0.27274197,-0.72542197,0.5144624,0.45726517,0.5324256,-0.0016141991,0.84647524,10.018753,-0.056228638,0.034698486,9.80638,-0.043915864,0.05808364,-0.008773804,-0.0036468506,-0.0066375732,-58.139038,-17.158508,3.718567,0,0.0,0.0,0.0,0.0
0.141113282,-0.0047198217,0.22704853,0.973872,-0.0056438963,-0.9738734,0.2270215,0.99997294,-0.0044249315,0.0058779474,0.3712973,0.89343727,-0.25280064,-0.73634225,0.4491847,0.50599724,0.565631,-0.0017276128,0.82465667,10.043869,-0.050247192,0.041870117,9.806385,-0.043393757,0.057642974,0.0019073486,-0.00440979,-0.0075531006,-58.139038,-17.158508,3.718567,0,0.0,0.0,0.0,0.0
0.149414063,-0.004700978,0.22579621,0.97416323,-0.0055829445,-0.9741648,0.22576961,0.99997336,-0.0043773614,0.0058401343,0.30927116,0.9232747,-0.227849,-0.7404869,0.38413596,0.55146956,0.5966829,-0.0018344269,0.80247504,10.043869,-0.050247192,0.041870117,9.806389,-0.042927254,0.057272155,-0.005722046,-4.272461E-4,-0.007095337,-58.07953,-16.738892,3.5995483,0,0.0,0.0,0.0,0.0
0.157714844,-0.0047048023,0.22580883,0.9741603,-0.005562178,-0.9741619,0.22578233,0.9999734,-0.004356191,0.005839228,0.2794807,0.93606186,-0.21372579,-0.74029565,0.3518304,0.572868,0.6114351,-0.0018852857,0.7912923,10.015152,-0.059814453,0.062210083,9.80639,-0.042719644,0.057263266,-0.005722046,-0.0010528564,2.4414063E-4,-58.07953,-16.738892,3.5995483,0,0.0,0.0,0.0,0.0
0.166015625,-0.004667033,0.22568405,0.9741894,-0.00556354,-0.9741908,0.22565772,0.99997365,-0.0043667895,0.0058021825,0.22261238,0.9576377,-0.18268456,-0.73589206,0.28796872,0.6128106,0.63945806,-0.0019831336,0.76882344,10.052246,-0.071777344,0.052642822,9.806392,-0.04282358,0.056899972,-0.008621216,-0.009140015,-0.0034332275,-58.07953,-16.738892,3.5995483,0,0.0,0.0,0.0,0.0
0.174316407,-0.0045371475,0.23764186,0.9713423,-0.005618551,-0.9713431,0.23761581,0.99997395,-0.004379438,0.0057423287,0.16956279,0.9742651,-0.14851253,-0.72679454,0.22539563,0.6488193,0.6655961,-0.0020775266,0.7463093,10.02832,-0.06819153,0.06700134,9.806395,-0.042947613,0.056313008,-0.008773804,-0.012954712,-0.004501343,-58.139038,-16.558838,3.779602,0,0.0,0.0,0.0,0.0
0.182617188,-0.004627036,0.20880747,0.9779458,-0.0054633887,-0.97794694,0.20878185,0.9999743,-0.0043768566,0.005665792,0.14469856,0.98081505,-0.13062987,-0.72068673,0.19492903,0.66529185,0.6779918,-0.002123565,0.73506635,10.047455,-0.061019897,0.071777344,9.806398,-0.042922303,0.055562444,-0.0046539307,-0.010818481,-0.002960205,-58.139038,-16.738892,3.2989502,0,0.0,0.0,0.0,0.0
0.190917969,-0.0045773103,0.2086418,0.97798145,-0.005435507,-0.9779824,0.20861655,0.9999747,-0.004360922,0.0056106024,0.09713361,0.99096024,-0.09253537,-0.706017,0.13413738,0.6953755,0.70150197,-0.0022127954,0.71266407,10.02713,-0.07417297,0.06341553,9.806402,-0.04276604,0.055021215,-0.008468628,-0.0051727295,-0.00831604,-58.139038,-16.738892,3.2989502,0,0.0,0.0,0.0,0.0
0.19921875,-0.004559695,0.20858309,0.977994,-0.0053958516,-0.9779951,0.20855816,0.9999751,-0.004326149,0.005584843,0.074872755,0.99452764,-0.07286131,-0.69752145,0.10444908,0.7089105,0.7126414,-0.002255758,0.7015248,10.018753,-0.056228638,0.059814453,9.806406,-0.04242503,0.0547686,-0.004501343,7.9345703E-4,-0.0061798096,-58.139038,-16.738892,3.2989502,0,0.0,0.0,0.0,0.0
0.207519532,-0.004519013,0.21789083,0.97596276,-0.005421144,-0.9759637,0.21786594,0.9999751,-0.004306295,0.00559161,0.033372354,0.998911,-0.03260416,-0.6785993,0.046597,0.7330291,0.7337501,-0.0023377456,0.6794154,10.035492,-0.059814453,0.06460571,9.806406,-0.04223033,0.054834962,-0.011383057,-0.003189087,-0.002822876,-58.6792,-16.799927,3.479004,0,0.0,0.0,0.0,0.0
0.215820313,-0.004508626,0.21785617,0.9759705,-0.005414336,-0.97597146,0.21783136,0.9999752,-0.004302112,0.005579836,-0.0039253915,0.99995893,0.008170674,-0.65757656,-0.008736876,0.7533371,0.7533775,-0.0024157003,0.65758383,10.035492,-0.059814453,0.06460571,9.806407,-0.042189308,0.054719504,-0.0016021729,-0.0066986084,-0.0032653809,-58.6792,-16.799927,3.479004,0,0.0,0.0,0.0,0.0
0.224121094,-0.0044551385,0.22174749,0.975094,-0.0054068486,-0.9750948,0.22172296,0.9999755,-0.0042843786,0.0055431365,-0.021141753,0.9993639,0.028720256,-0.646448,-0.03557819,0.76212806,0.7626651,-0.0024534285,0.646789,10.030716,-0.088531494,0.052642822,9.80641,-0.042015404,0.0543596,-0.0016021729,-0.005783081,-0.0090789795,-58.6792,-16.738892,3.5385132,0,0.0,0.0,0.0,0.0
0.232421875,-0.004427556,0.22303341,0.97480077,-0.0054578306,-0.9748011,0.22300872,0.99997526,-0.0043329136,0.005533266,-0.0527113,0.9961689,0.069777966,-0.6232493,-0.087413184,0.77712244,0.7802447,-0.0025259343,0.6254692,10.04866,-0.10887146,0.06819153,9.806408,-0.04249137,0.054262802,6.866455E-4,3.3569336E-4,-0.0011291504,-58.73871,-17.158508,3.6590576,0,0.0,0.0,0.0,0.0
0.240722657,-0.00442247,0.22301684,0.9748045,-0.0054735728,-0.97480476,0.22299208,0.9999752,-0.004349488,0.0055317446,-0.08072728,0.9905782,0.11062523,-0.599135,-0.13692366,0.78885305,0.79656786,-0.0025974906,0.60454357,10.0247345,-0.07058716,0.051452637,9.806407,-0.042653907,0.054247882,-9.918213E-4,0.006134033,-0.004196167,-58.73871,-17.158508,3.6590576,0,0.0,0.0,0.0,0.0
0.249023438,-0.004428457,0.22303638,0.97480005,-0.005470085,-0.97480035,0.22301161,0.9999752,-0.004344642,0.0055368897,-0.09347898,0.9869796,0.13089325,-0.5868466,-0.16082422,0.7935658,0.804284,-0.0026325306,0.5942393,10.030716,-0.06460571,0.04067993,9.806407,-0.042606387,0.05429834,-0.0022125244,0.0038452148,-0.008468628,-58.73871,-17.158508,3.6590576,0,0.0,0.0,0.0,0.0
0.257324219,-0.004439796,0.2285719,0.9735169,-0.0054844953,-0.97351736,0.22854702,0.9999751,-0.004324547,0.0055758203,-0.116602175,0.9783542,0.17095879,-0.5620034,-0.20691952,0.80083483,0.8188749,-0.0027003305,0.57396567,10.053452,-0.07058716,0.051452637,9.806406,-0.04240932,0.05468012,-0.007095337,0.008117676,-0.005569458,-58.799744,-16.97998,3.718567,0,0.0,0.0,0.0,0.0
0.265625,-0.004478568,0.22869958,0.9734867,-0.0054813004,-0.9734875,0.22867455,0.99997497,-0.0043118387,0.0056134015,-0.13661458,0.96810114,0.21003959,-0.5370625,-0.25054446,0.80547583,0.83240634,-0.0027646497,0.5541589,10.053452,-0.07058716,0.051452637,9.806404,-0.04228469,0.05504866,-0.007247925,0.006591797,-0.008926392,-58.799744,-16.97998,3.718567,0,0.0,0.0,0.0,0.0
0.273925782,-0.0045703785,0.22022401,0.97543854,-0.005435615,-0.9754398,0.22019881,0.9999748,-0.004295717,0.005655183,-0.14557323,0.9624269,0.22922221,-0.5246213,-0.27152637,0.8068741,0.8387973,-0.0027955933,0.54443663,10.042679,-0.07417297,0.044265747,9.806403,-0.042126596,0.0554584,-0.0075531006,0.007965088,-0.0077056885,-58.31909,-16.619873,3.479004,0,0.0,0.0,0.0,0.0
0.282226563,-0.0046883808,0.20818476,0.97807825,-0.0053349608,-0.9780803,0.20815963,0.9999748,-0.004242078,0.0056962706,-0.16170797,0.9500147,0.26706284,-0.499866,-0.31219208,0.80788004,0.8508728,-0.0028549982,0.525364,10.018753,-0.055038452,0.049057007,9.806403,-0.041600574,0.05586133,-0.010147095,0.002166748,-0.0049591064,-58.31909,-17.098999,3.3599854,0,0.0,0.0,0.0,0.0
0.290527344,-0.0047137947,0.20826793,0.9780604,-0.0053020036,-0.9780627,0.20824286,0.9999748,-0.004204066,0.0057146247,-0.17562635,0.93630564,0.304117,-0.47540078,-0.35117418,0.8066416,0.86206114,-0.0029099262,0.5067959,10.02832,-0.044265747,0.056228638,9.806403,-0.041227806,0.056041326,-0.008010864,-0.0010528564,-0.005264282,-58.31909,-17.098999,3.3599854,0,0.0,0.0,0.0,0.0
0.298828125,-0.0047176573,0.20828058,0.97805774,-0.005268112,-0.97806025,0.20825571,0.999975,-0.0041700387,0.005711398,-0.18172084,0.9290793,0.32216334,-0.4633517,-0.369869,0.80529636,0.8673424,-0.002935809,0.49770337,10.033112,-0.06700134,0.0657959,9.806405,-0.040894113,0.056009684,-0.0048065186,-0.0034942627,-0.0037384033,-58.31909,-17.098999,3.3599854,0,0.0,0.0,0.0,0.0
0.307128907,-0.0048242644,0.19210881,0.9813618,-0.0052032163,-0.9813647,0.1920838,0.9999748,-0.0041795745,0.005733946,-0.19231199,0.9139954,0.3572512,-0.43969652,-0.40571344,0.80128866,0.8773158,-0.0029846844,0.4799042,10.053452,-0.061019897,0.095718384,9.806403,-0.040987626,0.056230802,-0.01260376,-0.006088257,-0.0022125244,-58.558655,-17.098999,3.0593872,0,0.0,0.0,0.0,0.0
0.315429688,-0.004808259,0.19205585,0.98137224,-0.005213055,-0.981375,0.19203085,0.9999748,-0.004192613,0.005719903,-0.2012107,0.89791995,0.39147672,-0.41658485,-0.44014835,0.79544103,0.88655025,-0.003032002,0.4626224,10.0247345,-0.0657959,0.07896423,9.806403,-0.04111549,0.05609309,-0.0051116943,-0.0051727295,-0.007247925,-58.558655,-17.098999,3.0593872,0,0.0,0.0,0.0,0.0
0.323730469,-0.004838838,0.18514688,0.98269886,-0.0051763635,-0.98270184,0.18512195,0.9999749,-0.004191032,0.0057135234,-0.20496865,0.88965344,0.4080498,-0.4053052,-0.45662618,0.79197234,0.89090717,-0.0030552142,0.45417523,10.0247345,-0.0657959,0.07896423,9.806404,-0.041099988,0.056030527,-0.0051116943,-0.0010528564,0.0014648438,-58.799744,-17.459106,2.999878,0,0.0,0.0,0.0,0.0
0.33203125,-0.004823236,0.18170059,0.98334205,-0.005151883,-0.983345,0.18167585,0.9999751,-0.0041897977,0.0056790053,-0.21132441,0.8726171,0.44031948,-0.38328156,-0.48839495,0.78394234,0.89913136,-0.0031001929,0.43766785,10.041473,-0.051452637,0.056228638,9.806406,-0.04108788,0.055692017,-0.009994507,-0.011123657,-0.0016021729,-58.558655,-17.459106,2.9388428,0,0.0,0.0,0.0,0.0
0.340332032,-0.0047582043,0.1814891,0.98338145,-0.005144317,-0.98338395,0.18146466,0.9999754,-0.00419538,0.0056127794,-0.21393302,0.8639086,0.45595458,-0.37256408,-0.5036389,0.779451,0.9030109,-0.003121985,0.42960632,10.041473,-0.051452637,0.056228638,9.806409,-0.041142624,0.055042565,-0.0104522705,-0.011123657,-0.0016021729,-58.558655,-17.459106,2.9388428,0,0.0,0.0,0.0,0.0
0.348632813,-0.0047031688,0.18131012,0.98341477,-0.005178332,-0.98341686,0.18128574,0.9999755,-0.00423983,0.005564059,-0.2180621,0.8462488,0.4861192,-0.35177007,-0.5327785,0.7696784,0.91033334,-0.0031644912,0.41386378,10.0247345,-0.08375549,0.07417297,9.806411,-0.041578535,0.054564785,-0.004196167,-0.005783081,-0.001739502,-58.558655,-17.459106,2.9388428,0,0.0,0.0,0.0,0.0
0.356933594,-0.0046692337,0.18293591,0.9831137,-0.0052069956,-0.98311555,0.18291153,0.99997556,-0.004265012,0.005542943,-0.22087127,0.828359,0.5148178,-0.33185604,-0.56018853,0.7589865,0.91710824,-0.0032070745,0.39862546,10.052246,-0.0765686,0.058624268,9.80641,-0.04182548,0.054357696,-0.0075531006,0.002166748,-0.005569458,-58.198547,-17.279053,2.9388428,0,0.0,0.0,0.0,0.0
0.365234375,-0.00465411,0.18288656,0.98312306,-0.0052088,-0.9831248,0.1828622,0.99997556,-0.00426983,0.00552819,-0.2218166,0.8193796,0.52859664,-0.32224238,-0.5732422,0.7533612,0.9203028,-0.0032282334,0.3911935,10.052246,-0.0765686,0.058624268,9.806411,-0.04187273,0.05421303,3.8146973E-4,-0.0019683838,-0.002822876,-58.198547,-17.279053,2.9388428,0,0.0,0.0,0.0,0.0
0.373535157,-0.004654633,0.18599238,0.98254013,-0.005211792,-0.9825419,0.18596803,0.99997556,-0.004255182,0.0055427253,-0.22290173,0.80137026,0.5550861,-0.30369055,-0.5981597,0.7416044,0.9263298,-0.0032694805,0.3766994,10.041473,-0.06460571,0.06939697,9.806411,-0.04172908,0.05435557,-0.0061798096,3.3569336E-4,-0.0064849854,-58.139038,-16.97998,2.9388428,0,0.0,0.0,0.0,0.0
0.381835938,-0.0046885614,0.18418135,0.9828811,-0.005232775,-0.9828829,0.18415672,0.99997526,-0.0042797658,0.005572086,-0.22298591,0.7834385,0.5800874,-0.28606638,-0.6214605,0.7293509,0.931903,-0.0033085144,0.36269236,10.039093,-0.09690857,0.06939697,9.806408,-0.041970167,0.0546435,-0.005264282,0.0068969727,-0.00541687,-57.958984,-17.158508,2.9388428,0,0.0,0.0,0.0,0.0
0.390136719,-0.0047298623,0.1843165,0.98285556,-0.0052655404,-0.9828575,0.18429153,0.99997497,-0.004303592,0.005619307,-0.22271608,0.7744725,0.59210634,-0.27758116,-0.6325989,0.7230265,0.93452996,-0.0033279397,0.3558689,10.039093,-0.09690857,0.06939697,9.806404,-0.042203818,0.055106573,-0.00541687,-8.8500977E-4,-0.008773804,-57.958984,-17.158508,2.9388428,0,0.0,0.0,0.0,0.0
0.3984375,-0.0047423276,0.18435729,0.98284787,-0.0052415496,-0.98285,0.1843324,0.999975,-0.0042774808,0.0056273136,-0.22159855,0.7566282,0.6151486,-0.26127404,-0.6538367,0.710094,0.9394839,-0.0033665758,0.34257656,10.043869,-0.08015442,0.062210083,9.806405,-0.04194776,0.0551851,-0.008926392,-0.0037994385,-0.012893677,-57.958984,-17.158508,2.9388428,0,0.0,0.0,0.0,0.0
0.406738282,-0.0046817446,0.1909729,0.9815842,-0.0052362536,-0.98158616,0.1909483,0.99997526,-0.004245852,0.0055955173,-0.219798,0.73894334,0.6369078,-0.24583061,-0.673759,0.6968616,0.9440636,-0.0034026478,0.32974577,10.004395,-0.06460571,0.053833008,9.806408,-0.04163759,0.05487328,-0.008010864,-0.01020813,-0.005874634,-58.259583,-17.459106,3.1188965,0,0.0,0.0,0.0,0.0
0.415039063,-0.0046129967,0.19075125,0.98162764,-0.005194011,-0.9816294,0.19072719,0.99997586,-0.0042187604,0.0055190157,-0.21863914,0.7302677,0.64722943,-0.2384544,-0.6831525,0.6902479,0.9462222,-0.0034195117,0.32349944,10.004395,-0.06460571,0.053833008,9.806414,-0.041371908,0.05412306,-0.008621216,-0.013412476,-0.005722046,-58.259583,-17.459106,3.1188965,0,0.0,0.0,0.0,0.0
0.423339844,-0.004372148,0.20371966,0.9790195,-0.0051874747,-0.97902024,0.20369665,0.99997693,-0.004188047,0.005337212,-0.21593106,0.7130881,0.66699266,-0.22431195,-0.70106596,0.6768978,0.9502936,-0.0034511623,0.3113361,10.033112,-0.039474487,0.026321411,9.806424,-0.04107071,0.05234017,-0.0034332275,-0.0077667236,-0.002960205,-58.018494,-17.098999,3.2989502,0,0.0,0.0,0.0,0.0
0.431640625,-0.004149473,0.22811672,0.97362494,-0.0052309977,-0.97362494,0.22809443,0.9999777,-0.004146558,0.0052333083,-0.21265195,0.69655085,0.6852707,-0.21107118,-0.71749896,0.6638104,0.95405877,-0.0034803427,0.29959938,10.051056,-0.08255005,0.017944336,9.806432,-0.040663846,0.051321223,-0.009994507,9.460449E-4,-0.0023498535,-57.598877,-16.918945,3.718567,0,0.0,0.0,0.0,0.0
0.439941407,-0.0040741265,0.22787283,0.97368246,-0.0052363155,-0.9736821,0.22785084,0.999978,-0.0041702148,0.005160118,-0.21076721,0.6887549,0.6936815,-0.20484027,-0.7249859,0.6575986,0.95583355,-0.0034936669,0.29388797,10.051056,-0.08255005,0.017944336,9.806435,-0.04089584,0.05060347,-0.008621216,-0.0054779053,-0.005569458,-57.598877,-16.918945,3.718567,0,0.0,0.0,0.0,0.0
0.448242188,-0.0040135756,0.22767682,0.9737284,-0.0052180826,-0.97372776,0.22765517,0.9999783,-0.004167285,0.005096167,-0.20677641,0.6733916,0.7097798,-0.19291568,-0.7392776,0.6451761,0.9591804,-0.0035204582,0.28277296,10.013962,-0.0657959,0.026321411,9.8064375,-0.040867105,0.049976327,-0.009689331,-0.0048675537,-0.004501343,-57.598877,-16.918945,3.718567,0,0.0,0.0,0.0,0.0
0.456542969,-0.0038076984,0.25319827,0.9674069,-0.0053025247,-0.9674055,0.25317702,0.9999787,-0.0041656774,0.005026178,-0.20253614,0.6583514,0.7249501,-0.18168168,-0.7527024,0.6327961,0.96227384,-0.0035460726,0.27205983,10.045074,-0.071777344,0.059814453,9.806441,-0.04085134,0.04928997,-0.0031280518,0.002319336,-0.007858276,-57.359314,-16.679382,4.1397095,0,0.0,0.0,0.0,0.0
0.46484375,-0.0038142542,0.25321946,0.96740144,-0.0052936217,-0.9674001,0.2531982,0.9999787,-0.004155294,0.0050303563,-0.20024423,0.6513585,0.7318705,-0.17641924,-0.7587618,0.62702215,0.9637316,-0.0035584648,0.26684985,10.045074,-0.071777344,0.059814453,9.806441,-0.040749516,0.049330946,-0.008621216,1.8310547E-4,-0.012893677,-57.359314,-16.679382,4.1397095,0,0.0,0.0,0.0,0.0
0.473144532,-0.0037753687,0.2657469,0.9640354,-0.005329834,-0.96403384,0.26572558,0.9999786,-0.0041349367,0.00505597,-0.19555353,0.63763183,0.74510705,-0.16636078,-0.77033293,0.61555773,0.96647966,-0.0035820992,0.25671825,10.021133,-0.08734131,0.050247192,9.80644,-0.040549878,0.04958213,-0.007095337,0.006286621,-0.0118255615,-57.058716,-16.259766,4.258728,0,0.0,0.0,0.0,0.0
0.481445313,-0.0036878372,0.27913547,0.9602447,-0.005378685,-0.96024287,0.27911428,0.9999787,-0.0041355253,0.0050426004,-0.19067183,0.6246564,0.75726396,-0.15699583,-0.7808914,0.6046163,0.96901834,-0.0036039916,0.24696244,10.016357,-0.09690857,0.015548706,9.806441,-0.04055565,0.04945102,-0.0118255615,0.005065918,-0.008926392,-57.17926,-16.43982,4.559326,0,0.0,0.0,0.0,0.0
0.489746094,-0.003672393,0.2790858,0.9602592,-0.005386736,-0.96025723,0.27906463,0.9999787,-0.004147827,0.005029803,-0.18816139,0.61851805,0.76290935,-0.15257564,-0.78576225,0.599415,0.97021437,-0.0036146224,0.24222091,10.016357,-0.09690857,0.015548706,9.806441,-0.040676292,0.04932552,-0.005874634,0.006439209,-0.008163452,-57.17926,-16.43982,4.559326,0,0.0,0.0,0.0,0.0
0.498046875,-0.0036216609,0.2789225,0.9603068,-0.0054239137,-0.96030444,0.27890137,0.9999787,-0.004198535,0.0049907486,-0.18311375,0.6064979,0.7737117,-0.14412914,-0.79507685,0.5891347,0.9724691,-0.0036357373,0.2330035,10.02832,-0.114852905,-0.009567261,9.806441,-0.041173562,0.048942525,-0.005569458,0.008270264,-0.002822876,-57.17926,-16.43982,4.559326,0,0.0,0.0,0.0,0.0
0.506347657,-0.0036147435,0.2733195,0.96191657,-0.005464434,-0.9619138,0.2732982,0.9999785,-0.0042684264,0.004970608,-0.18058212,0.6006141,0.7788792,-0.14009546,-0.79953074,0.58405805,0.97353137,-0.003646993,0.22852425,10.02832,-0.114852905,-0.009567261,9.806439,-0.041858964,0.04874501,-0.0048065186,0.010864258,-0.0038909912,-57.23877,-16.378784,4.4387817,0,0.0,0.0,0.0,0.0
0.514648438,-0.00362847,0.27336404,0.9619038,-0.0054968647,-0.96190107,0.27334252,0.9999783,-0.0042956397,0.0049928743,-0.17554675,0.5889177,0.78889745,-0.13235138,-0.8081847,0.5738647,0.97553396,-0.003671602,0.21981828,10.043869,-0.088531494,0.01675415,9.8064375,-0.042125836,0.04896337,-0.007858276,0.0056762695,-0.005264282,-57.23877,-16.378784,4.4387817,0,0.0,0.0,0.0,0.0
0.522949219,-0.0037191554,0.27796733,0.96058327,-0.0055495347,-0.9605808,0.27794516,0.99997765,-0.0042970693,0.0051151393,-0.17052235,0.57756877,0.7983335,-0.12507275,-0.81633365,0.56387603,0.97738373,-0.0036963136,0.21144125,10.030716,-0.07896423,0.0993042,9.806431,-0.042139854,0.050162382,-0.00831604,0.008270264,-0.0104522705,-57.47986,-16.319275,4.499817,0,0.0,0.0,0.0,0.0
0.53125,-0.0038279945,0.27832222,0.9604801,-0.005570266,-0.96047825,0.27829948,0.99997723,-0.004284801,0.0052270344,-0.16801046,0.5721016,0.8027903,-0.121616505,-0.82017446,0.5590379,0.9782545,-0.0037083286,0.20737487,10.030716,-0.07896423,0.0993042,9.806427,-0.042019546,0.0512597,-0.0034332275,0.0014038086,-0.007095337,-57.47986,-16.319275,4.499817,0,0.0,0.0,0.0,0.0
0.539550782,-0.0039471015,0.2697731,0.96291584,-0.005545409,-0.96291447,0.26975,0.9999769,-0.0042750314,0.0052967235,-0.16302076,0.5614324,0.8113063,-0.11502074,-0.8275142,0.5495367,0.9798951,-0.003731157,0.19947836,10.051056,-0.07298279,0.090927124,9.806423,-0.041923735,0.051943112,-0.0038909912,-0.004562378,-0.0020446777,-57.47986,-16.259766,4.319763,0,0.0,0.0,0.0,0.0
0.547851563,-0.003953153,0.26979297,0.9629102,-0.0055252053,-0.96290886,0.26976994,0.99997693,-0.004253835,0.005297189,-0.15812615,0.5508035,0.8195191,-0.10876645,-0.83462656,0.53997076,0.9814102,-0.0037526942,0.19188522,10.016357,-0.046661377,0.07298279,9.806424,-0.04171587,0.05194768,0.0011444092,-0.010513306,-0.005569458,-57.47986,-16.259766,4.319763,0,0.0,0.0,0.0,0.0
0.556152344,-0.003933343,0.26932845,0.96304035,-0.0054875296,-0.96303904,0.26930565,0.9999771,-0.004225441,0.00526591,-0.15570094,0.54561555,0.8234445,-0.105782144,-0.8380271,0.53527623,0.98212385,-0.0037627171,0.18819799,10.016357,-0.046661377,0.07298279,9.806426,-0.04143742,0.05164094,-0.0051116943,-0.006088257,-0.005569458,-57.539368,-16.499329,4.3792725,0,0.0,0.0,0.0,0.0
0.564453125,-0.0038657198,0.26910895,0.9631019,-0.005437686,-0.9631005,0.26908675,0.9999777,-0.004196833,0.0051864074,-0.15090252,0.5354734,0.8309613,-0.10008107,-0.84454364,0.52605116,0.9834695,-0.003781041,0.18103452,10.046265,-0.053833008,0.0382843,9.806432,-0.041156873,0.050861284,-0.008621216,-0.0065460205,-0.0031280518,-57.539368,-16.499329,4.3792725,0,0.0,0.0,0.0,0.0
0.572753907,-0.0037937034,0.2753698,0.9613309,-0.0054070503,-0.9613294,0.275348,0.9999782,-0.0041533755,0.0051359376,-0.14617783,0.52565193,0.8380466,-0.09472076,-0.85069126,0.51706135,0.9847132,-0.0037975064,0.17414236,10.042679,-0.034698486,0.061019897,9.806436,-0.0407307,0.05036634,-0.010910034,-0.009750366,-0.001739502,-57.359314,-16.499329,4.499817,0,0.0,0.0,0.0,0.0
0.581054688,-0.0037326235,0.27517292,0.96138746,-0.005358924,-0.9613859,0.27515167,0.9999787,-0.004124965,0.0050631226,-0.14383382,0.52097374,0.8413669,-0.092180915,-0.85356426,0.51276773,0.9852992,-0.0038046238,0.17079525,10.042679,-0.034698486,0.061019897,9.806441,-0.04045209,0.04965227,-0.008468628,-0.014022827,-0.0019073486,-57.359314,-16.499329,4.499817,0,0.0,0.0,0.0,0.0
0.589355469,-0.003652745,0.269722,0.9629313,-0.005303023,-0.96292937,0.26970136,0.99997926,-0.0041212966,0.0049476777,-0.13921334,0.5118439,0.8477237,-0.08732805,-0.85907,0.50435364,0.98640436,-0.003817309,0.16429234,10.009171,-0.047851563,0.046661377,9.806447,-0.040416114,0.048520144,-0.0118255615,-0.016616821,-0.0022125244,-57.359314,-16.19873,4.319763,0,0.0,0.0,0.0,0.0
0.59765625,-0.0034890964,0.26918292,0.96308273,-0.0053027943,-0.96308,0.26916295,0.99997985,-0.004167894,0.004787701,-0.13470304,0.50282717,0.8538266,-0.08273406,-0.8643785,0.4959888,0.98742604,-0.0038293467,0.15803534,10.037888,-0.07896423,0.020339966,9.806453,-0.040873077,0.04695131,-0.015197754,-0.013717651,-9.765625E-4,-57.359314,-16.19873,4.319763,0,0.0,0.0,0.0,0.0
0.605957032,-0.003335373,0.2697041,0.96293753,-0.0053102607,-0.9629341,0.26968473,0.99998033,-0.0042139497,0.0046439427,-0.13248216,0.49842405,0.8567508,-0.08053987,-0.8669249,0.4918888,0.98790777,-0.0038361177,0.15499508,10.037888,-0.07896423,0.020339966,9.8064575,-0.04132473,0.04554152,-0.01121521,-0.008834839,-0.0023498535,-57.47986,-16.558838,4.4387817,0,0.0,0.0,0.0,0.0
0.614257813,-0.0032208748,0.26933444,0.9630413,-0.0053409687,-0.9630372,0.26931542,0.99998057,-0.0042761425,0.0045403293,-0.13028233,0.4941059,0.85958475,-0.0784136,-0.8693932,0.48785934,0.98837125,-0.0038436742,0.1520112,10.051056,-0.0993042,0.01914978,9.806459,-0.04193463,0.044525422,-0.007858276,-0.0027160645,-0.001739502,-57.47986,-16.558838,4.4387817,0,0.0,0.0,0.0,0.0
0.622558594,-0.0031622835,0.2689932,0.9631369,-0.005343206,-0.96313256,0.26897442,0.99998075,-0.0042956653,0.004482984,-0.1238327,0.48157445,0.86761254,-0.07241443,-0.87639666,0.47611457,0.9896573,-0.003869107,0.1433995,10.055832,-0.08015442,0.03111267,9.806461,-0.04212609,0.043963056,-0.0023651123,-0.011581421,-3.6621094E-4,-57.17926,-16.139221,4.319763,0,0.0,0.0,0.0,0.0
0.630859375,-0.00308151,0.26872697,0.96321154,-0.005340575,-0.9632069,0.2687086,0.99998105,-0.0043160743,0.004403287,-0.12173489,0.47753623,0.8701378,-0.07053453,-0.8786035,0.47231427,0.9900533,-0.0038776381,0.14063948,10.055832,-0.08015442,0.03111267,9.806464,-0.04232623,0.043181498,-0.0063323975,-0.007156372,-0.005722046,-57.17926,-16.139221,4.319763,0,0.0,0.0,0.0,0.0
0.639160157,-0.0028699802,0.28031737,0.95990306,-0.0054131094,-0.95989734,0.28029948,0.9999812,-0.0043916064,0.0042722747,-0.11761758,0.4696621,0.8749764,-0.06694286,-0.8828377,0.46488312,0.9908001,-0.0038950006,0.13527775,10.045074,-0.112457275,0.0011901855,9.806466,-0.04306695,0.041896705,-0.009536743,-0.007156372,-0.0037384033,-57.23877,-16.19873,4.559326,0,0.0,0.0,0.0,0.0
0.647460938,-0.0028142836,0.2801356,0.9599564,-0.0053989235,-0.9599504,0.28011802,0.9999814,-0.004394399,0.0042140023,-0.113572836,0.46248746,0.87932163,-0.06362088,-0.8866172,0.45810735,0.99149054,-0.003914666,0.13011949,10.005585,-0.07537842,0.010772705,9.806468,-0.043094333,0.04132525,-0.005874634,9.460449E-4,-0.008163452,-57.23877,-16.19873,4.559326,0,0.0,0.0,0.0,0.0
0.655761719,-0.0027062483,0.28827822,0.95754284,-0.005397292,-0.9575366,0.28826112,0.99998176,-0.0043880325,0.0041472535,-0.11159239,0.45899305,0.88140374,-0.06203325,-0.8884312,0.45479873,0.99181604,-0.00392426,0.12761499,10.005585,-0.07537842,0.010772705,9.806472,-0.0430319,0.040670667,-0.009841919,0.0015563965,-0.008621216,-56.999207,-16.079712,4.6798706,0,0.0,0.0,0.0,0.0
0.6640625,-0.0026960943,0.28824517,0.9575529,-0.005382933,-0.9575467,0.28822815,0.9999819,-0.0043773525,0.0041332403,-0.10769504,0.45249197,0.8852416,-0.059033744,-0.89175975,0.44864193,0.9924298,-0.003942625,0.1227504,10.012772,-0.08255005,0.026321411,9.806473,-0.042927165,0.04053324,-0.007858276,-7.324219E-4,-0.0025177002,-56.999207,-16.079712,4.6798706,0,0.0,0.0,0.0,0.0
0.672363282,-0.0025482778,0.31577584,0.9488304,-0.0054903,-0.94882363,0.31575882,0.9999817,-0.004404722,0.0041515697,-0.1039139,0.4462243,0.8888677,-0.056207754,-0.89491236,0.44268784,0.99299675,-0.0039598406,0.118075095,10.077377,-0.09451294,0.056228638,9.806471,-0.043195568,0.040712994,-0.006942749,-0.0036468506,-0.0011291504,-56.399536,-15.59906,5.039978,0,0.0,0.0,0.0,0.0
0.680664063,-0.0025248942,0.3156995,0.9488559,-0.005535529,-0.94884884,0.3156824,0.9999815,-0.0044553545,0.0041433065,-0.10203503,0.44369417,0.89035064,-0.054916345,-0.8961695,0.4403004,0.99326384,-0.0039687385,0.11580674,10.077377,-0.09451294,0.056228638,9.806469,-0.043692105,0.040631957,-0.008163452,-0.009597778,-0.0034332275,-56.399536,-15.59906,5.039978,0,0.0,0.0,0.0,0.0
0.688964844,-0.0025211724,0.30154347,0.9534492,-0.0055100136,-0.953442,0.30152664,0.9999817,-0.0044933166,0.0040653,-0.098368585,0.43877152,0.8931983,-0.052442707,-0.8985898,0.43564448,0.9937673,-0.003988008,0.111403376,10.047455,-0.08375549,0.04307556,9.806471,-0.044064384,0.039866973,-0.005722046,-0.017532349,-6.1035156E-5,-56.459045,-15.838623,4.8599243,0,0.0,0.0,0.0,0.0
0.697265625,-0.002379933,0.3010846,0.95359445,-0.0054892153,-0.95358676,0.30106845,0.9999821,-0.004517962,0.0039221905,-0.09484879,0.43350053,0.89614785,-0.050049584,-0.9011444,0.43062025,0.9942327,-0.0040080184,0.10716897,10.02832,-0.0765686,0.027511597,9.806475,-0.044306073,0.03846355,-0.01260376,-0.017532349,-0.0077056885,-56.459045,-15.838623,4.8599243,0,0.0,0.0,0.0,0.0
0.705566407,-0.0023286731,0.28433293,0.95872265,-0.0054070493,-0.9587148,0.2843175,0.99998266,-0.0045217793,0.0037699367,-0.093129754,0.4309296,0.89756703,-0.0489023,-0.90237665,0.4281647,0.99445236,-0.0040182173,0.10511156,10.02832,-0.0765686,0.027511597,9.80648,-0.04434351,0.03697045,-0.010147095,-0.01676941,-0.0064849854,-56.819153,-15.838623,4.559326,0,0.0,0.0,0.0,0.0
0.713867188,-0.0021762634,0.2838293,0.9588723,-0.005327442,-0.9588643,0.28381485,0.9999835,-0.0044906815,0.0035988255,-0.08980361,0.4253034,0.9005844,-0.046640072,-0.9050418,0.42275763,0.99486685,-0.004038158,0.10111221,10.005585,-0.0657959,0.0035858154,9.806488,-0.04403854,0.035292424,-0.012435913,9.460449E-4,-0.009231567,-56.819153,-15.838623,4.559326,0,0.0,0.0,0.0,0.0
0.722167969,-0.0020026953,0.29325017,0.95603365,-0.0052433684,-0.95602554,0.2932367,0.99998426,-0.0044255727,0.0034522463,-0.08658005,0.41986567,0.9034471,-0.04450179,-0.9075772,0.4175203,0.99525046,-0.004056078,0.09726286,10.022339,-0.041870117,-0.034698486,9.806496,-0.04340004,0.033854973,-0.005264282,4.8828125E-4,-0.0016021729,-56.759644,-15.838623,4.73938,0,0.0,0.0,0.0,0.0
0.73046875,-0.0019345052,0.2930264,0.95610243,-0.0051760687,-0.9560943,0.29301345,0.99998474,-0.0043820157,0.003366294,-0.08499737,0.41740146,0.90473837,-0.0434933,-0.9087131,0.41514918,0.9954314,-0.0040634675,0.09539239,10.022339,-0.041870117,-0.034698486,9.8065,-0.042972896,0.03301207,-0.010910034,0.002319336,-0.0032653809,-56.759644,-15.838623,4.73938,0,0.0,0.0,0.0,0.0
0.738769532,-0.0019477935,0.28837627,0.9575152,-0.0051532765,-0.9575072,0.28836337,0.9999848,-0.004372668,0.003351109,-0.08190955,0.41260263,0.907221,-0.041557655,-0.910902,0.41052467,0.995773,-0.0040760823,0.09175837,10.00798,-0.058624268,0.017944336,9.806501,-0.042881224,0.032863155,-0.009231567,0.0039978027,-0.008468628,-56.759644,-15.7196045,4.6188354,0,0.0,0.0,0.0,0.0
0.747070313,-0.0019477729,0.2883762,0.95751524,-0.0051477817,-0.9575072,0.28836334,0.9999848,-0.0043674125,0.0033495044,-0.07893334,0.40780756,0.9096497,-0.03971426,-0.91305876,0.40588975,0.99608856,-0.004087827,0.08826656,10.042679,-0.07896423,0.01914978,9.806501,-0.04282969,0.03284742,-0.004501343,0.008728027,-0.009841919,-56.759644,-15.7196045,4.6188354,0,0.0,0.0,0.0,0.0
0.755371094,-0.0019846861,0.28789085,0.95766115,-0.005135623,-0.95765334,0.28787786,0.9999848,-0.004346839,0.00337914,-0.07748326,0.40547758,0.91081524,-0.038831532,-0.9140958,0.40363467,0.99623716,-0.0040934184,0.08657244,10.042679,-0.07896423,0.01914978,9.806501,-0.04262793,0.033138044,-0.0063323975,0.009643555,-0.004501343,-56.819153,-15.9591675,4.6798706,0,0.0,0.0,0.0,0.0
0.763671875,-0.0020731539,0.28818023,0.95757395,-0.005161564,-0.9575663,0.28816676,0.9999845,-0.004345165,0.0034726432,-0.074659586,0.40093032,0.9130612,-0.03713839,-0.91609937,0.3992276,0.99651724,-0.0041034543,0.08328551,10.017548,-0.08015442,0.046661377,9.806499,-0.042611513,0.034055,-0.005264282,0.010864258,-0.004196167,-56.819153,-15.9591675,4.6798706,0,0.0,0.0,0.0,0.0
0.771972657,-0.002235548,0.2824149,0.9592898,-0.0051571107,-0.9592827,0.2824008,0.9999842,-0.0043158424,0.0036009673,-0.07193599,0.3965651,0.9151838,-0.03554157,-0.9179974,0.39499065,0.99677575,-0.0041130264,0.08013159,10.017548,-0.053833008,0.059814453,9.806495,-0.042323954,0.035313424,-0.008163452,0.020187378,-0.0077056885,-56.878662,-16.139221,4.6188354,0,0.0,0.0,0.0,0.0
0.780273438,-0.0024063177,0.28296983,0.9591258,-0.005163039,-0.95911926,0.28295493,0.9999837,-0.0042711245,0.0037689302,-0.0706165,0.3943339,0.91625005,-0.034768496,-0.91895807,0.3928197,0.9968974,-0.004117083,0.078604,10.017548,-0.053833008,0.059814453,9.806491,-0.041885424,0.03696058,-0.007095337,0.02796936,-0.009384155,-56.878662,-16.139221,4.6188354,0,0.0,0.0,0.0,0.0
0.788574219,-0.0025716657,0.28643453,0.9580963,-0.0051601077,-0.95809054,0.28641894,0.9999834,-0.004207307,0.0039419215,-0.06932314,0.3921559,0.91728294,-0.03401858,-0.91988957,0.39069927,0.99701405,-0.0041201636,0.077110216,10.031906,-0.050247192,0.04307556,9.806487,-0.04125959,0.038657047,-0.010757446,0.014221191,-0.0104522705,-56.759644,-15.9591675,4.6188354,0,0.0,0.0,0.0,0.0
0.796875,-0.0027136807,0.2868992,0.9579569,-0.005133675,-0.95795184,0.28688315,0.9999832,-0.0041393302,0.004072423,-0.06680687,0.38805488,0.91921175,-0.03259121,-0.921627,0.38670585,0.99723345,-0.0041236146,0.07421819,10.031906,-0.050247192,0.04307556,9.806485,-0.040592965,0.03993683,-0.005569458,0.010864258,-0.008621216,-56.759644,-15.9591675,4.6188354,0,0.0,0.0,0.0,0.0
0.805175782,-0.002890925,0.2737658,0.9617921,-0.0050928816,-0.9617876,0.27374923,0.9999828,-0.0041069044,0.0041747116,-0.06438419,0.3841267,0.9210328,-0.031242551,-0.9232712,0.38287628,0.997436,-0.0041242368,0.07144516,10.059433,-0.06939697,0.047851563,9.806481,-0.040274974,0.04093994,-0.006790161,0.009185791,-0.0063323975,-57.23877,-16.19873,4.4387817,0,0.0,0.0,0.0,0.0
0.813476563,-0.0029722562,0.27403226,0.9617159,-0.0051086107,-0.96171165,0.27401528,0.9999825,-0.004098588,0.0042583784,-0.0632157,0.38196602,0.92201185,-0.030578844,-0.92416716,0.38076237,0.9975313,-0.0041238903,0.07010196,10.031906,-0.07777405,0.046661377,9.8064785,-0.04019342,0.041760426,-0.005569458,0.00491333,-0.0066375732,-57.23877,-16.19873,4.4387817,0,0.0,0.0,0.0,0.0
0.821777344,-0.0030588878,0.27431616,0.9616347,-0.0051061045,-0.96163094,0.27429885,0.9999823,-0.004071158,0.0043422086,-0.06094312,0.37777767,0.9238885,-0.029308539,-0.92588717,0.37666163,0.9977108,-0.004122888,0.067498565,10.0247345,-0.050247192,0.07896423,9.806477,-0.03992442,0.04258252,-0.015808105,0.002166748,-0.0031280518,-57.23877,-16.19873,4.4387817,0,0.0,0.0,0.0,0.0
0.830078125,-0.0029968815,0.28989118,0.95705485,-0.005170093,-0.95705086,0.28987378,0.9999821,-0.0040793456,0.004366933,-0.058753744,0.37375873,0.92566323,-0.028109264,-0.9275168,0.37272298,0.9978767,-0.0041208393,0.06500117,10.0247345,-0.06939697,0.057434082,9.806475,-0.040004715,0.042824984,-0.0034332275,-0.0013580322,-0.0066375732,-57.058716,-15.838623,4.6188354,0,0.0,0.0,0.0,0.0
0.838378907,-0.0029578274,0.29761267,0.9546821,-0.005195152,-0.954678,0.29759526,0.9999821,-0.004079483,0.004369916,-0.057679664,0.37210822,0.9263955,-0.02755355,-0.9281802,0.37110958,0.99795485,-0.0041200095,0.06379003,10.0295105,-0.07058716,0.055038452,9.806475,-0.040006064,0.04285424,-0.004196167,-0.0048675537,-0.0046539307,-56.878662,-15.9591675,4.798889,0,0.0,0.0,0.0,0.0
0.846679688,-0.0029419162,0.29756087,0.9546984,-0.005195179,-0.9546942,0.29754356,0.9999822,-0.00408448,0.004354512,-0.055581965,0.36919925,0.92768663,-0.026504163,-0.92934114,0.3682697,0.9981023,-0.004118405,0.061439924,10.035492,-0.071777344,0.058624268,9.806476,-0.040055066,0.042703174,-0.011993408,-0.00440979,-0.002960205,-56.878662,-15.9591675,4.798889,0,0.0,0.0,0.0,0.0
0.854980469,-0.0029966363,0.28494892,0.95853806,-0.0051717255,-0.95853394,0.28493154,0.9999822,-0.0041034594,0.004346055,-0.053560805,0.36640045,0.9289144,-0.02550869,-0.9304482,0.3655346,0.99823874,-0.0041170614,0.05918195,10.035492,-0.071777344,0.058624268,9.806476,-0.040241193,0.04262024,-0.006942749,-0.0019683838,-0.005264282,-57.23877,-16.139221,4.6188354,0,0.0,0.0,0.0,0.0
0.86328125,-0.0029970815,0.28495038,0.95853764,-0.005180829,-0.9585335,0.28493294,0.9999821,-0.0041120523,0.004349082,-0.05258464,0.36479625,0.9296013,-0.025016677,-0.9310783,0.36396074,0.99830306,-0.0041167894,0.058086403,10.025925,-0.07298279,-0.015548706,9.806475,-0.04032546,0.042649925,-0.008926392,-0.0013580322,-0.0061798096,-57.23877,-16.139221,4.6188354,0,0.0,0.0,0.0,0.0
0.871582032,-0.0029050198,0.2846495,0.9586272,-0.0051629175,-0.95862275,0.28463253,0.9999825,-0.0041224505,0.0042544403,-0.05068597,0.36168018,0.9309234,-0.024072072,-0.9322932,0.36090168,0.9984245,-0.0041166022,0.055960573,10.039093,-0.07537842,-0.011962891,9.8064785,-0.040427428,0.04172181,-0.002822876,-0.0013580322,-0.0019073486,-57.23877,-16.139221,4.6188354,0,0.0,0.0,0.0,0.0
0.879882813,-0.0028611794,0.2806545,0.9598046,-0.0051502725,-0.95979995,0.2806378,0.99998266,-0.0041403007,0.0041916072,-0.048853554,0.3586718,0.9321845,-0.023175422,-0.93345463,0.35794598,0.99853706,-0.0041168337,0.053914953,10.0247345,-0.07058716,0.0011901855,9.80648,-0.04060248,0.041105628,-0.007858276,0.0072021484,-0.0023498535,-57.17926,-16.378784,4.6188354,0,0.0,0.0,0.0,0.0
