Time,Rot1,Rot2,Rot3,Rot4,Rot5,Rot6,Rot7,Rot8,Rot9,FRot1,FRot2,FRot3,FRot4,FRot5,FRot6,FRot7,FRot8,FRot9,AccX,AccY,AccZ,GravX,GravY,GravZ,GyroX,GyroY,GyroZ,MagX,MagY,MagZ,Imid
0.0,0.0,0.0,0.0,0.0,0.0,0.0,0.0,0.0,0.0,0.0,0.0,0.0,0.0,0.0,0.0,0.0,0.0,0.0,0.0,0.0,0.0,9.802086,0.14870332,-0.2595824,0.0,0.0,0.0,0.0,0.0,0.0,0,0.0,0.0,0.0,0.0
0.008300782,0.0,0.0,0.0,0.0,0.0,0.0,0.0,0.0,0.0,1.0,0.0,0.0,0.0,1.0,0.0,0.0,0.0,1.0,10.034302,0.1375885,-0.23330688,9.802103,0.1486323,-0.25899613,-0.019363403,-0.00491333,-0.0034179688,0.0,0.0,0.0,0,0.0,0.0,0.0,0.0
0.016601563,-0.030455654,0.5176813,-0.85503125,6.715525E-4,0.8554385,0.5179039,0.99953586,0.015198906,-0.02640059,1.0,0.0,0.0,0.0,1.0,0.0,0.0,0.0,1.0,10.037888,0.16989136,-0.1986084,9.802098,0.14905035,-0.25890136,-0.029907227,-0.03529358,-0.0011291504,-25.138855,38.15918,23.999023,0,0.0,0.0,0.0,0.0
0.024902344,-0.030645875,0.5175875,-0.85508126,7.2833616E-4,0.85549444,0.5178115,0.99953,0.015246,-0.026594354,0.99943054,0.010883944,-0.031940013,-0.010888101,0.9999407,4.3801498E-5,0.031938594,3.0398954E-4,0.9994898,10.039093,0.17108154,-0.23808289,9.802041,0.14951219,-0.26080152,-0.032043457,-0.04170227,-0.0034179688,-25.138855,38.15918,23.999023,0,0.0,0.0,0.0,0.0
0.033203125,-0.030962672,0.51743114,-0.8551645,8.420171E-4,0.85558796,0.51765686,0.9995202,0.015307975,-0.026926972,0.9950789,0.031993985,-0.09377832,-0.03193692,0.99948764,0.0021096568,0.09379777,8.957159E-4,0.99559087,10.0295105,0.18066406,-0.26560974,9.801945,0.15011996,-0.2640634,-0.04486084,-0.04675293,-0.0020446777,-25.138855,38.15918,23.999023,0,0.0,0.0,0.0,0.0
0.041503907,-0.031314768,0.51646805,-0.8557337,9.6451025E-4,0.85616875,0.5166953,0.9995091,0.015354831,-0.027308866,0.98688257,0.05224752,-0.15275104,-0.051857255,0.9986331,0.006540581,0.15288398,0.001466464,0.98824304,10.0295105,0.18066406,-0.26560974,9.801836,0.15057945,-0.2678085,-0.054031372,-0.05895996,0.0046691895,-24.839783,38.15918,23.939514,0,0.0,0.0,0.0,0.0
0.049804688,-0.031702366,0.51864624,-0.85440105,0.0012812624,0.8548511,0.5188719,0.9994965,0.0153547535,-0.027765322,0.9815009,0.062041815,-0.18112622,-0.06132869,0.99807197,0.0095404815,0.18136892,0.0017442429,0.9834135,10.052246,0.16270447,-0.27397156,9.801713,0.1505787,-0.2722848,-0.05204773,-0.067214966,0.0020751953,-24.41864,38.339233,24.179077,0,0.0,0.0,0.0,0.0
0.058105469,-0.03216679,0.5184244,-0.85451823,0.0015337607,0.8549853,0.51865,0.9994814,0.0153726805,-0.028297273,0.9684561,0.08112924,-0.23560749,-0.07937127,0.99670094,0.016951956,0.23620552,0.0022832411,0.97170043,10.042679,0.17347717,-0.27038574,9.801564,0.1507545,-0.27750146,-0.05281067,-0.07423401,0.0019226074,-24.41864,38.339233,24.179077,0,0.0,0.0,0.0,0.0
0.06640625,-0.032667823,0.5182555,-0.8546017,0.0018168371,0.8550874,0.5184806,0.9994646,0.015384959,-0.02887543,0.95274705,0.09942264,-0.28703347,-0.0960081,0.9950413,0.025983742,0.28819355,0.0028016048,0.9575681,10.0247345,0.16390991,-0.25723267,9.801399,0.15087491,-0.28317124,-0.04714966,-0.087677,-5.187988E-4,-24.659729,38.21869,24.119568,0,0.0,0.0,0.0,0.0
0.074707032,-0.033303853,0.51794744,-0.85476387,0.0021517351,0.8552734,0.5181724,0.99944293,0.015417914,-0.02959839,0.9440226,0.10828022,-0.31160358,-0.10378575,0.9941157,0.031023333,0.31312922,0.0030532829,0.94970566,10.018753,0.1758728,-0.33140564,9.8011875,0.15119809,-0.29026106,-0.03753662,-0.08065796,8.544922E-4,-24.659729,38.21869,24.119568,0,0.0,0.0,0.0,0.0
0.083007813,-0.03390446,0.51765627,-0.8549166,0.002489809,0.85544944,0.5178802,0.99942195,0.015429869,-0.03029242,0.9250723,0.1254281,-0.35848165,-0.11824331,0.9920964,0.041991435,0.36091524,0.0035429432,0.9325919,10.041473,0.16151428,-0.33140564,9.8009815,0.15131533,-0.29706717,-0.00592041,-0.07255554,0.001159668,-24.659729,38.21869,24.119568,0,0.0,0.0,0.0,0.0
0.091308594,-0.03447042,0.5104992,-0.85918707,0.0025647143,0.8597403,0.510725,0.9994024,0.0154013345,-0.030944891,0.9044172,0.14184837,-0.40237853,-0.1312477,0.98988026,0.053954713,0.40595993,0.004013686,0.9138821,10.031906,0.15672302,-0.3672943,9.80079,0.1510355,-0.30346572,0.006286621,-0.060653687,0.0098724365,-24.719238,38.21869,23.699951,0,0.0,0.0,0.0,0.0
0.099609375,-0.034901094,0.5121967,-0.85815877,0.0029542157,0.858731,0.5124181,0.99938637,0.015348767,-0.03148379,0.8935738,0.14963424,-0.42324394,-0.1370668,0.98873234,0.060175486,0.42747927,0.004241449,0.9040152,10.022339,0.16151428,-0.3481598,9.800633,0.15052,-0.30875057,0.006286621,-0.042785645,0.004058838,-25.318909,37.379456,23.339844,0,0.0,0.0,0.0,0.0
0.107910157,-0.035247203,0.5120195,-0.8582504,0.0031859921,0.8588372,0.51223874,0.9993735,0.015320604,-0.031902898,0.87098926,0.16479215,-0.4628404,-0.14774726,0.9863172,0.07313763,0.46855998,0.004681317,0.8834193,10.022339,0.16151428,-0.3481598,9.800507,0.1502438,-0.31286055,0.016677856,-0.03224182,-0.0011291504,-25.318909,37.379456,23.339844,0,0.0,0.0,0.0,0.0
0.116210938,-0.03552009,0.5118797,-0.85832244,0.0033629779,0.85892075,0.51209736,0.9993633,0.015303227,-0.03223039,0.85932314,0.17212664,-0.4815975,-0.15258057,0.98506266,0.07981667,0.4881423,0.004894112,0.87275034,10.025925,0.1483612,-0.36489868,9.800406,0.1500734,-0.31607214,0.01499939,-0.025985718,0.0014648438,-25.318909,37.379456,23.339844,0,0.0,0.0,0.0,0.0
0.124511719,-0.035691164,0.5120686,-0.8582027,0.0034939041,0.8588085,0.5122848,0.99935675,0.015285563,-0.032440994,0.8354008,0.18632452,-0.5170963,-0.1612703,0.9824739,0.093471244,0.52544963,0.0053063305,0.85080814,10.0295105,0.16390991,-0.34695435,9.800342,0.14990015,-0.31813747,0.023849487,-7.7819824E-4,0.001159668,-25.19989,37.55951,23.458862,0,0.0,0.0,0.0,0.0
0.1328125,-0.035753295,0.51203704,-0.8582189,0.0035311002,0.8588273,0.5122529,0.99935436,0.015284273,-0.03251396,0.8108809,0.1999321,-0.54999936,-0.16872543,0.9797932,0.107410796,0.5603605,0.005701524,0.8282292,10.022339,0.17826843,-0.37687683,9.80032,0.14988753,-0.31885308,0.026748657,-9.3078613E-4,0.0013122559,-25.19989,37.55951,23.458862,0,0.0,0.0,0.0,0.0
0.141113282,-0.035762772,0.510369,-0.85921156,0.0034785634,0.8598199,0.5105856,0.99935424,0.015271134,-0.032524895,0.7984623,0.20651802,-0.56551594,-0.172008,0.978425,0.114445075,0.57694995,0.0058931867,0.8167583,10.018753,0.15074158,-0.33140564,9.800318,0.14975867,-0.31896028,0.035308838,0.0022735596,-0.0025024414,-25.2594,37.319946,23.2193,0,0.0,0.0,0.0,0.0
0.149414063,-0.03575353,0.512965,-0.8576646,0.003573181,0.8582734,0.51318026,0.99935424,0.015283412,-0.03251922,0.7734366,0.21919535,-0.5947683,-0.17766978,0.9756609,0.12852739,0.6084647,0.006264568,0.7935562,10.02713,0.16989136,-0.33738708,9.800318,0.14987908,-0.31890464,0.035308838,0.004562378,0.0036010742,-25.318909,37.25891,23.339844,0,0.0,0.0,0.0,0.0
0.157714844,-0.035716522,0.51298404,-0.8576548,0.003545166,0.85826194,0.51319957,0.9993556,0.015289173,-0.032472745,0.74825454,0.23145226,-0.62172747,-0.18236491,0.97282374,0.14267811,0.6378544,0.0066217277,0.77012855,10.02713,0.16989136,-0.33738708,9.800331,0.14993557,-0.31844884,0.027359009,0.007156372,2.4414063E-4,-25.318909,37.25891,23.339844,0,0.0,0.0,0.0,0.0
0.166015625,-0.035664506,0.5130107,-0.85764104,0.003504403,0.85824597,0.5132268,0.9993577,0.015298461,-0.032406714,0.73565865,0.23738483,-0.6343932,-0.18433666,0.9713919,0.14972548,0.65178704,0.0067950836,0.75837165,10.042679,0.16870117,-0.32901,9.800351,0.15002665,-0.3178013,0.028121948,0.011734009,0.0013122559,-25.318909,37.25891,23.339844,0,0.0,0.0,0.0,0.0
0.174316407,-0.03561258,0.50865316,-0.8602347,0.00329718,0.8608359,0.50887215,0.9993603,0.015285899,-0.032333706,0.710537,0.24887206,-0.6581792,-0.18757635,0.9685101,0.16371706,0.6781978,0.0071318303,0.73484474,10.033112,0.1531372,-0.35772705,9.800377,0.14990346,-0.31708536,0.020950317,0.023345947,-3.6621094E-4,-25.2594,37.5,23.2193,0,0.0,0.0,0.0,0.0
0.182617188,-0.03546544,0.50872844,-0.86019623,0.0032089911,0.86079127,0.5089481,0.99936575,0.015289705,-0.03216085,0.68563914,0.25967762,-0.68004894,-0.18980053,0.9656666,0.17738035,0.70276225,0.0074547436,0.7113857,10.0295105,0.15434265,-0.3146515,9.80043,0.14994079,-0.3153902,0.023849487,0.018157959,-0.0032653809,-25.2594,37.5,23.2193,0,0.0,0.0,0.0,0.0
0.190917969,-0.03532916,0.50630486,-0.8616306,0.0029909546,0.8622185,0.5065276,0.9993712,0.0153180985,-0.031975787,0.6732913,0.26490894,-0.6902913,-0.19061409,0.96424335,0.18412207,0.7143844,0.007611449,0.6997121,10.035492,0.15911865,-0.28474426,9.800484,0.15021923,-0.31357536,0.023849487,0.008987427,-0.0047912598,-25.079346,37.55951,23.098755,0,0.0,0.0,0.0,0.0
0.19921875,-0.035282183,0.512165,-0.85816205,0.003145595,0.85874933,0.5123862,0.9993725,0.0153786745,-0.03190962,0.64887255,0.2749303,-0.70949125,-0.1916146,0.96143156,0.19731492,0.7363751,0.007916643,0.67652714,10.030716,0.17945862,-0.33021545,9.800496,0.15081328,-0.31292647,0.020950317,0.00730896,3.9672852E-4,-24.778748,37.5,23.399353,0,0.0,0.0,0.0,0.0
0.207519532,-0.035267625,0.51217234,-0.85815835,0.0030968245,0.8587443,0.5123948,0.999373,0.015413383,-0.031871982,0.62479585,0.2847852,-0.7269989,-0.1921092,0.9585561,0.21039037,0.75678545,0.008212151,0.6536118,10.02832,0.17468262,-0.33380127,9.800502,0.15115365,-0.31255737,0.022628784,0.010360718,0.0014648438,-24.778748,37.5,23.399353,0,0.0,0.0,0.0,0.0
0.215820313,-0.03522541,0.51219344,-0.8581475,0.0030611819,0.8587316,0.5124165,0.9993747,0.015423132,-0.03181709,0.61292505,0.28955477,-0.7351741,-0.1921168,0.95712495,0.21680158,0.7664294,0.008356182,0.6422742,10.02832,0.17468262,-0.33380127,9.800518,0.15124926,-0.31201908,0.016983032,0.012039185,0.0036010742,-24.778748,37.5,23.399353,0,0.0,0.0,0.0,0.0
0.224121094,-0.035148237,0.5152954,-0.8562916,0.0031509,0.85687387,0.51551646,0.99937713,0.015421407,-0.031741254,0.58955145,0.29878986,-0.7504357,-0.19169252,0.95427984,0.22935551,0.7846548,0.0086360425,0.6198728,10.0247345,0.16630554,-0.36131287,9.800542,0.15123235,-0.31127536,0.013320923,0.012496948,0.0017700195,-24.35913,37.919617,23.81897,0,0.0,0.0,0.0,0.0
0.232421875,-0.035073318,0.51533175,-0.85627276,0.003122501,0.85685223,0.5155526,0.9993799,0.0154084265,-0.031661775,0.56667703,0.30776918,-0.7643004,-0.19081306,0.95141935,0.24164338,0.8015407,0.008904752,0.5978739,10.036697,0.17108154,-0.33499146,9.800569,0.15110505,-0.31049594,0.02003479,0.017089844,-6.1035156E-5,-24.35913,37.919617,23.81897,0,0.0,0.0,0.0,0.0
0.240722657,-0.03500805,0.5136732,-0.8572715,0.0030102367,0.8578477,0.5138955,0.99938256,0.015409888,-0.031577848,0.5554494,0.31211555,-0.7707528,-0.19018732,0.9500012,0.24764197,0.8095089,0.00903483,0.587038,10.046265,0.16630554,-0.30508423,9.800595,0.15111938,-0.30967292,0.022781372,0.010971069,-3.6621094E-4,-24.238586,38.09967,23.81897,0,0.0,0.0,0.0,0.0
0.249023438,-0.034896918,0.51985776,-0.85353976,0.003186727,0.8541134,0.5200769,0.9993858,0.015429082,-0.031462573,0.53344566,0.32045802,-0.7827787,-0.18855737,0.94721717,0.25927925,0.8245495,0.009287292,0.5657136,10.039093,0.13519287,-0.30747986,9.800628,0.15130763,-0.30854246,0.011627197,0.011276245,-0.005554199,-24.238586,37.678528,23.939514,0,0.0,0.0,0.0,0.0
0.257324219,-0.03480927,0.5199,-0.85351753,0.0031451518,0.8540878,0.5201192,0.999389,0.015420527,-0.031365342,0.52264094,0.32463235,-0.7883275,-0.18766467,0.94579345,0.26505977,0.831642,0.009410132,0.5552324,10.039093,0.13519287,-0.30747986,9.800658,0.15122372,-0.30758893,0.019729614,0.010818481,-0.0025024414,-24.238586,37.678528,23.939514,0,0.0,0.0,0.0,0.0
0.265625,-0.034782905,0.5199128,-0.8535109,0.0031141117,0.85407996,0.52013254,0.99939007,0.015433791,-0.03132645,0.5014933,0.3327158,-0.7986268,-0.18559042,0.9429778,0.27631342,0.8450211,0.009648151,0.53464586,10.042679,0.14596558,-0.32302856,9.800669,0.15135379,-0.30720752,0.021408081,-0.0033874512,-0.006011963,-24.238586,37.678528,23.939514,0,0.0,0.0,0.0,0.0
0.273925782,-0.03479932,0.5195499,-0.8537312,0.0030657258,0.8543001,0.5197711,0.9993896,0.0154703725,-0.031321853,0.48096904,0.34045672,-0.8079344,-0.18316984,0.9402083,0.28715354,0.85739005,0.00987727,0.5145725,10.030716,0.16630554,-0.30747986,9.800664,0.15171254,-0.30716246,0.017593384,-0.0013885498,-0.0020446777,-24.479675,37.5,23.81897,0,0.0,0.0,0.0,0.0
0.282226563,-0.034832116,0.5195338,-0.85373956,0.0030482672,0.85430914,0.5197561,0.9993885,0.015501778,-0.031341076,0.47094432,0.3441952,-0.81224453,-0.18183999,0.938845,0.2924112,0.8632182,0.009989136,0.5047322,10.030716,0.16630554,-0.30747986,9.800653,0.15202051,-0.30735096,0.01423645,-0.006591797,-0.0026550293,-24.479675,37.5,23.81897,0,0.0,0.0,0.0,0.0
0.290527344,-0.034869578,0.5187527,-0.85421294,0.003028378,0.8547837,0.5189757,0.9993873,0.015509585,-0.031376928,0.45136893,0.35143307,-0.82022005,-0.17897563,0.9361574,0.3026171,0.8742047,0.0102074435,0.48545027,10.0295105,0.15434265,-0.3134613,9.800642,0.15209708,-0.30770257,0.016677856,-0.001083374,0.0016174316,-24.41864,37.678528,23.878479,0,0.0,0.0,0.0,0.0
0.298828125,-0.03486211,0.52711046,-0.8490814,0.0034003593,0.8496555,0.52732724,0.99938637,0.01549656,-0.03141315,0.4324325,0.35833076,-0.82740635,-0.17585438,0.9335366,0.31238544,0.8843514,0.010417415,0.46670562,10.036697,0.16749573,-0.33021545,9.800632,0.15196934,-0.30805776,0.01576233,-0.0043029785,-9.765625E-4,-24.778748,37.01935,23.999023,0,0.0,0.0,0.0,0.0
0.307128907,-0.034919523,0.5270819,-0.8490967,0.0034275325,0.84967303,0.5272987,0.9993842,0.015502714,-0.03147677,0.42316657,0.3618523,-0.83065814,-0.17429812,0.9321761,0.31728205,0.8891289,0.010519001,0.45753595,10.036697,0.16749573,-0.33021545,9.8006115,0.1520297,-0.30868167,0.024459839,-0.0072021484,-0.001739502,-24.778748,37.01935,23.999023,0,0.0,0.0,0.0,0.0
0.315429688,-0.034947373,0.52706814,-0.8491041,0.0034139026,0.8496811,0.5272858,0.99938333,0.015528495,-0.031493485,0.4051079,0.36866948,-0.8366424,-0.17103367,0.9294988,0.32677135,0.8981287,0.010716361,0.4396022,10.022339,0.13279724,-0.3361969,9.800603,0.15228252,-0.3088456,0.024459839,-0.0059814453,0.0010070801,-24.778748,37.01935,23.999023,0,0.0,0.0,0.0,0.0
0.323730469,-0.034973286,0.53042835,-0.84700805,0.0036134692,0.8475881,0.5306424,0.9993817,0.0154976705,-0.031559628,0.38767636,0.37519747,-0.84198207,-0.16759607,0.9268807,0.33586255,0.90643173,0.010906927,0.42221138,10.018753,0.1651001,-0.34217834,9.800587,0.15198024,-0.30949423,0.033935547,0.0054779053,-0.0011291504,-24.839783,36.779785,24.058533,0,0.0,0.0,0.0,0.0
0.33203125,-0.034999724,0.53041524,-0.8470152,0.0036061443,0.847596,0.53062993,0.9993808,0.01551744,-0.031578377,0.37917936,0.3784305,-0.84440124,-0.16585082,0.92556435,0.34032944,0.9103387,0.0109987445,0.41371787,10.018753,0.1651001,-0.34217834,9.800578,0.1521741,-0.3096781,0.025375366,0.008377075,-0.0038757324,-24.839783,36.779785,24.058533,0,0.0,0.0,0.0,0.0
0.340332032,-0.034977667,0.5266241,-0.84937847,0.003385161,0.8499561,0.52684283,0.9993824,0.01555245,-0.031512186,0.3626453,0.38469,-0.84882385,-0.16226137,0.92297816,0.3489736,0.91769254,0.01117769,0.39713404,10.031906,0.16630554,-0.30389404,9.800593,0.15251744,-0.30902898,0.015914917,0.008071899,-0.0020446777,-25.019836,36.65924,23.75946,0,0.0,0.0,0.0,0.0
0.348632813,-0.034925967,0.5278068,-0.84864604,0.0033624573,0.84922135,0.5280262,0.9993842,0.015588292,-0.031434607,0.34674546,0.39052218,-0.8527954,-0.15850261,0.9205235,0.35709012,0.9244699,0.011350933,0.38108614,10.031906,0.16151428,-0.30029297,9.8006115,0.15286893,-0.3082682,0.01927185,0.011428833,-0.005554199,-25.138855,36.538696,23.75946,0,0.0,0.0,0.0,0.0
0.356933594,-0.034856427,0.5278422,-0.8486269,0.0032856772,0.8491989,0.528063,0.99938697,0.0156180775,-0.03133436,0.3390139,0.39337108,-0.85459274,-0.15660316,0.91930866,0.36103603,0.92765564,0.011435683,0.37326157,10.031906,0.16151428,-0.30029297,9.800638,0.15316102,-0.3072851,0.014541626,0.008834839,-0.003112793,-25.138855,36.538696,23.75946,0,0.0,0.0,0.0,0.0
0.365234375,-0.034822635,0.5278594,-0.84861755,0.003195161,0.84918696,0.5280825,0.9993884,0.015677758,-0.03125753,0.32398885,0.39888978,-0.8578567,-0.15275763,0.9169255,0.36866346,0.9336468,0.01160131,0.3580071,10.033112,0.16989136,-0.30867004,9.8006525,0.15374629,-0.30653164,0.0073547363,7.4768066E-4,0.0017700195,-25.138855,36.538696,23.75946,0,0.0,0.0,0.0,0.0
0.373535157,-0.03481238,0.52925324,-0.8477495,0.0032333154,0.8483188,0.5294759,0.9993886,0.015691273,-0.031243235,0.30953348,0.40417707,-0.86071473,-0.14886586,0.9146051,0.3759474,0.93916345,0.011762741,0.34326908,10.033112,0.14955139,-0.2907257,9.800654,0.15387882,-0.30639148,-8.8500977E-4,-0.0128479,-8.239746E-4,-25.2594,36.779785,23.999023,0,0.0,0.0,0.0,0.0
0.381835938,-0.034848794,0.5292347,-0.8477595,0.003275359,0.8483307,0.5294566,0.99938726,0.015674211,-0.031296737,0.30250928,0.40676686,-0.86199117,-0.14691728,0.9134553,0.37949282,0.9417555,0.011841313,0.33608976,10.033112,0.14955139,-0.2907257,9.800641,0.1537115,-0.30691615,-2.746582E-4,-0.017730713,-0.0034179688,-25.2594,36.779785,23.999023,0,0.0,0.0,0.0,0.0
0.390136719,-0.034991104,0.5276607,-0.84873426,0.0032575,0.84931,0.52788436,0.99938226,0.015706504,-0.031437147,0.28886676,0.41178182,-0.8642869,-0.14300108,0.9112035,0.38634026,0.9466291,0.0119931,0.32210162,10.025925,0.16870117,-0.31944275,9.800592,0.15402819,-0.3082931,0.0012512207,-0.01864624,-6.1035156E-5,-25.138855,36.839294,23.939514,0,0.0,0.0,0.0,0.0
0.3984375,-0.035155762,0.5284201,-0.84825486,0.0033662468,0.8488373,0.5286434,0.9993762,0.015729425,-0.031620312,0.27575877,0.4165198,-0.8662958,-0.13905317,0.9090456,0.39281082,0.95111585,0.012140154,0.3085957,10.023529,0.16151428,-0.34336853,9.800532,0.15425298,-0.31008935,0.008728027,-0.012237549,-0.004333496,-24.958801,36.95984,24.058533,0,0.0,0.0,0.0,0.0
0.406738282,-0.03529831,0.52834886,-0.84829324,0.0034268098,0.8488811,0.52857244,0.9993709,0.015750777,-0.031774625,0.26939213,0.4188301,-0.86718464,-0.13708441,0.9079825,0.39594904,0.9532238,0.01221194,0.3020184,10.023529,0.16151428,-0.34336853,9.800481,0.15446235,-0.31160262,3.0517578E-5,-0.008880615,0.0013122559,-24.958801,36.95984,24.058533,0,0.0,0.0,0.0,0.0
0.415039063,-0.035369914,0.5283131,-0.84831256,0.0034577753,0.8489033,0.5285368,0.99936825,0.015761027,-0.031852424,0.2570303,0.42330223,-0.86876386,-0.13315396,0.9059043,0.4020042,0.9571862,0.012352081,0.28920925,10.010376,0.16749573,-0.3098755,9.800455,0.15456288,-0.3123656,3.0517578E-5,-0.014678955,0.008041382,-24.958801,36.95984,24.058533,0,0.0,0.0,0.0,0.0
0.423339844,-0.035425354,0.5301217,-0.8471812,0.0036029797,0.8477756,0.53034294,0.99936587,0.01573521,-0.03194277,0.2510323,0.425467,-0.8694599,-0.13119577,0.9048887,0.40492484,0.95904666,0.012420261,0.28297576,10.010376,0.16749573,-0.3098755,9.800431,0.1543097,-0.31325155,0.005065918,-0.014984131,0.005279541,-24.958801,36.779785,24.058533,0,0.0,0.0,0.0,0.0
0.431640625,-0.035560194,0.5300541,-0.8472178,0.0037207045,0.84781826,0.5302736,0.99936056,0.01570439,-0.032120764,0.23938116,0.42973673,-0.8706452,-0.12731916,0.90286696,0.4106349,0.96254164,0.012551536,0.27084306,10.041473,0.16270447,-0.36131287,9.80038,0.15400746,-0.3149971,0.008270264,-0.013153076,5.493164E-4,-24.958801,36.779785,24.058533,0,0.0,0.0,0.0,0.0
0.439941407,-0.035682634,0.5268059,-0.8492363,0.0036776876,0.84984094,0.5270264,0.9993564,0.015682464,-0.03226199,0.22818977,0.43382552,-0.8716219,-0.12347196,0.9009077,0.41607684,0.9657557,0.012676392,0.2591432,10.02832,0.15434265,-0.3481598,9.800339,0.15379244,-0.31638205,0.0072021484,-0.0046081543,8.544922E-4,-24.839783,37.1994,24.119568,0,0.0,0.0,0.0,0.0
0.448242188,-0.035751034,0.52677196,-0.8492544,0.003743778,0.84986234,0.5269914,0.9993537,0.01566107,-0.032355577,0.22277047,0.4357367,-0.8720705,-0.12154531,0.89998406,0.4186352,0.9672642,0.012736515,0.25345162,10.02832,0.15434265,-0.3481598,9.800312,0.15358263,-0.3172998,0.009643555,-0.0027618408,0.0034484863,-24.839783,37.1994,24.119568,0,0.0,0.0,0.0,0.0
0.456542969,-0.035776593,0.5250635,-0.85031074,0.003688273,0.850919,0.52528393,0.999353,0.015656693,-0.032379564,0.21225654,0.4394381,-0.87283516,-0.11772863,0.8981809,0.42356935,0.9700964,0.012852329,0.2423792,10.030716,0.16270447,-0.3134613,9.800305,0.1535397,-0.31753504,0.014541626,-0.0070495605,-0.0012817383,-25.318909,37.139893,23.999023,0,0.0,0.0,0.0,0.0
0.46484375,-0.035800938,0.5250512,-0.8503173,0.0036904095,0.85092646,0.5252719,0.99935216,0.015667208,-0.032401618,0.20217423,0.44291455,-0.87347144,-0.11395288,0.8964701,0.428201,0.9726974,0.0129633825,0.23171455,10.034302,0.16870117,-0.32901,9.800297,0.15364283,-0.31775135,0.016830444,0.0024261475,0.0014648438,-25.318909,37.139893,23.999023,0,0.0,0.0,0.0,0.0
0.473144532,-0.035810824,0.52742255,-0.84884804,0.0037849555,0.8494584,0.5276421,0.99935144,0.015682448,-0.03241608,0.19728623,0.44459814,-0.8737337,-0.11208916,0.8956355,0.4304335,0.9739169,0.01301746,0.2265312,10.034302,0.16870117,-0.32901,9.80029,0.15379228,-0.31789315,0.012237549,-1.6784668E-4,-6.1035156E-5,-25.2594,37.1994,24.179077,0,0.0,0.0,0.0,0.0
0.481445313,-0.035828214,0.5274138,-0.84885275,0.0037946291,0.84946376,0.52763325,0.9993508,0.015683077,-0.03243611,0.18779483,0.44795924,-0.87410843,-0.10843372,0.8939576,0.4348354,0.97620445,0.013122995,0.21645452,10.037888,0.16630554,-0.3254242,9.800283,0.15379846,-0.31808957,0.0068969727,-0.01071167,0.0028381348,-25.2594,37.1994,24.179077,0,0.0,0.0,0.0,0.0
0.489746094,-0.035894513,0.5287946,-0.8479905,0.003925929,0.8486054,0.5290118,0.99934787,0.01565947,-0.032536283,0.17868824,0.45118096,-0.87436044,-0.10484654,0.8923345,0.43902886,0.9783035,0.013224375,0.20675445,10.04985,0.15074158,-0.34695435,9.800255,0.15356694,-0.31907195,0.004760742,-0.014526367,-0.0020446777,-25.498962,36.65924,23.939514,0,0.0,0.0,0.0,0.0
0.498046875,-0.03599958,0.5287406,-0.8480197,0.0040040137,0.8486392,0.5289569,0.99934375,0.015646746,-0.032667745,0.17426991,0.4527705,-0.87443054,-0.10308415,0.89152825,0.44107932,0.97928727,0.013273078,0.20204002,10.04985,0.15074158,-0.34695435,9.800215,0.15344217,-0.32036114,-0.003479004,-0.013153076,2.4414063E-4,-25.498962,36.65924,23.939514,0,0.0,0.0,0.0,0.0
0.506347657,-0.036133744,0.5278351,-0.8485779,0.004006449,0.8492021,0.52805275,0.9993389,0.01568074,-0.032799598,0.16570054,0.4558485,-0.8744973,-0.09961068,0.889957,0.44503284,0.9811325,0.013367078,0.19287373,10.017548,0.17945862,-0.36131287,9.800167,0.15377553,-0.32165417,0.0073547363,-0.0016937256,0.0028381348,-25.2594,36.65924,23.878479,0,0.0,0.0,0.0,0.0
0.514648438,-0.036154717,0.5278244,-0.8485837,0.004034795,0.849209,0.5280414,0.99933803,0.015667327,-0.03283257,0.15748037,0.45876193,-0.8744927,-0.09620445,0.88845724,0.44876316,0.9828248,0.013458701,0.18404952,10.018753,0.15672302,-0.32661438,9.8001585,0.153644,-0.32197753,0.0043029785,-0.0029144287,0.001159668,-25.2594,36.65924,23.878479,0,0.0,0.0,0.0,0.0
0.522949219,-0.036156096,0.52857125,-0.8481186,0.00409023,0.84874463,0.528787,0.99933773,0.015649874,-0.03284927,0.15349667,0.46017313,-0.87445945,-0.094529904,0.8877265,0.45056158,0.9836172,0.0135028735,0.17976318,10.018753,0.15672302,-0.32661438,9.800156,0.15347284,-0.32214132,0.0073547363,-0.0029144287,0.001159668,-25.2594,36.779785,23.999023,0,0.0,0.0,0.0,0.0
0.53125,-0.036156453,0.528571,-0.84811866,0.0040420843,0.8487439,0.5287884,0.9993379,0.015690949,-0.032824107,0.1457715,0.46293893,-0.8743216,-0.09124454,0.886286,0.45406115,0.9851016,0.013587896,0.17143591,10.036697,0.18185425,-0.2907257,9.800158,0.15387565,-0.32189453,0.0110321045,-0.008270264,-8.239746E-4,-25.2594,36.779785,23.999023,0,0.0,0.0,0.0,0.0
0.539550782,-0.036184996,0.5281813,-0.8483602,0.0040294994,0.8489863,0.5283993,0.99933696,0.01570166,-0.032848876,0.13836321,0.4655909,-0.87411714,-0.088040695,0.88489443,0.45739546,0.98646057,0.013671177,0.16342779,10.0247345,0.15553284,-0.31225586,9.800148,0.1539807,-0.32213745,0.01713562,-0.0046081543,-0.0032653809,-24.958801,37.319946,24.299622,0,0.0,0.0,0.0,0.0
0.547851563,-0.03620931,0.5281693,-0.84836674,0.0040373625,0.84899384,0.52838737,0.99933606,0.01570738,-0.03287389,0.13477415,0.46686766,-0.8739969,-0.0864677,0.8842209,0.45899537,0.98709637,0.013711788,0.1595391,10.0247345,0.15553284,-0.31225586,9.800139,0.15403678,-0.32238275,0.01576233,-0.002456665,-0.0014343262,-24.958801,37.319946,24.299622,0,0.0,0.0,0.0,0.0
0.556152344,-0.03625821,0.5282475,-0.8483159,0.0040482124,0.84894466,0.528466,0.9993342,0.015727071,-0.03291968,0.12781665,0.46934178,-0.87371695,-0.08338229,0.88290894,0.46208146,0.9882866,0.013790814,0.15198526,10.005585,0.17347717,-0.33259583,9.800121,0.15422988,-0.32283178,0.011169434,-0.008270264,0.0048217773,-25.138855,37.1994,24.238586,0,0.0,0.0,0.0,0.0
0.564453125,-0.03628155,0.5282358,-0.8483222,0.0040564155,0.84895194,0.5284544,0.9993334,0.015731998,-0.032944035,0.12114284,0.47171763,-0.87338823,-0.080378965,0.8816407,0.46502584,0.9893754,0.013867491,0.14472061,10.043869,0.17468262,-0.3062744,9.800113,0.1542782,-0.32307062,0.010864258,-0.013305664,9.1552734E-5,-25.138855,37.1994,24.238586,0,0.0,0.0,0.0,0.0
0.572753907,-0.036351923,0.5246275,-0.85055536,0.003922672,0.8511862,0.52484894,0.9993313,0.015742822,-0.0330002,0.11790904,0.47286856,-0.8732083,-0.07890779,0.8810233,0.46644568,0.9898843,0.013904782,0.14119361,10.043869,0.17468262,-0.3062744,9.800093,0.15438434,-0.32362142,0.003540039,-0.015136719,0.002532959,-25.19989,37.25891,24.058533,0,0.0,0.0,0.0,0.0
0.581054688,-0.03644715,0.5245796,-0.8505809,0.00398173,0.85121584,0.52480054,0.9993276,0.015740702,-0.033113126,0.111652,0.47495157,-0.87290025,-0.076007165,0.87990093,0.46903864,0.9908364,0.013977569,0.13434242,10.053452,0.16630554,-0.32302856,9.800056,0.15436356,-0.32472885,0.009185791,-0.015289307,0.0045166016,-25.19989,37.25891,24.058533,0,0.0,0.0,0.0,0.0
0.589355469,-0.036500536,0.52493393,-0.85036,0.0041028587,0.8509985,0.525152,0.9993252,0.015679423,-0.03321563,0.10564747,0.47694767,-0.8725592,-0.07318819,0.8788194,0.4715081,0.9917067,0.014047391,0.12775199,10.00679,0.14117432,-0.3134613,9.800033,0.15376262,-0.32573408,0.007659912,-0.013458252,0.0013122559,-25.19989,37.319946,24.119568,0,0.0,0.0,0.0,0.0
0.59765625,-0.036541976,0.5249131,-0.850371,0.004195732,0.85101235,0.52512866,0.99932325,0.015621312,-0.033300072,0.10273633,0.4779223,-0.8723735,-0.07180888,0.8782893,0.47270653,0.9921133,0.014080032,0.12455128,10.00679,0.14117432,-0.3134613,9.800014,0.15319274,-0.32656217,0.015151978,-0.0113220215,-0.0018920898,-25.19989,37.319946,24.119568,0,0.0,0.0,0.0,0.0
0.605957032,-0.036618832,0.5240671,-0.85088944,0.004207216,0.85153383,0.52428293,0.99932045,0.01561875,-0.033387035,0.09709183,0.47981098,-0.8719831,-0.06910854,0.8772579,0.47501847,0.9928732,0.014141067,0.11833361,10.047455,0.1603241,-0.32063293,9.799986,0.15316762,-0.32741496,0.0099487305,-0.016357422,0.0034484863,-25.498962,37.379456,24.119568,0,0.0,0.0,0.0,0.0
0.614257813,-0.036714297,0.5240186,-0.8509152,0.0042798743,0.8515639,0.5242334,0.99931663,0.015605052,-0.033507302,0.091678195,0.48158824,-0.8715893,-0.06648468,0.8762826,0.47718826,0.9935668,0.014199583,0.11235425,10.033112,0.15792847,-0.33499146,9.799949,0.15303329,-0.3285944,0.006134033,-0.014984131,0.0010070801,-25.498962,37.379456,24.119568,0,0.0,0.0,0.0,0.0
0.622558594,-0.03680687,0.52522516,-0.85016686,0.004410766,0.8508204,0.52543795,0.99931264,0.015589841,-0.033632684,0.08905319,0.4824486,-0.8713856,-0.065201856,0.8758087,0.47823405,0.99389046,0.014227692,0.10945011,10.033112,0.15792847,-0.33499146,9.79991,0.15288411,-0.32982397,0.010864258,-0.013153076,-0.0023498535,-25.19989,37.85858,24.479675,0,0.0,0.0,0.0,0.0
0.630859375,-0.036898606,0.5251797,-0.85019106,0.00445976,0.8508485,0.52539223,0.99930906,0.015594593,-0.033737298,0.08395733,0.48416588,-0.8709389,-0.06269839,0.8748597,0.48030144,0.99449486,0.014281635,0.1038073,10.0247345,0.15434265,-0.33140564,9.799874,0.15293072,-0.3308499,0.0110321045,-0.0078125,-0.003112793,-25.19989,37.85858,24.479675,0,0.0,0.0,0.0,0.0
0.639160157,-0.03695513,0.52857316,-0.8480831,0.0046629887,0.84874475,0.52878237,0.999306,0.015586615,-0.033830196,0.07906665,0.4858114,-0.8704802,-0.06027156,0.8739461,0.48227122,0.9950456,0.014333629,0.0983806,10.017548,0.1531372,-0.3625183,9.799845,0.15285248,-0.33176088,0.010726929,-0.006286621,-6.1035156E-5,-24.958801,38.398743,25.019836,0,0.0,0.0,0.0,0.0
0.647460938,-0.037032634,0.5285357,-0.8481029,0.004704918,0.84876794,0.5287447,0.99930304,0.015590553,-0.033918828,0.0766908,0.48667878,-0.8702082,-0.059092395,0.873463,0.48329133,0.99530226,0.014358688,0.095745586,10.017548,0.1531372,-0.3625183,9.799815,0.1528911,-0.3326301,0.0059814453,-0.0015411377,-6.713867E-4,-24.958801,38.398743,25.019836,0,0.0,0.0,0.0,0.0
0.655761719,-0.03709386,0.5239793,-0.8509228,0.004526835,0.85158813,0.5241917,0.99930143,0.015592303,-0.03396066,0.07208301,0.48835886,-0.8696606,-0.05678819,0.87252396,0.4852598,0.9957807,0.014407471,0.09062718,10.016357,0.1531372,-0.3517456,9.7998,0.15290827,-0.3330403,0.009338379,0.0036468506,0.0014648438,-25.2594,38.15918,24.598694,0,0.0,0.0,0.0,0.0
0.6640625,-0.037053764,0.5239991,-0.8509124,0.0045158817,0.8515762,0.5242112,0.99930304,0.0155813815,-0.033920426,0.067674525,0.4897857,-0.8692124,-0.05454221,0.87172306,0.4869539,0.99621546,0.014454391,0.08570743,10.0295105,0.1531372,-0.32901,9.799815,0.15280116,-0.33264574,0.011627197,0.014785767,-6.1035156E-5,-25.2594,38.15918,24.598694,0,0.0,0.0,0.0,0.0
0.672363282,-0.036977343,0.5205301,-0.85304224,0.0043343585,0.85370153,0.52074456,0.99930674,0.015558358,-0.03382378,0.06553911,0.49047774,-0.8689857,-0.05344744,0.8713335,0.48777184,0.9964176,0.014476931,0.0833212,10.0295105,0.1531372,-0.32901,9.799851,0.15257537,-0.33169797,0.023086548,0.01234436,0.002380371,-25.619507,38.09967,24.35913,0,0.0,0.0,0.0,0.0
0.680664063,-0.036892474,0.52057284,-0.85301983,0.004332181,0.8536762,0.52078605,0.99930984,0.01551765,-0.033749446,0.061411537,0.49167946,-0.868608,-0.051303875,0.8706552,0.48921105,0.9967931,0.014519755,0.07869334,10.04866,0.14596558,-0.3637085,9.799882,0.15217617,-0.330969,0.030578613,0.024871826,-2.1362305E-4,-25.619507,38.09967,24.35913,0,0.0,0.0,0.0,0.0
0.688964844,-0.036752835,0.5183382,-0.8543856,0.0041880235,0.8550356,0.51855236,0.99931556,0.0154800825,-0.033595793,0.057455096,0.49283442,-0.8682241,-0.0492337,0.8700013,0.49058515,0.9971334,0.014559272,0.07425007,10.04866,0.14596558,-0.3637085,9.799938,0.15180776,-0.3294622,0.031021118,0.03479004,0.0046691895,-25.559998,38.339233,24.35913,0,0.0,0.0,0.0,0.0
0.697265625,-0.036533084,0.51844823,-0.8543283,0.0041040117,0.8549696,0.5186619,0.999324,0.015442144,-0.03336239,0.055543207,0.49334878,-0.8680565,-0.04822343,0.86970943,0.49120262,0.9972911,0.014577688,0.07209741,10.022339,0.14955139,-0.3397827,9.800021,0.1514357,-0.3271733,0.031188965,0.034179688,0.0032958984,-25.559998,38.339233,24.35913,0,0.0,0.0,0.0,0.0
0.705566407,-0.03629025,0.5194561,-0.8537262,0.0040342733,0.85435814,0.51966906,0.99933314,0.015414758,-0.0331005,0.053674757,0.49385497,-0.8678861,-0.047232736,0.8694218,0.4918077,0.99744076,0.014594977,0.069992125,10.042679,0.13279724,-0.3481598,9.800111,0.15116714,-0.32460502,0.023544312,0.03265381,-0.0040283203,-25.439453,38.15918,24.299622,0,0.0,0.0,0.0,0.0
0.713867188,-0.036061935,0.51957023,-0.85366637,0.0038559167,0.8542879,0.51978564,0.9993421,0.015452812,-0.0328107,0.05005927,0.4948772,-0.8675198,-0.045310136,0.8688398,0.49301562,0.9977179,0.014627439,0.065916434,10.035492,0.17706299,-0.3062744,9.800199,0.15154032,-0.32176307,0.014694214,0.029144287,-0.0020446777,-25.439453,38.15918,24.299622,0,0.0,0.0,0.0,0.0
0.722167969,-0.035901017,0.51892793,-0.8540638,0.003683729,0.8546776,0.519146,0.9993485,0.01549173,-0.03259538,0.046599515,0.49586293,-0.8671496,-0.043462284,0.868277,0.49417204,0.99796766,0.014660124,0.062012628,10.033112,0.1878357,-0.31225586,9.8002615,0.15192197,-0.3196515,0.008117676,0.01586914,-0.0020446777,-25.379944,38.038635,24.179077,0,0.0,0.0,0.0,0.0
0.73046875,-0.0357652,0.5189959,-0.85402817,0.0035884436,0.8546361,0.51921505,0.99935377,0.0155052,-0.032428622,0.04492665,0.49632782,-0.86697185,-0.042565085,0.86801106,0.49471703,0.99808306,0.014676755,0.06012307,10.031906,0.16989136,-0.29910278,9.800313,0.15205407,-0.31801614,0.003540039,0.011886597,-0.0015869141,-25.379944,38.038635,24.179077,0,0.0,0.0,0.0,0.0
0.738769532,-0.035702456,0.51770663,-0.85481304,0.003489608,0.8554177,0.51792705,0.9993563,0.0155083025,-0.032347098,0.041688174,0.49723217,-0.8666154,-0.040822472,0.8674928,0.49577183,0.9982964,0.014709562,0.05646244,10.031906,0.16390991,-0.33499146,9.800338,0.1520845,-0.3172167,3.3569336E-4,0.0068511963,0.004211426,-25.019836,38.09967,24.119568,0,0.0,0.0,0.0,0.0
0.747070313,-0.035625227,0.5177447,-0.85479313,0.00346349,0.8553949,0.51796484,0.9993592,0.015492048,-0.03226684,0.038586125,0.49804842,-0.8662903,-0.039141558,0.8670239,0.49672675,0.9984884,0.014741192,0.052949484,10.031906,0.16390991,-0.33499146,9.800365,0.15192509,-0.3164296,-0.0010375977,0.019683838,-2.1362305E-4,-25.019836,38.09967,24.119568,0,0.0,0.0,0.0,0.0
0.755371094,-0.03552228,0.5125702,-0.8579102,0.0031575495,0.85850525,0.512795,0.9993639,0.015506753,-0.03211453,0.037083898,0.4984449,-0.8661278,-0.038324475,0.8667957,0.49718842,0.99857694,0.014756208,0.051246807,10.022339,0.1758728,-0.30867004,9.800412,0.1520693,-0.31493598,0.004760742,0.017547607,5.493164E-4,-25.498962,38.09967,23.81897,0,0.0,0.0,0.0,0.0
0.763671875,-0.035367426,0.5126486,-0.8578698,0.003079255,0.85845864,0.51287353,0.9993696,0.015497415,-0.031940047,0.034184635,0.49900693,-0.8659235,-0.036730185,0.8664719,0.49787292,0.9987404,0.01478593,0.04794864,10.018753,0.13998413,-0.32781982,9.800468,0.15197773,-0.31322488,-0.001953125,0.029907227,-0.0052490234,-25.498962,38.09967,23.81897,0,0.0,0.0,0.0,0.0
0.771972657,-0.035163462,0.5101413,-0.8593715,0.0028220518,0.85995054,0.5103696,0.9993776,0.015521172,-0.031678487,0.031407718,0.4995495,-0.8657158,-0.03519831,0.86615866,0.4985281,0.9988867,0.014814104,0.044787366,10.033112,0.1531372,-0.29193115,9.800547,0.15221071,-0.31065983,0.0020141602,0.022125244,0.0049743652,-26.098633,37.61902,23.399353,0,0.0,0.0,0.0,0.0
0.780273438,-0.034960087,0.5102482,-0.85931635,0.0027016494,0.85988706,0.5104772,0.99938506,0.015524755,-0.03144024,0.030067673,0.49976212,-0.8656407,-0.03445518,0.86603576,0.49879345,0.9989538,0.014828245,0.043259073,10.052246,0.15911865,-0.27278137,9.800619,0.15224583,-0.3083234,0.0038452148,0.020141602,-0.0026550293,-26.098633,37.61902,23.399353,0,0.0,0.0,0.0,0.0
0.788574219,-0.034772225,0.5103468,-0.8592654,0.0025851857,0.8598284,0.5105765,0.9993919,0.0155325215,-0.03121749,0.027476335,0.5001788,-0.8654861,-0.033016138,0.8657947,0.499309,0.99907714,0.014855827,0.040302835,10.02713,0.16870117,-0.25125122,9.800687,0.15232201,-0.306139,0.0018615723,0.0039520264,0.0029907227,-26.098633,37.61902,23.399353,0,0.0,0.0,0.0,0.0
0.796875,-0.03462046,0.5151592,-0.85639507,0.002705302,0.8569539,0.515386,0.99939686,0.015526092,-0.031061798,0.024995824,0.50058275,-0.8653277,-0.031636138,0.86556077,0.49980363,0.9991868,0.014882623,0.037471913,10.02713,0.16870117,-0.25125122,9.800735,0.15225895,-0.3046122,-4.272461E-4,0.00440979,0.0059051514,-25.85907,37.85858,23.81897,0,0.0,0.0,0.0,0.0
0.805175782,-0.034514762,0.5183556,-0.8544683,0.002839245,0.8550251,0.5185787,0.99940014,0.015472579,-0.030982733,0.023792492,0.5008757,-0.8651922,-0.030970057,0.8653911,0.5001392,0.9992371,0.014895492,0.03610196,10.042679,0.14476013,-0.28234863,9.800767,0.15173416,-0.3038368,0.0027770996,0.0025787354,0.0013122559,-25.559998,37.85858,23.999023,0,0.0,0.0,0.0,0.0
0.813476563,-0.03447595,0.5183753,-0.854458,0.002802371,0.855013,0.518599,0.9994016,0.015484682,-0.030930065,0.02145802,0.50157183,-0.8648498,-0.02967798,0.8649873,0.5009152,0.99932915,0.014918345,0.033446558,10.011566,0.17108154,-0.27876282,9.800782,0.15185286,-0.30332032,-8.8500977E-4,-0.002456665,-0.0025024414,-25.559998,37.85858,23.999023,0,0.0,0.0,0.0,0.0
0.821777344,-0.034549743,0.5181525,-0.8545902,0.0027866988,0.85514736,0.51837766,0.9993991,0.015528328,-0.030989055,0.019219443,0.50224084,-0.8645142,-0.02843488,0.86459863,0.50165784,0.99941087,0.014940771,0.030898264,10.037888,0.17706299,-0.33380127,9.800757,0.15228088,-0.3038988,0.0015563965,-0.001083374,0.0034484863,-25.559998,37.678528,23.878479,0,0.0,0.0,0.0,0.0
0.830078125,-0.034575522,0.51813936,-0.8545971,0.002799605,0.8551552,0.5183645,0.9993982,0.015530189,-0.031018022,0.018132865,0.50256085,-0.86435163,-0.027830625,0.8644125,0.50201243,0.9994482,0.014952523,0.029660856,10.04985,0.16270447,-0.3062744,9.800749,0.15229914,-0.30418292,0.0068969727,-0.007659912,0.003753662,-25.559998,37.678528,23.878479,0,0.0,0.0,0.0,0.0
0.838378907,-0.034600794,0.5181265,-0.8546038,0.0028392673,0.8551634,0.5183508,0.99939716,0.015508901,-0.031060433,0.016024724,0.50318104,-0.8640324,-0.026655234,0.8640513,0.50269765,0.99951625,0.014975397,0.027258594,10.025925,0.17706299,-0.27397156,9.800738,0.15209037,-0.3045988,0.0044555664,-0.008575439,0.003753662,-25.559998,37.678528,23.878479,0,0.0,0.0,0.0,0.0
0.846679688,-0.034628972,0.5210532,-0.8528214,0.0029766709,0.8533832,0.5212756,0.9993958,0.0155126685,-0.031102788,0.014000537,0.5037758,-0.863721,-0.025521815,0.86370426,0.50335234,0.9995762,0.014996523,0.024949593,10.025925,0.17706299,-0.28953552,9.800725,0.15212731,-0.30501416,6.4086914E-4,-0.018188477,0.007873535,-25.559998,37.678528,24.058533,0,0.0,0.0,0.0,0.0
0.854980469,-0.03468543,0.52018845,-0.8533469,0.0030087149,0.85391116,0.5204101,0.99939376,0.015483172,-0.031183373,0.013016801,0.5041234,-0.86353356,-0.024971554,0.8635013,0.5037281,0.99960345,0.015006846,0.023828767,10.02832,0.16390991,-0.29193115,9.800705,0.15183805,-0.30580443,0.0020141602,-0.016815186,0.00819397,-25.679016,37.55951,23.939514,0,0.0,0.0,0.0,0.0
0.86328125,-0.03478814,0.52013594,-0.8533747,0.00310848,0.85394377,0.52035606,0.9993899,0.015449518,-0.031323943,0.0111078955,0.5047629,-0.8631866,-0.023898382,0.86312723,0.5044207,0.9996527,0.01502571,0.021650545,10.02832,0.16390991,-0.29193115,9.800667,0.15150802,-0.30718297,0.005065918,-0.02720642,-6.1035156E-5,-25.679016,37.55951,23.939514,0,0.0,0.0,0.0,0.0
0.871582032,-0.034959137,0.52004856,-0.85342103,0.0032310057,0.8539974,0.5202674,0.99938357,0.01543069,-0.031535286,0.010180563,0.50507194,-0.8630172,-0.023374822,0.86294633,0.5047547,0.9996749,0.015034187,0.020591248,10.037888,0.1651001,-0.31704712,9.800605,0.15132338,-0.30925554,0.006591797,-0.026138306,0.006210327,-25.679016,37.55951,23.939514,0,0.0,0.0,0.0,0.0
0.879882813,-0.035116374,0.5203595,-0.85322493,0.0033739358,0.85380834,0.5205764,0.9993775,0.015402032,-0.031738315,0.008375193,0.5056679,-0.8626875,-0.022351883,0.8625969,0.50539786,0.9997151,0.015049887,0.018527046,10.034302,0.17706299,-0.33140564,9.800546,0.15104234,-0.31124654,0.0010986328,-0.021392822,0.0063476563,-25.979614,37.5,23.939514,0,0.0,0.0,0.0,0.0
0.888183594,-0.035274807,0.5202775,-0.8532685,0.0034721643,0.8538585,0.52049375,0.9993716,0.015397626,-0.03192618,0.0066360063,0.5062525,-0.8623597,-0.021362107,0.86225367,0.5060259,0.9997497,0.015063832,0.016536541,10.023529,0.13877869,-0.33140564,9.800488,0.15099914,-0.31308892,0.00491333,-0.017578125,2.4414063E-4,-25.979614,37.5,23.939514,0,0.0,0.0,0.0,0.0
0.896484375,-0.035441127,0.51888275,-0.8541104,0.003489809,0.85470635,0.5191,0.9993656,0.015416807,-0.03210256,0.005789817,0.5065344,-0.86220026,-0.020879202,0.8620881,0.5063282,0.9997652,0.015070507,0.015567366,10.033112,0.17228699,-0.33499146,9.800429,0.15118723,-0.31481856,-2.746582E-4,-0.020629883,-0.0023498535,-25.559998,37.55951,23.878479,0,0.0,0.0,0.0,0.0
0.904785157,-0.0355841,0.51767564,-0.8548367,0.0035169246,0.855438,0.5178934,0.9993605,0.015422372,-0.032260615,0.004143431,0.50702536,-0.86192125,-0.019937266,0.8617992,0.50685775,0.99979264,0.015084221,0.013679504,10.033112,0.15911865,-0.32661438,9.800379,0.15124181,-0.31636858,0.002166748,-0.016357422,0.005279541,-25.19989,37.799072,23.939514,0,0.0,0.0,0.0,0.0
