Time,Rot1,Rot2,Rot3,Rot4,Rot5,Rot6,Rot7,Rot8,Rot9,FRot1,FRot2,FRot3,FRot4,FRot5,FRot6,FRot7,FRot8,FRot9,AccX,AccY,AccZ,GravX,GravY,GravZ,GyroX,GyroY,GyroZ,MagX,MagY,MagZ,Imid
0.0,0.0,0.0,0.0,0.0,0.0,0.0,0.0,0.0,0.0,1.0,0.0,0.0,0.0,1.0,0.0,0.0,0.0,1.0,10.07019,0.16989136,-0.08734131,9.8041315,0.22063625,-0.026641795,-0.02798462,-0.014389038,-0.015563965,0.0,0.0,0.0,0,0.0,0.0,0.0,0.0
0.008300781,-0.011958637,0.63081026,0.77584493,0.019293243,-0.77561045,0.630917,0.9997424,0.022513473,-0.002895132,1.0,0.0,0.0,0.0,1.0,0.0,0.0,0.0,1.0,10.07019,0.16989136,-0.08734131,9.804124,0.22078176,-0.028391546,-0.02279663,-0.010726929,-0.012359619,-31.079102,-38.519287,30.839539,0,0.0,0.0,0.0,0.0
0.016601562,-0.011871682,0.6307684,0.7758803,0.019423096,-0.77564305,0.6308727,0.99974084,0.022559518,-0.0030432877,0.99332607,0.097214155,-0.06206935,-0.097080745,0.99526304,0.005168626,0.062277798,8.916079E-4,0.99805844,10.063019,0.19740295,-0.088531494,9.804109,0.2212333,-0.029844457,-0.01928711,0.0042419434,-0.00793457,-31.079102,-38.519287,30.839539,0,0.0,0.0,0.0,0.0
0.024902344,-0.011852507,0.63058096,0.776033,0.019437646,-0.7757956,0.6306849,0.99974084,0.022559451,-0.0030618883,0.97447807,0.1897249,-0.11998664,-0.18852034,0.98183566,0.021416789,0.121870466,0.0017497313,0.9925444,10.064209,0.15672302,-0.04307556,9.804109,0.22123265,-0.030026868,-0.017745972,0.0028686523,-0.009002686,-31.079102,-38.75885,31.019592,0,0.0,0.0,0.0,0.0
0.033203125,-0.011844862,0.63057727,0.776036,0.019402461,-0.77579945,0.63068116,0.9997416,0.022527343,-0.003045513,0.9610538,0.23405425,-0.14694962,-0.2317014,0.97222114,0.033174485,0.15063216,0.002165963,0.9885875,10.064209,0.15672302,-0.04307556,9.804116,0.22091776,-0.029866282,-0.010726929,0.0043945313,-0.0050354004,-31.079102,-38.75885,31.019592,0,0.0,0.0,0.0,0.0
0.041503906,-0.011835039,0.6308863,0.7757849,0.019352037,-0.7755494,0.63099,0.9997427,0.022480814,-0.0030302797,0.94526786,0.27703035,-0.17240317,-0.2730141,0.9608577,0.047071602,0.17869517,0.002573227,0.9839011,10.060623,0.21296692,-0.010772705,9.804127,0.22046147,-0.029716892,-0.01576233,0.003479004,-0.0033569336,-31.079102,-38.578796,30.899048,0,0.0,0.0,0.0,0.0
0.049804687,-0.011826131,0.6308821,0.77578855,0.019339904,-0.77555335,0.6309856,0.999743,0.022465795,-0.003029404,0.90751725,0.35876942,-0.21839619,-0.3496515,0.9334201,0.080440246,0.2327149,0.003361638,0.9725392,10.067795,0.18544006,-0.053833008,9.804131,0.22031422,-0.029708307,-0.020355225,0.003479004,-0.0062561035,-31.079102,-38.578796,30.899048,0,0.0,0.0,0.0,0.0
0.058105469,-0.011777399,0.627312,0.778679,0.019338027,-0.7784445,0.62741554,0.99974364,0.022447437,-0.002962923,0.8629702,0.43476778,-0.25740907,-0.41793117,0.9005332,0.11988948,0.2839295,0.004118231,0.9588363,10.052246,0.16870117,-0.0047912598,9.804136,0.22013417,-0.02905635,-0.014846802,0.0031738281,-0.009307861,-31.019592,-38.63983,30.659485,0,0.0,0.0,0.0,0.0
0.06640625,-0.011817497,0.62733126,0.7786629,0.019301558,-0.77842903,0.6274358,0.9997438,0.022444125,-0.0029093886,0.83862257,0.47066933,-0.2741946,-0.44893822,0.8822983,0.14143622,0.30849114,0.004484849,0.95121664,10.045074,0.19142151,0.010772705,9.804138,0.22010168,-0.028531356,-0.014846802,-0.0015563965,-0.009918213,-31.019592,-38.63983,30.659485,0,0.0,0.0,0.0,0.0
0.074707031,-0.011870948,0.62735707,0.77864116,0.019298041,-0.7784072,0.6274628,0.9997433,0.022474831,-0.0028663303,0.7868024,0.5381032,-0.3023029,-0.5045048,0.842863,0.18723525,0.35555178,0.0051961015,0.9346422,10.045074,0.19142151,0.010772705,9.804132,0.2204028,-0.028109098,-0.017913818,-0.0040130615,-0.008239746,-31.019592,-38.63983,30.659485,0,0.0,0.0,0.0,0.0
0.083007812,-0.01172393,0.62556165,0.7800865,0.019376121,-0.7798515,0.6256644,0.9997435,0.022450302,-0.0029780332,0.7319739,0.5997786,-0.3232334,-0.55161786,0.8001444,0.23555611,0.39991492,0.0058804015,0.9165334,10.04985,0.15792847,-0.08494568,9.804135,0.22016226,-0.029204529,-0.018829346,-9.460449E-4,-0.008544922,-31.318665,-38.819885,30.659485,0,0.0,0.0,0.0,0.0
0.091308594,-0.01141636,0.6161915,0.7875136,0.019551937,-0.7872768,0.6162897,0.99974364,0.022433199,-0.0030599025,0.703799,0.6285346,-0.3310756,-0.57212996,0.77775675,0.2603107,0.4211106,0.00621183,0.90698797,10.04866,0.1603241,-0.06939697,9.804136,0.21999454,-0.030007394,-0.02279663,-0.004776001,-0.012054443,-31.439209,-38.99994,30.059814,0,0.0,0.0,0.0,0.0
0.099609375,-0.011374278,0.6161707,0.78753054,0.019594911,-0.7872929,0.61626774,0.9997433,0.022441192,-0.0031189222,0.6463863,0.6822639,-0.34161478,-0.60755813,0.73107386,0.31049016,0.46158186,0.0068542543,0.88707113,10.055832,0.17826843,-0.013153076,9.804132,0.22007291,-0.03058618,-0.010421753,-3.0517578E-5,-0.012054443,-31.439209,-38.99994,30.059814,0,0.0,0.0,0.0,0.0
0.107910156,-0.01132601,0.61353993,0.78958243,0.019647377,-0.789344,0.6136365,0.99974275,0.022463277,-0.0031143336,0.5887316,0.73061484,-0.34582818,-0.635473,0.682749,0.36059374,0.49956894,0.007471553,0.86624193,10.061813,0.17347717,-0.0143585205,9.804128,0.2202895,-0.03054118,-0.017913818,-0.010269165,-0.009460449,-31.91986,-39.118958,29.93927,0,0.0,0.0,0.0,0.0
0.116210937,-0.01128741,0.61352056,0.7895981,0.019689135,-0.7893589,0.61361617,0.9997424,0.02247264,-0.0031698707,0.56003857,0.7528947,-0.34569684,-0.646826,0.65809506,0.38539186,0.5176609,0.007771415,0.8555505,10.042679,0.17945862,-0.032302856,9.804125,0.22038133,-0.031085815,-0.015151978,-0.0050811768,-0.007019043,-31.91986,-39.118958,29.93927,0,0.0,0.0,0.0,0.0
0.124511719,-0.011174201,0.61346334,0.78964406,0.019707918,-0.78940487,0.6135564,0.99974334,0.022418246,-0.0032691162,0.5034557,0.79373384,-0.34134883,-0.6646114,0.60820794,0.43402168,0.55210876,0.008353636,0.8337303,10.054642,0.13519287,-0.08255005,9.804132,0.21984787,-0.032059077,-0.020812988,0.0040893555,-0.01159668,-31.91986,-39.118958,29.93927,0,0.0,0.0,0.0,0.0
0.1328125,-0.011051819,0.6103656,0.7920427,0.0197375,-0.7918036,0.6104568,0.9997441,0.022379603,-0.0032962237,0.448441,0.82985264,-0.33203205,-0.6763559,0.55791146,0.4809132,0.5843316,0.008910643,0.8114661,10.054642,0.13519287,-0.08255005,9.804141,0.21946894,-0.032324914,-0.023101807,0.011413574,-0.012664795,-31.97937,-39.118958,29.699707,0,0.0,0.0,0.0,0.0
0.141113281,-0.011134671,0.61362827,0.7895165,0.019662617,-0.7892784,0.61372054,0.9997446,0.022357536,-0.0032771844,0.42162502,0.8462756,-0.32565308,-0.6801927,0.5326662,0.5035916,0.5996417,0.009180047,0.8002159,10.033112,0.15672302,-0.028717041,9.804146,0.21925254,-0.032138202,-0.028900146,0.010803223,-0.012817383,-32.099915,-39.179993,29.99878,0,0.0,0.0,0.0,0.0
0.149414062,-0.011199122,0.61366105,0.7894902,0.019586958,-0.78925353,0.6137549,0.99974537,0.022337226,-0.0031808044,0.36984155,0.8758609,-0.3099756,-0.68404734,0.48246604,0.5470885,0.6287261,0.00970192,0.7775663,10.040283,0.16270447,-0.0382843,9.804153,0.21905337,-0.031193037,-0.01423645,0.009735107,-0.0030517578,-32.099915,-39.179993,29.99878,0,0.0,0.0,0.0,0.0
0.157714844,-0.0113123655,0.6174493,0.7865294,0.019492513,-0.7862941,0.6175449,0.99974597,0.022317326,-0.0031407925,0.3206208,0.9014749,-0.29076675,-0.6834186,0.43271112,0.5879627,0.6558516,0.01020232,0.7548209,10.04985,0.17468262,-0.06460571,9.804159,0.21885821,-0.030800654,-0.020507813,0.017990112,-0.009918213,-32.099915,-38.879395,30.059814,0,0.0,0.0,0.0,0.0
0.166015625,-0.011415437,0.6175015,0.7864869,0.019432336,-0.7862526,0.61759955,0.99974597,0.022333447,-0.0030240791,0.2971073,0.9128473,-0.28006625,-0.68157804,0.40816757,0.6073307,0.6687141,0.01044464,0.7434463,10.064209,0.18664551,-0.03111267,9.804159,0.2190163,-0.029656086,-0.011795044,0.017990112,-0.009918213,-32.099915,-38.879395,30.059814,0,0.0,0.0,0.0,0.0
0.174316406,-0.011525024,0.61755705,0.7864416,0.01934867,-0.7862089,0.61765784,0.9997464,0.022335121,-0.0028878304,0.25223452,0.93300027,-0.256687,-0.67526734,0.35971004,0.6439121,0.693103,0.010915476,0.7207559,10.045074,0.16151428,-0.035888672,9.804163,0.21903272,-0.028319942,-0.010879517,0.015533447,-0.009613037,-32.099915,-38.879395,30.059814,0,0.0,0.0,0.0,0.0
0.182617187,-0.011413128,0.6090401,0.7930573,0.019390479,-0.79282504,0.60914075,0.99974686,0.022329964,-0.0027609647,0.21030815,0.9499352,-0.23107052,-0.6658853,0.3122401,0.67757124,0.71579826,0.01136773,0.6982146,10.045074,0.16151428,-0.035888672,9.804168,0.21898215,-0.027075814,-0.024169922,0.0152282715,-0.0036621094,-32.159424,-39.118958,29.579163,0,0.0,0.0,0.0,0.0
0.190917969,-0.01163861,0.6120655,0.7907214,0.01924617,-0.7904913,0.6121707,0.999747,0.022343174,-0.0025796976,0.19032043,0.95734495,-0.21741395,-0.66023815,0.28871515,0.6933464,0.72654235,0.011586993,0.687024,10.066605,0.19262695,0.009567261,9.804169,0.2191117,-0.025298193,-0.023864746,0.014465332,-0.009307861,-32.27997,-39.05945,29.759216,0,0.0,0.0,0.0,0.0
0.19921875,-0.011777995,0.61213696,0.79066396,0.019154927,-0.7904356,0.6122455,0.99974716,0.022356138,-0.0024156931,0.15269436,0.97002035,-0.18906303,-0.6471853,0.24272634,0.72265834,0.74688387,0.01201297,0.66484594,10.040283,0.19142151,0.0,9.804171,0.21923882,-0.023689857,-0.02508545,0.015396118,-0.00793457,-32.27997,-39.05945,29.759216,0,0.0,0.0,0.0,0.0
0.207519531,-0.011889447,0.6121942,0.7906181,0.01908995,-0.7903909,0.61230534,0.99974704,0.02237283,-0.002289445,0.13499664,0.9753746,-0.1744141,-0.6399023,0.22021589,0.73622686,0.7565057,0.012219848,0.6538729,10.073776,0.18304443,-0.0059814453,9.80417,0.21940252,-0.022451784,-0.02142334,0.004852295,-0.01083374,-32.27997,-39.05945,29.759216,0,0.0,0.0,0.0,0.0
0.215820312,-0.012121117,0.618582,0.78562677,0.018961951,-0.785401,0.61869675,0.9997467,0.022396311,-0.0022095852,0.10179236,0.984271,-0.14439197,-0.62406814,0.17621411,0.7612408,0.7747111,0.012621937,0.6321894,10.059433,0.18544006,0.01914978,9.804167,0.2196328,-0.02166863,-0.020507813,-0.0096588135,-0.007171631,-32.159424,-38.578796,29.87976,0,0.0,0.0,0.0,0.0
0.224121094,-0.012079275,0.6185606,0.78564423,0.019007782,-0.78541756,0.6186744,0.9997464,0.022406492,-0.002270191,0.07162899,0.99090433,-0.11392043,-0.6068154,0.13393782,0.78347665,0.7916087,0.013009031,0.6108898,10.051056,0.17108154,-0.039474487,9.804163,0.21973264,-0.02226297,-0.021118164,-0.0014038086,-0.012817383,-32.159424,-38.578796,29.87976,0,0.0,0.0,0.0,0.0
0.232421875,-0.011947039,0.61395645,0.78924954,0.019128393,-0.789021,0.6140683,0.9997456,0.022433372,-0.0023175352,0.057574265,0.9934688,-0.09851354,-0.5977727,0.113338225,0.79361343,0.79959553,0.0131969955,0.6003939,10.051056,0.17108154,-0.039474487,9.804156,0.21999624,-0.022727259,-0.020812988,-7.9345703E-4,-0.013580322,-32.458496,-39.118958,29.93927,0,0.0,0.0,0.0,0.0
0.240722656,-0.011956102,0.6142643,0.78900975,0.019151798,-0.78878075,0.61437625,0.99974513,0.0224565,-0.002333525,0.031309586,0.9972394,-0.06732987,-0.5790426,0.07300447,0.8120222,0.8146959,0.013562782,0.5797298,10.043869,0.1603241,-0.021530151,9.804151,0.22022305,-0.022884063,-0.022949219,0.001953125,-0.005645752,-32.27997,-39.239502,30.059814,0,0.0,0.0,0.0,0.0
0.249023437,-0.0119500905,0.6142613,0.7890122,0.01912885,-0.78878367,0.61437315,0.9997456,0.02243471,-0.0023240778,0.0075971717,0.9993192,-0.036104266,-0.5596474,0.034170277,0.8280262,0.8286961,0.013914999,0.5595259,10.043869,0.1603241,-0.021530151,9.804155,0.22000936,-0.022791417,-0.017303467,-0.002166748,-0.0061035156,-32.27997,-39.239502,30.059814,0,0.0,0.0,0.0,0.0
0.257324219,-0.011877126,0.61422426,0.7890422,0.019153168,-0.7888133,0.61433434,0.99974597,0.022409182,-0.0023955053,-0.0033485163,0.9997836,-0.020533558,-0.54977393,0.015311464,0.8351732,0.8353068,0.014085405,0.54960364,10.059433,0.17468262,-0.07537842,9.804159,0.21975902,-0.023491882,-0.017303467,0.0018005371,-0.004119873,-32.27997,-39.239502,30.059814,0,0.0,0.0,0.0,0.0
0.265625,-0.011967715,0.61837655,0.7857908,0.019065756,-0.78556305,0.6184877,0.99974656,0.02238358,-0.0023884224,-0.023510017,0.9996693,0.010415283,-0.5298011,-0.021293318,0.8478546,0.847796,0.014415048,0.5301265,10.034302,0.16270447,-0.046661377,9.804165,0.21950793,-0.023422422,-0.020202637,0.011108398,-0.009918213,-31.858826,-39.118958,30.299377,0,0.0,0.0,0.0,0.0
0.273925781,-0.011982414,0.6183839,0.7857847,0.019053947,-0.78555727,0.61849546,0.9997467,0.022383373,-0.0023697822,-0.04138024,0.99831015,0.04079971,-0.509689,-0.05621343,0.8585204,0.8593631,0.014730622,0.51115376,10.071396,0.16270447,-0.07058716,9.804166,0.2195059,-0.023239626,-0.02142334,0.009735107,-0.012054443,-31.858826,-39.118958,30.299377,0,0.0,0.0,0.0,0.0
0.282226562,-0.012031367,0.61821544,0.78591657,0.019018108,-0.78568983,0.6183282,0.99974674,0.022385981,-0.0023043645,-0.04954729,0.99721146,0.05580711,-0.49962974,-0.07312895,0.86314666,0.8648209,0.014883687,0.50185984,10.051056,0.1603241,-0.055038452,9.804167,0.21953148,-0.022598097,-0.02142334,0.028366089,-0.009002686,-31.678772,-39.05945,30.239868,0,0.0,0.0,0.0,0.0
0.290527344,-0.011912023,0.6084163,0.7935287,0.019064393,-0.79330254,0.60852915,0.99974734,0.022376955,-0.002149248,-0.06444158,0.9942614,0.08539128,-0.4795911,-0.10589585,0.8710789,0.87512267,0.015180796,0.483663,10.071396,0.17826843,-0.0011901855,9.8041725,0.21944296,-0.021076923,-0.021575928,0.030654907,-0.008087158,-31.799316,-39.35852,29.699707,0,0.0,0.0,0.0,0.0
0.298828125,-0.012129502,0.608526,0.7934413,0.018906102,-0.7932183,0.608644,0.99974775,0.022383427,-0.001883511,-0.077756286,0.990347,0.11474604,-0.4597202,-0.13774434,0.87731624,0.88465315,0.015465781,0.46599302,10.071396,0.17826843,-0.025131226,9.804176,0.21950644,-0.018470934,-0.022033691,0.027450562,-0.007019043,-31.799316,-39.35852,29.699707,0,0.0,0.0,0.0,0.0
0.307128906,-0.012328201,0.60862625,0.79336137,0.018791152,-0.7931406,0.60874885,0.99974746,0.02241295,-0.0016587909,-0.0837695,0.9880812,0.12914392,-0.44989243,-0.15314043,0.87985504,0.8891453,0.015604142,0.45735875,10.054642,0.19740295,-0.025131226,9.804173,0.21979596,-0.016267182,-0.020050049,0.026229858,-0.009460449,-31.799316,-39.35852,29.699707,0,0.0,0.0,0.0,0.0
0.315429687,-0.012533922,0.6089759,0.7930898,0.018683013,-0.792871,0.60910314,0.99974686,0.022451755,-0.0014397206,-0.09459623,0.98300326,0.15734114,-0.43050566,-0.18290079,0.8838622,0.8976171,0.015873786,0.44049013,10.0785675,0.18304443,0.011962891,9.804169,0.22017652,-0.014118837,-0.021575928,0.032791138,-0.008087158,-32.218933,-39.419556,29.759216,0,0.0,0.0,0.0,0.0
0.323730469,-0.012788647,0.6091057,0.7929859,0.018489609,-0.7927711,0.6092389,0.9997472,0.022453342,-0.0011236568,-0.10393051,0.97728616,0.18468925,-0.41153583,-0.21130867,0.886559,0.9054483,0.016134288,0.4241497,10.040283,0.18066406,0.047851563,9.804172,0.22019207,-0.011019309,-0.020202637,0.013092041,-0.008544922,-32.218933,-39.419556,29.759216,0,0.0,0.0,0.0,0.0
0.33203125,-0.012892321,0.60595816,0.79539204,0.018406602,-0.79517955,0.60609466,0.99974746,0.022454431,-9.0192043E-4,-0.10808013,0.97421795,0.19803555,-0.40222883,-0.22502218,0.88745534,0.9091373,0.016260676,0.416179,10.060623,0.17945862,0.037094116,9.804173,0.22020276,-0.008844818,-0.022644043,0.0069885254,-0.014038086,-32.458496,-39.35852,29.458618,0,0.0,0.0,0.0,0.0
0.340332031,-0.012893867,0.6010991,0.7990705,0.018428653,-0.79885834,0.6012369,0.99974704,0.02247806,-7.770738E-4,-0.115484,0.96767634,0.2242007,-0.38397926,-0.25165462,0.88838613,0.9160914,0.016505964,0.4006297,10.07019,0.17706299,0.044265747,9.80417,0.22043449,-0.0076204906,-0.012710571,-0.003250122,-0.009307861,-32.458496,-39.538574,29.219055,0,0.0,0.0,0.0,0.0
0.348632812,-0.012973633,0.60114056,0.79903805,0.018381016,-0.7988269,0.60128015,0.99974686,0.022487916,-6.858884E-4,-0.11878013,0.9642086,0.23705079,-0.37503886,-0.26462314,0.8884371,0.9193678,0.016625412,0.39304766,10.07019,0.17706299,0.044265747,9.804168,0.22053114,-0.0067262677,-0.01576233,0.0027160645,-0.008239746,-32.458496,-39.538574,29.219055,0,0.0,0.0,0.0,0.0
0.356933594,-0.0130389845,0.6011746,0.79901147,0.018382894,-0.79880023,0.6013156,0.99974597,0.022528684,-6.357846E-4,-0.12452937,0.95698506,0.26205343,-0.35757425,-0.289647,0.8878318,0.92554474,0.016857577,0.37826276,10.054642,0.20817566,0.027511597,9.804159,0.22093092,-0.0062349173,-0.019744873,-0.004470825,-0.0061035156,-32.458496,-39.538574,29.219055,0,0.0,0.0,0.0,0.0
0.365234375,-0.013100789,0.60242265,0.7980697,0.018345172,-0.7978591,0.6025648,0.9997459,0.0225348,-5.989651E-4,-0.1292445,0.9494368,0.28612164,-0.34068272,-0.31349313,0.88637316,0.9312525,0.017082166,0.36397398,10.057037,0.18185425,0.020339966,9.804158,0.22099091,-0.0058738412,-0.013320923,8.8500977E-4,-0.011138916,-32.699585,-39.419556,29.219055,0,0.0,0.0,0.0,0.0
0.373535156,-0.013144046,0.60244536,0.7980519,0.018343296,-0.7978413,0.6025885,0.99974537,0.022559352,-5.6397E-4,-0.13123547,0.9455714,0.29777855,-0.33246174,-0.3249604,0.88536435,0.93394136,0.017191224,0.35701266,10.057037,0.18185425,0.020339966,9.804153,0.22123168,-0.005530657,-0.012557983,-0.0017242432,-0.012512207,-32.699585,-39.419556,29.219055,0,0.0,0.0,0.0,0.0
0.381835937,-0.013122297,0.6000975,0.79981923,0.01837633,-0.79960823,0.6002407,0.999745,0.02257428,-5.3489266E-4,-0.13456674,0.93767667,0.3203971,-0.31646878,-0.34707293,0.8828295,0.9390098,0.017403815,0.34344983,10.052246,0.17347717,0.020339966,9.80415,0.22137806,-0.0052455054,-0.021118164,-0.0023345947,-0.005340576,-32.759094,-39.179993,28.858948,0,0.0,0.0,0.0,0.0
0.390136719,-0.013019834,0.59557277,0.8031959,0.018472835,-0.8029836,0.59571475,0.99974453,0.022593413,-5.472047E-4,-0.13713929,0.9295649,0.3422016,-0.3010631,-0.36823776,0.87963736,0.9436916,0.017608576,0.33035755,10.034302,0.18304443,-0.0059814453,9.804146,0.22156571,-0.0053662453,-0.027832031,-0.0014038086,-0.008544922,-32.939148,-39.479065,28.73993,0,0.0,0.0,0.0,0.0
0.3984375,-0.013026415,0.5955763,0.80319315,0.018489525,-0.8029805,0.5957185,0.99974424,0.022610737,-5.519638E-4,-0.1381853,0.92541516,0.35286194,-0.2935709,-0.3785408,0.8777944,0.94589686,0.017708277,0.32398376,10.034302,0.18304443,-0.0059814453,9.804142,0.22173558,-0.0054129157,-0.025238037,0.0010375977,-0.010375977,-32.939148,-39.479065,28.73993,0,0.0,0.0,0.0,0.0
0.406738281,-0.0130239315,0.5955749,0.8031942,0.01851673,-0.80298096,0.5957171,0.99974376,0.022631107,-5.701312E-4,-0.13977252,0.9170379,0.37350392,-0.27903858,-0.3983981,0.8737371,0.9500532,0.017902423,0.31157404,10.04866,0.16630554,-0.04307556,9.804137,0.22193535,-0.0055910773,-0.016235352,0.008056641,-0.01159668,-32.939148,-39.479065,28.73993,0,0.0,0.0,0.0,0.0
0.415039062,-0.013054733,0.59297574,0.80511445,0.018552547,-0.8049008,0.5931192,0.9997427,0.022679938,-4.934458E-4,-0.14074787,0.90859115,0.39325845,-0.26510435,-0.41729483,0.86924374,0.9538919,0.018089684,0.29960483,10.042679,0.17945862,-0.013153076,9.804127,0.22241423,-0.00483905,-0.018218994,0.021652222,-0.010528564,-32.939148,-39.419556,28.49884,0,0.0,0.0,0.0,0.0
0.423339844,-0.013172622,0.5930391,0.80506593,0.01849932,-0.8048534,0.59318525,0.9997421,0.022706974,-3.6879157E-4,-0.14104572,0.90432596,0.40286556,-0.2583514,-0.42645514,0.86682785,0.955699,0.018181494,0.29378355,10.042679,0.17945862,-0.013153076,9.804121,0.22267936,-0.0036166098,-0.017303467,0.016448975,-0.01159668,-32.939148,-39.419556,28.49884,0,0.0,0.0,0.0,0.0
0.431640625,-0.013408452,0.5973146,0.801895,0.018313637,-0.80168587,0.59746504,0.9997424,0.022696692,-1.8963615E-4,-0.14126392,0.8957881,0.42143586,-0.24528764,-0.444102,0.86174667,0.9591029,0.01836071,0.28246135,10.066605,0.16749573,0.0382843,9.804124,0.22257853,-0.0018596954,-0.022491455,0.0016479492,-0.0076293945,-32.87964,-39.239502,28.678894,0,0.0,0.0,0.0,0.0
0.439941406,-0.013596398,0.6032296,0.79745173,0.01813171,-0.7972456,0.6033828,0.99974316,0.022662995,-9.791591E-5,-0.14097959,0.8873613,0.43899283,-0.23283398,-0.46070218,0.8564706,0.9622438,0.018532421,0.27155748,10.04985,0.16749573,0.035888672,9.8041315,0.22224806,-9.6022704E-4,-0.018051147,-0.008895874,-0.0050354004,-32.398987,-39.118958,29.039001,0,0.0,0.0,0.0,0.0
0.448242187,-0.013574728,0.6032183,0.7974607,0.018103546,-0.79725516,0.603371,0.99974394,0.022627462,-9.7867625E-5,-0.14065292,0.88323236,0.4473448,-0.22683996,-0.468566,0.8538089,0.96372217,0.018615037,0.26625758,10.04985,0.16749573,0.035888672,9.804139,0.2218996,-9.597536E-4,-0.011489868,-0.017288208,-0.008850098,-32.398987,-39.118958,29.039001,0,0.0,0.0,0.0,0.0
0.456542969,-0.013487823,0.6031729,0.7974965,0.018178703,-0.7972893,0.60332364,0.99974376,0.022634972,-2.1120343E-4,-0.1397352,0.87502146,0.4634776,-0.21526125,-0.48371992,0.8483381,0.9665075,0.018773934,0.25595093,10.071396,0.18664551,0.0143585205,9.804137,0.22197326,-0.002071198,-0.01928711,-0.03302002,-0.010528564,-32.398987,-39.118958,29.039001,0,0.0,0.0,0.0,0.0
0.46484375,-0.013276053,0.60421777,0.7967086,0.018323114,-0.79649794,0.6043634,0.99974394,0.022621743,-4.9680047E-4,-0.13850248,0.86689013,0.47887218,-0.20420936,-0.49813986,0.84270704,0.96907973,0.018926837,0.24602069,10.04866,0.16270447,-0.032302856,9.804139,0.22184353,-0.0048719486,-0.012252808,-0.03591919,-0.011291504,-32.398987,-39.239502,29.219055,0,0.0,0.0,0.0,0.0
0.473144531,-0.012998692,0.6040736,0.79682255,0.018518081,-0.7966078,0.6042129,0.99974406,0.022609599,-8.314238E-4,-0.13777348,0.8628735,0.48627958,-0.19887595,-0.5050627,0.83985716,0.9702921,0.019000739,0.24118902,10.04866,0.16270447,-0.032302856,9.80414,0.22172444,-0.008153482,-0.011795044,-0.031188965,-0.006866455,-32.398987,-39.239502,29.219055,0,0.0,0.0,0.0,0.0
0.481445312,-0.012907231,0.61039263,0.79199374,0.018574167,-0.79177666,0.61052805,0.9997441,0.022590853,-0.0011178919,-0.13612634,0.8549183,0.50058395,-0.18857335,-0.5184093,0.8340814,0.9725789,0.019143654,0.23178397,10.072586,0.16270447,-0.04547119,9.804141,0.2215406,-0.010962774,-0.01576233,-0.019119263,-0.009765625,-32.159424,-39.05945,29.579163,0,0.0,0.0,0.0,0.0
0.489746094,-0.012820701,0.6151446,0.7883101,0.018627532,-0.78809124,0.61527675,0.99974436,0.022572549,-0.0013547424,-0.13420083,0.8472511,0.5139608,-0.17879044,-0.53084254,0.8283962,0.97469175,0.01928017,0.22271991,10.054642,0.16870117,-0.04067993,9.804143,0.22136109,-0.013285485,-0.018661499,-0.01499939,-0.008239746,-31.559753,-38.63983,29.638672,0,0.0,0.0,0.0,0.0
0.498046875,-0.012681356,0.61507446,0.78836703,0.018732497,-0.78814596,0.61520326,0.9997441,0.022569695,-0.0015271212,-0.13314676,0.8435315,0.520314,-0.1740868,-0.5367312,0.82559884,0.9756873,0.019346017,0.2183117,10.054642,0.16870117,-0.04067993,9.80414,0.2213331,-0.014975942,-0.02218628,-0.013168335,-0.010681152,-31.559753,-38.63983,29.638672,0,0.0,0.0,0.0,0.0
0.506347656,-0.012545771,0.6150062,0.78842247,0.01882585,-0.7881995,0.61513186,0.99974406,0.022560025,-0.0016894452,-0.13092294,0.83619547,0.53257525,-0.16501142,-0.54808575,0.8199837,0.97756356,0.019473681,0.2097388,10.034302,0.15434265,-0.04547119,9.80414,0.22123827,-0.016567798,-0.018051147,-0.015609741,-0.00793457,-31.559753,-38.63983,29.638672,0,0.0,0.0,0.0,0.0
0.514648437,-0.012596355,0.6223352,0.78264946,0.018785289,-0.78242606,0.6224599,0.9997441,0.022543022,-0.0018350305,-0.12975967,0.832581,0.53848994,-0.16063528,-0.55355877,0.8171714,0.9784471,0.019535411,0.20557147,10.034302,0.15434265,-0.04547119,9.804141,0.22107154,-0.017995503,-0.022644043,-0.007675171,-0.006866455,-31.678772,-38.519287,30.119324,0,0.0,0.0,0.0,0.0
0.522949219,-0.01247619,0.62227523,0.78269917,0.018849684,-0.78247464,0.62239724,0.99974453,0.022518774,-0.0019673887,-0.1272887,0.82567364,0.5496003,-0.15224275,-0.56380546,0.8117545,0.9801121,0.019654516,0.1974689,10.067795,0.15911865,-0.07896423,9.804145,0.22083375,-0.019293493,-0.026306152,0.0040893555,-0.011291504,-31.678772,-38.519287,30.119324,0,0.0,0.0,0.0,0.0
0.53125,-0.01250027,0.6213648,0.7834217,0.018879533,-0.7831966,0.6214875,0.99974364,0.022559395,-0.0019409077,-0.12472832,0.8189195,0.5601908,-0.14425018,-0.57356787,0.8063571,0.98164904,0.019767946,0.18966945,10.064209,0.20100403,-0.033493042,9.804136,0.2212321,-0.019033803,-0.015457153,0.012939453,-0.01449585,-31.739807,-38.15918,29.759216,0,0.0,0.0,0.0,0.0
0.539550781,-0.012593532,0.621412,0.7833828,0.01887899,-0.7831575,0.62153685,0.9997425,0.022616819,-0.001868914,-0.12342611,0.8155882,0.5653157,-0.14039691,-0.5782931,0.8036577,0.9823719,0.019823777,0.18588252,10.064209,0.20100403,-0.033493042,9.804125,0.22179523,-0.018327786,-0.022338867,0.006225586,-0.013122559,-31.739807,-38.15918,29.759216,0,0.0,0.0,0.0,0.0
0.547851562,-0.012507758,0.61417013,0.7890746,0.018982947,-0.7888483,0.6142949,0.99974155,0.02266241,-0.0017920341,-0.12078241,0.8090483,0.5751977,-0.13297272,-0.58740395,0.79829496,0.98373264,0.019934384,0.17852943,10.061813,0.18424988,-0.026321411,9.804115,0.22224231,-0.01757385,-0.018981934,0.014770508,-0.014190674,-32.03888,-38.578796,29.519653,0,0.0,0.0,0.0,0.0
0.556152344,-0.012619369,0.6142273,0.78902817,0.018945131,-0.78880244,0.61435455,0.99974084,0.022701012,-0.0016824277,-0.11814465,0.8024539,0.58490133,-0.12586679,-0.59637743,0.79277456,0.984987,0.020042414,0.17146109,10.047455,0.18185425,-0.03111267,9.80411,0.2226209,-0.016498981,-0.015319824,0.021194458,-0.009918213,-32.03888,-38.578796,29.519653,0,0.0,0.0,0.0,0.0
0.564453125,-0.0128633855,0.6189606,0.7853167,0.018800031,-0.7850932,0.6190924,0.99974054,0.022727601,-0.0015375228,-0.116813265,0.79922026,0.5895775,-0.122446336,-0.60070217,0.7900403,0.98557675,0.020095589,0.16803157,10.047455,0.18185425,-0.03111267,9.804106,0.22288163,-0.015077949,-0.017303467,0.018295288,-0.008087158,-32.159424,-38.578796,29.87976,0,0.0,0.0,0.0,0.0
0.572753906,-0.01296141,0.61901057,0.7852757,0.01870521,-0.78505415,0.6191446,0.999741,0.022713736,-0.001403313,-0.11410717,0.7930244,0.5984078,-0.11588784,-0.6088549,0.78477114,0.98668617,0.02019982,0.1613766,10.046265,0.17347717,-0.026321411,9.804111,0.22274566,-0.0137618,-0.020050049,0.0095825195,-0.0076293945,-32.159424,-38.578796,29.87976,0,0.0,0.0,0.0,0.0
0.581054687,-0.012990728,0.6157988,0.7877964,0.01868163,-0.78757596,0.61593455,0.99974114,0.022718757,-0.0012729408,-0.111391574,0.7869971,0.60681754,-0.10965372,-0.61662275,0.7795848,0.98770845,0.020299377,0.15498371,10.067795,0.19023132,0.0047912598,9.8041115,0.2227949,-0.012483285,-0.018218994,0.0056152344,-0.010681152,-32.159424,-38.519287,29.579163,0,0.0,0.0,0.0,0.0
0.589355469,-0.013069905,0.6158395,0.7877633,0.01864682,-0.7875435,0.615977,0.9997407,0.022740038,-0.0011903283,-0.110043,0.7839953,0.6109352,-0.106644444,-0.62043315,0.7769746,0.9881889,0.020347767,0.15188307,10.067795,0.19023132,0.0047912598,9.804108,0.2230036,-0.011673133,-0.017608643,0.0028686523,-0.009002686,-32.159424,-38.519287,29.579163,0,0.0,0.0,0.0,0.0
0.59765625,-0.013162843,0.6172031,0.7866937,0.018576004,-0.7864751,0.6173425,0.99974084,0.02273961,-0.0011129197,-0.10735013,0.77811956,0.61887467,-0.10084959,-0.6277834,0.7718272,0.9890932,0.020442503,0.14586568,10.04985,0.18066406,0.021530151,9.804109,0.2229994,-0.010914014,-0.021270752,4.272461E-4,-0.005340576,-31.97937,-38.459778,29.638672,0,0.0,0.0,0.0,0.0
0.605957031,-0.013134235,0.6171886,0.7867056,0.018557437,-0.78648746,0.6173273,0.9997415,0.022707362,-0.0011235258,-0.10466243,0.7724552,0.6263854,-0.09534721,-0.63473713,0.76682305,0.98992664,0.02053347,0.1400846,10.054642,0.16390991,-0.025131226,9.804115,0.22268315,-0.011018025,-0.018661499,-0.0070648193,-0.009460449,-31.97937,-38.459778,29.638672,0,0.0,0.0,0.0,0.0
0.614257812,-0.013131106,0.61906797,0.78522754,0.01853854,-0.78500956,0.6192061,0.9997419,0.022687836,-0.0011685744,-0.10332452,0.769685,0.63000727,-0.09269756,-0.6380922,0.7643596,0.9903188,0.020576948,0.13727848,10.054642,0.16390991,-0.025131226,9.804119,0.22249167,-0.011459801,-0.026306152,-0.0055389404,-0.008392334,-32.339478,-38.279724,29.638672,0,0.0,0.0,0.0,0.0
0.622558594,-0.0131499525,0.61907786,0.7852196,0.018572373,-0.7850008,0.6192164,0.999741,0.022726055,-0.0011750227,-0.100655995,0.76432914,0.63692176,-0.08760116,-0.64449525,0.7595735,0.9910572,0.02066054,0.13182843,10.051056,0.20817566,0.0047912598,9.804111,0.22286648,-0.011523036,-0.020050049,0.0016479492,-0.009460449,-32.339478,-38.279724,29.638672,0,0.0,0.0,0.0,0.0
0.630859375,-0.013052389,0.61449,0.78881663,0.018628014,-0.7885975,0.61462754,0.9997413,0.022716446,-0.0011536462,-0.09801821,0.7591356,0.6435102,-0.0827513,-0.65060186,0.7548969,0.99173814,0.020742336,0.1265903,10.042679,0.17228699,0.01675415,9.804113,0.22277224,-0.011313404,-0.020965576,0.0039367676,-0.0033569336,-32.699585,-38.819885,29.699707,0,0.0,0.0,0.0,0.0
0.639160156,-0.013077471,0.61450297,0.788806,0.018581685,-0.78858787,0.6146411,0.9997418,0.0226953,-0.0011057652,-0.09672174,0.7565227,0.6467754,-0.08040455,-0.6536372,0.7525248,0.9920585,0.02078182,0.12404879,10.042679,0.17228699,0.01675415,9.804118,0.22256486,-0.010843853,-0.01928711,-0.002166748,-0.010681152,-32.699585,-38.819885,29.699707,0,0.0,0.0,0.0,0.0
0.647460937,-0.0128419325,0.6045596,0.79645634,0.018757638,-0.7962362,0.60469496,0.9997416,0.022705093,-0.0011148996,-0.09415576,0.75141835,0.6530736,-0.07588494,-0.6594963,0.74786764,0.9926611,0.020857597,0.119116716,10.059433,0.19262695,-0.0143585205,9.804116,0.22266091,-0.010933431,-0.021728516,-0.0035552979,-0.0022735596,-33.239746,-39.35852,29.3396,0,0.0,0.0,0.0,0.0
0.655761719,-0.01277696,0.6045251,0.79648364,0.018769316,-0.79626334,0.60465896,0.9997422,0.022675157,-0.001172698,-0.09166432,0.74614304,0.6594454,-0.07153872,-0.66545665,0.74300045,0.99321693,0.020930758,0.114376746,10.047455,0.16270447,-0.046661377,9.804122,0.22236733,-0.011500238,-0.02645874,0.007904053,-0.008850098,-33.239746,-39.35852,29.3396,0,0.0,0.0,0.0,0.0
0.6640625,-0.012700867,0.6021918,0.7982504,0.018791094,-0.7980301,0.60232455,0.99974275,0.022650043,-0.0011801689,-0.09043127,0.7435665,0.66251874,-0.06944552,-0.66833323,0.74061334,0.9934785,0.020965645,0.11207559,10.047455,0.16270447,-0.046661377,9.804128,0.22212104,-0.011573504,-0.018051147,0.011108398,-0.010528564,-33.599854,-39.839172,29.519653,0,0.0,0.0,0.0,0.0
0.672363281,-0.012738019,0.6022116,0.79823494,0.018734906,-0.79801583,0.6023453,0.99974334,0.02262754,-0.0011172385,-0.088001825,0.73845726,0.66853315,-0.06540336,-0.67397213,0.73585594,0.99397093,0.02103235,0.10760838,10.065414,0.15434265,-0.04067993,9.804133,0.22190037,-0.0109563675,-0.019439697,0.01966858,-0.011291504,-33.599854,-39.839172,29.519653,0,0.0,0.0,0.0,0.0
0.680664062,-0.012821994,0.60148346,0.7987823,0.018679246,-0.7985645,0.60161924,0.9997433,0.02263461,-9.96069E-4,-0.08561515,0.7335107,0.6742641,-0.061561354,-0.6793504,0.7312272,0.9944246,0.021095522,0.1033186,10.04866,0.16989136,-0.027511597,9.804133,0.22196972,-0.009768101,-0.020812988,0.008514404,-0.010070801,-33.659363,-39.839172,29.458618,0,0.0,0.0,0.0,0.0
0.688964844,-0.012912731,0.60153204,0.7987443,0.01862888,-0.79852754,0.60166997,0.99974304,0.022648914,-8.9469634E-4,-0.084441215,0.731085,0.6770409,-0.059711315,-0.6819593,0.72894865,0.9946377,0.021126304,0.10123952,10.04866,0.16989136,-0.027511597,9.804131,0.22210997,-0.008773974,-0.017440796,0.014312744,-0.015411377,-33.659363,-39.839172,29.458618,0,0.0,0.0,0.0,0.0
0.697265625,-0.012858773,0.59390825,0.80443,0.018708708,-0.8042128,0.59404695,0.99974227,0.022688562,-7.7006605E-4,-0.0821309,0.7263531,0.682397,-0.05614968,-0.6869951,0.72448945,0.99503857,0.021186598,0.09720802,10.061813,0.18066406,0.007171631,9.804123,0.22249879,-0.0075517683,-0.017745972,0.012329102,-0.009765625,-33.599854,-39.89868,28.919983,0,0.0,0.0,0.0,0.0
0.705566406,-0.012961106,0.59396356,0.80438757,0.018652374,-0.8041715,0.5941046,0.999742,0.022703988,-6.5588E-4,-0.07989275,0.72151524,0.6877739,-0.05273339,-0.6920725,0.7198992,0.99540764,0.021246076,0.093339525,10.069,0.16989136,0.013153076,9.80412,0.22265008,-0.006431986,-0.019134521,0.0040893555,-0.008087158,-33.599854,-39.89868,28.919983,0,0.0,0.0,0.0,0.0
0.713867187,-0.013143882,0.59956867,0.8002154,0.018510852,-0.8000015,0.59971243,0.99974227,0.022695217,-5.8340095E-4,-0.07879268,0.7191569,0.6903659,-0.051089935,-0.69452196,0.7176553,0.99558103,0.021275233,0.09146492,10.069,0.16989136,0.013153076,9.804122,0.22256404,-0.0057212086,-0.01852417,0.0010375977,-0.007171631,-33.779907,-39.89868,29.3396,0,0.0,0.0,0.0,0.0
0.722167969,-0.013209297,0.59960383,0.8001879,0.01846574,-0.799975,0.5997491,0.99974227,0.02269833,-5.050209E-4,-0.07661652,0.71475023,0.6951704,-0.047946945,-0.6990543,0.71345925,0.9959071,0.021331467,0.0878292,10.054642,0.18424988,0.041870117,9.804122,0.22259456,-0.004952563,-0.019744873,0.0039367676,-0.01159668,-33.779907,-39.89868,29.3396,0,0.0,0.0,0.0,0.0
0.73046875,-0.013278991,0.600809,0.7992824,0.018424079,-0.7990702,0.60095555,0.9997421,0.022706123,-4.5850597E-4,-0.07449359,0.7104926,0.69975054,-0.04495816,-0.70337963,0.7093912,0.99620754,0.021385595,0.084339716,10.045074,0.16989136,-0.011962891,9.804121,0.222671,-0.0044964077,-0.017913818,0.0024108887,-0.008544922,-33.839417,-39.779663,29.3396,0,0.0,0.0,0.0,0.0
0.738769531,-0.0132802725,0.6008097,0.79928184,0.018406136,-0.79907,0.60095626,0.9997424,0.022692552,-4.467174E-4,-0.07345089,0.7084393,0.7019393,-0.043520883,-0.7054469,0.7074253,0.9963488,0.021412006,0.082647614,10.045074,0.16989136,-0.011962891,9.804124,0.22253792,-0.004380801,-0.020050049,-0.004776001,-0.0051879883,-33.839417,-39.779663,29.3396,0,0.0,0.0,0.0,0.0
0.747070312,-0.013029219,0.5894425,0.8077052,0.01857739,-0.8074917,0.5895863,0.99974257,0.022686906,-4.293167E-4,-0.07140498,0.70443773,0.70616484,-0.040750813,-0.7094412,0.7035855,0.9966146,0.021462716,0.07936404,10.060623,0.18304443,0.022735596,9.804126,0.22248256,-0.0042101587,-0.02859497,-0.005844116,-0.009460449,-33.95996,-40.379333,28.919983,0,0.0,0.0,0.0,0.0
0.755371094,-0.013004803,0.5894292,0.8077154,0.018571269,-0.80750203,0.5895725,0.999743,0.022667572,-4.4504387E-4,-0.0694338,0.7001736,0.71058834,-0.038074877,-0.7136485,0.69946843,0.99685967,0.021511192,0.07621036,10.033112,0.17108154,0.021530151,9.80413,0.22229294,-0.0043643895,-0.019439697,-0.010421753,-0.00289917,-33.95996,-40.379333,28.919983,0,0.0,0.0,0.0,0.0
0.763671875,-0.012890157,0.58647376,0.8098657,0.01861437,-0.8096519,0.5866152,0.99974364,0.0226367,-4.8029772E-4,-0.06846638,0.6980961,0.7127232,-0.036785882,-0.71568024,0.69745874,0.99697506,0.02153432,0.074680105,10.033112,0.17108154,0.021530151,9.804136,0.2219902,-0.0047101118,-0.024627686,-0.017745972,-0.0035095215,-34.199524,-40.438843,28.73993,0,0.0,0.0,0.0,0.0
0.771972656,-0.0127667375,0.58640575,0.80991685,0.01864273,-0.8097025,0.5865444,0.9997447,0.022587318,-5.949436E-4,-0.06657222,0.69394374,0.7169452,-0.034291767,-0.7197059,0.69343174,0.9971922,0.021577975,0.07170898,10.053452,0.16270447,-0.011962891,9.804147,0.22150593,-0.005834404,-0.019134521,-0.012557983,-0.004425049,-34.199524,-40.438843,28.73993,0,0.0,0.0,0.0,0.0
0.780273437,-0.012897307,0.5959032,0.8029527,0.018575111,-0.80273813,0.59604234,0.99974424,0.022602275,-7.15808E-4,-0.06472317,0.6899316,0.7209752,-0.03191614,-0.7235517,0.6895319,0.9973927,0.021617947,0.06885052,10.059433,0.20578003,-0.0143585205,9.804142,0.2216526,-0.0070196786,-0.022338867,-0.013015747,-0.007171631,-33.779907,-39.779663,28.979492,0,0.0,0.0,0.0,0.0
0.788574219,-0.012825332,0.5958642,0.80298287,0.0186531,-0.8027666,0.5960016,0.99974376,0.022622038,-8.189665E-4,-0.06380849,0.68814874,0.72275853,-0.030784648,-0.72524697,0.6878002,0.99748725,0.021637633,0.067461334,10.059433,0.20578003,-0.0143585205,9.804137,0.22184642,-0.008031318,-0.018051147,-0.0030822754,-0.011291504,-33.779907,-39.779663,28.979492,0,0.0,0.0,0.0,0.0
0.796875,-0.012870136,0.59781563,0.80153036,0.01868536,-0.801313,0.59795356,0.99974257,0.022672623,-8.5739285E-4,-0.06290575,0.6863967,0.7245015,-0.029678486,-0.72690475,0.6860967,0.99757814,0.021657323,0.06609771,10.055832,0.1878357,-0.053833008,9.804126,0.22234249,-0.008408152,-0.015625,0.0071411133,-0.012969971,-33.659363,-39.65912,29.039001,0,0.0,0.0,0.0,0.0
0.805175781,-0.012925686,0.5978456,0.80150694,0.018664408,-0.80129,0.5979848,0.99974227,0.02268902,-8.012118E-4,-0.061137155,0.68305606,0.72780263,-0.027548239,-0.7300436,0.6828452,0.99774915,0.021697529,0.06344978,10.057037,0.16630554,-0.015548706,9.804122,0.22250327,-0.0078572035,-0.022338867,0.012786865,-0.012512207,-33.659363,-39.65912,29.039001,0,0.0,0.0,0.0,0.0
0.813476562,-0.013076637,0.60038656,0.799603,0.018576162,-0.7993875,0.60052854,0.9997419,0.022706449,-6.995784E-4,-0.059423245,0.6798356,0.7309531,-0.025519332,-0.73304236,0.6797042,0.9979066,0.021736793,0.0609087,10.057037,0.16630554,-0.015548706,9.804119,0.2226742,-0.00686052,-0.022033691,0.023330688,-0.016784668,-33.299255,-39.479065,29.09851,0,0.0,0.0,0.0,0.0
0.821783661,-0.013252534,0.6004807,0.79952943,0.018491818,-0.7993157,0.6006267,0.9997412,0.022744577,-5.1102036E-4,-0.05858591,0.67831534,0.73243153,-0.024545578,-0.7344488,0.6782201,0.99798054,0.021756185,0.05967799,10.047455,0.17706299,0.0035858154,9.804112,0.22304812,-0.005011398,-0.022033691,0.030807495,-0.01159668,-33.299255,-39.479065,29.09851,0,0.0,0.0,0.0,0.0
0.830084442,-0.013586428,0.6061052,0.7952685,0.01826213,-0.7950588,0.6062574,0.9997409,0.022760166,-2.6676262E-4,-0.05695661,0.6753605,0.7352851,-0.022670496,-0.7371657,0.6753317,0.9981193,0.021795327,0.057297215,10.053452,0.17706299,0.0035858154,9.80411,0.22320098,-0.0026160476,-0.024780273,0.02394104,-0.0045776367,-33.299255,-39.479065,29.519653,0,0.0,0.0,0.0,0.0
0.838385223,-0.0137394285,0.60618615,0.7952041,0.018098643,-0.7949981,0.60634184,0.9997418,0.022722906,-4.832685E-5,-0.055380028,0.6727191,0.73782253,-0.020903816,-0.7395758,0.6727487,0.99824655,0.021833533,0.055020124,10.088135,0.16390991,0.015548706,9.804118,0.22283559,-4.739245E-4,-0.017913818,0.01461792,-0.008392334,-33.299255,-39.479065,29.519653,0,0.0,0.0,0.0,0.0
0.846686004,-0.013840314,0.6060382,0.79531515,0.017991437,-0.79511154,0.60619617,0.99974227,0.022698807,1.010974E-4,-0.054613546,0.6714363,0.7390471,-0.020054549,-0.74074006,0.67149234,0.99830616,0.021851322,0.053919792,10.04985,0.16989136,0.028717041,9.804123,0.22259925,9.914269E-4,-0.024780273,0.009735107,-0.012359619,-33.299255,-39.419556,29.458618,0,0.0,0.0,0.0,0.0
0.854986786,-0.0139819635,0.60611326,0.7952554,0.017947018,-0.7950529,0.6062745,0.99974114,0.022749372,2.3847597E-4,-0.053122077,0.6689361,0.7414194,-0.018418636,-0.74299777,0.66904044,0.99841815,0.021884883,0.051790472,10.047455,0.2033844,0.050247192,9.804112,0.22309515,0.0023386506,-0.020507813,-0.0010986328,-0.0076293945,-33.299255,-39.419556,29.458618,0,0.0,0.0,0.0,0.0
0.863287567,-0.013811437,0.5975126,0.8017405,0.01809241,-0.8015364,0.59767216,0.9997409,0.022760132,2.5992622E-4,-0.051684964,0.6665305,0.7436839,-0.016859446,-0.74515545,0.6666776,0.9985211,0.021919115,0.04975067,10.061813,0.19262695,0.027511597,9.80411,0.22320066,0.0025490057,-0.02142334,-0.014541626,-0.0077819824,-33.4198,-39.89868,29.159546,0,0.0,0.0,0.0,0.0
0.871588348,-0.01376275,0.5974866,0.8017608,0.01812449,-0.8015559,0.59764504,0.9997409,0.022756742,2.024724E-4,-0.0509883,0.6652003,0.744922,-0.016095659,-0.74634266,0.66536725,0.99856955,0.021935936,0.048761584,10.07019,0.19262695,0.022735596,9.80411,0.22316742,0.001985576,-0.022338867,-0.013015747,-0.0061035156,-33.4198,-39.89868,29.159546,0,0.0,0.0,0.0,0.0
0.879889129,-0.013795747,0.6015606,0.798708,0.018096875,-0.798503,0.6017187,0.999741,0.02275528,1.2957978E-4,-0.049627375,0.6626121,0.7473167,-0.014619403,-0.7486405,0.662815,0.99866074,0.021968443,0.046840057,10.07019,0.19262695,0.022735596,9.804111,0.22315307,0.0012707437,-0.019592285,-0.011642456,-0.0047302246,-33.299255,-39.718628,29.3396,0,0.0,0.0,0.0,0.0
0.888189911,-0.013672081,0.60149497,0.7987595,0.018172104,-0.7985528,0.60165036,0.99974144,0.022740955,-1.2549472E-5,-0.048306186,0.6602703,0.749473,-0.013218414,-0.75070584,0.6605044,0.99874514,0.021999603,0.044991463,10.067795,0.18304443,-0.021530151,9.804114,0.22301258,-1.2306828E-4,-0.02859497,-0.011947632,-0.010681152,-33.299255,-39.718628,29.3396,0,0.0,0.0,0.0,0.0
