Time,Rot1,Rot2,Rot3,Rot4,Rot5,Rot6,Rot7,Rot8,Rot9,FRot1,FRot2,FRot3,FRot4,FRot5,FRot6,FRot7,FRot8,FRot9,AccX,AccY,AccZ,GravX,GravY,GravZ,GyroX,GyroY,GyroZ,MagX,MagY,MagZ,Imid
0.0,-0.0063625528,0.8785358,0.477634,-0.012723828,-0.4776761,0.8784437,0.99989873,-4.881887E-4,0.01421758,1.0,0.0,0.0,0.0,1.0,0.0,0.0,0.0,1.0,10.02832,0.0,0.117248535,9.805657,-0.004787496,0.13942683,-0.00630188,-0.007522583,-0.0119018555,-31.439209,-34.739685,63.479614,0,0.0,0.0,0.0,0.0
0.008300782,-0.006400271,0.8785435,0.4776196,-0.0126159955,-0.4776623,0.878453,0.9998999,-4.0330962E-4,0.014140868,0.99475336,0.081832945,-0.061393227,-0.08167634,0.99664605,0.005060256,0.061601415,-1.9332256E-5,0.9981008,10.053452,-0.008377075,0.14117432,9.805669,-0.0039551165,0.13867454,-0.0017242432,-0.008743286,-0.00869751,-31.439209,-34.739685,63.479614,0,0.0,0.0,0.0,0.0
0.016601563,-0.0063906773,0.8803064,0.47436234,-0.012548336,-0.4744053,0.8802171,0.9999009,-3.2727496E-4,0.014078153,0.9884526,0.12136189,-0.09073395,-0.1208513,0.9926083,0.011120743,0.09141291,-2.7011796E-5,0.9958131,10.053452,-0.008377075,0.14117432,9.805677,-0.0032094708,0.13805951,-0.004928589,-0.004470825,-0.0076293945,-31.3797,-34.498596,63.598633,0,0.0,0.0,0.0,0.0
0.024902344,-0.0063775294,0.88030386,0.47436744,-0.01244075,-0.4744102,0.88021594,0.99990225,-2.8788368E-4,0.013977205,0.96939665,0.19731788,-0.14606763,-0.19510944,0.9803396,0.029439006,0.14900471,-3.8902203E-5,0.98883647,10.060623,-0.009567261,0.117248535,9.805692,-0.0028231747,0.13706957,-0.0037078857,-0.010726929,0.0019989014,-31.3797,-34.498596,63.598633,0,0.0,0.0,0.0,0.0
0.033203125,-0.006324315,0.88039774,0.474194,-0.012347089,-0.47423607,0.8803112,0.9999038,-2.875505E-4,0.013869566,0.94287187,0.26917216,-0.19631357,-0.26351056,0.9630921,0.05491675,0.2038501,-4.876186E-5,0.9790021,10.069,-0.056228638,0.100494385,9.805707,-0.0028199072,0.13601398,-0.0043182373,0.0069885254,-0.0059509277,-31.259155,-34.318542,63.29956,0,0.0,0.0,0.0,0.0
0.041503907,-0.0062594446,0.8803847,0.474219,-0.012325641,-0.47426024,0.88029855,0.9999045,-3.3487298E-4,0.013819911,0.92723197,0.30351594,-0.21936055,-0.29535007,0.9528264,0.0699304,0.2302375,-5.3537628E-5,0.97313446,10.069,-0.056228638,0.100494385,9.805714,-0.0032839822,0.13552703,-0.010269165,0.008361816,-0.0030517578,-31.259155,-34.318542,63.29956,0,0.0,0.0,0.0,0.0
0.049804688,-0.0062389867,0.88159573,0.47196397,-0.012403959,-0.4720051,0.8815085,0.9999036,-3.5450206E-4,0.013880111,0.8920001,0.36900607,-0.2610944,-0.3541271,0.92942697,0.10372788,0.2809444,-6.46785E-5,0.95972407,10.053452,-0.037094116,0.12802124,9.805705,-0.0034764777,0.1361174,0.0034637451,0.018295288,-0.00579834,-30.958557,-34.13849,63.35907,0,0.0,0.0,0.0,0.0
0.058105469,-0.006313248,0.88161045,0.47193554,-0.012557123,-0.4719776,0.88152105,0.9999012,-3.608913E-4,0.014050202,0.8525451,0.43013507,-0.29690203,-0.40617952,0.90276456,0.14154288,0.32891518,-7.61555E-5,0.9443595,10.042679,-0.029907227,0.16749573,9.805681,-0.0035391347,0.13778542,-0.007522583,0.0181427,-0.0030517578,-30.958557,-34.13849,63.35907,0,0.0,0.0,0.0,0.0
0.06640625,-0.006388104,0.8824684,0.47032827,-0.0127419615,-0.47037148,0.88237643,0.9998984,-3.5619168E-4,0.014249161,0.83157283,0.45911264,-0.31257364,-0.42972332,0.8883781,0.1616239,0.3518871,-8.1850216E-5,0.9360424,10.042679,-0.029907227,0.16749573,9.805654,-0.0034930473,0.13973653,-0.0023345947,0.022109985,-0.0074768066,-30.299377,-34.01947,63.41858,0,0.0,0.0,0.0,0.0
0.074707032,-0.00647299,0.88248473,0.47029647,-0.012939379,-0.47034085,0.8823899,0.99989533,-3.7364356E-4,0.014463317,0.7652307,0.5397324,-0.3508716,-0.490569,0.84183663,0.22506247,0.4168501,-9.798367E-5,0.90897524,10.039093,-0.041870117,0.18185425,9.805624,-0.0036641918,0.14183669,-0.0038604736,0.011871338,-0.0059509277,-30.299377,-34.01947,63.41858,0,0.0,0.0,0.0,0.0
0.083007813,-0.0064895023,0.8858095,0.46400386,-0.013284659,-0.46404904,0.88570994,0.9998907,-4.163164E-4,0.014779123,0.74233276,0.5645816,-0.3608182,-0.5077219,0.8253773,0.2469227,0.43721914,-1.03496866E-4,0.899355,10.036697,-0.06460571,0.28355408,9.805578,-0.0040826695,0.14493369,-0.0038604736,-0.008743286,-0.0062561035,-29.87976,-33.659363,63.83972,0,0.0,0.0,0.0,0.0
0.091308594,-0.006548744,0.88582045,0.46398193,-0.013472443,-0.4640279,0.88571805,0.99988776,-4.506289E-4,0.014972966,0.719286,0.58833224,-0.3694493,-0.52327347,0.8086193,0.26892325,0.45696002,-1.0975325E-4,0.8894872,10.036697,-0.06460571,0.28355408,9.80555,-0.00441916,0.14683464,-0.008895874,-0.023101807,-0.0062561035,-29.87976,-33.659363,63.83972,0,0.0,0.0,0.0,0.0
0.099609375,-0.0065094484,0.88667107,0.46235496,-0.013466135,-0.46240056,0.88656896,0.9998882,-4.5505923E-4,0.0149500035,0.6728763,0.63298166,-0.38284677,-0.5500848,0.77416676,0.31316522,0.4946151,-1.2325191E-4,0.86911213,10.067795,-0.047851563,0.24526978,9.805553,-0.0044626067,0.14660946,-0.01210022,-0.026916504,-0.007171631,-29.519653,-33.599854,64.019775,0,0.0,0.0,0.0,0.0
0.107910157,-0.0064023333,0.88665146,0.46239406,-0.013282606,-0.46243814,0.8865521,0.9998913,-4.657955E-4,0.014737724,0.62658995,0.67391574,-0.3914366,-0.5714562,0.7388082,0.3572117,0.5299272,-1.3639146E-4,0.84804314,10.066605,-0.055038452,0.1603241,9.805584,-0.0045678937,0.1445277,-0.008285522,-0.018356323,-0.005645752,-29.519653,-33.599854,64.019775,0,0.0,0.0,0.0,0.0
0.116210938,-0.006275677,0.8878515,0.4600872,-0.013159064,-0.46012974,0.8877541,0.9998937,-4.8305892E-4,0.014570922,0.6036419,0.69306844,-0.3940463,-0.58025163,0.72087175,0.37901443,0.5467398,-1.4297954E-4,0.83730257,10.066605,-0.055038452,0.1603241,9.805608,-0.00473719,0.14289193,-0.0040130615,-0.009506226,-0.005645752,-29.818726,-33.47931,64.19983,0,0.0,0.0,0.0,0.0
0.124511719,-0.00626344,0.8878492,0.4600917,-0.013046533,-0.46013412,0.8877535,0.9998953,-4.4221143E-4,0.014465379,0.5584776,0.72878903,-0.39619362,-0.59427345,0.68473834,0.42186794,0.57874167,-1.5644668E-4,0.8155109,10.036697,-0.015548706,0.13998413,9.805623,-0.0043366128,0.14185691,-0.0070648193,-6.4086914E-4,-0.0074768066,-29.818726,-33.47931,64.19983,0,0.0,0.0,0.0,0.0
0.1328125,-0.006227471,0.8886826,0.4584806,-0.013010209,-0.45852274,0.88858753,0.99989605,-4.312753E-4,0.014417384,0.5145133,0.76132506,-0.39453802,-0.6039908,0.6483704,0.46347705,0.60866344,-1.6776295E-4,0.79342854,10.0295105,-0.037094116,0.12921143,9.805631,-0.004229366,0.14138624,-0.0069122314,0.007904053,-0.010375977,-29.87976,-33.299255,64.138794,0,0.0,0.0,0.0,0.0
0.141113282,-0.0062405895,0.88868505,0.4584758,-0.013006888,-0.4585181,0.8885899,0.99989593,-4.1801753E-4,0.014420449,0.49309894,0.77643555,-0.39242992,-0.6073529,0.63019663,0.4837092,0.62287706,-1.730332E-4,0.7823197,10.0295105,-0.037094116,0.12921143,9.80563,-0.004099352,0.1414163,-0.004623413,0.009124756,-0.0062561035,-29.87976,-33.299255,64.138794,0,0.0,0.0,0.0,0.0
0.149414063,-0.0063181757,0.8858275,0.46397159,-0.012976093,-0.46401438,0.88573253,0.9998958,-4.2432558E-4,0.014426306,0.4720901,0.79082304,-0.38952523,-0.6098024,0.6120449,0.50352967,0.6366098,-1.7793287E-4,0.7711861,10.063019,-0.057434082,0.100494385,9.805629,-0.0041612126,0.14147374,-0.0026397705,0.010498047,-0.009460449,-30.419922,-33.779907,64.079285,0,0.0,0.0,0.0,0.0
0.157714844,-0.0063274596,0.88582927,0.46396816,-0.013011166,-0.4640111,0.8857338,0.99989533,-4.323213E-4,0.014461683,0.43123844,0.8176647,-0.38138944,-0.61227596,0.57569474,0.5419352,0.66268516,-1.8769E-4,0.74889815,10.103699,-0.04067993,0.12322998,9.805624,-0.004239624,0.14182067,-0.0066070557,0.015396118,-0.010070801,-30.419922,-33.779907,64.079285,0,0.0,0.0,0.0,0.0
0.166015625,-0.006455143,0.88330257,0.468759,-0.013128084,-0.46880323,0.8832051,0.999893,-4.526919E-4,0.014622261,0.39227775,0.8418723,-0.37063357,-0.61168486,0.53967685,0.578438,0.68699324,-1.9737739E-4,0.72666377,10.073776,-0.0657959,0.17228699,9.805601,-0.004439391,0.1433954,-0.0029449463,0.014312744,-0.0010528564,-30.778503,-34.199524,64.019775,0,0.0,0.0,0.0,0.0
0.174316407,-0.0065867496,0.88332784,0.46870932,-0.013293262,-0.46875542,0.8832278,0.9998899,-4.130743E-4,0.014829884,0.3734781,0.8531024,-0.36432192,-0.61040264,0.52174354,0.5959801,0.6985147,-2.0248367E-4,0.7155957,10.073776,-0.0657959,0.17228699,9.805571,-0.004050875,0.14543149,8.69751E-4,0.01600647,-0.004425049,-30.778503,-34.199524,64.019775,0,0.0,0.0,0.0,0.0
0.182617188,-0.0066936105,0.88334846,0.46866888,-0.013394811,-0.46871653,0.88324696,0.9998879,-3.6562028E-4,0.014969694,0.33742577,0.8737982,-0.35017222,-0.60599834,0.4862887,0.6295151,0.72035396,-2.1082304E-4,0.6936066,9.993622,0.04547119,0.21655273,9.805551,-0.0035855102,0.14680256,-0.004470825,-0.008132935,-0.009918213,-30.778503,-34.199524,64.019775,0,0.0,0.0,0.0,0.0
0.190917969,-0.0069323154,0.879735,0.47541392,-0.013331086,-0.4754644,0.879634,0.9998871,-2.3988303E-4,0.015023891,0.3034683,0.8922878,-0.33425966,-0.59942436,0.45146704,0.66095984,0.7406736,-2.1695299E-4,0.671865,9.993622,0.04547119,0.21655273,9.805543,-0.0023524489,0.14733404,-0.0011138916,-0.016983032,-0.0036621094,-31.019592,-34.67865,63.719177,0,0.0,0.0,0.0,0.0
0.19921875,-0.007009048,0.8777798,0.479013,-0.013266418,-0.4790642,0.8776795,0.9998874,-2.0308877E-4,0.015002779,0.2871871,0.9008248,-0.3256351,-0.5954685,0.43418273,0.67594564,0.7502938,-2.1741158E-4,0.6611045,10.025925,-0.0011901855,0.22372437,9.805546,-0.0019916205,0.147127,-0.0027923584,-0.023406982,-0.0050354004,-31.3797,-34.858704,63.41858,0,0.0,0.0,0.0,0.0
0.207519532,-0.0069958987,0.8777771,0.47901803,-0.013186355,-0.4790691,0.8776781,0.99988866,-1.763548E-4,0.014926202,0.25611225,0.9164973,-0.30730972,-0.58633894,0.40004086,0.7043962,0.7685137,-2.168444E-4,0.6398334,10.060623,-0.026321411,0.19381714,9.805558,-0.0017294498,0.14637604,1.0681152E-4,-0.02355957,-0.0015258789,-31.3797,-34.858704,63.41858,0,0.0,0.0,0.0,0.0
0.215820313,-0.0069751567,0.8730802,0.48752666,-0.013023514,-0.48757648,0.8729831,0.99989086,-2.601158E-4,0.014771496,0.22713026,0.9303319,-0.28791404,-0.5757477,0.3667187,0.73077494,0.78544664,-2.1524103E-4,0.6189294,10.096512,-0.07537842,0.20219421,9.805579,-0.0025508646,0.14485888,0.0014801025,-0.032714844,0.0013885498,-31.739807,-35.398865,62.939453,0,0.0,0.0,0.0,0.0
0.224121094,-0.0067992453,0.87304366,0.48759472,-0.012904004,-0.487642,0.87294835,0.9998936,-3.5653467E-4,0.014581355,0.21330068,0.93667525,-0.2777451,-0.5700241,0.3501992,0.7432584,0.79345787,-2.1613852E-4,0.6086252,10.092926,-0.052642822,0.16630554,9.805607,-0.0034964108,0.14299425,-1.9836426E-4,-0.032714844,0.0013885498,-31.739807,-35.398865,62.939453,0,0.0,0.0,0.0,0.0
0.232421875,-0.0066476017,0.873012,0.48765346,-0.012747916,-0.4876986,0.872919,0.99989665,-4.1374742E-4,0.014371109,0.18716139,0.94814646,-0.25688323,-0.55776674,0.3178338,0.76673204,0.8086204,-2.2169821E-4,0.58833075,10.031906,-0.023925781,0.11366272,9.805636,-0.0040574763,0.14093244,-5.0354004E-4,-0.020492554,-0.00869751,-31.739807,-35.398865,62.939453,0,0.0,0.0,0.0,0.0
0.240722657,-0.006725277,0.86919856,0.4944175,-0.0125253955,-0.49446312,0.86910844,0.99989897,-3.4777977E-4,0.014212457,0.1629895,0.9581118,-0.23549148,-0.5446109,0.28639442,0.7882748,0.8226989,-2.2930338E-4,0.5684774,10.022339,0.0035858154,0.14356995,9.805659,-0.0034105547,0.1393766,-0.008285522,-0.004470825,-0.0050354004,-32.218933,-35.879517,62.638855,0,0.0,0.0,0.0,0.0
0.249023438,-0.006736178,0.8695698,0.4937642,-0.012430036,-0.49381006,0.86948097,0.99990004,-2.8052874E-4,0.014135175,0.15153225,0.9626129,-0.22453158,-0.53778183,0.2708808,0.79838234,0.8293544,-2.316729E-4,0.55872285,10.033112,-0.007171631,0.114852905,9.80567,-0.0027510473,0.13861872,-0.0070648193,-0.007522583,-0.0035095215,-32.339478,-35.81848,62.638855,0,0.0,0.0,0.0,0.0
0.257324219,-0.0067204875,0.8695663,0.4937703,-0.012358311,-0.49381596,0.8694785,0.999901,-2.5884793E-4,0.014065057,0.1300167,0.9706221,-0.20245601,-0.52367276,0.24060908,0.8172357,0.84193975,-2.3360758E-4,0.5395715,10.033112,-0.007171631,0.114852905,9.805679,-0.002538431,0.1379311,-0.005844116,8.8500977E-4,4.7302246E-4,-32.339478,-35.81848,62.638855,0,0.0,0.0,0.0,0.0
0.265625,-0.0067398925,0.86482286,0.5020318,-0.012281324,-0.502077,0.8647358,0.9999019,-3.373894E-4,0.014005114,0.11027093,0.97741836,-0.18026027,-0.50910413,0.21131349,0.8343618,0.85361195,-2.3460711E-4,0.5209094,10.069,-0.062210083,0.100494385,9.805688,-0.00330866,0.13734326,-0.0041656494,0.0037841797,-0.0035095215,-32.87964,-36.479187,62.399292,0,0.0,0.0,0.0,0.0
0.273925782,-0.006656367,0.8648043,0.50206506,-0.0122851,-0.50210905,0.8647171,0.99990237,-4.1204473E-4,0.013966428,0.10093836,0.98043436,-0.16899692,-0.5017119,0.19684628,0.84234005,0.85912555,-2.3666276E-4,0.5117649,10.101303,-0.059814453,0.13040161,9.805693,-0.0040407786,0.13696387,-5.0354004E-4,0.0011901855,-0.00289917,-32.87964,-36.479187,62.399292,0,0.0,0.0,0.0,0.0
0.282226563,-0.006665579,0.86480635,0.50206137,-0.012323723,-0.5021055,0.86471874,0.9999019,-4.234135E-4,0.014004457,0.08349867,0.9856755,-0.14653262,-0.48674405,0.16865283,0.85710937,0.86954486,-2.4360786E-4,0.493854,10.097717,-0.039474487,0.17826843,9.805688,-0.004152268,0.1373368,-0.0035552979,-0.0137786865,-0.008850098,-32.87964,-36.479187,62.399292,0,0.0,0.0,0.0,0.0
0.290527344,-0.0066444124,0.866535,0.49907202,-0.012252882,-0.49911612,0.86644846,0.99990284,-3.5802924E-4,0.013933885,0.0676104,0.989946,-0.12424036,-0.47163254,0.14144528,0.8703769,0.8791994,-2.5072816E-4,0.47645393,10.021133,0.0011901855,0.16270447,9.805697,-0.0035110675,0.13664474,-0.0052337646,-0.021118164,-0.00869751,-32.63855,-36.11908,62.278748,0,0.0,0.0,0.0,0.0
0.298828125,-0.006668057,0.86540145,0.5010348,-0.0120939445,-0.5010791,0.8653169,0.9999046,-2.895046E-4,0.013807341,0.060248025,0.9917384,-0.11324825,-0.46404976,0.12827675,0.8764719,0.8837578,-2.528742E-4,0.46794435,9.974487,0.0143585205,0.13877869,9.805715,-0.0028390703,0.13540377,-0.00340271,-0.017440796,-0.004425049,-32.63855,-36.239624,62.15973,0,0.0,0.0,0.0,0.0
0.307128907,-0.0066438424,0.865396,0.5010444,-0.011964573,-0.5010884,0.86531335,0.99990636,-2.457762E-4,0.013683247,0.046517335,0.9947254,-0.091418795,-0.44890058,0.102572866,0.88767505,0.89237005,-2.5432475E-4,0.45130426,10.019943,-0.007171631,0.13519287,9.805732,-0.0024102412,0.13418682,-0.0015716553,-0.006454468,-0.0051879883,-32.63855,-36.239624,62.15973,0,0.0,0.0,0.0,0.0
0.315429688,-0.006626361,0.8653922,0.5010513,-0.011888712,-0.5010951,0.8653106,0.99990743,-2.2299385E-4,0.013608836,0.040147543,0.99593455,-0.08063794,-0.4413511,0.09007906,0.89280176,0.8964359,-2.541538E-4,0.44317326,10.019943,-0.007171631,0.13519287,9.805742,-0.0021868227,0.1334571,-0.0015716553,-0.009048462,-7.4768066E-4,-32.63855,-36.239624,62.15973,0,0.0,0.0,0.0,0.0
0.323730469,-0.006486438,0.8680434,0.49644575,-0.01194178,-0.49648806,0.8679614,0.99990773,-2.98468E-4,0.013586425,0.028342612,0.99783295,-0.059380356,-0.42634857,0.06579716,0.90216273,0.9041148,-2.5291985E-4,0.42728952,10.09053,-0.06819153,0.15194702,9.805745,-0.0029269713,0.13323732,-0.008590698,-7.9345703E-4,-0.002746582,-32.63855,-35.758972,62.098694,0,0.0,0.0,0.0,0.0
0.33203125,-0.0064623817,0.86643773,0.49924338,-0.011960219,-0.499285,0.8663552,0.9999075,-3.723418E-4,0.013589354,0.01779995,0.99909,-0.038759246,-0.41152403,0.042650346,0.91040045,0.9112251,-2.5472353E-4,0.4119087,10.115662,-0.07777405,0.122039795,9.805743,-0.003651426,0.13326605,-0.0055389404,-0.007369995,-0.0010528564,-32.57904,-36.05957,62.15973,0,0.0,0.0,0.0,0.0
0.340332032,-0.006445168,0.86643386,0.49925017,-0.011930432,-0.49929163,0.86635184,0.9999081,-3.7248747E-4,0.01355495,0.012912899,0.99950844,-0.028567696,-0.4041992,0.03134948,0.9141336,0.9145798,-2.5707588E-4,0.4044053,10.0785675,-0.021530151,0.13639832,9.805749,-0.0036528544,0.13292865,-0.004623413,-0.0053863525,-0.005340576,-32.57904,-36.05957,62.15973,0,0.0,0.0,0.0,0.0
0.348632813,-0.0064342762,0.8662772,0.49952233,-0.0118906265,-0.4995636,0.8661956,0.99990857,-3.6629115E-4,0.013514907,0.0039089154,0.99995565,-0.0085644405,-0.38974768,0.009410675,0.9208736,0.92091334,-2.6164617E-4,0.38976717,9.994827,0.009567261,0.14476013,9.805754,-0.0035920893,0.13253596,-0.005996704,-0.0033874512,-0.0048828125,-32.51953,-36.11908,62.21924,0,0.0,0.0,0.0,0.0
0.356933594,-0.006471907,0.8662855,0.49950743,-0.0118426485,-0.4995493,0.8662046,0.999909,-3.0949526E-4,0.013492149,-0.004139344,0.99993175,0.01092084,-0.37559107,-0.01167597,0.9267119,0.92677623,-2.657901E-4,0.37561375,9.979263,0.008377075,0.13279724,9.8057575,-0.0030351118,0.13231279,-0.0040130615,-7.9345703E-4,-0.0065612793,-32.51953,-36.11908,62.21924,0,0.0,0.0,0.0,0.0
0.365234375,-0.006531656,0.8662986,0.49948385,-0.011816097,-0.49952653,0.86621803,0.99990886,-2.4411124E-4,0.013499003,-0.007828001,0.99976003,0.020457612,-0.3686333,-0.02190252,0.9293168,0.9295419,-2.666642E-4,0.3687163,9.979263,0.008377075,0.13279724,9.805756,-0.0023939135,0.13238,-0.00630188,0.013549805,-0.006713867,-32.51953,-36.11908,62.21924,0,0.0,0.0,0.0,0.0
0.373535157,-0.006617726,0.8664637,0.49919623,-0.011860132,-0.49924007,0.8663826,0.9999078,-1.8705075E-4,0.013580207,-0.014580074,0.9991286,0.039108973,-0.35497567,-0.041737508,0.93394345,0.9347618,-2.6577112E-4,0.35527486,10.064209,-0.015548706,0.12562561,9.805746,-0.0018343413,0.13317634,-0.002029419,0.010040283,-0.0036621094,-32.398987,-36.05957,62.15973,0,0.0,0.0,0.0,0.0
0.381835938,-0.0067404616,0.86292,0.5052957,-0.011858582,-0.5053406,0.86283845,0.9999069,-1.7616036E-4,0.013639235,-0.020551343,0.99815243,0.057178102,-0.34168187,-0.060758736,0.9378496,0.93959093,-2.626538E-4,0.34229925,10.108475,-0.053833008,0.122039795,9.8057375,-0.0017275431,0.1337552,-0.0015716553,-0.0030822754,-0.0050354004,-32.339478,-36.299133,61.558533,0,0.0,0.0,0.0,0.0
0.390136719,-0.00670637,0.8629123,0.50530916,-0.011872292,-0.5053536,0.86283064,0.999907,-2.127157E-4,0.013633835,-0.023313325,0.9975386,0.06612946,-0.33517304,-0.0701181,0.9395437,0.94186807,-2.6092393E-4,0.33598274,10.108475,-0.07417297,0.1603241,9.805738,-0.0020860285,0.13370225,-0.0017242432,4.272461E-4,-0.0051879883,-32.339478,-36.299133,61.558533,0,0.0,0.0,0.0,0.0
0.3984375,-0.0066856877,0.86204803,0.50678253,-0.011897164,-0.5068265,0.86196595,0.99990684,-2.6644033E-4,0.013644411,-0.028324667,0.99609727,0.08359357,-0.32244155,-0.08826156,0.9424656,0.9461655,-2.590149E-4,0.3236831,10.08934,-0.04067993,0.20100403,9.8057375,-0.0026128872,0.13380598,-0.0096588135,-0.004470825,-0.0065612793,-32.339478,-36.299133,61.31897,0,0.0,0.0,0.0,0.0
0.406738282,-0.0067078546,0.862053,0.5067737,-0.011953465,-0.506818,0.8619701,0.99990606,-2.7573184E-4,0.013704182,-0.032722432,0.99439526,0.10053514,-0.31009766,-0.10572608,0.94480765,0.9501414,-2.593089E-4,0.31181923,9.991226,0.007171631,0.1758728,9.805729,-0.0027040057,0.13439211,-1.9836426E-4,-0.002029419,-0.0033569336,-32.339478,-36.299133,61.31897,0,0.0,0.0,0.0,0.0
0.415039063,-0.006766417,0.86206615,0.5067507,-0.011970528,-0.5067958,0.86198306,0.99990547,-2.3353692E-4,0.013748578,-0.03470077,0.99345934,0.108785614,-0.3040746,-0.11418575,0.9457802,0.952016,-2.5963734E-4,0.30604807,9.991226,-0.29910278,0.15792847,9.805723,-0.0022902149,0.1348275,-1.9836426E-4,0.003326416,-0.001663208,-32.339478,-36.299133,61.31897,0,0.0,0.0,0.0,0.0
0.423339844,-0.0067472598,0.86112577,0.5083473,-0.011946779,-0.508392,0.8610429,0.9999059,-2.6343117E-4,0.013717931,-0.038251232,0.99143827,0.1248475,-0.29232755,-0.1305756,0.9473619,0.95555294,-2.5860374E-4,0.29481938,10.036697,-0.033493042,0.12562561,9.805727,-0.0025833773,0.13452695,-0.0015716553,-0.004928589,-0.0019683838,-32.398987,-36.239624,60.958862,0,0.0,0.0,0.0,0.0
0.431640625,-0.0067068534,0.86111665,0.50836325,-0.01191705,-0.5084074,0.8610343,0.99990654,-2.8336016E-4,0.013671784,-0.041318923,0.98923194,0.1404023,-0.28097394,-0.14635569,0.9484902,0.9588255,-2.587949E-4,0.28399566,10.036697,-0.033493042,0.12562561,9.805734,-0.002778814,0.1340744,-0.0017242432,-0.002166748,-0.006713867,-32.398987,-36.239624,60.958862,0,0.0,0.0,0.0,0.0
0.439941407,-0.006627893,0.86221814,0.5064938,-0.011925776,-0.5065371,0.8621357,0.9999069,-3.2618776E-4,0.013639893,-0.042677768,0.98807126,0.14796533,-0.27544498,-0.15399694,0.94890195,0.960369,-2.592862E-4,0.2787315,10.09053,-0.06819153,0.12921143,9.8057375,-0.0031988092,0.13376166,-0.0017242432,-9.460449E-4,-0.006866455,-32.57904,-36.05957,60.958862,0,0.0,0.0,0.0,0.0
0.448242188,-0.0066025974,0.86225766,0.5064269,-0.011931584,-0.5064698,0.86217517,0.999907,-3.498787E-4,0.013632116,-0.04504938,0.9856652,0.16258734,-0.264686,-0.16871282,0.94946164,0.9632818,-2.619355E-4,0.26849216,10.103699,-0.06700134,0.13160706,9.805738,-0.0034311381,0.1336854,0.0030212402,-0.0050811768,-0.008087158,-32.63855,-36.299133,61.37848,0,0.0,0.0,0.0,0.0
0.456542969,-0.0065692947,0.86225015,0.50644004,-0.011912715,-0.5064825,0.8621679,0.99990743,-3.692412E-4,0.013598973,-0.046084903,0.9844194,0.1696895,-0.2594535,-0.17583592,0.9496134,0.9646554,-2.6369435E-4,0.26351443,10.103699,-0.06700134,0.13160706,9.805742,-0.0036210194,0.13336037,-0.0035552979,-0.009963989,-0.0074768066,-32.63855,-36.299133,61.37848,0,0.0,0.0,0.0,0.0
0.46484375,-0.0065902616,0.86225486,0.5064317,-0.011900306,-0.5064745,0.86217284,0.9999075,-3.447474E-4,0.013598897,-0.047880583,0.9818553,0.18348745,-0.24927764,-0.18963154,0.94968444,0.96724766,-2.6787398E-4,0.25383422,10.016357,-0.0059814453,0.13519287,9.805742,-0.0033808167,0.13335961,-0.009353638,-0.00843811,-0.0038146973,-32.63855,-36.299133,61.37848,0,0.0,0.0,0.0,0.0
0.473144532,-0.006577888,0.8635055,0.5042965,-0.011846124,-0.5043393,0.8634243,0.9999082,-2.9445105E-4,0.013546681,-0.04934122,0.9792107,0.19675323,-0.23948343,-0.20284554,0.9494743,0.96964586,-2.7091816E-4,0.24451338,9.998413,-0.0047912598,0.14356995,9.80575,-0.0028875784,0.13284756,-0.006454468,-0.004776001,-0.009918213,-32.63855,-36.05957,61.31897,0,0.0,0.0,0.0,0.0
0.481445313,-0.006622855,0.8635157,0.50427854,-0.011802804,-0.504322,0.86343503,0.9999084,-2.334957E-4,0.013531957,-0.04994527,0.9778742,0.20314395,-0.23472837,-0.2091935,0.9492843,0.97077703,-2.7138882E-4,0.23998304,9.998413,-0.0047912598,0.14356995,9.805752,-0.0022898107,0.13270317,2.593994E-4,-0.002029419,-0.008392334,-32.63855,-36.05957,61.31897,0,0.0,0.0,0.0,0.0
0.489746094,-0.0066265757,0.86403924,0.50338084,-0.011809949,-0.50342435,0.86395854,0.99990827,-2.1981588E-4,0.013540238,-0.05094612,0.97516376,0.21554592,-0.22549362,-0.2214847,0.94873446,0.97291166,-2.6988826E-4,0.231177,10.022339,-0.032302856,0.15434265,9.805751,-0.0021556574,0.13278438,-0.0096588135,0.002105713,-0.0022735596,-32.57904,-35.939026,61.25946,0,0.0,0.0,0.0,0.0
0.498046875,-0.0066359923,0.8628843,0.50535816,-0.011778754,-0.5054017,0.8628039,0.99990857,-2.2692943E-4,0.013517542,-0.051683806,0.9724248,0.22741748,-0.21662204,-0.23321632,0.94799,0.9748865,-2.679054E-4,0.22270215,10.082153,-0.03111267,0.114852905,9.805754,-0.0022254176,0.1325618,-0.0041656494,0.0011901855,-0.0077819824,-32.87964,-36.05957,61.138916,0,0.0,0.0,0.0,0.0
0.506347657,-0.0066263597,0.862882,0.505362,-0.0117581,-0.5054053,0.8628019,0.99990886,-2.2486087E-4,0.013494851,-0.051975407,0.97103447,0.23321779,-0.21231574,-0.23893914,0.947539,0.97581786,-2.6708588E-4,0.21858487,10.082153,-0.03111267,0.114852905,9.805757,-0.0022051318,0.13233928,-0.0053863525,-0.003692627,-0.005340576,-32.87964,-36.05957,61.138916,0,0.0,0.0,0.0,0.0
0.514648438,-0.0066193314,0.8628804,0.5053648,-0.011763064,-0.50540805,0.86280024,0.99990886,-2.334778E-4,0.013495582,-0.052398894,0.9682406,0.24446757,-0.20396054,-0.2500199,0.9465147,0.9775758,-2.6541375E-4,0.21058366,10.084549,-0.0011901855,0.1651001,9.805757,-0.0022896351,0.13234645,-0.004623413,-0.004623413,-0.0059509277,-32.87964,-36.05957,61.138916,0,0.0,0.0,0.0,0.0
0.522949219,-0.0066927397,0.86195624,0.50693864,-0.0117715355,-0.50698274,0.86187583,0.99990827,-1.9913448E-4,0.0135396505,-0.052628767,0.96543837,0.25526243,-0.19594155,-0.2606312,0.9453456,0.9792023,-2.641491E-4,0.2028862,10.030716,-0.010772705,0.1878357,9.805751,-0.0019528422,0.13277861,-0.008285522,0.0016479492,-0.005645752,-32.998657,-36.17859,61.079407,0,0.0,0.0,0.0,0.0
0.53125,-0.0067558503,0.86197066,0.50691307,-0.011814386,-0.50695807,0.8618897,0.99990743,-1.660685E-4,0.013608588,-0.052685894,0.96402746,0.26052856,-0.19205338,-0.2658023,0.94470346,0.9799692,-2.628488E-4,0.19914877,10.030716,-0.010772705,0.1878357,9.805742,-0.0016285756,0.13345467,-0.0070648193,0.0030212402,-0.0050354004,-32.998657,-36.17859,61.079407,0,0.0,0.0,0.0,0.0
0.539550782,-0.0067441748,0.8648528,0.5019802,-0.011895765,-0.5020255,0.864771,0.99990654,-1.3927116E-4,0.013673834,-0.052681807,0.9612112,0.27073535,-0.18451814,-0.27581322,0.9433346,0.9814161,-2.590163E-4,0.19189124,9.994827,-0.009567261,0.16749573,9.805734,-0.0013657835,0.1340945,-0.0011138916,0.003326416,-0.0015258789,-32.57904,-35.879517,61.37848,0,0.0,0.0,0.0,0.0
0.547851563,-0.006675629,0.8678093,0.49685258,-0.011985952,-0.4968974,0.86772656,0.9999059,-1.6263135E-4,0.013718623,-0.05249478,0.958473,0.28031,-0.17730622,-0.28518298,0.94193053,0.98275465,-2.5427438E-4,0.18491384,10.0247345,-0.034698486,0.1483612,9.805727,-0.0015948687,0.13453373,-0.0052337646,-0.0015563965,-0.0035095215,-32.339478,-35.699463,61.91864,0,0.0,0.0,0.0,0.0
0.556152344,-0.0066714953,0.86780834,0.49685422,-0.012025975,-0.49689898,0.8677251,0.99990547,-1.8613278E-4,0.013751301,-0.052333426,0.9571463,0.284837,-0.17381972,-0.2896046,0.941231,0.9833859,-2.524415E-4,0.1815269,10.0247345,-0.034698486,0.1483612,9.805723,-0.001825339,0.1348542,0.0013275146,0.0027160645,-0.0047302246,-32.339478,-35.699463,61.91864,0,0.0,0.0,0.0,0.0
0.564453125,-0.00666802,0.86780757,0.49685556,-0.012064428,-0.49690026,0.86772376,0.999905,-2.0828015E-4,0.0137829445,-0.05192958,0.95451367,0.2936102,-0.16706564,-0.29816696,0.9397795,0.98457724,-2.4981567E-4,0.17495011,10.107285,-0.04307556,0.15672302,9.805718,-0.0020425306,0.13516451,-0.010574341,-0.0024719238,-0.005645752,-32.339478,-35.699463,61.91864,0,0.0,0.0,0.0,0.0
0.572753907,-0.0066106035,0.8698848,0.4932106,-0.012112465,-0.49325487,0.8698005,0.9999048,-2.2408974E-4,0.013797161,-0.051429193,0.9519132,0.30202037,-0.16059375,-0.30636773,0.9382689,0.9856798,-2.4817087E-4,0.16862755,10.084549,-0.044265747,0.15434265,9.8057165,-0.0021975697,0.13530393,-0.0040130615,-0.0053863525,-0.0013580322,-31.858826,-35.51941,62.21924,0,0.0,0.0,0.0,0.0
0.581054688,-0.006583031,0.8698789,0.49322137,-0.012115381,-0.49326524,0.86979455,0.99990493,-2.4968054E-4,0.013786095,-0.05113357,0.9506525,0.30601498,-0.15746443,-0.31025752,0.9375208,0.9861999,-2.4768926E-4,0.16555852,10.084549,-0.044265747,0.15434265,9.805718,-0.00244853,0.13519542,-0.004776001,-0.0015563965,-0.004425049,-31.858826,-35.51941,62.21924,0,0.0,0.0,0.0,0.0
0.589355469,-0.006579131,0.86988527,0.49321026,-0.012112776,-0.49325407,0.8698009,0.999905,-2.5161117E-4,0.013781908,-0.050486993,0.94816077,0.313755,-0.15140261,-0.31779093,0.93599474,0.98718196,-2.477681E-4,0.15959832,10.04985,-0.021530151,0.14715576,9.805718,-0.0024674628,0.13515435,-0.003250122,-0.0017242432,-0.0038146973,-31.799316,-35.279846,61.79962,0,0.0,0.0,0.0,0.0
0.59765625,-0.0065972363,0.869533,0.4938308,-0.012115904,-0.4938748,0.8694486,0.9999048,-2.4724877E-4,0.0137933865,-0.0497767,0.9457116,0.32117242,-0.14559506,-0.3250067,0.9344371,0.98809123,-2.4792028E-4,0.1538687,10.025925,0.0,0.13519287,9.8057165,-0.0024246823,0.13526691,-0.012710571,0.0014953613,-0.0045776367,-31.858826,-35.339355,61.79962,0,0.0,0.0,0.0,0.0
0.605957032,-0.0066317464,0.8695404,0.49381724,-0.012103618,-0.4938617,0.8694562,0.9999047,-2.1096281E-4,0.013799751,-0.049402975,0.9444992,0.32477772,-0.14278294,-0.32851353,0.9336444,0.98852026,-2.4790684E-4,0.15108791,10.025925,0.0,0.13519287,9.805716,-0.0020688386,0.13532934,-0.0055389404,0.0056152344,-0.00289917,-31.858826,-35.339355,61.79962,0,0.0,0.0,0.0,0.0
0.614257813,-0.006587752,0.869531,0.4938345,-0.012121248,-0.49387836,0.86944646,0.9999048,-2.5819274E-4,0.013793348,-0.048620418,0.94210976,0.3317608,-0.13733663,-0.33530447,0.93204594,0.9893304,-2.4644384E-4,0.14568882,10.055832,-0.049057007,0.10647583,9.8057165,-0.0025320058,0.13526654,-0.0037078857,0.010345459,-0.002746582,-31.858826,-35.339355,61.79962,0,0.0,0.0,0.0,0.0
0.622558594,-0.0065175314,0.87100816,0.4912253,-0.012194592,-0.49126843,0.87092286,0.9999044,-3.1402506E-4,0.013823447,-0.04821215,0.94093305,0.33514255,-0.13470042,-0.33859247,0.93124163,0.9897128,-2.4667883E-4,0.14306833,10.055832,-0.049057007,0.10647583,9.805713,-0.003079534,0.1355617,-4.5776367E-5,0.012786865,-7.4768066E-4,-31.91986,-35.1593,61.91864,0,0.0,0.0,0.0,0.0
0.630859375,-0.0065640328,0.8710181,0.49120697,-0.012296407,-0.49125072,0.8709313,0.99990284,-3.232593E-4,0.01393498,-0.04735111,0.938658,0.34158307,-0.12960286,-0.3448493,0.9296677,0.9904347,-2.4934573E-4,0.13798176,10.060623,-0.0382843,0.16270447,9.805697,-0.003170091,0.13665548,-0.0055389404,0.0013427734,-0.009765625,-31.91986,-35.1593,61.91864,0,0.0,0.0,0.0,0.0
0.639160157,-0.006570741,0.8718866,0.48966378,-0.012333211,-0.48970777,0.87179947,0.99990237,-3.1075778E-4,0.013970903,-0.046462234,0.9364341,0.34775335,-0.12472475,-0.35084334,0.9280908,0.9911029,-2.522727E-4,0.13309747,10.045074,-0.035888672,0.16630554,9.805693,-0.0030474928,0.13700776,0.0042419434,-4.8828125E-4,-0.0076293945,-31.619263,-34.979248,61.85913,0,0.0,0.0,0.0,0.0
0.647460938,-0.0066003078,0.87189287,0.48965222,-0.012359133,-0.48969662,0.87180537,0.9999019,-2.974932E-4,0.014007987,-0.045543175,0.9342872,0.35360032,-0.12005709,-0.3565211,0.9265414,0.99172175,-2.5458873E-4,0.1284049,10.019943,-0.047851563,0.1651001,9.805688,-0.002917412,0.13737144,-9.613037E-4,-7.9345703E-4,-0.007171631,-31.619263,-34.979248,61.85913,0,0.0,0.0,0.0,0.0
0.655761719,-0.006554573,0.8736058,0.48659,-0.012409724,-0.48663402,0.8735177,0.9999015,-3.1291277E-4,0.014030887,-0.045077734,0.93323356,0.35643104,-0.11779845,-0.3592701,0.9257692,0.9920139,-2.5544682E-4,0.12612854,10.019943,-0.047851563,0.1651001,9.805684,-0.0030686262,0.137596,-0.0035552979,-0.0056915283,-0.007171631,-31.498718,-34.858704,62.15973,0,0.0,0.0,0.0,0.0
0.6640625,-0.006557067,0.8736063,0.48658904,-0.012420956,-0.4866331,0.87351805,0.99990135,-3.1618436E-4,0.014041914,-0.0441211,0.93121666,0.36178565,-0.113432005,-0.36446598,0.92428225,0.9925656,-2.5772248E-4,0.12171041,10.033112,-0.028717041,0.18066406,9.805683,-0.0031007095,0.13770413,-0.007827759,0.0014953613,-0.003967285,-31.498718,-34.858704,62.15973,0,0.0,0.0,0.0,0.0
0.672363282,-0.0066107116,0.87289554,0.48786238,-0.012446756,-0.48790705,0.87280685,0.9999007,-3.0243E-4,0.01409013,-0.043639753,0.93022794,0.36437827,-0.11131863,-0.36698213,0.92354333,0.9928261,-2.5889173E-4,0.11956671,10.033112,-0.028717041,0.18066406,9.805676,-0.0029658254,0.13817698,-0.009048462,0.0022583008,-0.0045776367,-31.439209,-34.979248,62.15973,0,0.0,0.0,0.0,0.0
0.680664063,-0.0066507584,0.87290394,0.48784688,-0.012451781,-0.48789215,0.8728152,0.99990034,-2.6967944E-4,0.01411406,-0.042680923,0.92826855,0.36945337,-0.107225366,-0.37191042,0.92205495,0.9933182,-2.6061584E-4,0.115407415,10.040283,-0.008377075,0.14955139,9.805673,-0.002644652,0.13841166,-0.0012664795,-1.8310547E-4,-0.00579834,-31.439209,-34.979248,62.15973,0,0.0,0.0,0.0,0.0
0.688964844,-0.006723439,0.868313,0.49597102,-0.012413871,-0.49601647,0.8682243,0.99990034,-3.1946777E-4,0.014114062,-0.041721154,0.9263624,0.37431538,-0.10330543,-0.37663323,0.9205842,0.99377424,-2.6097475E-4,0.11141184,10.09053,-0.08015442,0.14596558,9.805674,-0.0031329088,0.13841169,-0.00340271,-0.0067596436,-0.00579834,-31.739807,-35.339355,61.439514,0,0.0,0.0,0.0,0.0
0.697265625,-0.006666573,0.86830074,0.49599335,-0.01240689,-0.49603802,0.86821216,0.9999008,-3.6573596E-4,0.014079785,-0.04125941,0.9253584,0.3768413,-0.101400696,-0.37909317,0.9197859,0.9939897,-2.621446E-4,0.109473154,10.09053,-0.08015442,0.14596558,9.805677,-0.0035866448,0.13807553,-0.0017242432,-0.007675171,-0.0073242188,-31.739807,-35.339355,61.439514,0,0.0,0.0,0.0,0.0
0.705566407,-0.0066812574,0.86700416,0.49825627,-0.01236191,-0.4983009,0.86691606,0.99990124,-3.673091E-4,0.014047102,-0.040332925,0.9233914,0.38173494,-0.09771235,-0.38385963,0.918207,0.99439704,-2.6624685E-4,0.10570893,10.064209,-0.044265747,0.16151428,9.805681,-0.0036020717,0.137755,-0.0110321045,-0.010116577,-0.0076293945,-31.91986,-35.51941,61.37848,0,0.0,0.0,0.0,0.0
0.713867188,-0.006681709,0.86700416,0.49825603,-0.012310908,-0.49830073,0.86691684,0.9999019,-3.4149832E-4,0.01400311,-0.03941696,0.921439,0.3865184,-0.09417503,-0.38852295,0.9166139,0.994775,-2.7024894E-4,0.10209094,10.043869,-0.025131226,0.15194702,9.805688,-0.0033489547,0.1373236,-0.0040130615,-0.0055389404,-0.0062561035,-31.91986,-35.51941,61.37848,0,0.0,0.0,0.0,0.0
0.722167969,-0.0066640256,0.8678836,0.4967229,-0.012290169,-0.4967675,0.86779666,0.99990225,-3.2178857E-4,0.013976906,-0.038960155,0.92048347,0.38883454,-0.09246212,-0.3907814,0.9158279,0.9949537,-2.7167395E-4,0.100334756,10.043869,-0.025131226,0.15194702,9.805692,-0.0031556678,0.13706663,-0.004928589,2.746582E-4,-0.004425049,-31.799316,-35.339355,61.31897,0,0.0,0.0,0.0,0.0
0.73046875,-0.006706422,0.8678928,0.49670622,-0.01227673,-0.49675143,0.8678061,0.9999022,-2.780547E-4,0.013986311,-0.0380441,0.91864127,0.39325663,-0.08914685,-0.39509243,0.9143056,0.99529165,-2.7365846E-4,0.096924916,10.030716,0.007171631,0.1603241,9.805691,-0.0027267851,0.13715886,7.171631E-4,-0.0035552979,-0.004425049,-31.799316,-35.339355,61.31897,0,0.0,0.0,0.0,0.0
0.738769532,-0.006675222,0.8682568,0.49607,-0.012320107,-0.49611485,0.86816955,0.9999019,-3.1641102E-4,0.014008694,-0.037137207,0.91685337,0.39749303,-0.08597179,-0.39922398,0.91281384,0.9956052,-2.738326E-4,0.09364959,10.064209,-0.050247192,0.16870117,9.805688,-0.0031029321,0.13737836,-0.0023345947,0.0014953613,-0.008544922,-31.97937,-35.279846,61.31897,0,0.0,0.0,0.0,0.0
0.747070313,-0.006681503,0.86825824,0.4960675,-0.01234949,-0.49611235,0.86817044,0.99990135,-3.2549724E-4,0.014037323,-0.036236223,0.9151305,0.40152597,-0.08293346,-0.40315762,0.91136485,0.99589604,-2.7551872E-4,0.09050385,10.065414,-0.08135986,0.14476013,9.805683,-0.0031920376,0.13765912,-9.613037E-4,-0.0015563965,-0.008544922,-31.97937,-35.279846,61.31897,0,0.0,0.0,0.0,0.0
0.755371094,-0.0067006983,0.86617154,0.49970168,-0.01234174,-0.49974644,0.8660836,0.99990135,-3.6382204E-4,0.014038716,-0.035346854,0.9134599,0.40539056,-0.08002479,-0.40692854,0.9099479,0.99616593,-2.7749786E-4,0.08748308,10.065414,-0.049057007,0.14356995,9.805683,-0.0035678756,0.13767278,-5.0354004E-4,-0.004928589,-0.0051879883,-32.03888,-35.51941,61.138916,0,0.0,0.0,0.0,0.0
0.763671875,-0.006684331,0.866168,0.4997082,-0.012328169,-0.49975276,0.86608034,0.99990165,-3.713188E-4,0.014018779,-0.034912836,0.91260976,0.4073383,-0.07861423,-0.40883166,0.9092175,0.99629354,-2.7922433E-4,0.08601758,10.065414,-0.049057007,0.14356995,9.805686,-0.0036413937,0.13747726,-0.0029449463,-0.010421753,-0.005340576,-32.03888,-35.51941,61.138916,0,0.0,0.0,0.0,0.0
0.771972657,-0.0066716215,0.8649146,0.5018747,-0.012275236,-0.50191885,0.8648275,0.99990237,-3.9082734E-4,0.013965643,-0.034481507,0.91177267,0.40924507,-0.07723335,-0.41069505,0.9084957,0.99641657,-2.8106623E-4,0.084580645,10.065414,-0.049057007,0.14356995,9.805694,-0.0038327072,0.13695619,-0.012710571,-0.008743286,-0.005645752,-32.03888,-35.758972,61.19995,0,0.0,0.0,0.0,0.0
0.780273438,-0.0066672512,0.86491364,0.5018764,-0.012228616,-0.5019205,0.8648272,0.99990296,-3.7123275E-4,0.013923127,-0.033215977,0.9092781,0.41486138,-0.07325796,-0.41618887,0.9063223,0.9967597,-2.8752102E-4,0.08043598,10.035492,-0.01914978,0.1531372,9.805698,-0.0036405497,0.13653924,-0.0056915283,-0.0038604736,-0.005340576,-32.03888,-35.758972,61.19995,0,0.0,0.0,0.0,0.0
0.788574219,-0.006653014,0.8647464,0.5021648,-0.012156323,-0.50220877,0.8646611,0.99990404,-3.5187526E-4,0.013853338,-0.03280091,0.9084726,0.41665527,-0.071988106,-0.41794428,0.905616,0.996866,-2.8919525E-4,0.07910817,10.025925,-0.0143585205,0.117248535,9.805709,-0.0034507175,0.13585484,-0.011489868,0.0027160645,-0.004119873,-31.799316,-35.81848,61.25946,0,0.0,0.0,0.0,0.0
0.796875,-0.0066635176,0.8647487,0.5021606,-0.012122548,-0.5022047,0.8646638,0.9999043,-3.257646E-4,0.013829407,-0.03238976,0.90767705,0.41841748,-0.07074385,-0.41966915,0.90491605,0.9969685,-2.9044886E-4,0.07780555,10.025925,-0.0143585205,0.117248535,9.805712,-0.0031946592,0.13562016,-0.010421753,0.011260986,-0.0062561035,-31.799316,-35.81848,61.25946,0,0.0,0.0,0.0,0.0
0.805175782,-0.00664721,0.866774,0.49865678,-0.012178955,-0.498701,0.86668855,0.9999038,-3.120574E-4,0.013871373,-0.031579167,0.90612423,0.42183128,-0.068333045,-0.42301154,0.90354407,0.99716264,-2.918474E-4,0.075276576,10.07019,-0.021530151,0.12921143,9.805707,-0.003060238,0.1360317,-0.004470825,0.008666992,-0.006866455,-31.619263,-35.51941,61.31897,0,0.0,0.0,0.0,0.0
0.813476563,-0.0067256987,0.866791,0.49862617,-0.012277349,-0.4986715,0.86670417,0.99990207,-2.9261687E-4,0.01399581,-0.03077475,0.90468967,0.42495823,-0.06603,-0.426071,0.90227693,0.99734294,-2.926477E-4,0.072848886,10.063019,-0.028717041,0.17826843,9.80569,-0.0028695913,0.13725202,-0.005844116,8.8500977E-4,-0.00793457,-31.619263,-35.51941,61.31897,0,0.0,0.0,0.0,0.0
0.821777344,-0.0067440155,0.8689261,0.49489573,-0.012369471,-0.4949416,0.868838,0.9999007,-2.621412E-4,0.014086052,-0.03038042,0.9039904,0.42647204,-0.06491715,-0.42755267,0.90165657,0.99742806,-2.9264708E-4,0.071673706,10.063019,-0.028717041,0.17826843,9.805676,-0.0025707271,0.13813698,-0.005844116,-0.0015563965,-0.00579834,-31.439209,-35.339355,61.619568,0,0.0,0.0,0.0,0.0
0.830078125,-0.006825557,0.8689436,0.49486417,-0.01240879,-0.49491113,0.86885494,0.9998996,-2.1024712E-4,0.014160582,-0.029596852,0.9026998,0.4292517,-0.062769346,-0.4302707,0.9005149,0.9975891,-2.9143906E-4,0.06939653,10.045074,-0.0023956299,0.18902588,9.805666,-0.00206182,0.13886787,-0.0067596436,0.003479004,-0.0074768066,-31.439209,-35.339355,61.619568,0,0.0,0.0,0.0,0.0
0.838378907,-0.006868279,0.8705962,0.49195042,-0.01247911,-0.49199834,0.87050676,0.99989855,-1.6022027E-4,0.014243445,-0.028835256,0.90145326,0.43191493,-0.06071298,-0.4328763,0.8994065,0.99773866,-2.882239E-4,0.06721201,10.042679,-0.0011901855,0.18304443,9.8056555,-0.0015712241,0.13968049,-0.0050811768,0.0030212402,-0.0062561035,-31.259155,-35.099792,61.679077,0,0.0,0.0,0.0,0.0
0.846679688,-0.006959666,0.87061536,0.49191502,-0.012523942,-0.49196422,0.87052524,0.9998973,-1.0215015E-4,0.014327443,-0.028459247,0.90087503,0.43314457,-0.05972023,-0.43407843,0.8988934,0.99780935,-2.8566382E-4,0.066154,10.042679,-0.0011901855,0.18304443,9.805643,-0.0010017508,0.14050423,-6.5612793E-4,0.0051574707,-0.00793457,-31.259155,-35.099792,61.679077,0,0.0,0.0,0.0,0.0
0.854980469,-0.0070831366,0.86790484,0.49667996,-0.012536117,-0.49673048,0.86781436,0.99989635,-7.9591155E-5,0.014398566,-0.02772557,0.899749,0.4355261,-0.057798896,-0.4364076,0.8978906,0.99794316,-2.783967E-4,0.06410415,10.045074,-0.028717041,0.16749573,9.805634,-7.805226E-4,0.1412017,-0.0055389404,0.010192871,-0.0051879883,-31.3797,-35.51941,61.619568,0,0.0,0.0,0.0,0.0
0.86328125,-0.007104395,0.8679095,0.49667174,-0.012601596,-0.49672252,0.867818,0.99989533,-9.353455E-5,0.014465956,-0.0270258,0.89856666,0.43800402,-0.05595355,-0.4388369,0.8968229,0.9980675,-2.7052403E-4,0.062137913,10.058228,-0.050247192,0.14715576,9.805624,-9.1726065E-4,0.14186257,-0.007522583,0.0042419434,-0.0045776367,-31.3797,-35.51941,61.619568,0,0.0,0.0,0.0,0.0
0.871582032,-0.007128707,0.867285,0.49776092,-0.0126620345,-0.497812,0.8671927,0.9998945,-1.2070342E-4,0.014530348,-0.02668316,0.8979909,0.43920425,-0.055061247,-0.44001397,0.89630127,0.9981263,-2.6698422E-4,0.061185457,10.058228,-0.050247192,0.14715576,9.805615,-0.0011836962,0.14249404,-0.008743286,0.0051574707,-0.0059509277,-31.318665,-35.51941,61.439514,0,0.0,0.0,0.0,0.0
