Time,Rot1,Rot2,Rot3,Rot4,Rot5,Rot6,Rot7,Rot8,Rot9,FRot1,FRot2,FRot3,FRot4,FRot5,FRot6,FRot7,FRot8,FRot9,AccX,AccY,AccZ,GravX,GravY,GravZ,GyroX,GyroY,GyroZ,MagX,MagY,MagZ,Imid
0.0,-0.020024976,0.9924283,-0.12118244,-0.017007897,0.12085106,0.992525,0.99965477,0.021936344,0.014459077,1.0,0.0,0.0,0.0,1.0,0.0,0.0,0.0,1.0,10.120438,0.20698547,0.1531372,9.803265,0.21512206,0.14179511,0.0,0.0,0.0,-35.51941,3.239441,32.398987,0,0.0,0.0,0.0,0.0
0.008300781,-0.020016957,0.99242944,-0.12117376,-0.016979698,0.12084312,0.99252635,0.9996554,0.021924851,0.014432241,0.9990951,0.028988305,-0.031121245,-0.028987916,0.9995796,4.6379812E-4,0.031121608,4.3876166E-4,0.9995155,10.120438,0.20698547,0.1531372,9.803271,0.21500935,0.14153194,0.005218506,-0.0059051514,0.001953125,-35.51941,3.239441,32.398987,0,0.0,0.0,0.0,0.0
0.016601562,-0.020044629,0.9924252,-0.12120367,-0.0169077,0.12087421,0.99252385,0.99965614,0.021944046,0.01435675,0.9921881,0.08514619,-0.09117553,-0.08490732,0.99636763,0.0065025887,0.091398016,0.0012896793,0.9958136,10.136002,0.2416687,0.13998413,9.803278,0.2151976,0.14079162,-7.324219E-4,-0.010498047,0.0037841797,-35.51941,3.239441,32.398987,0,0.0,0.0,0.0,0.0
0.024902344,-0.020040164,0.9922089,-0.122962795,-0.016852278,0.12263479,0.99230874,0.9996571,0.021958234,0.01426336,0.97922134,0.13882741,-0.14782622,-0.13758941,0.99031436,0.01861853,0.14897919,0.0021076598,0.9888381,10.124039,0.22492981,0.14955139,9.8032875,0.21533671,0.13987578,0.0033874512,-0.008666992,0.003479004,-35.4599,3.2989502,32.398987,0,0.0,0.0,0.0,0.0
0.033203125,-0.020036746,0.99220943,-0.12295911,-0.016794555,0.12263242,0.99231005,0.99965817,0.021947706,0.014206561,0.9707438,0.16469415,-0.17473517,-0.16253854,0.9863415,0.026676964,0.1767421,0.0025047052,0.984254,10.124039,0.22492981,0.14955139,9.803298,0.21523347,0.13931878,0.0014038086,-5.645752E-4,0.0013427734,-35.4599,3.2989502,32.398987,0,0.0,0.0,0.0,0.0
0.041503906,-0.019906558,0.9913297,-0.12988092,-0.016939282,0.1295536,0.9914277,0.99965835,0.021936005,0.014213447,0.95032066,0.21454832,-0.2255208,-0.20952378,0.9767079,0.04627623,0.23019643,0.0032747136,0.97313863,10.137192,0.23449707,0.110076904,9.8033,0.21511874,0.13938631,0.0010986328,0.0030975342,0.001953125,-35.398865,3.479004,31.97937,0,0.0,0.0,0.0,0.0
0.049804687,-0.019970456,0.9918003,-0.12622729,-0.016914673,0.12589926,0.99189883,0.9996575,0.021943765,0.014261713,0.92601144,0.261642,-0.27211446,-0.25219837,0.9651567,0.06977566,0.28088933,0.0040137647,0.95973176,10.133606,0.2368927,0.13998413,9.803291,0.21519482,0.13985963,0.00491333,0.014862061,0.0039367676,-35.639954,3.3599854,32.03888,0,0.0,0.0,0.0,0.0
0.058105469,-0.019965487,0.9918011,-0.12622182,-0.017004898,0.12589185,0.9918982,0.999656,0.02195012,0.0143519845,0.91259766,0.2843406,-0.2937958,-0.27205527,0.9587134,0.08279257,0.30520725,0.004372396,0.95227593,10.133606,0.2368927,0.13998413,9.803277,0.21525715,0.1407449,0.002319336,0.014404297,-6.5612793E-4,-35.639954,3.3599854,32.03888,0,0.0,0.0,0.0,0.0
0.06640625,-0.01993534,0.9918059,-0.12618881,-0.01713935,0.12585634,0.99190044,0.99965435,0.021936666,0.014489919,0.8837225,0.32792196,-0.3339188,-0.30864605,0.9446912,0.11088797,0.35181278,0.0050685345,0.9360567,10.126419,0.23928833,0.16151428,9.803261,0.21512522,0.14209756,-0.0016479492,0.014862061,0.0022583008,-35.639954,3.3599854,32.03888,0,0.0,0.0,0.0,0.0
0.074707031,-0.019724919,0.9903,-0.13753873,-0.017501527,0.13720241,0.9903884,0.9996522,0.021942468,0.014625454,0.852653,0.36913252,-0.3697619,-0.34110853,0.929359,0.14119738,0.39576215,0.0057365703,0.91833514,10.126419,0.23928833,0.16151428,9.80324,0.21518211,0.14342672,4.8828125E-4,0.009353638,0.0042419434,-35.879517,3.718567,31.91986,0,0.0,0.0,0.0,0.0
0.083007812,-0.01967938,0.99030787,-0.13748845,-0.017627912,0.13715003,0.99039346,0.99965096,0.021913962,0.014758032,0.83656245,0.38865846,-0.38614503,-0.3556289,0.921362,0.15690832,0.41676307,0.006060717,0.908995,10.128815,0.22253418,0.15911865,9.803226,0.21490255,0.14472684,0.0055236816,0.024627686,0.0028686523,-35.879517,3.718567,31.91986,0,0.0,0.0,0.0,0.0
0.091308594,-0.019737383,0.9907763,-0.13406208,-0.01771307,0.13372064,0.99086064,0.9996483,0.02193165,0.014910396,0.80345106,0.42604673,-0.4158732,-0.38175362,0.90467644,0.18927419,0.45687035,0.006688561,0.8895081,10.119247,0.2524414,0.15194702,9.803201,0.21507603,0.14622104,0.010101318,0.0121154785,0.0014953613,-36.11908,3.5995483,31.91986,0,0.0,0.0,0.0,0.0
0.099609375,-0.019711912,0.99075395,-0.13423201,-0.017829895,0.1338884,0.9908361,0.99964666,0.021924613,0.015025841,0.7349762,0.4946851,-0.46378508,-0.42317286,0.8690366,0.2563202,0.529844,0.007872011,0.8480586,10.124039,0.2416687,0.15911865,9.803185,0.215007,0.14735317,0.003692627,0.0056915283,0.007446289,-36.239624,3.5385132,31.439209,0,0.0,0.0,0.0,0.0
0.107910156,-0.019681206,0.99075913,-0.13419719,-0.017882403,0.13385288,0.9908398,0.9996463,0.021900691,0.015082769,0.7349762,0.4946851,-0.46378508,-0.42317286,0.8690366,0.2563202,0.529844,0.007872011,0.8480586,10.124039,0.2416687,0.15911865,9.803182,0.21477242,0.14791144,0.003692627,0.0056915283,0.007446289,-36.239624,3.5385132,31.439209,0,0.0,0.0,0.0,0.0
0.116210937,-0.019649131,0.9907648,-0.13416086,-0.017968625,0.13381515,0.9908434,0.9996454,0.021879895,0.015173327,0.71769726,0.5105727,-0.47352532,-0.43137357,0.8597959,0.27325407,0.5466512,0.008152608,0.83732074,10.122833,0.24645996,0.18664551,9.803173,0.21456848,0.14879951,0.0024719238,3.5095215E-4,0.0057678223,-36.239624,3.5385132,31.439209,0,0.0,0.0,0.0,0.0
0.124511719,-0.019776331,0.9917445,-0.12669583,-0.017862393,0.12634991,0.9918249,0.9996448,0.021877749,0.01521619,0.6832312,0.5409051,-0.49052712,-0.44539592,0.8410387,0.30704468,0.5786343,0.008696253,0.8155408,10.128815,0.24885559,0.16749573,9.803167,0.21454743,0.14921986,0.002319336,1.9836426E-4,-3.3569336E-4,-36.358643,3.2989502,31.498718,0,0.0,0.0,0.0,0.0
0.1328125,-0.019794174,0.9917415,-0.1267161,-0.017886806,0.12636939,0.9918219,0.99964404,0.021898843,0.015237712,0.6660445,0.55549747,-0.4978025,-0.45137742,0.83146995,0.32390764,0.5938377,0.008959905,0.80453503,10.128815,0.24885559,0.16749573,9.80316,0.2147543,0.14943092,0.002166748,-0.0031585693,0.0037841797,-36.358643,3.2989502,31.498718,0,0.0,0.0,0.0,0.0
0.141113281,-0.019837182,0.9919441,-0.12511417,-0.017852886,0.1247674,0.99202543,0.9996438,0.021912636,0.015234028,0.6320478,0.58332515,-0.5101445,-0.46121117,0.8121835,0.35727045,0.62273574,0.009472329,0.78237486,10.1276245,0.24406433,0.15911865,9.803157,0.21488956,0.14939478,-0.0016479492,-0.0010223389,0.0018005371,-36.358643,3.2989502,31.91986,0,0.0,0.0,0.0,0.0
0.149414062,-0.019811908,0.9917196,-0.12688461,-0.01786345,0.12653813,0.9918008,0.99964404,0.021916064,0.015208573,0.5986908,0.609472,-0.51972413,-0.4684478,0.792745,0.39001542,0.6497122,0.009965005,0.76011497,10.13002,0.22970581,0.15672302,9.80316,0.21492317,0.14914516,-0.0051727295,-0.0040740967,0.005004883,-36.239624,3.3599854,31.91986,0,0.0,0.0,0.0,0.0
0.157714844,-0.0197935,0.99172264,-0.12686403,-0.017823914,0.12651873,0.9918041,0.99964523,0.021892486,0.0151721295,0.5823339,0.6218951,-0.52357775,-0.47113007,0.7830341,0.40607148,0.66251314,0.010204046,0.7489808,10.13002,0.22970581,0.15672302,9.803171,0.21469195,0.14878777,0.0068969727,-8.69751E-4,0.0037841797,-36.239624,3.3599854,31.91986,0,0.0,0.0,0.0,0.0
0.166015625,-0.0197934,0.9917227,-0.12686394,-0.017766377,0.12651987,0.991805,0.9996462,0.021885103,0.015115059,0.55031663,0.64555717,-0.5295352,-0.4748156,0.7636374,0.43750203,0.6868054,0.010666945,0.726763,10.1324005,0.23449707,0.114852905,9.803181,0.21461955,0.1482281,0.008728027,0.00340271,0.0011901855,-36.239624,3.3599854,31.91986,0,0.0,0.0,0.0,0.0
0.174316406,-0.01974478,0.99132156,-0.12996867,-0.017817603,0.12962449,0.99140316,0.9996463,0.021890765,0.0151035655,0.5346848,0.65681803,-0.5316975,-0.4758758,0.75397044,0.45284745,0.6983226,0.010891326,0.7157003,10.1324005,0.23449707,0.114852905,9.803182,0.21467508,0.14811538,0.0043029785,0.010894775,0.0018005371,-35.998535,3.5385132,32.458496,0,0.0,0.0,0.0,0.0
0.182617187,-0.019741356,0.9913221,-0.12996493,-0.01786588,0.12961973,0.9914029,0.99964553,0.021893576,0.015151969,0.48951975,0.68831545,-0.5353431,-0.4761662,0.72531974,0.49716908,0.7305041,0.01153823,0.68281084,10.11087,0.22732544,0.14596558,9.803174,0.21470264,0.14859006,-0.004852295,0.012878418,0.0024108887,-35.998535,3.5385132,32.458496,0,0.0,0.0,0.0,0.0
0.190917969,-0.019508783,0.9897633,-0.14137927,-0.018179126,0.14103164,0.9898382,0.99964434,0.021880686,0.015241674,0.47503942,0.6981364,-0.53567076,-0.47542188,0.7158685,0.511377,0.74048066,0.011745352,0.671975,10.11087,0.22732544,0.14596558,9.803163,0.21457623,0.14946976,-0.004852295,0.012420654,-9.613037E-4,-35.639954,3.9596558,32.63855,0,0.0,0.0,0.0,0.0
0.19921875,-0.019492604,0.9897661,-0.14136194,-0.018257871,0.14101283,0.98983943,0.99964327,0.021875514,0.015322314,0.46096697,0.70747215,-0.5357169,-0.47419262,0.7066402,0.5251676,0.7501005,0.011948074,0.66121584,10.11087,0.22732544,0.14596558,9.803152,0.21452552,0.15026057,0.008728027,0.0069122314,0.0040893555,-35.639954,3.9596558,32.63855,0,0.0,0.0,0.0,0.0
0.207519531,-0.019524299,0.99016905,-0.13850659,-0.018275732,0.1381564,0.99024177,0.9996423,0.021865083,0.015398657,0.433723,0.7252384,-0.53470886,-0.47071558,0.68838716,0.5518604,0.76831704,0.012341229,0.6399504,10.125229,0.23568726,0.15074158,9.803143,0.21442322,0.15100925,6.4086914E-4,0.011642456,0.0056152344,-35.099792,3.8986206,32.818604,0,0.0,0.0,0.0,0.0
0.215820312,-0.01946908,0.99017817,-0.13844861,-0.018346049,0.13809773,0.9902486,0.99964213,0.021819215,0.015477224,0.40764207,0.74193454,-0.5323167,-0.46606994,0.6703516,0.57741445,0.7852431,0.012718401,0.61905694,10.13002,0.23808289,0.16749573,9.803141,0.21397342,0.15177973,0.0073547363,0.006454468,-9.613037E-4,-35.099792,3.8986206,32.818604,0,0.0,0.0,0.0,0.0
0.224121094,-0.019352425,0.98931277,-0.1445185,-0.01854771,0.14416546,0.98937964,0.99964064,0.021827389,0.015559537,0.38278592,0.75754905,-0.5287669,-0.46036315,0.6526472,0.6017619,0.8009624,0.013078818,0.59857184,10.13002,0.23808289,0.16749573,9.803126,0.21405356,0.15258694,-0.0037994385,0.007369995,0.0037841797,-34.799194,4.1397095,32.998657,0,0.0,0.0,0.0,0.0
0.232421875,-0.019344052,0.9893143,-0.14450985,-0.018600546,0.14415579,0.9893803,0.99963987,0.021826582,0.015613227,0.37087175,0.7648922,-0.526682,-0.4571137,0.64402187,0.613419,0.80839413,0.013253801,0.5884922,10.115662,0.22612,0.1603241,9.803119,0.21404566,0.15311345,7.9345703E-4,0.0029449463,5.79834E-4,-34.799194,4.1397095,32.998657,0,0.0,0.0,0.0,0.0
0.240722656,-0.019299781,0.98893195,-0.14710887,-0.018704088,0.14675339,0.98899615,0.99963874,0.021838948,0.015664764,0.34794384,0.7788602,-0.52183515,-0.45001087,0.6270503,0.63584447,0.8224508,0.013593305,0.5686738,10.1276245,0.22372437,0.20219421,9.803107,0.21416692,0.15361886,0.007507324,-0.0019378662,0.0025634766,-34.67865,4.258728,33.17871,0,0.0,0.0,0.0,0.0
0.249023437,-0.019280788,0.9889353,-0.14708945,-0.01875952,0.14673308,0.9889983,0.99963814,0.021827994,0.01572282,0.3369481,0.7854676,-0.51914024,-0.44617173,0.6187498,0.64659065,0.82909393,0.013758229,0.55894,10.1276245,0.22372437,0.20219421,9.803102,0.2140595,0.1541882,0.0038452148,-0.010650635,0.0028686523,-34.67865,4.258728,33.17871,0,0.0,0.0,0.0,0.0
0.257324219,-0.019338803,0.9895477,-0.14290349,-0.018585281,0.14254974,0.98961323,0.9996403,0.021793833,0.01563428,0.31582755,0.79803616,-0.51321656,-0.4380324,0.60244507,0.66722375,0.84165347,0.0140778115,0.53983444,10.1324005,0.20817566,0.14476013,9.8031225,0.2137245,0.15331991,0.0030822754,-0.008666992,-0.002319336,-34.67865,4.1397095,33.358765,0,0.0,0.0,0.0,0.0
0.265625,-0.019327544,0.98954964,-0.142892,-0.018478584,0.14254074,0.9896165,0.99964243,0.021767296,0.01553051,0.29576793,0.80988663,-0.50656193,-0.42941263,0.58641005,0.6868246,0.8533031,0.014383385,0.5212168,10.137192,0.24287415,0.14237976,9.8031435,0.21346426,0.15230228,0.003540039,-0.0068359375,0.0030212402,-34.67865,4.1397095,33.358765,0,0.0,0.0,0.0,0.0
0.273925781,-0.019279663,0.9889354,-0.14708829,-0.018476062,0.14673811,0.98900276,0.9996434,0.021785256,0.015442571,0.28615382,0.8155191,-0.5030354,-0.42493168,0.5785478,0.69621515,0.8588068,0.014531073,0.51209354,10.137192,0.24287415,0.14237976,9.803153,0.21364038,0.15143989,0.00491333,-0.006515503,0.0010375977,-34.67865,4.258728,33.17871,0,0.0,0.0,0.0,0.0
0.282226562,-0.01928685,0.9889343,-0.14709565,-0.018387962,0.14674728,0.98900306,0.9996448,0.021779543,0.015354192,0.26780212,0.82613534,-0.4957645,-0.41564116,0.5632768,0.714116,0.8692091,0.014818355,0.49422258,10.092926,0.23091125,0.1483612,9.803167,0.21358436,0.1505732,0.0027770996,-0.016143799,0.008361816,-34.67865,4.258728,33.17871,0,0.0,0.0,0.0,0.0
0.290527344,-0.019233614,0.9885393,-0.14973378,-0.018323949,0.1493878,0.9886089,0.9996471,0.021758232,0.015240676,0.25048804,0.83606184,-0.4881151,-0.4060498,0.5484276,0.730993,0.8788511,0.015094035,0.47685727,10.133606,0.22253418,0.17228699,9.803189,0.21337537,0.14945997,0.0010986328,-0.01751709,0.0013427734,-34.61914,4.3792725,33.358765,0,0.0,0.0,0.0,0.0
0.298828125,-0.019214598,0.98854256,-0.14971448,-0.018208135,0.14937131,0.9886134,0.9996495,0.021721832,0.015129407,0.24222817,0.8407518,-0.48421267,-0.40115118,0.54120654,0.73903525,0.8834044,0.015227326,0.4683641,10.133606,0.22253418,0.17228699,9.803213,0.21301842,0.1483688,0.0072021484,-0.015380859,0.0030212402,-34.61914,4.3792725,33.358765,0,0.0,0.0,0.0,0.0
0.307128906,-0.019335942,0.98928624,-0.14470275,-0.017986853,0.14436218,0.98936146,0.99965125,0.021732982,0.015002767,0.22643033,0.8496744,-0.47621706,-0.39122,0.5270803,0.7544092,0.8920069,0.015484522,0.45175663,10.108475,0.2416687,0.13877869,9.80323,0.21312776,0.14712688,0.0024719238,-0.006668091,7.324219E-4,-34.799194,4.1992188,33.358765,0,0.0,0.0,0.0,0.0
0.315429687,-0.019353492,0.9892832,-0.14472067,-0.017922193,0.14438124,0.98935974,0.999652,0.021741278,0.014935845,0.21148132,0.8581231,-0.46786788,-0.38120487,0.51320285,0.76896405,0.89997697,0.015731974,0.43565354,10.114456,0.23449707,0.15194702,9.803238,0.21320912,0.1464706,0.0056762695,-0.0084991455,-0.0012664795,-34.799194,4.1992188,33.358765,0,0.0,0.0,0.0,0.0
0.323730469,-0.01941903,0.9895614,-0.14279747,-0.01782873,0.14245895,0.9896401,0.99965245,0.021763748,0.014876209,0.20434308,0.8621395,-0.46363708,-0.37616482,0.5064229,0.7759097,0.9037389,0.015852166,0.42779055,10.114456,0.23449707,0.15194702,9.803242,0.21342947,0.14588578,0.0030822754,-0.006515503,-7.9345703E-4,-34.799194,4.1397095,33.4198,0,0.0,0.0,0.0,0.0
0.33203125,-0.01945624,0.98955524,-0.14283547,-0.017742997,0.14249827,0.989636,0.9996532,0.021788921,0.014785195,0.19068284,0.8698178,-0.4550352,-0.36606663,0.49311078,0.78920025,0.91084313,0.016086275,0.41243902,10.1324005,0.2368927,0.12083435,9.803249,0.21367633,0.14499323,0.008117676,0.0017242432,0.0013427734,-34.799194,4.1397095,33.4198,0,0.0,0.0,0.0,0.0
0.340332031,-0.01949601,0.9898993,-0.14042538,-0.017670145,0.140089,0.9899813,0.9996538,0.021782022,0.014760489,0.17172797,0.8804115,-0.44202378,-0.3509152,0.47392604,0.8076216,0.9205259,0.016421653,0.39033616,10.112076,0.21296692,0.14715576,9.803255,0.21360867,0.14475095,0.009033203,0.0014190674,0.0030212402,-34.91974,4.0786743,33.599854,0,0.0,0.0,0.0,0.0
0.348632812,-0.019492934,0.9898999,-0.14042225,-0.017652104,0.14008631,0.98998207,0.9996542,0.021776399,0.0147431195,0.17172797,0.8804115,-0.44202378,-0.3509152,0.47392604,0.8076216,0.9205259,0.016421653,0.39033616,10.112076,0.21296692,0.14715576,9.803259,0.21355353,0.14458062,0.009033203,0.0014190674,0.0030212402,-34.91974,4.0786743,33.599854,0,0.0,0.0,0.0,0.0
0.356933594,-0.019442404,0.98958856,-0.14260589,-0.017689424,0.14227004,0.98966974,0.9996545,0.021764176,0.01473918,0.1600207,0.8869514,-0.43325576,-0.34088472,0.4615631,0.81899756,0.926386,0.016633712,0.37620783,10.119247,0.21534729,0.1531372,9.803262,0.21343365,0.14454198,-0.0010375977,0.0040130615,0.0030212402,-34.858704,4.1397095,33.47931,0,0.0,0.0,0.0,0.0
0.365234375,-0.019435696,0.9895898,-0.14259905,-0.017712433,0.1422628,0.9896705,0.9996542,0.021760708,0.014763062,0.14906693,0.8930296,-0.42459065,-0.33092198,0.4496829,0.82962394,0.9318099,0.016836887,0.36255595,10.119247,0.23210144,0.1531372,9.803259,0.21339965,0.14477618,0.0026245117,-0.0016326904,0.008514404,-34.858704,4.1397095,33.47931,0,0.0,0.0,0.0,0.0
0.373535156,-0.019464755,0.9900134,-0.13962318,-0.017667852,0.13928722,0.99009436,0.99965435,0.021738784,0.014780217,0.14384796,0.89592063,-0.4202785,-0.32598126,0.4438913,0.8346836,0.93436825,0.016935367,0.35590616,10.119247,0.23210144,0.1531372,9.803261,0.21318465,0.14494441,-5.79834E-4,-0.0027008057,2.746582E-4,-34.858704,4.0786743,33.779907,0,0.0,0.0,0.0,0.0
0.381835937,-0.019446233,0.99001634,-0.13960443,-0.017641176,0.13926934,0.99009734,0.99965525,0.021716451,0.014756789,0.13386431,0.90147454,-0.41161147,-0.31621206,0.4324932,0.84436935,0.93919665,0.017125593,0.34295252,10.116852,0.22372437,0.14117432,9.803269,0.21296564,0.14471467,0.0056762695,9.613037E-4,2.746582E-4,-34.858704,4.0786743,33.779907,0,0.0,0.0,0.0,0.0
0.390136719,-0.019224372,0.98807245,-0.15278506,-0.017920593,0.15244822,0.988149,0.9996546,0.021734541,0.014776123,0.124507084,0.9066723,-0.40304255,-0.30658484,0.42148045,0.8534401,0.943665,0.017307399,0.33044928,10.122833,0.22612,0.16390991,9.803263,0.21314304,0.14490427,0.0027770996,-8.69751E-4,0.0011901855,-34.799194,4.499817,33.47931,0,0.0,0.0,0.0,0.0
0.3984375,-0.01922349,0.98807263,-0.15278415,-0.01793752,0.15244696,0.98814887,0.9996543,0.021736236,0.0147930095,0.12013195,0.9090342,-0.39903027,-0.3017993,0.41635826,0.8576497,0.9457724,0.017395945,0.32436383,10.122833,0.22612,0.16390991,9.80326,0.21315967,0.14506987,0.0032348633,-0.003921509,0.0042419434,-34.799194,4.499817,33.47931,0,0.0,0.0,0.0,0.0
0.406738281,-0.01939093,0.9895291,-0.14302543,-0.017760584,0.14268884,0.9896082,0.9996542,0.021729637,0.014807744,0.11179374,0.91353446,-0.391097,-0.2923667,0.40638167,0.86566484,0.9497494,0.017567826,0.31251803,10.119247,0.22372437,0.16749573,9.803259,0.21309495,0.14521436,0.006286621,0.0030975342,0.0024108887,-34.799194,4.1397095,33.358765,0,0.0,0.0,0.0,0.0
0.415039062,-0.019370995,0.98953235,-0.14300506,-0.017791716,0.14266808,0.9896107,0.99965405,0.021714048,0.014841856,0.10386683,0.91790855,-0.38295633,-0.28316933,0.39639553,0.8733188,0.9534289,0.017732637,0.3010959,10.11087,0.21894836,0.16870117,9.803258,0.21294208,0.1455489,3.3569336E-4,0.001876831,0.003326416,-34.799194,4.1397095,33.358765,0,0.0,0.0,0.0,0.0
0.423339844,-0.019443527,0.9903381,-0.1373045,-0.017722005,0.13696751,0.99041706,0.9996539,0.021690512,0.014887642,0.10009367,0.9199911,-0.37894285,-0.2786446,0.39153433,0.87695956,0.9551641,0.017812267,0.29554063,10.11087,0.21894836,0.16870117,9.803256,0.21271126,0.1459979,0.002319336,0.001876831,0.003326416,-34.739685,3.9596558,33.47931,0,0.0,0.0,0.0,0.0
0.431640625,-0.019437434,0.990339,-0.13729829,-0.017739825,0.136961,0.99041754,0.9996537,0.021686826,0.0149062695,0.09284744,0.9240455,-0.37083587,-0.26977006,0.38186008,0.88397235,0.95843804,0.01796585,0.28473455,10.121643,0.23091125,0.14955139,9.803254,0.21267512,0.14618057,0.0033874512,0.0021820068,8.8500977E-4,-34.739685,3.9596558,33.47931,0,0.0,0.0,0.0,0.0
0.439941406,-0.019412717,0.9897694,-0.14134955,-0.017811723,0.14101139,0.9898477,0.99965286,0.021733312,0.014892084,0.086062826,0.9278438,-0.36290365,-0.2611022,0.3725289,0.8905323,0.9614671,0.018113207,0.27432296,10.1276245,0.25723267,0.13279724,9.8032465,0.213131,0.14604147,0.0017089844,-0.0045318604,-0.0041656494,-34.91974,4.019165,32.939148,0,0.0,0.0,0.0,0.0
0.448242187,-0.01948418,0.9897575,-0.14142384,-0.01777386,0.14108545,0.98983794,0.99965215,0.021799823,0.014842873,0.0828545,0.9296221,-0.3590793,-0.25684085,0.36806536,0.8936222,0.9628956,0.018185612,0.26926082,10.1276245,0.25723267,0.13279724,9.803239,0.21378325,0.14555886,0.006286621,-0.012329102,-0.00340271,-34.91974,4.019165,32.939148,0,0.0,0.0,0.0,0.0
0.456542969,-0.019668821,0.990772,-0.13410413,-0.017602086,0.13376613,0.9908565,0.99965155,0.021849494,0.014808633,0.07974847,0.93134344,-0.35530218,-0.25263342,0.36368406,0.8966104,0.9642699,0.018257897,0.2642917,10.116852,0.2416687,0.1758728,9.803234,0.21427037,0.1452231,0.010101318,-0.010192871,-3.0517578E-5,-35.21881,3.718567,32.63855,0,0.0,0.0,0.0,0.0
0.46484375,-0.019690203,0.99076855,-0.13412683,-0.01757662,0.13378908,0.9908539,0.99965155,0.021867609,0.014780027,0.07375997,0.9347284,-0.3476238,-0.24440493,0.3548863,0.9023979,0.9668639,0.01840013,0.25462863,10.104889,0.23449707,0.17826843,9.803234,0.214448,0.14494257,0.0020141602,-0.0043792725,8.8500977E-4,-35.21881,3.718567,32.63855,0,0.0,0.0,0.0,0.0
0.473144531,-0.019703086,0.9907297,-0.13441172,-0.01754076,0.1340746,0.99081606,0.999652,0.021879816,0.014736468,0.068153374,0.9379008,-0.34014297,-0.23639405,0.34640798,0.9078102,0.96926415,0.018537447,0.24532303,10.101303,0.2416687,0.16630554,9.803237,0.21456769,0.14451538,0.0015563965,-0.011413574,0.0028686523,-35.398865,3.6590576,32.159424,0,0.0,0.0,0.0,0.0
0.481445312,-0.019703077,0.99072963,-0.13441172,-0.017473912,0.13407604,0.9908169,0.9996531,0.021870842,0.014670213,0.065486714,0.93940985,-0.33648267,-0.23247021,0.3422908,0.9103816,0.97039634,0.018604295,0.24080029,10.103699,0.22970581,0.1483612,9.803248,0.2144797,0.14386564,-0.0013427734,1.9836426E-4,0.0027160645,-35.398865,3.6590576,32.159424,0,0.0,0.0,0.0,0.0
0.489746094,-0.01968579,0.9907326,-0.13439302,-0.017463299,0.13405785,0.9908197,0.9996537,0.021852009,0.014662424,0.060409583,0.9422865,-0.3293126,-0.22478627,0.33428305,0.9152737,0.9725337,0.018733656,0.23200697,10.114456,0.22492981,0.13639832,9.803254,0.21429501,0.14378926,9.460449E-4,0.0066070557,0.004547119,-35.398865,3.6590576,32.159424,0,0.0,0.0,0.0,0.0
0.498046875,-0.019880692,0.9923784,-0.12161301,-0.01723142,0.12127888,0.9924688,0.9996538,0.02182653,0.014688983,0.055656735,0.9449852,-0.32234347,-0.21732396,0.32656914,0.91984934,0.9745115,0.018857148,0.22354369,10.114456,0.22492981,0.13639832,9.803255,0.21404515,0.14404972,0.008270264,0.0055389404,-3.3569336E-4,-35.758972,3.239441,32.27997,0,0.0,0.0,0.0,0.0
0.506347656,-0.019857822,0.992382,-0.12158805,-0.017282229,0.121253155,0.9924711,0.9996534,0.021809628,0.014742748,0.053340673,0.9463547,-0.31869686,-0.21369006,0.3225757,0.9221071,0.97544414,0.018916536,0.21943298,10.104889,0.22132874,0.1603241,9.803252,0.2138794,0.14457698,0.0033874512,0.00630188,2.746582E-4,-35.758972,3.239441,32.27997,0,0.0,0.0,0.0,0.0
0.514648437,-0.019849619,0.9923005,-0.12225269,-0.01731478,0.12191726,0.99238926,0.99965304,0.021815326,0.0147614535,0.048935242,0.9489642,-0.31156456,-0.20658551,0.3148094,0.9264003,0.9772041,0.019031104,0.2114475,10.120438,0.22970581,0.13160706,9.803247,0.21393527,0.14476041,-0.0016479492,0.004470825,0.001953125,-35.758972,3.239441,32.099915,0,0.0,0.0,0.0,0.0
0.522949219,-0.019922836,0.99289453,-0.11731813,-0.017289564,0.11698173,0.9929835,0.999652,0.021811428,0.014836106,0.04481949,0.951402,-0.3046727,-0.19969516,0.30735618,0.9304053,0.97883254,0.019141363,0.20376593,10.116852,0.22851563,0.1758728,9.803238,0.21389703,0.14549251,0.0044555664,0.006149292,0.003479004,-35.699463,3.1188965,32.458496,0,0.0,0.0,0.0,0.0
0.53125,-0.019916348,0.9928954,-0.117311075,-0.01732556,0.11697399,0.9929838,0.99965155,0.021809094,0.014872776,0.042843018,0.9525937,-0.30121374,-0.19633557,0.3036393,0.9323388,0.9796003,0.019194767,0.20003684,10.107285,0.23449707,0.14476013,9.803233,0.21387416,0.14585212,0.003540039,0.006149292,0.003479004,-35.699463,3.1188965,32.458496,0,0.0,0.0,0.0,0.0
0.539550781,-0.019891668,0.9928992,-0.11728428,-0.017368477,0.116946615,0.9929864,0.99965125,0.021789204,0.0149188815,0.03908331,0.9548647,-0.29445878,-0.18977486,0.29641366,0.93601525,0.9810495,0.019298298,0.19279413,10.1324005,0.22612,0.14476013,9.80323,0.2136791,0.14630425,0.0055236816,0.009048462,0.0027160645,-35.699463,3.1188965,32.458496,0,0.0,0.0,0.0,0.0
0.547851562,-0.019735502,0.9919631,-0.124978445,-0.017571222,0.124639355,0.9920464,0.9996508,0.021774558,0.014970185,0.03556734,0.9569945,-0.28791773,-0.18342309,0.2894571,0.93945235,0.98239046,0.019396938,0.1858301,10.1324005,0.22612,0.14476013,9.8032255,0.21353547,0.14680737,4.8828125E-4,-1.0681152E-4,0.0014953613,-35.57892,3.4194946,32.759094,0,0.0,0.0,0.0,0.0
0.556152344,-0.019604182,0.99113524,-0.13140272,-0.017707651,0.13106315,0.9912159,0.99965096,0.021758806,0.01498129,0.03392379,0.9579649,-0.2848728,-0.18031976,0.28622586,0.9410418,0.98302287,0.019444492,0.18244986,10.146759,0.22372437,0.1375885,9.803227,0.213381,0.14691627,0.003540039,1.9836426E-4,0.0042419434,-35.57892,3.5995483,32.458496,0,0.0,0.0,0.0,0.0
0.564453125,-0.019612739,0.9911338,-0.13141194,-0.01770012,0.13107242,0.99121475,0.99965096,0.021766445,0.0149725,0.030839726,0.9597449,-0.27917495,-0.17425875,0.2801929,0.94399464,0.98421687,0.019536141,0.17588502,10.128815,0.24047852,0.14356995,9.803227,0.21345592,0.14683007,0.0018615723,-0.003768921,2.746582E-4,-35.57892,3.5995483,32.458496,0,0.0,0.0,0.0,0.0
0.572753906,-0.019650444,0.9916454,-0.12748769,-0.017606104,0.12714933,0.99172735,0.99965197,0.021732446,0.014960474,0.027949177,0.96141857,-0.2736662,-0.16840076,0.27438882,0.9467587,0.9853223,0.019624464,0.16957255,10.133606,0.21057129,0.14596558,9.803237,0.2131225,0.14671214,0.0043029785,-0.002090454,0.0043945313,-35.51941,3.5385132,32.998657,0,0.0,0.0,0.0,0.0
0.581054687,-0.019613668,0.99165124,-0.12744872,-0.017580325,0.12711148,0.9917327,0.9996531,0.021692105,0.014940428,0.026560023,0.9622392,-0.2709063,-0.16554825,0.2714938,0.94809544,0.98584396,0.019666625,0.1665079,10.108475,0.23808289,0.1651001,9.803248,0.21272689,0.14651555,0.009185791,-1.0681152E-4,0.003479004,-35.51941,3.5385132,32.998657,0,0.0,0.0,0.0,0.0
0.589355469,-0.019623121,0.99164975,-0.12745874,-0.017572591,0.12712151,0.9917315,0.99965304,0.021700647,0.014931335,0.023914522,0.9638073,-0.26552528,-0.15998837,0.2658677,0.9506409,0.98682916,0.019746836,0.16055606,10.121643,0.2368927,0.15074158,9.803247,0.21281065,0.14642638,0.0070495605,8.087158E-4,0.0027160645,-35.51941,3.5385132,32.998657,0,0.0,0.0,0.0,0.0
0.59765625,-0.019576546,0.991201,-0.13090985,-0.01765328,0.13057184,0.9912817,0.9996525,0.021716857,0.014941804,0.021434553,0.965282,-0.26032898,-0.15461919,0.26045656,0.95302427,0.9877416,0.019824209,0.1548339,10.121643,0.2368927,0.14237976,9.803243,0.21296963,0.14652905,-4.272461E-4,0.011947632,0.005004883,-35.398865,3.6590576,32.998657,0,0.0,0.0,0.0,0.0
0.605957031,-0.019525724,0.9909153,-0.1330627,-0.017754428,0.13272345,0.9909941,0.9996517,0.021712327,0.015001613,0.020263666,0.96596843,-0.25786492,-0.1520038,0.25789616,0.95414066,0.9881722,0.019862061,0.15205678,10.10968,0.23330688,0.14955139,9.803234,0.2129252,0.14711557,0.0032348633,0.0040130615,0.0016479492,-35.51941,3.779602,33.358765,0,0.0,0.0,0.0,0.0
0.614257812,-0.019514764,0.990917,-0.13305123,-0.017800292,0.13271113,0.9909949,0.9996511,0.02170738,0.015048786,0.018044515,0.9672594,-0.25314772,-0.14691152,0.25300583,0.95624536,0.98898506,0.019935332,0.14666691,10.10968,0.23330688,0.14955139,9.803228,0.21287669,0.14757818,0.010253906,0.0030975342,0.0024108887,-35.51941,3.779602,33.358765,0,0.0,0.0,0.0,0.0
0.622558594,-0.019511381,0.9909175,-0.13304769,-0.017818742,0.13270725,0.9909951,0.9996509,0.021706427,0.015067603,0.016986936,0.9678767,-0.25085106,-0.1444342,0.25063115,0.95724756,0.9893686,0.019970773,0.14405195,10.10968,0.23330688,0.14955139,9.803226,0.21286733,0.14776272,0.010253906,0.0021820068,0.0030212402,-35.51941,3.779602,33.358765,0,0.0,0.0,0.0,0.0
0.630859375,-0.019499613,0.990875,-0.13336614,-0.017833881,0.13302556,0.99095213,0.9996508,0.021701617,0.015077201,0.014969634,0.96905786,-0.24637938,-0.13961288,0.24601893,0.95915735,0.990093,0.020039506,0.13897578,10.124039,0.23091125,0.1483612,9.8032255,0.21282017,0.14785683,0.0029296875,-0.0023956299,0.0028686523,-35.279846,3.779602,33.239746,0,0.0,0.0,0.0,0.0
0.639160156,-0.019458318,0.99075687,-0.13424684,-0.017872697,0.13390613,0.9908328,0.9996509,0.021679295,0.015101908,0.013077393,0.9701685,-0.24207863,-0.13496433,0.24159648,0.96094525,0.9907642,0.020105325,0.1340976,10.108475,0.2141571,0.17706299,9.803226,0.21260126,0.14809912,0.004760742,-0.00819397,0.0010375977,-35.21881,3.779602,32.998657,0,0.0,0.0,0.0,0.0
0.647460937,-0.019455465,0.99075735,-0.13424386,-0.017816212,0.13390441,0.9908341,0.99965197,0.021668853,0.015046371,0.012177702,0.9706957,-0.24000323,-0.13270333,0.23946682,0.96179277,0.991081,0.020136803,0.13173072,10.140778,0.22372437,0.15553284,9.803237,0.21249886,0.1475545,0.003692627,-0.011871338,0.0031738281,-35.21881,3.779602,32.998657,0,0.0,0.0,0.0,0.0
0.655761719,-0.019627856,0.99197525,-0.12489936,-0.017577065,0.12456175,0.99205613,0.9996528,0.0216673,0.0149911335,0.01046006,0.9717054,-0.2359645,-0.12830232,0.2353311,0.9634095,0.99167997,0.020197475,0.12713364,10.13121,0.22612,0.1483612,9.803246,0.21248363,0.1470128,0.0010986328,0.0011138916,0.001953125,-35.639954,3.4194946,32.759094,0,0.0,0.0,0.0,0.0
0.6640625,-0.01963266,0.9919745,-0.124904506,-0.017556418,0.12456727,0.99205583,0.9996531,0.02166957,0.014969933,0.008798953,0.9727447,-0.2317117,-0.12406275,0.23099229,0.96501344,0.99223536,0.020255681,0.12271387,10.13121,0.22612,0.1375885,9.803248,0.21250589,0.1468049,0.0012512207,8.087158E-4,0.0011901855,-35.639954,3.4194946,32.759094,0,0.0,0.0,0.0,0.0
0.672363281,-0.019647393,0.99197215,-0.1249203,-0.017543688,0.12458313,0.992054,0.99965304,0.02168284,0.014955119,0.008006725,0.97324187,-0.22964361,-0.12200069,0.22888613,0.96577793,0.9924977,0.02028396,0.1205688,10.146759,0.23210144,0.1375885,9.803247,0.21263602,0.14665963,0.0056762695,-2.593994E-4,-0.0017089844,-35.639954,3.4194946,32.759094,0,0.0,0.0,0.0,0.0
0.680664062,-0.019709744,0.99208784,-0.12398862,-0.017507566,0.12365122,0.9921712,0.99965245,0.021726182,0.014931911,0.0064943377,0.9741934,-0.22562157,-0.117989235,0.22479673,0.9672358,0.99299365,0.020339357,0.11640423,10.116852,0.24885559,0.1268158,9.803242,0.21306106,0.14643203,0.0059814453,0.004470825,0.0018005371,-35.879517,3.2989502,32.099915,0,0.0,0.0,0.0,0.0
0.688964844,-0.019891113,0.9933103,-0.11374932,-0.017286729,0.11341313,0.9933975,0.99965274,0.021726137,0.014915174,0.0050674807,0.9750992,-0.22171134,-0.114124514,0.2208295,0.96861243,0.99345356,0.020394275,0.112401776,10.118057,0.21894836,0.110076904,9.803245,0.21306063,0.14626789,-0.0027160645,0.00920105,7.324219E-4,-36.11908,2.9388428,31.97937,0,0.0,0.0,0.0,0.0
0.697265625,-0.019879417,0.9933121,-0.11373628,-0.01730176,0.11339995,0.9933989,0.99965274,0.021716025,0.014931723,0.0043634735,0.97557783,-0.21961054,-0.11224637,0.21870257,0.9693141,0.99367076,0.020420913,0.11045938,10.116852,0.2141571,0.16270447,9.803245,0.21296147,0.14643018,-0.003189087,0.011505127,0.003479004,-36.11908,2.9388428,31.97937,0,0.0,0.0,0.0,0.0
0.705566406,-0.019921387,0.99393106,-0.10818511,-0.017292934,0.10784785,0.9940169,0.99965197,0.021673035,0.015039508,0.0030212738,0.9764936,-0.21552531,-0.10859423,0.21457209,0.9706524,0.99408156,0.020472199,0.10668985,10.112076,0.23808289,0.17108154,9.803237,0.21253987,0.1474872,0.006439209,0.013641357,0.0065307617,-36.05957,2.6992798,31.439209,0,0.0,0.0,0.0,0.0
0.713867187,-0.01988744,0.993936,-0.108146615,-0.017370826,0.10780817,0.99401987,0.99965125,0.021647105,0.01512146,0.0017406419,0.97740316,-0.21137659,-0.10508059,0.21038543,0.9719548,0.99446225,0.02051975,0.103072315,10.120438,0.22732544,0.13519287,9.80323,0.2122856,0.14829087,3.3569336E-4,0.014099121,5.79834E-4,-36.05957,2.6992798,31.439209,0,0.0,0.0,0.0,0.0
0.722167969,-0.0198778,0.99393743,-0.10813567,-0.017453188,0.1077956,0.99402,0.9996501,0.021646239,0.015204637,0.001131108,0.9778381,-0.20935966,-0.10337419,0.20835249,0.9725755,0.9946419,0.020542298,0.10131889,10.120438,0.22732544,0.13519287,9.803219,0.2122771,0.14910656,3.3569336E-4,0.0110321045,-3.0517578E-5,-36.05957,2.6992798,31.439209,0,0.0,0.0,0.0,0.0
0.73046875,-0.020128733,0.9953776,-0.09390542,-0.01723183,0.0935651,0.9954639,0.9996488,0.021655591,0.0152688315,-3.0769035E-5,0.97867,-0.2054386,-0.100059345,0.20440459,0.9737591,0.99498147,0.020586014,0.0979188,10.112076,0.24287415,0.20219421,9.803206,0.2123688,0.14973609,0.010559082,0.0052337646,5.79834E-4,-36.11908,2.218628,31.259155,0,0.0,0.0,0.0,0.0
0.738769531,-0.020187702,0.9956144,-0.09134796,-0.017285222,0.09100536,0.9957004,0.9996468,0.021679873,0.015372227,-0.00117613,0.97956747,-0.20111234,-0.09686954,0.20005506,0.9749843,0.9952964,0.020628368,0.09465496,10.097717,0.2368927,0.19262695,9.803186,0.21260694,0.15075006,0.0044555664,0.001876831,-1.8310547E-4,-35.998535,2.0996094,30.839539,0,0.0,0.0,0.0,0.0
0.747070312,-0.02019345,0.9956137,-0.09135462,-0.017338729,0.09101078,0.995699,0.9996457,0.02169057,0.015424852,-0.0017264653,0.98000604,-0.19896041,-0.095320955,0.19789349,0.9755778,0.99544513,0.0206494,0.09307346,10.102493,0.22970581,0.18424988,9.803176,0.21271183,0.15126613,0.0044555664,-0.0013275146,0.0024108887,-35.998535,2.0996094,30.839539,0,0.0,0.0,0.0,0.0
0.755371094,-0.020014608,0.9946528,-0.10131739,-0.017568685,0.10097215,0.99473417,0.99964535,0.021689227,0.015453823,-0.0027748123,0.98084325,-0.19477881,-0.09231213,0.19369663,0.9767088,0.9957262,0.020690631,0.09000625,10.102493,0.22970581,0.18424988,9.803172,0.21269865,0.15155023,0.0046081543,-0.006362915,0.0031738281,-36.299133,2.3986816,30.718994,0,0.0,0.0,0.0,0.0
0.763671875,-0.020020401,0.994652,-0.10132417,-0.017538149,0.10097951,0.99473387,0.9996457,0.021692012,0.015422705,-0.0037217066,0.9815552,-0.1911429,-0.08941734,0.19005188,0.9776937,0.99598736,0.020730175,0.087060735,10.108475,0.24047852,0.15672302,9.803176,0.21272597,0.15124507,0.002166748,-0.0072784424,0.0022583008,-36.299133,2.3986816,30.718994,0,0.0,0.0,0.0,0.0
0.771972656,-0.020035805,0.9946498,-0.10134221,-0.017464912,0.10099889,0.99473315,0.99964666,0.021700215,0.015347878,-0.0041734055,0.9818956,-0.18937702,-0.08801036,0.18828312,0.9781634,0.9961108,0.02074941,0.0856312,10.108475,0.24047852,0.15672302,9.803185,0.21280642,0.15051128,4.8828125E-4,-0.015991211,0.004547119,-36.299133,2.3986816,30.718994,0,0.0,0.0,0.0,0.0
0.780273437,-0.020008579,0.9946935,-0.10091744,-0.01731416,0.10057779,0.99477845,0.9996499,0.02165141,0.015209866,-0.0050362777,0.98254687,-0.18594693,-0.08527294,0.18485,0.97906023,0.99634486,0.020787062,0.082853705,10.124039,0.2141571,0.12921143,9.803217,0.2123278,0.14915784,0.0032348633,-0.006362915,0.004852295,-36.299133,2.3986816,30.839539,0,0.0,0.0,0.0,0.0
0.788574219,-0.01997148,0.99469876,-0.10087418,-0.017191371,0.10053773,0.9947848,0.99965274,0.021601487,0.015092347,-0.0054481924,0.98286,-0.18427281,-0.083940215,0.18317568,0.97949004,0.9964559,0.02080435,0.0815035,10.124039,0.2141571,0.12921143,9.803245,0.21183823,0.14800537,0.009643555,-0.006515503,0.0028686523,-36.299133,2.3986816,30.839539,0,0.0,0.0,0.0,0.0
0.796875,-0.019737564,0.9932055,-0.11468769,-0.01740897,0.11435123,0.99328774,0.9996536,0.021601677,0.015033672,-0.006233583,0.9834599,-0.1810188,-0.08134549,0.17992367,0.9803114,0.99666643,0.020835916,0.078878455,10.101303,0.21894836,0.15672302,9.803253,0.2118401,0.14742996,0.008728027,-0.012023926,0.010192871,-35.699463,2.8793335,31.079102,0,0.0,0.0,0.0,0.0
0.805175781,-0.019622542,0.99271864,-0.11884704,-0.017410433,0.11851262,0.9927999,0.99965584,0.021550437,0.014958142,-0.006928768,0.9839284,-0.17842908,-0.078850485,0.1773402,0.9809858,0.9968624,0.020866241,0.076354474,10.11087,0.23808289,0.1375885,9.803275,0.2113376,0.14668927,1.8310547E-4,-0.010040283,0.0066833496,-35.639954,3.0593872,31.439209,0,0.0,0.0,0.0,0.0
0.813476562,-0.019606493,0.9927212,-0.1188291,-0.01730377,0.11849722,0.9928037,0.99965805,0.021521589,0.014854503,-0.0072539942,0.9841384,-0.17725377,-0.077638,0.17616908,0.98129344,0.99695516,0.020879924,0.07512861,10.11087,0.23808289,0.1375885,9.803297,0.2110547,0.14567292,-0.0018005371,-0.009429932,0.007446289,-35.639954,3.0593872,31.439209,0,0.0,0.0,0.0,0.0
0.821777344,-0.019572286,0.9927264,-0.118790835,-0.01721876,0.11846128,0.9928093,0.99966013,0.021476978,0.014774958,-0.007876483,0.98454225,-0.17497025,-0.07527881,0.17389536,0.98188263,0.99713147,0.020905335,0.07274549,10.118057,0.22970581,0.1651001,9.803317,0.21061721,0.14489284,0.0017089844,-0.0023956299,0.0027160645,-35.639954,3.0593872,31.439209,0,0.0,0.0,0.0,0.0
0.830078125,-0.019403622,0.99179024,-0.12639475,-0.017364467,0.1260652,0.99187,0.9996609,0.021440646,0.0147757875,-0.008462975,0.9849254,-0.17277275,-0.07300699,0.17170925,0.9824388,0.99729556,0.020927975,0.07045327,10.124039,0.22372437,0.19023132,9.803325,0.21026091,0.14490098,-0.007156372,-0.008361816,0.0039367676,-35.398865,3.3599854,31.799316,0,0.0,0.0,0.0,0.0
0.838378906,-0.019381922,0.9917937,-0.12637097,-0.017368965,0.12604162,0.9918729,0.99966127,0.021419335,0.0147835,-0.00873208,0.9850833,-0.17185658,-0.071905285,0.17079967,0.98267853,0.9973732,0.020938227,0.06934126,10.124039,0.22372437,0.19023132,9.8033285,0.21005192,0.14497662,-0.0022583008,-0.0016326904,-1.8310547E-4,-35.398865,3.3599854,31.799316,0,0.0,0.0,0.0,0.0
0.846679687,-0.01928894,0.9910504,-0.1320871,-0.017406337,0.1317588,0.99112904,0.99966246,0.021416983,0.01470907,-0.009247631,0.98538744,-0.17007637,-0.06976619,0.1690334,0.98313797,0.99752045,0.02095728,0.06718358,10.124039,0.22372437,0.19023132,9.80334,0.21002886,0.14424671,0.0058288574,-0.010345459,-7.9345703E-4,-35.279846,3.5995483,32.159424,0,0.0,0.0,0.0,0.0
0.854980469,-0.019192893,0.9901485,-0.1387003,-0.017455552,0.13837287,0.99022645,0.9996634,0.021426396,0.01462781,-0.009720488,0.9856385,-0.16858914,-0.06770932,0.1675614,0.9835338,0.9976578,0.020975484,0.06510813,10.165909,0.23091125,0.1531372,9.8033495,0.21012117,0.14344981,0.006591797,-0.007446289,0.0024108887,-35.21881,3.8391113,32.27997,0,0.0,0.0,0.0,0.0
0.86328125,-0.019208422,0.99014574,-0.1387169,-0.017404163,0.13839035,0.99022484,0.999664,0.021434909,0.014574399,-0.009939174,0.98573714,-0.16799867,-0.0667108,0.16697901,0.983701,0.99772286,0.020984503,0.06409968,10.165909,0.23091125,0.1531372,9.803355,0.21020465,0.14292604,0.009490967,-0.0068359375,0.0042419434,-35.21881,3.8391113,32.27997,0,0.0,0.0,0.0,0.0
0.871582031,-0.019213034,0.99014497,-0.13872187,-0.01737601,0.13839583,0.9902245,0.99966437,0.02143565,0.014545765,-0.010360767,0.98592734,-0.16685262,-0.06477044,0.16584946,0.98402166,0.99784636,0.02100234,0.06214062,10.120438,0.21774292,0.14237976,9.803359,0.21021192,0.14264522,0.009643555,-0.0025482178,0.0014953613,-35.21881,3.8391113,32.27997,0,0.0,0.0,0.0,0.0
0.879882812,-0.019253116,0.99049056,-0.13622727,-0.017284308,0.13590243,0.9905715,0.99966526,0.021426182,0.014503398,-0.010761689,0.98610896,-0.16575085,-0.06290467,0.16476448,0.984325,0.9979615,0.0210195,0.06025771,10.124039,0.21894836,0.16870117,9.803368,0.21011907,0.14222975,0.0030822754,-0.0014801025,0.0024108887,-35.21881,3.779602,32.458496,0,0.0,0.0,0.0,0.0
0.888183594,-0.019240092,0.99049264,-0.13621338,-0.017293153,0.13588855,0.99057317,0.9996654,0.02141428,0.014514235,-0.010957727,0.9862048,-0.16516647,-0.061997946,0.16418853,0.9844788,0.9980161,0.021027632,0.05934354,10.124039,0.21894836,0.16870117,9.803369,0.21000235,0.14233603,0.0068969727,0.005996704,7.324219E-4,-35.21881,3.779602,32.458496,0,0.0,0.0,0.0,0.0
0.896484375,-0.019458566,0.9922267,-0.122912094,-0.017018158,0.122588865,0.9923116,0.99966586,0.0214007,0.01450047,-0.011334593,0.98639,-0.1640313,-0.060238075,0.16307034,0.98477376,0.99811965,0.021042941,0.0575699,10.122833,0.22132874,0.119644165,9.803373,0.20986918,0.14220104,9.460449E-4,0.0012664795,0.004699707,-35.21881,3.3599854,32.699585,0,0.0,0.0,0.0,0.0
