Time,Rot1,Rot2,Rot3,Rot4,Rot5,Rot6,Rot7,Rot8,Rot9,FRot1,FRot2,FRot3,FRot4,FRot5,FRot6,FRot7,FRot8,FRot9,AccX,AccY,AccZ,GravX,GravY,GravZ,GyroX,GyroY,GyroZ,MagX,MagY,MagZ,Imid
0.0,0.0,0.0,0.0,0.0,0.0,0.0,0.0,0.0,0.0,0.0,0.0,0.0,0.0,0.0,0.0,0.0,0.0,0.0,0.0,0.0,0.0,9.802068,0.19061159,-0.23132609,0.0,0.0,0.0,0.0,0.0,0.0,0,0.0,0.0,0.0,0.0
0.008300781,-0.016790679,0.99414355,0.10675497,0.025606245,-0.106307454,0.99400353,0.9995311,0.01942359,-0.023671309,1.0,0.0,0.0,0.0,1.0,0.0,0.0,0.0,1.0,10.052246,0.19262695,-0.15911865,9.802052,0.19048034,-0.23213625,-0.003112793,-0.05307007,0.005508423,-26.339722,-4.0786743,33.839417,0,0.0,0.0,0.0,0.0
0.016601563,-0.016823562,0.9945351,0.10303827,0.025780885,-0.102587104,0.99438983,0.999526,0.019385597,-0.023914116,0.99892884,0.033540178,-0.03187914,-0.033535507,0.99943733,6.8131695E-4,0.031884048,3.8849586E-4,0.9994915,10.063019,0.19381714,-0.14955139,9.802003,0.19010778,-0.23451738,-0.0064697266,-0.07078552,0.0073394775,-26.45874,-3.9596558,33.898926,0,0.0,0.0,0.0,0.0
0.024902344,-0.016707772,0.99452776,0.103127785,0.026319765,-0.10266898,0.9943673,0.9995139,0.019327963,-0.024460368,0.9907705,0.09833265,-0.093297854,-0.09800697,0.99515295,0.008077564,0.093639925,0.0011408282,0.99560547,10.057037,0.19381714,-0.24645996,9.801884,0.18954256,-0.23987427,-0.0012817383,-0.08085632,0.008865356,-26.45874,-3.9596558,33.898926,0,0.0,0.0,0.0,0.0
0.033203125,-0.016612932,0.99470663,0.10140335,0.02692401,-0.100935526,0.99452853,0.99949944,0.019252222,-0.025104659,0.97547656,0.16017547,-0.15096103,-0.15857928,0.9870868,0.022633247,0.15263692,0.0018610848,0.98828053,10.057037,0.19381714,-0.24645996,9.801742,0.18879981,-0.2461926,-0.011810303,-0.081466675,0.0048980713,-26.879883,-3.8986206,33.839417,0,0.0,0.0,0.0,0.0
0.041503906,-0.016475733,0.9946979,0.10151133,0.027603036,-0.101033926,0.99450004,0.9994832,0.019187137,-0.025792075,0.9654902,0.18992847,-0.17820148,-0.18718165,0.98179543,0.032260418,0.18108457,0.0022089302,0.9834651,10.055832,0.19502258,-0.26919556,9.801582,0.18816155,-0.25293386,-0.026473999,-0.072006226,0.0070343018,-26.879883,-3.8986206,33.839417,0,0.0,0.0,0.0,0.0
0.049804688,-0.016624572,0.9955273,0.092999764,0.028077072,-0.09251113,0.99531573,0.99946755,0.019157857,-0.026413534,0.94147223,0.2471458,-0.22923568,-0.24083257,0.968974,0.05557902,0.23585954,0.0028813109,0.97178286,10.072586,0.1986084,-0.27397156,9.801429,0.1878744,-0.2590283,-0.04296875,-0.068344116,0.0042877197,-26.45874,-3.6590576,34.439087,0,0.0,0.0,0.0,0.0
0.058105469,-0.016560182,0.9955238,0.09304885,0.028586663,-0.092552155,0.9952974,0.99945414,0.01914226,-0.026926024,0.9277337,0.2744403,-0.2529679,-0.26564953,0.9615988,0.06897879,0.26218417,0.003206863,0.96501255,10.036697,0.19621277,-0.23449707,9.801297,0.18772146,-0.2640541,-0.04449463,-0.06742859,0.002456665,-26.45874,-3.6590576,34.439087,0,0.0,0.0,0.0,0.0
0.06640625,-0.016361285,0.99504805,0.098039515,0.029340908,-0.09753261,0.99479973,0.99943554,0.019152768,-0.027599853,0.8973146,0.32675853,-0.29674122,-0.3115071,0.94510007,0.098738,0.3127136,0.0038379468,0.94983965,10.051056,0.2033844,-0.36489868,9.801115,0.1878245,-0.2706621,-0.0134887695,-0.061920166,0.0013885498,-27.119446,-3.8391113,34.439087,0,0.0,0.0,0.0,0.0
0.074707031,-0.016263483,0.9950421,0.09811587,0.029868446,-0.09760156,0.9947772,0.9994215,0.019109111,-0.02813302,0.8636257,0.3762645,-0.335523,-0.35245886,0.9265016,0.1317858,0.36044893,0.0044444543,0.93276834,10.061813,0.16390991,-0.33021545,9.800978,0.18739638,-0.2758907,-0.013946533,-0.029556274,0.0029144287,-27.119446,-3.8391113,34.439087,0,0.0,0.0,0.0,0.0
0.083007813,-0.01617083,0.9950364,0.0981882,0.030213881,-0.09766991,0.99476004,0.9994126,0.019052744,-0.028484512,0.84582776,0.39990798,-0.35305646,-0.3710346,0.91654307,0.149272,0.38328654,0.004737767,0.9236173,10.061813,0.16390991,-0.33021545,9.80089,0.1868436,-0.27933764,-0.015777588,-0.020080566,0.0027618408,-27.119446,-3.8391113,34.439087,0,0.0,0.0,0.0,0.0
0.091308594,-0.016136395,0.9950733,0.097820245,0.030308783,-0.09730123,0.9947934,0.99941033,0.01901719,-0.028589368,0.80878717,0.44502318,-0.38447067,-0.40445834,0.89550334,0.18570732,0.42693883,0.0053046774,0.904265,10.066605,0.17468262,-0.2596283,9.800868,0.18649495,-0.28036594,-0.026168823,-0.008483887,-2.89917E-4,-26.879883,-3.8391113,34.61914,0,0.0,0.0,0.0,0.0
0.099609375,-0.016104043,0.99507135,0.097845145,0.030365847,-0.097325966,0.99478924,0.99940914,0.01899128,-0.028648842,0.7703829,0.4873018,-0.41115338,-0.4330501,0.873214,0.22352819,0.46795058,0.0058477283,0.88373524,10.088135,0.1758728,-0.28355408,9.800856,0.18624084,-0.28094918,-0.011810303,-0.0037384033,0.0015411377,-26.879883,-3.8391113,34.61914,0,0.0,0.0,0.0,0.0
0.107910156,-0.016349556,0.99587864,0.08921068,0.030294716,-0.08868825,0.9955987,0.9994073,0.018980209,-0.028719844,0.7508536,0.50741434,-0.42278793,-0.44560918,0.86168057,0.2427738,0.48749503,0.006110617,0.8731044,10.061813,0.18185425,-0.3409729,9.8008375,0.18613227,-0.28164548,-0.011810303,0.011672974,-0.0021209717,-26.638794,-3.5385132,34.61914,0,0.0,0.0,0.0,0.0
0.116210938,-0.01640104,0.9959429,0.08848006,0.0301902,-0.08795834,0.9956665,0.9994096,0.019001195,-0.028625108,0.71162826,0.54536474,-0.4429023,-0.46717203,0.8381727,0.2814549,0.5247242,0.006620286,0.85124654,10.039093,0.19023132,-0.28953552,9.80086,0.18633808,-0.28071642,-0.005859375,0.020996094,-0.0033416748,-26.818848,-3.5385132,34.858704,0,0.0,0.0,0.0,0.0
0.124511719,-0.016451458,0.99594545,0.088441536,0.030037342,-0.08792129,0.9956744,0.9994134,0.019036846,-0.028469123,0.67236835,0.58076614,-0.45894608,-0.48458037,0.8140394,0.32019007,0.55955577,0.007110601,0.82876223,10.059433,0.18304443,-0.29193115,9.800898,0.1866877,-0.27918673,-0.011810303,0.02130127,-0.008850098,-26.818848,-3.5385132,34.858704,0,0.0,0.0,0.0,0.0
0.1328125,-0.01651924,0.995949,0.08838973,0.02987493,-0.08787067,0.9956837,0.99941707,0.019088576,-0.02830235,0.6528446,0.59755677,-0.46553177,-0.49182972,0.8017929,0.33945784,0.5761054,0.0073491414,0.8173424,10.059433,0.18304443,-0.29193115,9.800934,0.18719499,-0.27755123,-0.011810303,0.021148682,-0.0074768066,-26.818848,-3.5385132,34.858704,0,0.0,0.0,0.0,0.0
0.141113281,-0.016303942,0.99506104,0.09791692,0.02985062,-0.09740187,0.99479735,0.99942136,0.019141998,-0.028115155,0.614219,0.62939286,-0.47602484,-0.5036142,0.77704805,0.37758327,0.60754234,0.0078140525,0.7942488,10.04866,0.18424988,-0.27876282,9.800976,0.18771888,-0.2757155,-0.0015869141,0.0234375,-0.006713867,-27.119446,-3.8391113,34.498596,0,0.0,0.0,0.0,0.0
0.149414063,-0.016362049,0.9950645,0.09787162,0.029673923,-0.09735834,0.9948068,0.99942565,0.019181317,-0.027934488,0.5761933,0.65929013,-0.48305044,-0.512262,0.75184315,0.41511372,0.6368586,0.008262667,0.7709363,10.061813,0.18424988,-0.27876282,9.801018,0.18810447,-0.27394375,-0.009979248,0.014434814,-0.0047302246,-27.119446,-3.8391113,34.498596,0,0.0,0.0,0.0,0.0
0.157714844,-0.016217789,0.99442226,0.10421835,0.029596975,-0.10370893,0.9941672,0.9994303,0.01920774,-0.027749958,0.5575543,0.67343074,-0.48541138,-0.51541185,0.73920166,0.43351063,0.65075636,0.008481055,0.7592393,10.057037,0.18424988,-0.2524414,9.801064,0.1883636,-0.27213413,-0.0134887695,0.015350342,-0.0028839111,-27.23999,-4.0786743,34.67865,0,0.0,0.0,0.0,0.0
0.166015625,-0.016105188,0.9939022,0.10908284,0.029515333,-0.10857688,0.99364984,0.9994346,0.019222533,-0.027586702,0.521014,0.7003537,-0.48790273,-0.51969063,0.7137404,0.46957022,0.6771012,0.008905858,0.7358361,10.085754,0.19621277,-0.22253418,9.8011055,0.18850866,-0.27053314,-0.009521484,-0.0046539307,0.0036773682,-27.119446,-4.258728,34.799194,0,0.0,0.0,0.0,0.0
0.174316406,-0.016112834,0.99390274,0.109076954,0.0294688,-0.10857168,0.9936518,0.99943584,0.019224912,-0.027539723,0.48566324,0.7254387,-0.48771906,-0.5214205,0.6882237,0.50444895,0.70160663,0.0093144225,0.71250355,10.060623,0.20458984,-0.23091125,9.801118,0.188532,-0.27007243,0.003768921,-0.022064209,3.2043457E-4,-27.119446,-4.258728,34.799194,0,0.0,0.0,0.0,0.0
0.182617188,-0.016079364,0.9939004,0.10910276,0.029583229,-0.10859619,0.9936456,0.9994329,0.019204803,-0.027656626,0.46851176,0.73727345,-0.486749,-0.5213789,0.67552745,0.52137005,0.7132046,0.009512645,0.7008914,10.051056,0.18544006,-0.26200867,9.801089,0.18833478,-0.27121887,0.003768921,-0.026031494,3.2043457E-4,-27.119446,-4.258728,34.799194,0,0.0,0.0,0.0,0.0
0.190917969,-0.015824886,0.99291694,0.11775141,0.02990793,-0.11724341,0.9926527,0.9994274,0.019230321,-0.027840732,0.4353117,0.75960124,-0.4832284,-0.519655,0.65031374,0.5541215,0.7351615,0.009896478,0.6778198,10.071396,0.21176147,-0.27038574,9.801035,0.18858503,-0.27302432,-0.0049438477,-0.026809692,0.0013885498,-27.418518,-4.499817,34.259033,0,0.0,0.0,0.0,0.0
0.19921875,-0.015825309,0.992917,0.11775108,0.030102741,-0.117239304,0.9926473,0.9994215,0.019253582,-0.028034177,0.41918927,0.77023345,-0.4806462,-0.5181123,0.6376823,0.5700183,0.74554676,0.010083166,0.66637707,10.071396,0.21176147,-0.27038574,9.800978,0.18881315,-0.2749214,-0.012420654,-0.027114868,9.3078613E-4,-27.418518,-4.499817,34.259033,0,0.0,0.0,0.0,0.0
0.207519531,-0.015932085,0.99340516,0.113544606,0.030262072,-0.113027915,0.9931309,0.99941504,0.019258741,-0.028261727,0.38811737,0.7902623,-0.474184,-0.51365817,0.6126797,0.60064864,0.7651929,0.010446335,0.64371634,10.052246,0.19740295,-0.29910278,9.800914,0.18886374,-0.27715287,-0.01914978,-0.017944336,-0.0022735596,-26.759338,-4.3792725,34.55963,0,0.0,0.0,0.0,0.0
0.215820313,-0.015929813,0.9935026,0.112689584,0.030436296,-0.11216984,0.9932229,0.9994098,0.019251706,-0.02845169,0.35871747,0.8086356,-0.4662942,-0.5075204,0.5882108,0.6296278,0.7834187,0.010795326,0.6214005,10.052246,0.17945862,-0.3026886,9.800862,0.18879475,-0.27901578,-0.020370483,-0.0115356445,-0.003036499,-27.059937,-4.319763,34.259033,0,0.0,0.0,0.0,0.0
0.224121094,-0.01592355,0.993502,0.11269447,0.030550852,-0.1121727,0.99321896,0.9994064,0.019258482,-0.02856615,0.34462216,0.81726587,-0.46185714,-0.5039119,0.57615644,0.6435189,0.792028,0.0109644625,0.61038625,10.052246,0.17945862,-0.3026886,9.800828,0.18886119,-0.28013822,-0.016998291,6.866455E-4,-0.004425049,-27.059937,-4.319763,34.259033,0,0.0,0.0,0.0,0.0
0.232421875,-0.015939152,0.9935033,0.1126823,0.0305548,-0.112160005,0.9932203,0.999406,0.01927407,-0.028568555,0.31761914,0.8334978,-0.45210552,-0.49576256,0.55240726,0.67012364,0.808293,0.011292923,0.58867216,10.061813,0.17945862,-0.29193115,9.800825,0.18901408,-0.28016183,-0.009521484,0.004501343,-0.0022735596,-27.059937,-4.319763,34.259033,0,0.0,0.0,0.0,0.0
0.240722656,-0.015729772,0.99268204,0.119728975,0.03063605,-0.11920907,0.9923964,0.99940675,0.019278191,-0.028536722,0.29218513,0.8484373,-0.44134098,-0.48653525,0.5291684,0.695172,0.82335365,0.011608994,0.5674098,10.076172,0.17945862,-0.28115845,9.800833,0.18905447,-0.27984965,-0.014862061,0.006942749,-0.0050354004,-27.418518,-4.559326,34.199524,0,0.0,0.0,0.0,0.0
0.249023438,-0.015744722,0.99268323,0.11971715,0.030583614,-0.11919784,0.9923994,0.9994081,0.019286433,-0.028483102,0.27997884,0.85552466,-0.43553346,-0.48161376,0.51762843,0.7071839,0.83045775,0.011762385,0.5569574,10.076172,0.17945862,-0.28115845,9.800846,0.18913531,-0.27932382,-0.017303467,0.0077056885,-0.0039520264,-27.418518,-4.559326,34.199524,0,0.0,0.0,0.0,0.0
0.257324219,-0.015843613,0.99284893,0.11832113,0.030471217,-0.11780157,0.99256945,0.99941003,0.019331276,-0.028386915,0.2567083,0.8688276,-0.4233668,-0.47116694,0.49496785,0.7300742,0.84386164,0.012060352,0.53642523,10.055832,0.20219421,-0.2644043,9.800865,0.18957508,-0.27838057,-0.0066223145,0.005722046,0.0016937256,-27.479553,-4.499817,34.07898,0,0.0,0.0,0.0,0.0
0.265625,-0.015881304,0.9929149,0.11776116,0.030387236,-0.11724232,0.99263835,0.99941206,0.01934283,-0.02830998,0.23494528,0.88101244,-0.41063097,-0.46003032,0.47293192,0.7514702,0.8562551,0.012348294,0.5164055,10.074982,0.19262695,-0.27278137,9.800884,0.18968837,-0.27762607,-0.0105896,0.0029754639,-0.0010528564,-27.2995,-4.499817,34.259033,0,0.0,0.0,0.0,0.0
0.273925781,-0.015894307,0.992916,0.11775094,0.030329414,-0.11723287,0.9926413,0.9994136,0.019348662,-0.028251221,0.22460759,0.8867167,-0.40408525,-0.4542504,0.46214446,0.76162916,0.8620951,0.012488192,0.5065926,10.074982,0.19262695,-0.27278137,9.8008995,0.18974556,-0.27704984,-0.008911133,0.005569458,-0.0024261475,-27.2995,-4.499817,34.259033,0,0.0,0.0,0.0,0.0
0.282226563,-0.01590503,0.99291676,0.1177425,0.030274356,-0.11722518,0.9926438,0.99941504,0.019352607,-0.028195446,0.2049729,0.89740753,-0.39069915,-0.44235137,0.44101802,0.78091514,0.87310445,0.012759879,0.48736617,10.074982,0.19621277,-0.24885559,9.800914,0.18978424,-0.27650288,-3.6621094E-4,-3.8146973E-4,4.7302246E-4,-27.2995,-4.499817,34.259033,0,0.0,0.0,0.0,0.0
0.290527344,-0.015814112,0.9925849,0.12052015,0.030317899,-0.12000378,0.99231035,0.99941516,0.019346427,-0.028195336,0.18667479,0.9072012,-0.37701273,-0.43009406,0.42049557,0.7988758,0.88327324,0.013020965,0.46867776,10.066605,0.18664551,-0.27038574,9.800915,0.18972364,-0.2765018,-0.0064697266,-0.019622803,0.002456665,-27.359009,-4.559326,33.95996,0,0.0,0.0,0.0,0.0
0.298828125,-0.015788008,0.99258274,0.120540895,0.030401396,-0.120023645,0.99230534,0.9994131,0.019331137,-0.02828097,0.17798343,0.9118058,-0.37004334,-0.42387274,0.41041115,0.80739987,0.8880618,0.01314748,0.45953602,10.066605,0.18664551,-0.27038574,9.800895,0.1895737,-0.27734157,-0.006011963,-0.0184021,0.0012359619,-27.359009,-4.559326,33.95996,0,0.0,0.0,0.0,0.0
0.307128906,-0.015732894,0.99242306,0.121856004,0.030591357,-0.121336274,0.9921399,0.9994081,0.019336974,-0.028450599,0.16152582,0.9204207,-0.3559988,-0.41127682,0.39069986,0.823532,0.8970846,0.013392363,0.44165578,10.07019,0.20458984,-0.29431152,9.800846,0.18963094,-0.27900508,-0.011810303,-0.023742676,-0.0013580322,-27.359009,-4.559326,33.599854,0,0.0,0.0,0.0,0.0
0.315429688,-0.015764548,0.99270594,0.119525746,0.030723752,-0.11900322,0.9924184,0.9994036,0.019317308,-0.028623618,0.14622572,0.92831284,-0.3418382,-0.39855167,0.37155026,0.83851475,0.90541404,0.01362778,0.42431083,10.052246,0.18544006,-0.27757263,9.800801,0.18943809,-0.28070182,-0.015167236,-0.020843506,6.2561035E-4,-27.23999,-4.499817,33.779907,0,0.0,0.0,0.0,0.0
0.323730469,-0.015722401,0.99270254,0.11955929,0.030895233,-0.11903464,0.9924092,0.9993989,0.019296868,-0.028798267,0.13901672,0.9319806,-0.33479336,-0.3921531,0.3622477,0.84557235,0.9093351,0.013741575,0.4158376,10.052246,0.18544006,-0.27757263,9.8007555,0.18923764,-0.28241453,-0.015625,-0.019622803,6.2561035E-4,-27.23999,-4.499817,33.779907,0,0.0,0.0,0.0,0.0
0.33203125,-0.015684998,0.99269956,0.119589046,0.031053519,-0.11906242,0.99240094,0.9993946,0.019279469,-0.02895932,0.12540036,0.9388317,-0.3207333,-0.37934098,0.3440933,0.8588948,0.9167198,0.013961573,0.39928675,10.057037,0.17826843,-0.29910278,9.800714,0.189067,-0.28399393,-0.016235352,-0.0049743652,-0.0062561035,-27.23999,-4.499817,33.779907,0,0.0,0.0,0.0,0.0
0.340332031,-0.015577034,0.9922798,0.123036645,0.031202385,-0.12250924,0.9919768,0.99939173,0.019291094,-0.02905317,0.11897742,0.94202775,-0.31373256,-0.3729426,0.33524,0.86517507,0.9201946,0.014067936,0.39120826,10.057037,0.17826843,-0.29910278,9.800685,0.18918101,-0.28491428,-0.0069274902,-0.0049743652,-0.0062561035,-27.418518,-4.559326,33.299255,0,0.0,0.0,0.0,0.0
0.348632813,-0.01556862,0.9922791,0.123043455,0.031235883,-0.12251564,0.99197483,0.9993907,0.019287052,-0.029087316,0.10681375,0.9480347,-0.29970166,-0.36021173,0.31784663,0.8770525,0.92673534,0.01427478,0.3754436,10.041473,0.16270447,-0.29910278,9.800675,0.18914136,-0.28524914,-0.0107421875,8.392334E-4,-0.0047302246,-27.418518,-4.559326,33.299255,0,0.0,0.0,0.0,0.0
0.356933594,-0.015254067,0.9910261,0.13279511,0.03138258,-0.1322706,0.9907167,0.999391,0.019279912,-0.029083293,0.095582135,0.9535016,-0.28583017,-0.34758732,0.30104047,0.8880077,0.93276316,0.014473273,0.36019912,10.065414,0.17347717,-0.29193115,9.800678,0.18907136,-0.2852097,-0.0047912598,0.0016021729,-9.0026855E-4,-27.418518,-4.8599243,33.1192,0,0.0,0.0,0.0,0.0
0.365234375,-0.015237264,0.99102455,0.13280879,0.031360257,-0.1322852,0.9907155,0.999392,0.01926071,-0.02906312,0.090230234,0.9561036,-0.27879095,-0.34134617,0.29266638,0.89321285,0.93559676,0.01456941,0.35276964,10.065414,0.17347717,-0.29193115,9.800688,0.18888305,-0.28501186,-0.0032653809,0.0037384033,0.001083374,-27.418518,-4.8599243,33.1192,0,0.0,0.0,0.0,0.0
0.373535156,-0.015076908,0.9904453,0.13707913,0.03136976,-0.13655868,0.99013513,0.9993941,0.019228317,-0.029011155,0.08016407,0.96094286,-0.26488212,-0.328987,0.27635324,0.902993,0.9409258,0.014755192,0.33829132,10.04866,0.17826843,-0.27038574,9.800709,0.18856537,-0.28450224,-0.008911133,8.392334E-4,0.0016937256,-27.598572,-4.978943,32.939148,0,0.0,0.0,0.0,0.0
0.381835938,-0.01506979,0.99044466,0.137085,0.03137437,-0.13656467,0.99013424,0.9993941,0.019222068,-0.029016575,0.070847236,0.965373,-0.2510692,-0.31683153,0.26044592,0.91202295,0.94583213,0.0149323335,0.32431245,10.074982,0.19142151,-0.30867004,9.800708,0.18850408,-0.28455538,-0.009979248,-0.0016021729,-0.0018157959,-27.598572,-4.978943,32.939148,0,0.0,0.0,0.0,0.0
0.390136719,-0.015110364,0.990612,0.13586642,0.031368595,-0.13534538,0.99030185,0.99939364,0.01922576,-0.029028986,0.066474654,0.967427,-0.24426627,-0.31083247,0.25270408,0.9162553,0.9481373,0.015018132,0.31750613,10.074982,0.19142151,-0.30867004,9.800704,0.1885403,-0.28467712,-0.009063721,0.0031280518,0.0032196045,-27.418518,-4.9194336,32.818604,0,0.0,0.0,0.0,0.0
0.3984375,-0.015120864,0.99061286,0.13585778,0.03133365,-0.13533711,0.99030393,0.9993946,0.019231174,-0.028993107,0.058282252,0.971224,-0.23092662,-0.29900357,0.2376833,0.9241772,0.95247054,0.015184758,0.30425218,10.057037,0.20100403,-0.28115845,9.800714,0.1885934,-0.28432527,-0.010894775,0.001449585,-0.0015106201,-27.418518,-4.9194336,32.818604,0,0.0,0.0,0.0,0.0
0.406738281,-0.015334434,0.99150133,0.12918952,0.031211061,-0.1286671,0.9911966,0.9993952,0.019231582,-0.028972773,0.05076413,0.97465104,-0.21789555,-0.28742394,0.22320393,0.9314331,0.9564573,0.015345001,0.29146877,10.045074,0.19502258,-0.3014984,9.800718,0.18859738,-0.28412583,-0.0105896,0.0090789795,-0.0010528564,-27.418518,-4.73938,33.1192,0,0.0,0.0,0.0,0.0
0.415039063,-0.015356648,0.99150336,0.12917143,0.031184724,-0.12864888,0.99119973,0.9993956,0.019249681,-0.028944144,0.047280703,0.9762064,-0.21162611,-0.2817263,0.21629429,0.9347979,0.9583292,0.015422734,0.28524956,10.045074,0.19502258,-0.3014984,9.800723,0.18877488,-0.2838451,-0.0037231445,0.0035858154,-1.373291E-4,-27.418518,-4.73938,33.1192,0,0.0,0.0,0.0,0.0
0.423339844,-0.0154341115,0.9917113,0.12755588,0.031128656,-0.12703265,0.99140996,0.9993962,0.019272175,-0.028910002,0.04075326,0.97908455,-0.19933043,-0.27054033,0.20285682,0.94109356,0.96184564,0.015574287,0.27314892,10.033112,0.19262695,-0.29670715,9.800729,0.18899548,-0.28351027,-0.009521484,0.0016021729,-0.0036468506,-27.479553,-4.6798706,33.059692,0,0.0,0.0,0.0,0.0
0.431640625,-0.015479926,0.99171543,0.12751839,0.03104608,-0.12699546,0.99141735,0.99939805,0.01930601,-0.028822994,0.034792215,0.9816624,-0.18742608,-0.2596394,0.18997867,0.94683444,0.9650787,0.015720729,0.26148802,10.061813,0.19381714,-0.24287415,9.800747,0.18932728,-0.28265703,-0.009216309,7.6293945E-5,-0.0013580322,-27.479553,-4.6798706,33.059692,0,0.0,0.0,0.0,0.0
0.439941406,-0.0155508295,0.9918688,0.12631051,0.030954743,-0.12578766,0.99157405,0.9993998,0.01932971,-0.028746944,0.032004267,0.9828516,-0.18159986,-0.25430062,0.18372092,0.9495145,0.9665956,0.015792437,0.25581965,10.061813,0.19381714,-0.24287415,9.800764,0.18955971,-0.28191122,-0.002960205,0.0023651123,-0.0036468506,-27.539063,-4.6798706,33.358765,0,0.0,0.0,0.0,0.0
0.448242188,-0.0155444285,0.99186826,0.1263157,0.03092298,-0.12579364,0.9915743,0.99940085,0.019319516,-0.028716134,0.026800914,0.985037,-0.17024633,-0.2438482,0.17160495,0.9545103,0.969443,0.015932515,0.24479866,10.061813,0.17706299,-0.27397156,9.800775,0.18945974,-0.2816091,-0.004180908,-0.0035858154,-1.373291E-4,-27.539063,-4.6798706,33.358765,0,0.0,0.0,0.0,0.0
0.456542969,-0.015651649,0.9923198,0.12270472,0.030848542,-0.12218209,0.9920282,0.9994015,0.01931214,-0.028699268,0.022047635,0.9869953,-0.1592298,-0.23369826,0.15994401,0.9590636,0.97205913,0.016066642,0.23418549,10.060623,0.16630554,-0.31106567,9.800781,0.1893874,-0.2814437,-0.004638672,0.0011444092,-0.0034942627,-27.539063,-4.559326,33.358765,0,0.0,0.0,0.0,0.0
0.46484375,-0.0156245595,0.99231744,0.12272675,0.03087195,-0.122204445,0.9920246,0.9994012,0.019288765,-0.028725388,0.01984556,0.9878843,-0.15391812,-0.2287358,0.15435158,0.961174,0.9732862,0.016131552,0.2290277,10.060623,0.16630554,-0.31106567,9.800778,0.18915817,-0.28169984,-0.008300781,0.005264282,-2.89917E-4,-27.539063,-4.559326,33.358765,0,0.0,0.0,0.0,0.0
0.473144531,-0.015329544,0.9909726,0.13318495,0.030945938,-0.13266657,0.9906774,0.9994035,0.019308168,-0.02863286,0.015733989,0.9895189,-0.14354368,-0.21903844,0.14348543,0.96510834,0.9755894,0.01625658,0.2190003,10.065414,0.19502258,-0.275177,9.8008,0.18934846,-0.28079244,-0.0067749023,0.022827148,-0.0022735596,-27.659607,-4.9194336,33.4198,0,0.0,0.0,0.0,0.0
0.481445313,-0.015359038,0.99097544,0.13316096,0.030790202,-0.13264476,0.9906853,0.9994078,0.019316025,-0.028475037,0.0118986,0.99103177,-0.13309586,-0.20965399,0.13261925,0.9687401,0.9777033,0.016377427,0.20935175,10.040283,0.18185425,-0.27278137,9.800843,0.1894255,-0.27924472,-0.001739502,0.011520386,-0.0048675537,-27.659607,-4.9194336,33.4198,0,0.0,0.0,0.0,0.0
0.489746094,-0.015301436,0.99055094,0.13628888,0.030708801,-0.13577498,0.9902636,0.9994112,0.019337723,-0.028341081,0.010112887,0.9917225,-0.1280006,-0.20507725,0.12734315,0.9704262,0.97869354,0.0164362,0.20466754,10.040283,0.18185425,-0.27278137,9.800877,0.18963829,-0.27793106,-0.010131836,0.005569458,-0.0064086914,-27.539063,-5.039978,33.53882,0,0.0,0.0,0.0,0.0
0.498046875,-0.015372959,0.9905578,0.13623117,0.030593714,-0.1357175,0.9902751,0.99941367,0.019391276,-0.028218461,0.0067623593,0.9929974,-0.11794257,-0.19615261,0.11697111,0.9735717,0.98055005,0.016551103,0.19557004,10.063019,0.20817566,-0.24765015,9.8009,0.19016346,-0.27672857,-0.0018920898,0.0019073486,-9.0026855E-4,-27.539063,-5.039978,33.53882,0,0.0,0.0,0.0,0.0
0.506347656,-0.01529642,0.9903009,0.13809466,0.030564707,-0.13758318,0.99001855,0.99941576,0.019364564,-0.028163726,0.0037193876,0.99411935,-0.10822596,-0.18752655,0.107000075,0.97641426,0.98225254,0.016663577,0.18682176,10.060623,0.19740295,-0.28474426,9.8009205,0.1899015,-0.2761918,-0.0032653809,-0.0016021729,-4.4250488E-4,-27.359009,-5.0994873,33.53882,0,0.0,0.0,0.0,0.0
0.514648438,-0.015299033,0.99030113,0.13809256,0.03057134,-0.13758087,0.9900186,0.9994155,0.019368006,-0.028169978,0.0022995044,0.99463135,-0.10345597,-0.18332341,0.10212221,0.9777339,0.9830499,0.016717598,0.18257405,10.060623,0.19740295,-0.28474426,9.800919,0.18993525,-0.27625313,-0.004486084,-8.392334E-4,-0.0013580322,-27.359009,-5.0994873,33.53882,0,0.0,0.0,0.0,0.0
0.522949219,-0.015228317,0.9900955,0.13956705,0.030555416,-0.13905723,0.98981285,0.99941707,0.019337712,-0.028135173,-3.3805892E-4,0.9955566,-0.09416465,-0.17513154,0.0926504,0.980176,0.984545,0.016822556,0.17432202,10.055832,0.16749573,-0.24645996,9.800934,0.18963818,-0.2759118,0.0011749268,-0.0063323975,-9.0026855E-4,-27.479553,-5.1589966,33.599854,0,0.0,0.0,0.0,0.0
0.53125,-0.015225208,0.99009514,0.13956952,0.030588971,-0.13905916,0.9898114,0.99941605,0.019339375,-0.028168792,-0.0027328338,0.9963652,-0.0851409,-0.16722262,0.08348701,0.982378,0.98591536,0.01692216,0.16638663,10.080963,0.18902588,-0.28234863,9.800924,0.1896545,-0.2762415,-0.0021972656,-0.0029754639,-0.004257202,-27.479553,-5.1589966,33.599854,0,0.0,0.0,0.0,0.0
0.539550781,-0.015139712,0.9896849,0.14245942,0.03067612,-0.14194894,0.98939854,0.9994147,0.019349312,-0.028210625,-0.003842121,0.99672705,-0.080749735,-0.16337134,0.07903975,0.9833934,0.9865572,0.016970506,0.16253294,10.080963,0.18902588,-0.28234863,9.80091,0.18975194,-0.27665174,-0.0011138916,-0.008483887,-0.001663208,-27.23999,-5.218506,33.358765,0,0.0,0.0,0.0,0.0
0.547851563,-0.015137476,0.9896846,0.14246121,0.030738365,-0.14194958,0.9893965,0.99941283,0.019355992,-0.02827253,-0.0059151007,0.9973806,-0.072089955,-0.15587074,0.07029044,0.98527336,0.98775977,0.017064705,0.15504667,10.052246,0.18902588,-0.29193115,9.800892,0.18981744,-0.2772588,-0.010437012,-0.0072631836,-0.0062561035,-27.23999,-5.218506,33.358765,0,0.0,0.0,0.0,0.0
0.556152344,-0.015366734,0.9906658,0.13544388,0.030685524,-0.13492882,0.99038,0.999411,0.019375075,-0.028325684,-0.007782559,0.997936,-0.06374313,-0.14863423,0.06188252,0.98695415,0.9888616,0.01715544,0.14784585,10.04985,0.1878357,-0.29910278,9.800874,0.19000459,-0.2777801,-0.005706787,0.012451172,-0.0028839111,-27.178955,-5.039978,33.779907,0,0.0,0.0,0.0,0.0
0.564453125,-0.015397872,0.99066865,0.13541926,0.030675007,-0.13490354,0.9903837,0.99941075,0.019403793,-0.028311545,-0.008624362,0.9981716,-0.059824623,-0.14511433,0.0579442,0.98771673,0.9893773,0.017199835,0.14434928,10.04985,0.1878357,-0.29910278,9.800872,0.1902862,-0.27764142,-0.0023498535,0.013366699,-0.0015106201,-27.178955,-5.039978,33.779907,0,0.0,0.0,0.0,0.0
0.572753906,-0.015612622,0.9915711,0.12861985,0.030493934,-0.1281035,0.99129194,0.999413,0.019398788,-0.02823687,-0.010179602,0.9985845,-0.05220523,-0.13826777,0.05030076,0.9891167,0.99034256,0.017287115,0.13756,10.058228,0.18185425,-0.30508423,9.800894,0.19023713,-0.2769091,-0.010131836,0.023132324,-9.0026855E-4,-26.998901,-4.798889,33.718872,0,0.0,0.0,0.0,0.0
0.581054688,-0.015650908,0.99157435,0.12858966,0.030297637,-0.12807605,0.9913014,0.9994184,0.01941073,-0.028037855,-0.011538571,0.9989142,-0.045136753,-0.13167807,0.043228723,0.99034953,0.9912254,0.017370738,0.1310363,10.060623,0.20100403,-0.2524414,9.800946,0.19035424,-0.27495745,-0.0054016113,0.022827148,-0.0024261475,-26.998901,-4.798889,33.718872,0,0.0,0.0,0.0,0.0
0.589355469,-0.015316148,0.9898651,0.14118207,0.030264828,-0.14067498,0.98959315,0.9994246,0.019429607,-0.027803501,-0.012164168,0.99905604,-0.04170245,-0.12847935,0.039798234,0.9909133,0.9916376,0.01741154,0.12787396,10.060623,0.20100403,-0.2524414,9.801007,0.19053936,-0.2726592,-0.0067749023,0.02267456,-0.0012054443,-26.998901,-5.218506,33.659363,0,0.0,0.0,0.0,0.0
0.59765625,-0.015349171,0.98986834,0.14115605,0.030067468,-0.14065188,0.98960245,0.99943,0.019433783,-0.027603947,-0.01337751,0.9993142,-0.034527782,-0.122263595,0.032637008,0.991961,0.9924075,0.017491456,0.12174314,10.074982,0.18664551,-0.26081848,9.801061,0.19058032,-0.27070224,-0.0093688965,0.012451172,4.7302246E-4,-26.998901,-5.218506,33.659363,0,0.0,0.0,0.0,0.0
0.605957031,-0.016053,0.9929204,0.11769159,0.029560206,-0.11718402,0.9926702,0.9994341,0.019414324,-0.027469778,-0.014458947,0.9995138,-0.027624184,-0.116287775,0.025758669,0.9928815,0.9931103,0.017568376,0.1158588,10.055832,0.16989136,-0.275177,9.801101,0.19038948,-0.2693865,-0.0020446777,0.012893677,-0.0025787354,-26.45874,-4.4387817,33.839417,0,0.0,0.0,0.0,0.0
0.614257813,-0.016043134,0.9929197,0.11769922,0.029455898,-0.11719394,0.99267215,0.99943733,0.019392507,-0.027367184,-0.014899821,0.9995829,-0.024741212,-0.11339413,0.022895107,0.99328625,0.99343836,0.017605295,0.11300569,10.055832,0.16989136,-0.275177,9.801132,0.19017553,-0.2683804,-0.0050964355,0.006942749,0.0036773682,-26.45874,-4.4387817,33.839417,0,0.0,0.0,0.0,0.0
0.622558594,-0.016086988,0.9930398,0.11667473,0.02935813,-0.11617039,0.99279517,0.9994395,0.01939644,-0.027284965,-0.015707118,0.9996934,-0.019139793,-0.107776284,0.017337874,0.994024,0.9940511,0.017676068,0.10747092,10.045074,0.2033844,-0.27757263,9.801153,0.1902141,-0.2675741,-0.0066223145,0.016571045,-7.4768066E-4,-26.638794,-4.3792725,33.599854,0,0.0,0.0,0.0,0.0
0.630859375,-0.016098658,0.9930408,0.11666561,0.02925936,-0.116162874,0.9927991,0.99944216,0.019396294,-0.02718567,-0.016074123,0.99973565,-0.01644007,-0.10505013,0.014662616,0.99435884,0.994337,0.017710477,0.10478668,10.045074,0.2033844,-0.27757263,9.80118,0.19021267,-0.26660034,-0.001739502,0.016571045,-7.4768066E-4,-26.638794,-4.3792725,33.599854,0,0.0,0.0,0.0,0.0
0.639160156,-0.016220262,0.993596,0.11182026,0.029053727,-0.11131939,0.99335986,0.9994463,0.019361354,-0.02706204,-0.016744554,0.9997971,-0.011196614,-0.09975891,0.009471761,0.99496657,0.9948707,0.017777234,0.09958007,10.079758,0.17228699,-0.2596283,9.80122,0.18987003,-0.26538795,-0.0093688965,0.0023651123,0.0019989014,-26.759338,-4.258728,33.95996,0,0.0,0.0,0.0,0.0
0.647460938,-0.016185768,0.9935936,0.11184714,0.028973132,-0.11134875,0.9933589,0.99944913,0.01931884,-0.026985254,-0.017039783,0.99981654,-0.00874783,-0.097194165,0.0070513203,0.99524045,0.9951196,0.01780892,0.09705618,10.063019,0.20100403,-0.24287415,9.801248,0.1894531,-0.26463494,-0.007843018,0.006942749,0.0013885498,-26.759338,-4.258728,33.95996,0,0.0,0.0,0.0,0.0
0.655761719,-0.016201187,0.99359465,0.11183513,0.02890964,-0.11133755,0.99336195,0.9994507,0.019326758,-0.026920667,-0.017575625,0.9998376,-0.0039908784,-0.092216335,0.002353485,0.99573624,0.99558383,0.01786871,0.092159994,10.063019,0.20100403,-0.25602722,9.801263,0.18953075,-0.26400155,-0.0021972656,0.0051116943,-0.0013580322,-26.759338,-4.258728,33.95996,0,0.0,0.0,0.0,0.0
0.6640625,-0.016146533,0.9932859,0.11455304,0.02890615,-0.11405637,0.9930537,0.9994517,0.019345662,-0.026870456,-0.01804648,0.999837,5.818773E-4,-0.08743318,-0.0021578602,0.9961681,0.9960069,0.017926449,0.087457865,10.063019,0.20100403,-0.25602722,9.801273,0.18971613,-0.26350915,-0.0020446777,-0.0066375732,-4.4250488E-4,-26.939392,-4.319763,33.659363,0,0.0,0.0,0.0,0.0
0.672363281,-0.016095053,0.9932025,0.115281515,0.028937163,-0.114785455,0.9929688,0.99945164,0.019317804,-0.026892982,-0.018264355,0.99982905,0.002855893,-0.08511173,-0.004400765,0.9963617,0.99620396,0.017954834,0.085177556,10.058228,0.16749573,-0.27876282,9.801272,0.18944295,-0.26373008,-0.005706787,-0.002670288,-0.0015106201,-26.998901,-4.3792725,33.95996,0,0.0,0.0,0.0,0.0
0.680664063,-0.016099846,0.99320287,0.11527775,0.02892543,-0.11478179,0.9929696,0.9994519,0.019321112,-0.02688085,-0.018658683,0.99979925,0.0073005334,-0.08060291,-0.008782204,0.99670756,0.9965716,0.018008808,0.08075059,10.036697,0.18544006,-0.2596283,9.801275,0.18947539,-0.26361108,-0.002960205,0.0063323975,-0.0028839111,-26.998901,-4.3792725,33.95996,0,0.0,0.0,0.0,0.0
0.688964844,-0.015983565,0.9926524,0.119940415,0.02894355,-0.11944613,0.9924187,0.99945325,0.01933389,-0.02682171,-0.01900033,0.99975246,0.011572018,-0.07626999,-0.012989702,0.99700254,0.9969061,0.01806078,0.07649793,10.072586,0.18902588,-0.25723267,9.801289,0.18960069,-0.26303113,-0.008911133,0.007095337,-2.89917E-4,-26.879883,-4.499817,33.659363,0,0.0,0.0,0.0,0.0
0.697265625,-0.01597842,0.99265206,0.11994447,0.028895406,-0.119451255,0.99241954,0.99945474,0.019323139,-0.026774438,-0.019160155,0.999722,0.013738576,-0.07416667,-0.015124412,0.9971311,0.9970618,0.018086243,0.07443585,10.073776,0.1758728,-0.26679993,9.801303,0.18949527,-0.26256755,-0.013183594,0.0011444092,-0.0019683838,-26.879883,-4.499817,33.659363,0,0.0,0.0,0.0,0.0
0.705566406,-0.01599417,0.99265325,0.119932055,0.028854072,-0.119439214,0.9924221,0.99945563,0.019333497,-0.026731757,-0.019444296,0.99964994,0.017944414,-0.0700855,-0.01926646,0.9973549,0.99735147,0.018135222,0.07043559,10.055832,0.20458984,-0.24765015,9.801312,0.18959686,-0.262149,-0.0034179688,5.340576E-4,0.0062713623,-26.879883,-4.499817,33.659363,0,0.0,0.0,0.0,0.0
0.713867188,-0.016192095,0.99349856,0.1126877,0.028729126,-0.11219367,0.99327105,0.9994561,0.019320555,-0.026725693,-0.019685809,0.99956447,0.021985218,-0.06616553,-0.02324373,0.9975379,0.99761444,0.018182676,0.06659428,10.055832,0.20458984,-0.24765015,9.801316,0.18946993,-0.26208952,-0.0049438477,-0.01184082,0.001083374,-26.638794,-4.258728,33.718872,0,0.0,0.0,0.0,0.0
0.722167969,-0.0163717,0.99426264,0.10570639,0.028656185,-0.10521055,0.994037,0.9994552,0.019303218,-0.026769295,-0.019782104,0.99952096,0.023800349,-0.06426652,-0.025026992,0.99761885,0.99773663,0.018205434,0.06473082,10.04866,0.19262695,-0.25602722,9.801308,0.1892999,-0.26251712,-0.0037231445,-0.009094238,-0.0028839111,-26.759338,-4.019165,33.659363,0,0.0,0.0,0.0,0.0
0.73046875,-0.016381573,0.9942633,0.10569862,0.02871289,-0.10520142,0.99403644,0.9994535,0.019318791,-0.026824806,-0.01993202,0.9994354,0.027045764,-0.06058452,-0.028208796,0.99776435,0.997964,0.018248904,0.06111258,10.04866,0.19262695,-0.25602722,9.8012905,0.18945263,-0.2630615,-0.009216309,-0.0071105957,-0.0036468506,-26.759338,-4.019165,33.659363,0,0.0,0.0,0.0,0.0
0.738769531,-0.01593033,0.9923886,0.122111335,0.029021993,-0.12161645,0.9921528,0.9994518,0.019349234,-0.026863702,-0.02005443,0.99934375,0.03016339,-0.057045344,-0.031264033,0.99788195,0.99817014,0.018291272,0.057634894,10.066605,0.19621277,-0.25483704,9.801274,0.18975116,-0.26344293,-0.006011963,-0.008636475,-0.0012054443,-26.939392,-4.559326,33.53882,0,0.0,0.0,0.0,0.0
0.747070313,-0.015887786,0.99238515,0.12214503,0.029113004,-0.12164952,0.99214613,0.99944985,0.019319013,-0.026958568,-0.020124856,0.9992851,0.032005653,-0.0553208,-0.03307607,0.99792063,0.9982658,0.018312432,0.055946905,10.058228,0.15911865,-0.29193115,9.801255,0.1894548,-0.26437324,-0.012420654,-0.00894165,-0.0010528564,-26.939392,-4.559326,33.53882,0,0.0,0.0,0.0,0.0
0.755371094,-0.01585804,0.9923827,0.1221686,0.029170062,-0.121672794,0.9921416,0.9994487,0.019297086,-0.027018372,-0.020242458,0.9991617,0.035582595,-0.05197016,-0.036593325,0.99797803,0.9984434,0.018352294,0.05266733,10.043869,0.17706299,-0.27397156,9.801244,0.18923977,-0.26495972,-0.0035705566,0.0032806396,-0.0059509277,-26.939392,-4.559326,33.53882,0,0.0,0.0,0.0,0.0
0.763671875,-0.015684513,0.9914856,0.12926807,0.029251073,-0.12877363,0.99124247,0.999449,0.019328386,-0.026982268,-0.020332314,0.99903154,0.03901934,-0.04874919,-0.03997162,0.9980109,0.99860406,0.01838971,0.049514696,10.061813,0.18544006,-0.27038574,9.801247,0.18954672,-0.26460567,-0.008605957,0.008926392,-0.0051727295,-26.939392,-4.798889,33.53882,0,0.0,0.0,0.0,0.0
0.771972656,-0.015301915,0.9895231,0.14356145,0.029428585,-0.14307037,0.989275,0.9994498,0.019362612,-0.026931014,-0.020375479,0.99895835,0.04082929,-0.047184523,-0.041753065,0.9980132,0.9986783,0.018408485,0.047986113,10.082153,0.1878357,-0.28355408,9.801254,0.18988237,-0.26410303,-0.008605957,0.008621216,-0.0048675537,-27.2995,-5.218506,33.059692,0,0.0,0.0,0.0,0.0
0.780273438,-0.015323983,0.9895254,0.14354359,0.029408552,-0.1430523,0.98927814,0.99944997,0.019381087,-0.026908377,-0.020470044,0.9987812,0.044911973,-0.044138398,-0.04578038,0.99797595,0.99881566,0.018446267,0.045021724,10.082153,0.1878357,-0.28474426,9.801257,0.19006357,-0.26388106,-0.0037231445,-0.001449585,-0.004257202,-27.2995,-5.218506,33.059692,0,0.0,0.0,0.0,0.0
0.788574219,-0.015168726,0.98884946,0.14814386,0.02949427,-0.14765394,0.9885992,0.99944985,0.019365186,-0.026925674,-0.020538643,0.99859583,0.048832532,-0.041213386,-0.049646955,0.99791616,0.9989393,0.018483289,0.042175196,10.07019,0.17468262,-0.28474426,9.801255,0.1899076,-0.26405066,-0.007080078,0.001449585,-0.004425049,-27.2995,-5.3985596,33.239746,0,0.0,0.0,0.0,0.0
0.796875,-0.015159913,0.98884857,0.14815095,0.029503955,-0.14766106,0.98859787,0.9994497,0.019358095,-0.026936414,-0.02056718,0.99849564,0.05082695,-0.039792422,-0.05161496,0.99787396,0.9989962,0.018500926,0.040794134,10.072586,0.1878357,-0.2524414,9.801253,0.18983807,-0.26415598,-0.009521484,0.0032806396,-0.003189087,-27.2995,-5.3985596,33.239746,0,0.0,0.0,0.0,0.0
0.805175781,-0.015043601,0.9882062,0.15238838,0.029532708,-0.1519,0.98795456,0.99945056,0.019362835,-0.02689928,-0.020606402,0.9982903,0.05469726,-0.037034526,-0.055433493,0.9977753,0.9991015,0.018534873,0.038113497,10.053452,0.19502258,-0.24645996,9.801262,0.18988454,-0.26379183,-0.0093688965,0.0023651123,0.0016937256,-27.659607,-5.519104,33.059692,0,0.0,0.0,0.0,0.0
0.813476563,-0.015037219,0.98820555,0.1523936,0.029515322,-0.15190573,0.9879543,0.9994512,0.019354029,-0.026882961,-0.020621087,0.99818057,0.05666004,-0.03569583,-0.05737102,0.9977146,0.9991499,0.018551433,0.036813933,10.04985,0.18544006,-0.275177,9.801269,0.18979819,-0.2636318,-0.013336182,0.0060272217,-0.0022735596,-27.659607,-5.519104,33.059692,0,0.0,0.0,0.0,0.0
0.821777344,-0.015261842,0.98931164,0.14501601,0.029339261,-0.14452736,0.9890657,0.99945295,0.019349627,-0.026819916,-0.02063458,0.99795675,0.060468532,-0.033098992,-0.061130133,0.9975808,0.9992391,0.018583216,0.034292758,10.069,0.19740295,-0.26679993,9.801286,0.18975502,-0.26301354,-0.0079956055,0.007858276,-0.0013580322,-27.539063,-5.279541,33.1192,0,0.0,0.0,0.0,0.0
0.830078125,-0.015248508,0.9893102,0.14502686,0.029276947,-0.14453977,0.9890658,0.99945503,0.019327722,-0.026759967,-0.020620208,0.99774766,0.06383099,-0.030613549,-0.06444473,0.99745166,0.99931854,0.018613566,0.03187346,10.04985,0.1758728,-0.2632141,9.801306,0.1895402,-0.26242563,-0.0037231445,-0.0048065186,0.001083374,-27.539063,-5.279541,33.1192,0,0.0,0.0,0.0,0.0
0.838378906,-0.015227839,0.9893081,0.14504373,0.029255448,-0.1445576,0.9890638,0.99945587,0.01930462,-0.02674135,-0.020606976,0.9976422,0.06546204,-0.029409293,-0.066052474,0.99738264,0.999355,0.01862785,0.030701095,10.04985,0.1758728,-0.2632141,9.801314,0.18931367,-0.26224306,-0.009674072,0.0061798096,-0.0010528564,-27.539063,-5.279541,33.1192,0,0.0,0.0,0.0,0.0
0.846679688,-0.015083382,0.9885728,0.14998755,0.029297829,-0.14950323,0.98832697,0.9994569,0.019301623,-0.026708024,-0.020569483,0.9974303,0.06862738,-0.027073853,-0.06917243,0.99723727,0.9994218,0.018654648,0.028427122,10.080963,0.19023132,-0.25602722,9.801324,0.18928427,-0.26191625,-0.005554199,-0.0016021729,-0.0013580322,-27.89917,-5.4595947,33.17871,0,0.0,0.0,0.0,0.0
0.854980469,-0.0150625575,0.9885705,0.15000467,0.029280385,-0.14952125,0.9883248,0.9994577,0.019278895,-0.026693555,-0.020524703,0.9972033,0.07186429,-0.02482843,-0.07236565,0.99706906,0.999481,0.018680269,0.026244273,10.057037,0.18066406,-0.26081848,9.801332,0.18906139,-0.26177436,0.0016326904,-7.6293945E-5,0.002609253,-27.89917,-5.4595947,33.17871,0,0.0,0.0,0.0,0.0
0.86328125,-0.01474448,0.9869963,0.1600656,0.0294281,-0.1595853,0.9867454,0.99945813,0.019259471,-0.026692422,-0.02049742,0.9970894,0.073434494,-0.023739785,-0.07391462,0.996982,0.999508,0.018692242,0.025185747,10.046265,0.18664551,-0.275177,9.801336,0.1888709,-0.26176324,0.0016326904,0.005569458,-2.89917E-4,-27.89917,-5.758667,32.939148,0,0.0,0.0,0.0,0.0
0.871582031,-0.014656179,0.9864703,0.16328342,0.029425424,-0.16280471,0.9862194,0.9994595,0.019258894,-0.026641212,-0.020442879,0.9968305,0.07688308,-0.021619607,-0.077321924,0.9967717,0.99955726,0.018714704,0.023131767,10.063019,0.19381714,-0.2524414,9.801351,0.18886524,-0.26126108,-0.0038757324,0.005722046,4.7302246E-4,-28.079224,-5.8792114,32.998657,0,0.0,0.0,0.0,0.0
0.879882813,-0.014680274,0.98647326,0.16326344,0.029375859,-0.16278505,0.9862241,0.99946064,0.019274045,-0.026588771,-0.020379668,0.9965606,0.080323115,-0.01958325,-0.08072228,0.99654424,0.9996005,0.018736253,0.021160984,10.066605,0.20219421,-0.2596283,9.801361,0.18901382,-0.26074678,-0.007232666,0.006942749,-0.0028839111,-28.079224,-5.8792114,32.998657,0,0.0,0.0,0.0,0.0
0.888183594,-0.014722304,0.98647845,0.1632286,0.029304245,-0.16275048,0.98623204,0.9994621,0.019302897,-0.026511943,-0.020344444,0.99642545,0.08199091,-0.018596817,-0.08237085,0.99642825,0.9996201,0.018747007,0.02020613,10.066605,0.20219421,-0.2596283,9.801375,0.18929677,-0.25999334,-6.713867E-4,0.012588501,-0.005340576,-28.079224,-5.8792114,32.998657,0,0.0,0.0,0.0,0.0
