Time,Rot1,Rot2,Rot3,Rot4,Rot5,Rot6,Rot7,Rot8,Rot9,FRot1,FRot2,FRot3,FRot4,FRot5,FRot6,FRot7,FRot8,FRot9,AccX,AccY,AccZ,GravX,GravY,GravZ,GyroX,GyroY,GyroZ,MagX,MagY,MagZ,Imid
0.0,-0.9036463,0.0038281314,-0.42826268,-0.42796683,-0.04629018,0.9026083,-0.01636905,0.9989206,0.043468256,1.0,0.0,0.0,0.0,1.0,0.0,0.0,0.0,1.0,-0.1651001,9.84288,0.43190002,-0.16052556,9.796065,0.426278,0.016494751,-0.006149292,0.001663208,-32.57904,-24.958801,68.51959,0,0.0,0.0,0.0,0.0
0.008300782,-0.9036353,0.0037483424,-0.4282865,-0.4279915,-0.046027075,0.9026101,-0.01632948,0.9989332,0.04319594,0.9926746,0.120623365,0.0068676006,-0.11997713,0.99086356,-0.061601955,-0.014235492,0.060326744,0.99807715,-0.14356995,9.834503,0.34576416,-0.1601375,9.796188,0.42360747,0.02746582,-0.006149292,0.0053100586,-32.57904,-24.958801,68.51959,0,0.0,0.0,0.0,0.0
0.016601563,-0.90392286,0.0036332004,-0.42768013,-0.42738575,-0.045729138,0.90291214,-0.016276982,0.99894726,0.04288839,0.9839759,0.17823556,0.004843546,-0.17704627,0.97990656,-0.09185756,-0.021118505,0.0895281,0.9957604,-0.14356995,9.834503,0.34576416,-0.15962267,9.796327,0.42059144,0.020141602,-0.015945435,0.0041046143,-32.51953,-24.958801,68.51959,0,0.0,0.0,0.0,0.0
0.024902344,-0.9039149,0.0035756563,-0.4276973,-0.42740542,-0.045419917,0.90291834,-0.016197452,0.99896157,0.042584,0.9412143,0.33719006,-0.020455036,-0.33535475,0.9253719,-0.17670317,-0.04065404,0.17317526,0.9840516,-0.14356995,9.796219,0.40318298,-0.15884276,9.796467,0.41760638,0.021377563,-0.0110321045,0.0028686523,-32.51953,-24.958801,68.51959,0,0.0,0.0,0.0,0.0
0.033203125,-0.9039082,0.0035616755,-0.42771164,-0.42742273,-0.04520045,0.9029212,-0.016116848,0.9989716,0.042379398,0.90149534,0.4297853,-0.050899714,-0.42957702,0.87429357,-0.22599638,-0.052628633,0.22560002,0.9727975,-0.15194702,9.845276,0.4665985,-0.1580523,9.796565,0.41559994,0.015258789,-0.006149292,0.0065460205,-32.51953,-24.719238,68.51959,0,0.0,0.0,0.0,0.0
0.041503907,-0.9039035,0.003526943,-0.42772198,-0.42743456,-0.04501409,0.9029249,-0.01606895,0.9989801,0.042195927,0.90149534,0.4297853,-0.050899714,-0.42957702,0.87429357,-0.22599638,-0.052628633,0.22560002,0.9727975,-0.15194702,9.845276,0.4665985,-0.15758258,9.796649,0.41380075,0.015258789,-0.006149292,0.0065460205,-32.51953,-24.719238,68.51959,0,0.0,0.0,0.0,0.0
0.049804688,-0.9039032,0.003524766,-0.4277226,-0.42743644,-0.044932023,0.9029282,-0.01603583,0.99898386,0.04212081,0.87899774,0.47174406,-0.06943031,-0.47325057,0.84531075,-0.24795887,-0.058282938,0.25081325,0.9662794,-0.16151428,9.793823,0.40678406,-0.15725778,9.796685,0.41306406,0.021377563,-6.1035156E-5,0.0041046143,-32.51953,-24.719238,68.51959,0,0.0,0.0,0.0,0.0
0.058105469,-0.9036101,0.0035122524,-0.42834157,-0.42805684,-0.04476518,0.9026424,-0.01600448,0.9989913,0.041953713,0.8297924,0.54674906,-0.11184836,-0.5538036,0.78199697,-0.28597608,-0.06889208,0.2992428,0.95168674,-0.16390991,9.84407,0.38285828,-0.15695034,9.796759,0.41142538,0.025024414,-0.00982666,0.0053100586,-32.51953,-24.719238,68.39905,0,0.0,0.0,0.0,0.0
0.06640625,-0.90360415,0.003468789,-0.42835447,-0.4280706,-0.044597954,0.9026442,-0.01597265,0.998999,0.04178378,0.80346507,0.5797888,-0.13523631,-0.5907527,0.74823624,-0.30191672,-0.07385924,0.32247075,0.94369346,-0.15194702,9.835693,0.38285828,-0.15663819,9.796834,0.40975893,0.025024414,-0.0049438477,0.001663208,-32.51953,-24.719238,68.39905,0,0.0,0.0,0.0,0.0
0.074707032,-0.90359694,0.0034156896,-0.4283702,-0.4280872,-0.044407517,0.9026459,-0.015939698,0.9990077,0.041588705,0.7762096,0.6098954,-0.1597696,-0.62555563,0.71341974,-0.3157728,-0.07860559,0.34505063,0.9352867,-0.15194702,9.835693,0.38285828,-0.15631504,9.796919,0.40784588,0.032348633,-6.1035156E-5,0.0041046143,-32.51953,-24.719238,68.39905,0,0.0,0.0,0.0,0.0
0.083007813,-0.9035889,0.0033572642,-0.42838746,-0.4281052,-0.04420626,0.902647,-0.015906986,0.99901676,0.04138155,0.7481786,0.6371174,-0.18523014,-0.65826845,0.67779005,-0.3275413,-0.08313511,0.36699054,0.9265022,-0.15194702,9.835693,0.38285828,-0.15599427,9.7970085,0.4058144,0.029907227,-6.1035156E-5,0.0041046143,-32.51953,-24.719238,68.39905,0,0.0,0.0,0.0,0.0
0.091308594,-0.9035796,0.003289567,-0.42840755,-0.42812625,-0.0439677,0.9026486,-0.015866773,0.9990275,0.04113667,0.7481786,0.6371174,-0.18523014,-0.65826845,0.67779005,-0.3275413,-0.08313511,0.36699054,0.9265022,-0.15194702,9.835693,0.38285828,-0.15559989,9.797113,0.40341294,0.029907227,-6.1035156E-5,0.0041046143,-32.51953,-24.719238,68.39905,0,0.0,0.0,0.0,0.0
0.099609375,-0.90418065,0.00315876,-0.42713872,-0.42685857,-0.043638367,0.9032649,-0.015786441,0.9990424,0.040805306,0.6903283,0.6831871,-0.23812208,-0.71767694,0.6049642,-0.34490296,-0.091577925,0.40899104,0.9079316,-0.12562561,9.853638,0.3397827,-0.1548121,9.797259,0.40016335,0.009140015,-0.0110321045,0.0053100586,-32.398987,-24.899292,68.39905,0,0.0,0.0,0.0,0.0
0.107910157,-0.90417033,0.0030839553,-0.4271611,-0.42688307,-0.04331033,0.9032691,-0.015714845,0.9990569,0.040476397,0.6607452,0.7021993,-0.2652018,-0.7445135,0.568169,-0.35054752,-0.09547475,0.4290689,0.8982118,-0.14117432,9.818954,0.29193115,-0.15410998,9.797401,0.39693788,0.011581421,-0.008590698,0.007751465,-32.398987,-24.899292,68.39905,0,0.0,0.0,0.0,0.0
0.116210938,-0.904932,0.0029713071,-0.42554578,-0.4252683,-0.043087587,0.9040411,-0.015649557,0.9990669,0.04025494,0.6008343,0.7326249,-0.31977952,-0.79275656,0.4947401,-0.35604674,-0.10264094,0.46743238,0.87805,-0.14356995,9.835693,0.31704712,-0.15346973,9.7975,0.3947661,0.004257202,-0.0025024414,0.001663208,-32.218933,-25.019836,68.33954,0,0.0,0.0,0.0,0.0
0.124511719,-0.90492845,0.0029448054,-0.4255538,-0.42527807,-0.04290629,0.9040452,-0.015596694,0.99907476,0.040079474,0.5706683,0.7442631,-0.34700155,-0.814323,0.4583995,-0.35601678,-0.10590483,0.48573884,0.86766464,-0.13998413,9.827316,0.31585693,-0.15295133,9.797577,0.3930454,-6.2561035E-4,-0.0110321045,0.0041046143,-32.218933,-25.019836,68.33954,0,0.0,0.0,0.0,0.0
0.1328125,-0.9049213,0.0028934535,-0.42556924,-0.42529476,-0.042692676,0.90404737,-0.015552869,0.999084,0.03986408,0.51036507,0.76092416,-0.4006518,-0.8526577,0.38718027,-0.35080802,-0.111813836,0.520659,0.84641117,-0.12083435,9.818954,0.25602722,-0.15252155,9.7976675,0.39093307,0.005493164,-0.013473511,-0.0056762695,-32.218933,-25.019836,68.33954,0,0.0,0.0,0.0,0.0
0.141113282,-0.9055091,0.0027679356,-0.42431778,-0.42404035,-0.04264052,0.9046389,-0.015589148,0.9990866,0.039785095,0.48035616,0.76618904,-0.42686328,-0.8695704,0.3525128,-0.34580633,-0.11447827,0.5372979,0.8355871,-0.16989136,9.840485,0.36131287,-0.15287732,9.797693,0.3901585,0.005493164,0.0024108887,0.0028686523,-32.099915,-24.958801,68.33954,0,0.0,0.0,0.0,0.0
0.149414063,-0.90550566,0.0027431566,-0.42432523,-0.42404738,-0.04260309,0.9046373,-0.015596005,0.9990883,0.039740574,0.39146867,0.7711871,-0.5020186,-0.9121497,0.2532441,-0.32225794,-0.12138795,0.5840701,0.8025753,-0.16989136,9.840485,0.36131287,-0.15294456,9.797709,0.3897219,-0.010391235,-0.00982666,-0.0020141602,-32.099915,-24.958801,68.33954,0,0.0,0.0,0.0,0.0
0.157714844,-0.90551275,0.0027943696,-0.42430985,-0.42403257,-0.04269728,0.90463984,-0.015588978,0.9990841,0.039847836,0.36239737,0.76963204,-0.5256756,-0.92382735,0.22198796,-0.3118722,-0.123333186,0.59865516,0.791455,-0.1603241,9.800995,0.4283142,-0.15287566,9.797668,0.3907738,-0.005508423,-0.007385254,4.272461E-4,-32.099915,-24.958801,68.33954,0,0.0,0.0,0.0,0.0
0.166015625,-0.9059816,0.0028075448,-0.4233077,-0.4230307,-0.042774465,0.9051051,-0.0155656375,0.9990808,0.03994056,0.3053189,0.76237214,-0.57058656,-0.9437866,0.16255486,-0.28782415,-0.1266775,0.6263901,0.76914775,-0.14955139,9.853638,0.41993713,-0.15264677,9.797636,0.3916831,0.0018157959,-0.0110321045,0.0041046143,-31.97937,-24.899292,68.2785,0,0.0,0.0,0.0,0.0
0.174316407,-0.9059862,0.0028406575,-0.4232978,-0.4230225,-0.0427531,0.90511006,-0.015526184,0.9990816,0.03993538,0.27734444,0.75689167,-0.59177285,-0.9521943,0.13442607,-0.2743279,-0.12808679,0.639566,0.7579902,-0.15194702,9.792633,0.37687683,-0.15225986,9.797644,0.39163232,0.0030517578,-0.0025024414,0.007751465,-31.97937,-24.899292,68.2785,0,0.0,0.0,0.0,0.0
0.182617188,-0.9057148,0.002848687,-0.42387807,-0.423603,-0.042723235,0.90483993,-0.015531835,0.99908286,0.039901774,0.2497881,0.75031507,-0.6120729,-0.95962465,0.10739349,-0.25997534,-0.12933075,0.652299,0.74684644,-0.18066406,9.829712,0.3792572,-0.15231527,9.797656,0.39130273,0.0018157959,-6.1035156E-5,4.272461E-4,-31.91986,-24.598694,68.03894,0,0.0,0.0,0.0,0.0
0.190917969,-0.9057166,0.0028623354,-0.42387402,-0.4236,-0.042690657,0.9048428,-0.015505499,0.99908423,0.039878126,0.19599909,0.7342751,-0.64994186,-0.9717609,0.056628276,-0.22907205,-0.1313968,0.676486,0.7246389,-0.13998413,9.800995,0.37806702,-0.152057,9.797669,0.39107084,0.004257202,-0.0012664795,0.008987427,-31.91986,-24.598694,68.03894,0,0.0,0.0,0.0,0.0
0.19921875,-0.9057121,0.0028292811,-0.42388386,-0.42360973,-0.042611144,0.90484196,-0.015502124,0.9990877,0.03979194,0.1697858,0.7249979,-0.667496,-0.976571,0.03290314,-0.21266523,-0.13221912,0.68796474,0.7135984,-0.16989136,9.839279,0.34336853,-0.15202391,9.797704,0.39022565,0.0066986084,-0.006149292,0.0053100586,-31.91986,-24.598694,68.03894,0,0.0,0.0,0.0,0.0
0.207519532,-0.9052686,0.0028467174,-0.42483023,-0.4245577,-0.042495623,0.9044031,-0.015478846,0.9990926,0.039678544,0.14403506,0.7149986,-0.68412787,-0.98060477,0.010265036,-0.19572653,-0.1329216,0.69905055,0.7026096,-0.17468262,9.818954,0.31944275,-0.15179563,9.797751,0.3891136,0.005493164,-0.014709473,-7.9345703E-4,-31.97937,-24.659729,67.97943,0,0.0,0.0,0.0,0.0
0.215820313,-0.9052624,0.0028020134,-0.4248436,-0.42457098,-0.04238743,0.90440196,-0.015473883,0.99909735,0.039561402,0.118776456,0.7043576,-0.6998375,-0.9839046,-0.011277372,-0.17833857,-0.13350646,0.70975566,0.6916812,-0.17468262,9.818954,0.31944275,-0.15174696,9.797798,0.38796484,-0.007949829,-0.0049438477,4.272461E-4,-31.97937,-24.659729,67.97943,0,0.0,0.0,0.0,0.0
0.224121094,-0.90525204,0.0027258424,-0.42486635,-0.42459255,-0.042263865,0.90439755,-0.015491246,0.9991027,0.03941682,0.118776456,0.7043576,-0.6998375,-0.9839046,-0.011277372,-0.17833857,-0.13350646,0.70975566,0.6916812,-0.17468262,9.818954,0.31944275,-0.15191723,9.797851,0.38654697,-0.007949829,-0.0049438477,4.272461E-4,-31.97937,-24.659729,67.97943,0,0.0,0.0,0.0,0.0
0.232421875,-0.9052431,0.0026609353,-0.42488572,-0.42461064,-0.042185277,0.9043928,-0.01551739,0.9991063,0.039317794,0.118776456,0.7043576,-0.6998375,-0.9839046,-0.011277372,-0.17833857,-0.13350646,0.70975566,0.6916812,-0.17468262,9.818954,0.31944275,-0.15217362,9.797886,0.38557586,-0.007949829,-0.0049438477,4.272461E-4,-31.97937,-24.659729,67.97943,0,0.0,0.0,0.0,0.0
0.240722657,-0.9061556,0.0025952118,-0.4229364,-0.42266068,-0.042176582,0.905306,-0.015488552,0.99910676,0.039315443,0.093977764,0.6931469,-0.7146437,-0.9865117,-0.03179982,-0.16057248,-0.13402587,0.72009456,0.680809,-0.15074158,9.82254,0.34576416,-0.15189081,9.797891,0.3855528,-0.009185791,0.0011749268,0.0053100586,-31.799316,-24.719238,67.97943,0,0.0,0.0,0.0,0.0
0.249023438,-0.90615875,0.0026182618,-0.42292947,-0.4226543,-0.042196214,0.905308,-0.015475691,0.9991059,0.039343093,0.04576052,0.6693091,-0.74157363,-0.9898283,-0.0697247,-0.124009855,-0.13470693,0.73970526,0.6593104,-0.15553284,9.827316,0.36968994,-0.15176469,9.797882,0.38582394,-0.007949829,-0.0037078857,-0.0020141602,-31.799316,-24.719238,67.97943,0,0.0,0.0,0.0,0.0
0.257324219,-0.9061614,0.0026375516,-0.42292374,-0.42264932,-0.042199437,0.9053103,-0.01545934,0.9991057,0.03935426,-4.982501E-4,0.644021,-0.7650076,-0.9908514,-0.103560865,-0.08653727,-0.13495667,0.75796574,0.63818073,-0.14715576,9.792633,0.34217834,-0.15160434,9.79788,0.38593346,-0.011627197,-0.006149292,0.0065460205,-31.799316,-24.719238,67.97943,0,0.0,0.0,0.0,0.0
0.265625,-0.90660745,0.002638217,-0.4219668,-0.42169285,-0.042228483,0.9057548,-0.015429439,0.99910444,0.039397173,-0.044807658,0.61774504,-0.7851008,-0.98985654,-0.13351361,-0.048559636,-0.13481914,0.7749614,0.61746144,-0.14715576,9.792633,0.34217834,-0.15131111,9.797868,0.3863543,-0.012832642,-0.0037078857,-0.0020141602,-31.739807,-24.778748,68.03894,0,0.0,0.0,0.0,0.0
0.273925782,-0.9066093,0.002651424,-0.42196286,-0.4216887,-0.04227577,0.9057546,-0.015437263,0.9991025,0.03944568,-0.06625615,0.60436285,-0.7939494,-0.9886811,-0.14710839,-0.029473692,-0.13460943,0.78301,0.607269,-0.15672302,9.816559,0.3481598,-0.15138784,9.797849,0.38682997,-0.01651001,-0.012268066,-0.0020141602,-31.739807,-24.778748,68.03894,0,0.0,0.0,0.0,0.0
0.282226563,-0.90584975,0.0027350797,-0.42359036,-0.42331716,-0.042329516,0.9049922,-0.015455151,0.99909997,0.039501984,-0.08722696,0.59087884,-0.8020309,-0.9870918,-0.15981847,-0.01038906,-0.13431804,0.7907719,0.5971921,-0.15672302,9.816559,0.3481598,-0.15156326,9.797824,0.38738215,-0.011627197,-0.0110321045,-7.9345703E-4,-31.91986,-24.899292,68.099976,0,0.0,0.0,0.0,0.0
0.290527344,-0.90585184,0.0027499362,-0.42358598,-0.42331353,-0.042316332,0.90499455,-0.015435925,0.99910045,0.039496407,-0.107689604,0.5773396,-0.80937135,-0.98511934,-0.17165542,0.008628473,-0.13395143,0.79825646,0.5872339,-0.15672302,9.853638,0.29910278,-0.15137471,9.797829,0.38732743,-0.015274048,-0.017150879,0.0041046143,-31.91986,-24.899292,68.099976,0,0.0,0.0,0.0,0.0
0.298828125,-0.9058594,0.002805609,-0.42356914,-0.42329824,-0.04236079,0.9049995,-0.015403649,0.9990984,0.03956053,-0.14721903,0.55022246,-0.8219378,-0.9801207,-0.19289425,0.046424046,-0.13300352,0.8124328,0.56768215,-0.1531372,9.811768,0.31944275,-0.1510582,9.797809,0.3879563,-0.03727722,0.003616333,4.272461E-4,-31.91986,-24.899292,68.099976,0,0.0,0.0,0.0,0.0
0.307128907,-0.90463835,0.0029855208,-0.4261696,-0.42590055,-0.04254342,0.9037692,-0.01543249,0.99909014,0.039757945,-0.18492363,0.52327317,-0.8318584,-0.9738773,-0.21107925,0.08371714,-0.13178112,0.8256093,0.5486374,-0.15672302,9.811768,0.37327576,-0.15134104,9.797728,0.38989225,-0.027496338,-0.0012664795,-0.010574341,-32.218933,-24.659729,68.218994,0,0.0,0.0,0.0,0.0
0.315429688,-0.9046464,0.003044035,-0.42615223,-0.42588195,-0.042773712,0.90376717,-0.015477012,0.9990801,0.03999148,-0.20305243,0.50994587,-0.83589756,-0.9703548,-0.21907565,0.10206534,-0.13107702,0.83184195,0.5393123,-0.16151428,9.799805,0.38763428,-0.15177764,9.797629,0.39218244,-0.027496338,-0.007385254,0.008987427,-32.218933,-24.659729,68.218994,0,0.0,0.0,0.0,0.0
0.323730469,-0.90271246,0.0033870726,-0.4302311,-0.42996675,-0.043022823,0.90181917,-0.01545523,0.9990684,0.040293567,-0.23801658,0.4836773,-0.84226143,-0.9625885,-0.23309842,0.13816093,-0.12950452,0.8436358,0.5210635,-0.16151428,9.799805,0.38763428,-0.15156403,9.797514,0.3951449,-0.03239441,0.003616333,0.011428833,-32.51953,-24.598694,68.03894,0,0.0,0.0,0.0,0.0
0.33203125,-0.90273887,0.003579889,-0.430174,-0.42991352,-0.043277964,0.9018321,-0.015388599,0.9990566,0.040607747,-0.27112657,0.4581067,-0.8465392,-0.95403457,-0.24458143,0.17319901,-0.12770414,0.85458654,0.5033622,-0.16989136,9.826126,0.43669128,-0.1509106,9.797399,0.39822596,-0.031158447,0.0024108887,-0.0032348633,-32.51953,-24.598694,68.03894,0,0.0,0.0,0.0,0.0
0.340332032,-0.90289426,0.0037102748,-0.42984676,-0.42958766,-0.043556415,0.9019741,-0.015376011,0.99904406,0.040920723,-0.28707173,0.4456162,-0.84794813,-0.94949144,-0.24946572,0.19034915,-0.12671134,0.8597634,0.49472332,-0.16989136,9.826126,0.43669128,-0.15078716,9.797276,0.4012952,-0.033599854,-6.1035156E-5,0.001663208,-32.57904,-24.719238,68.218994,0,0.0,0.0,0.0,0.0
0.348632813,-0.9029109,0.0038312718,-0.42981085,-0.42955303,-0.043799296,0.90197885,-0.015369685,0.999033,0.04119259,-0.3178001,0.42127073,-0.8494315,-0.93993676,-0.25769308,0.22385967,-0.12458713,0.86955464,0.47786275,-0.14596558,9.839279,0.4247284,-0.15072513,9.797167,0.40396133,-0.02017212,-0.007385254,4.272461E-4,-32.57904,-24.719238,68.218994,0,0.0,0.0,0.0,0.0
0.356933594,-0.90293455,0.0039652395,-0.42975968,-0.42950332,-0.044069696,0.90198934,-0.015362776,0.99902064,0.041495137,-0.34701946,0.39782014,-0.84930366,-0.929846,-0.26405814,0.25624168,-0.12232744,0.8786424,0.46154478,-0.14955139,9.835693,0.48335266,-0.15065737,9.797046,0.4069283,-0.005508423,-0.0049438477,-0.0056762695,-32.57904,-24.958801,68.218994,0,0.0,0.0,0.0,0.0
0.365234375,-0.9029499,0.0040759235,-0.4297265,-0.429471,-0.04431685,0.9019927,-0.015367674,0.99900925,0.041766386,-0.34701946,0.39782014,-0.84930366,-0.929846,-0.26405814,0.25624168,-0.12232744,0.8786424,0.46154478,-0.14955139,9.835693,0.48335266,-0.1507054,9.796934,0.40958834,-0.005508423,-0.0049438477,-0.0056762695,-32.57904,-24.958801,68.218994,0,0.0,0.0,0.0,0.0
0.373535157,-0.902963,0.0041708983,-0.42969805,-0.42944267,-0.044567276,0.90199375,-0.015388347,0.9989977,0.042033765,-0.3610806,0.3864677,-0.8486834,-0.92463416,-0.2665876,0.27199775,-0.121130124,0.88293475,0.45360085,-0.14476013,9.805786,0.45224,-0.15090814,9.796821,0.41221043,-0.005508423,-0.0037078857,0.0053100586,-32.57904,-24.958801,68.218994,0,0.0,0.0,0.0,0.0
0.381835938,-0.9029736,0.004247256,-0.4296751,-0.42941955,-0.044789195,0.9019938,-0.015413805,0.99898744,0.04226731,-0.37478822,0.37536165,-0.8477248,-0.9193239,-0.26872504,0.28745493,-0.119905315,0.88706845,0.44579396,-0.14476013,9.805786,0.45224,-0.1511578,9.7967205,0.41450074,0.0018157959,-0.013473511,0.001663208,-32.57904,-24.958801,68.218994,0,0.0,0.0,0.0,0.0
0.390136719,-0.9041883,0.004165138,-0.4271137,-0.4268562,-0.044872206,0.9032055,-0.01540356,0.99898404,0.04235084,-0.37478822,0.37536165,-0.8477248,-0.9193239,-0.26872504,0.28745493,-0.119905315,0.88706845,0.44579396,-0.14476013,9.851257,0.43310547,-0.15105733,9.796687,0.4153199,0.0018157959,-0.013473511,0.001663208,-32.339478,-24.899292,68.218994,0,0.0,0.0,0.0,0.0
0.3984375,-0.9041877,0.004160134,-0.4271152,-0.4268576,-0.044861652,0.9032054,-0.0154036395,0.9989845,0.042339135,-0.4012751,0.35386577,-0.8448416,-0.9084041,-0.2719578,0.31755462,-0.117389575,0.89488435,0.430583,-0.15792847,9.817749,0.40797424,-0.15105811,9.796692,0.4152051,0.004257202,-0.008590698,4.272461E-4,-32.339478,-24.899292,68.218994,0,0.0,0.0,0.0,0.0
0.406738282,-0.90418226,0.0041524074,-0.42712647,-0.42686883,-0.04484383,0.9032009,-0.015403531,0.9989854,0.042319536,-0.41401777,0.34347942,-0.8429775,-0.9028318,-0.27308536,0.33214313,-0.11612049,0.89858013,0.42316633,-0.15792847,9.817749,0.40797424,-0.15105703,9.7967005,0.4150129,-0.0042877197,-0.0110321045,0.0053100586,-32.339478,-24.719238,68.218994,0,0.0,0.0,0.0,0.0
0.415039063,-0.9041882,0.0041954666,-0.42711368,-0.42685723,-0.044886548,0.9032043,-0.0153822955,0.99898326,0.042376753,-0.43853748,0.32343516,-0.8384955,-0.89150846,-0.2744588,0.36039573,-0.11356781,0.9055728,0.40870562,-0.15553284,9.850052,0.45344543,-0.15084879,9.7966795,0.41557398,-6.2561035E-4,-0.013473511,-0.0044555664,-32.339478,-24.719238,68.218994,0,0.0,0.0,0.0,0.0
0.423339844,-0.90296835,0.0043268194,-0.42968532,-0.42943126,-0.044912104,0.9019821,-0.015395358,0.9989816,0.042412277,-0.46181637,0.30437484,-0.83311564,-0.88000417,-0.27476406,0.3874241,-0.110988066,0.91206396,0.39474165,-0.1375885,9.818954,0.4175415,-0.1509769,9.796663,0.41592237,0.009140015,0.010940552,-0.0056762695,-32.57904,-24.299622,68.218994,0,0.0,0.0,0.0,0.0
0.431640625,-0.9029631,0.004288186,-0.42969662,-0.42944157,-0.04486838,0.9019793,-0.015411938,0.99898374,0.04235602,-0.47295886,0.29522333,-0.83015245,-0.8742291,-0.27454552,0.40043515,-0.109696865,0.91513276,0.38794157,-0.1375885,9.818954,0.4175415,-0.15113948,9.796684,0.41537067,0.00793457,0.010940552,4.272461E-4,-32.57904,-24.299622,68.218994,0,0.0,0.0,0.0,0.0
0.439941407,-0.9028175,0.0042612413,-0.4300028,-0.4297464,-0.044862382,0.90183455,-0.015448015,0.99898416,0.042333797,-0.4943893,0.2776256,-0.82371306,-0.8626139,-0.27348644,0.4255612,-0.10712766,0.9209393,0.3746925,-0.16749573,9.809372,0.4665985,-0.15149328,9.796688,0.41515273,0.014038086,0.0024108887,0.001663208,-32.51953,-23.999023,68.03894,0,0.0,0.0,0.0,0.0
0.448242188,-0.9028129,0.0042265225,-0.43001285,-0.42975554,-0.044821948,0.90183216,-0.015462399,0.99898607,0.0422822,-0.50468516,0.269176,-0.82026654,-0.8567894,-0.272673,0.4376771,-0.105852365,0.92368484,0.36824122,-0.16749573,9.809372,0.4665985,-0.15163434,9.796706,0.41464674,0.017700195,0.0011749268,0.001663208,-32.51953,-23.999023,68.03894,0,0.0,0.0,0.0,0.0
0.456542969,-0.902811,0.0042122514,-0.43001693,-0.42975974,-0.044777103,0.9018324,-0.01545617,0.99898815,0.042235516,-0.52448195,0.25295964,-0.81297606,-0.8451294,-0.27054393,0.46104485,-0.10332,0.9288797,0.355679,-0.15553284,9.829712,0.47616577,-0.15157326,9.796727,0.41418892,0.015258789,-0.00982666,0.0041046143,-32.51953,-23.999023,68.03894,0,0.0,0.0,0.0,0.0
0.46484375,-0.9034137,0.004050838,-0.42875075,-0.42849103,-0.044588625,0.9024452,-0.015461747,0.9989973,0.042017724,-0.54326105,0.23763865,-0.80522996,-0.8334899,-0.26781738,0.48328915,-0.1008064,0.93370324,0.34356418,-0.16630554,9.82254,0.38404846,-0.15162793,9.796816,0.4120531,0.02746582,-0.0110321045,-0.0032348633,-32.398987,-24.179077,68.03894,0,0.0,0.0,0.0,0.0
0.473144532,-0.9033981,0.003934434,-0.42878467,-0.42852336,-0.044373907,0.90244037,-0.015476258,0.9990073,0.041773304,-0.561119,0.22314844,-0.7970886,-0.8218731,-0.26460323,0.50448954,-0.09833617,0.9381844,0.3318736,-0.16630554,9.84407,0.3912201,-0.15177023,9.796914,0.40965614,0.016494751,0.0084991455,0.001663208,-32.398987,-24.179077,68.03894,0,0.0,0.0,0.0,0.0
0.481445313,-0.90412134,0.0037613716,-0.42725915,-0.4269948,-0.044206407,0.9031728,-0.015490424,0.99901533,0.041574046,-0.5696988,0.216206,-0.792905,-0.8160946,-0.26283437,0.5146918,-0.097123206,0.94030476,0.326181,-0.16630554,9.84407,0.3912201,-0.15190917,9.796994,0.40770212,0.014038086,-0.006149292,0.0053100586,-32.339478,-24.35913,68.218994,0,0.0,0.0,0.0,0.0
0.489746094,-0.904109,0.0036689942,-0.42728624,-0.42702127,-0.04399622,0.9031706,-0.01548525,0.99902487,0.041344114,-0.5780815,0.2094488,-0.78864,-0.8103208,-0.2609774,0.52466273,-0.09592723,0.9423492,0.32058692,-0.15194702,9.836899,0.3481598,-0.15185843,9.797088,0.40544724,0.018936157,-0.0110321045,-0.0068969727,-32.339478,-24.35913,68.218994,0,0.0,0.0,0.0,0.0
0.498046875,-0.90409476,0.0035634812,-0.42731717,-0.42705083,-0.043803774,0.903166,-0.0154996915,0.9990338,0.041124552,-0.5862437,0.20288277,-0.7843194,-0.8045753,-0.25903136,0.5343794,-0.09474693,0.94432056,0.31508997,-0.15194702,9.836899,0.3481598,-0.15200005,9.797175,0.40329412,0.011581421,-0.0037078857,4.272461E-4,-32.339478,-24.35913,68.218994,0,0.0,0.0,0.0,0.0
0.506347657,-0.9034952,0.0035220624,-0.42858362,-0.42831716,-0.04361595,0.9025751,-0.015514156,0.9990421,0.040915363,-0.6019294,0.19031611,-0.7755389,-0.79318213,-0.25490153,0.55307066,-0.0924278,0.94805324,0.30438808,-0.14715576,9.830917,0.34217834,-0.1521419,9.797256,0.40124264,0.020141602,-0.0037078857,0.0065460205,-32.398987,-24.35913,68.099976,0,0.0,0.0,0.0,0.0
0.514648438,-0.9034822,0.0034254335,-0.42861196,-0.4283446,-0.043422606,0.9025716,-0.01551975,0.999051,0.040698815,-0.6094424,0.18431462,-0.7711084,-0.78755724,-0.25272703,0.5620345,-0.09128875,0.94981956,0.29918087,-0.14476013,9.810577,0.24885559,-0.15219676,9.797343,0.39911905,-0.0030670166,0.0011749268,-0.0056762695,-32.398987,-24.35913,68.099976,0,0.0,0.0,0.0,0.0
0.522949219,-0.90347165,0.0033476779,-0.42863482,-0.4283676,-0.043208107,0.90257096,-0.015498981,0.9990605,0.040471334,-0.6094424,0.18431462,-0.7711084,-0.78755724,-0.25272703,0.5620345,-0.09128875,0.94981956,0.29918087,-0.14476013,9.810577,0.24885559,-0.15199308,9.797437,0.39688823,-0.0030670166,0.0011749268,-0.0056762695,-32.398987,-24.35913,68.099976,0,0.0,0.0,0.0,0.0
0.53125,-0.90345556,0.0032289734,-0.42866957,-0.42840236,-0.042897515,0.90256923,-0.015474491,0.9990743,0.0401393,-0.6167572,0.17847747,-0.7666527,-0.7819715,-0.25049412,0.5707656,-0.0901732,0.9515243,0.29405835,-0.14476013,9.810577,0.24885559,-0.1517529,9.797571,0.39363205,-0.0030670166,-0.0037078857,0.007751465,-32.398987,-24.35913,68.099976,0,0.0,0.0,0.0,0.0
0.539550782,-0.9038703,0.003097336,-0.4277952,-0.4275265,-0.04270547,0.9029934,-0.015472324,0.99908286,0.039924406,-0.623879,0.17280774,-0.7621761,-0.7764281,-0.2482064,0.57926935,-0.08907477,0.9531689,0.28902358,-0.16390991,9.841675,0.26560974,-0.15173167,9.797656,0.39152467,-0.005508423,0.0024108887,0.0053100586,-32.398987,-24.299622,68.2785,0,0.0,0.0,0.0,0.0
0.547851563,-0.90386516,0.0030586354,-0.42780656,-0.42753828,-0.04257963,0.9029939,-0.015453914,0.9990884,0.039793923,-0.6308286,0.16730018,-0.75767136,-0.77091694,-0.24587305,0.58756584,-0.0879911,0.954755,0.2840783,-0.16390991,9.841675,0.26560974,-0.15155113,9.79771,0.39024508,-0.011627197,-0.0012664795,0.0028686523,-32.398987,-24.299622,68.2785,0,0.0,0.0,0.0,0.0
0.556152344,-0.903862,0.0030348897,-0.42781353,-0.4275456,-0.04249437,0.9029945,-0.015439175,0.9990921,0.039706595,-0.6441826,0.15679233,-0.7486287,-0.76003873,-0.24107255,0.60351074,-0.08584798,0.9577579,0.274463,-0.15672302,9.820145,0.2871399,-0.15140659,9.797747,0.38938868,-0.006729126,-0.0049438477,-0.0032348633,-32.398987,-24.299622,68.2785,0,0.0,0.0,0.0,0.0
0.564453125,-0.90323573,0.0030696867,-0.42913362,-0.42886537,-0.042523976,0.90236694,-0.015478487,0.99909073,0.039725665,-0.6629235,0.14224772,-0.7350496,-0.74410677,-0.23361656,0.62588215,-0.082689464,0.9618674,0.2607174,-0.16270447,9.810577,0.31825256,-0.15179211,9.797733,0.3895757,-0.025054932,-0.0012664795,4.272461E-4,-32.57904,-24.179077,68.39905,0,0.0,0.0,0.0,0.0
0.572753907,-0.9032368,0.0030773226,-0.42913148,-0.4288623,-0.04260252,0.90236473,-0.015505213,0.99908733,0.039799914,-0.6629235,0.14224772,-0.7350496,-0.74410677,-0.23361656,0.62588215,-0.082689464,0.9618674,0.2607174,-0.16270447,9.810577,0.31825256,-0.1520542,9.7977,0.39030382,-0.025054932,-0.0012664795,4.272461E-4,-32.57904,-24.179077,68.39905,0,0.0,0.0,0.0,0.0
0.581054688,-0.9026434,0.0032542848,-0.43037704,-0.43011096,-0.042778518,0.9017619,-0.0154763,0.9990792,0.040013447,-0.6745682,0.13332662,-0.7260728,-0.7337959,-0.22853053,0.6397791,-0.08063021,0.96436393,0.25199395,-0.15792847,9.84288,0.40438843,-0.15177067,9.797621,0.39239788,-0.021392822,-6.1035156E-5,0.0053100586,-32.699585,-24.179077,68.39905,0,0.0,0.0,0.0,0.0
0.589355469,-0.90266573,0.0034203406,-0.43032902,-0.43006665,-0.04297547,0.90177375,-0.015409216,0.9990702,0.04026345,-0.68014205,0.1291017,-0.72162294,-0.7287458,-0.22595923,0.64643025,-0.079602115,0.965544,0.24776667,-0.14596558,9.839279,0.43669128,-0.1511128,9.797532,0.3948496,-0.022613525,0.0024108887,0.0041046143,-32.699585,-24.179077,68.39905,0,0.0,0.0,0.0,0.0
0.59765625,-0.9026837,0.0035545947,-0.43029013,-0.4300302,-0.04317378,0.9017817,-0.015371782,0.9990613,0.040500846,-0.6855703,0.1250322,-0.71718913,-0.7237544,-0.2233739,0.6529039,-0.07856733,0.9666804,0.24363114,-0.14596558,9.839279,0.43669128,-0.15074569,9.797444,0.39717764,-0.021392822,0.003616333,-7.9345703E-4,-32.699585,-24.179077,68.39905,0,0.0,0.0,0.0,0.0
0.605957032,-0.90346813,0.0035744614,-0.42864025,-0.42837927,-0.043401193,0.90255606,-0.015377348,0.99905133,0.040742826,-0.6960065,0.11731541,-0.70838696,-0.713948,-0.21818648,0.6653367,-0.07650621,0.9688301,0.23561631,-0.16630554,9.836899,0.44625854,-0.15080027,9.797347,0.39955065,-0.021392822,0.0011749268,0.0065460205,-32.51953,-24.41864,68.33954,0,0.0,0.0,0.0,0.0
0.614257813,-0.9034808,0.003668113,-0.42861283,-0.4283536,-0.043534156,0.90256184,-0.015348599,0.9990452,0.040903524,-0.7059563,0.110101245,-0.69964516,-0.7043286,-0.21301323,0.67716056,-0.07447746,0.97082597,0.22792548,-0.15434265,9.820145,0.40678406,-0.15051834,9.797287,0.40112656,-0.0140686035,-0.015945435,0.007751465,-32.51953,-24.41864,68.33954,0,0.0,0.0,0.0,0.0
0.622558594,-0.9025885,0.003861334,-0.43048704,-0.43023255,-0.04361765,0.9016637,-0.015295208,0.99904084,0.041030064,-0.71073794,0.106680505,-0.69532067,-0.6996093,-0.21043369,0.6828356,-0.07347365,0.97177,0.2241979,-0.15434265,9.820145,0.40678406,-0.14999476,9.797244,0.40236747,-0.010391235,-0.014709473,0.0065460205,-32.699585,-24.598694,68.33954,0,0.0,0.0,0.0,0.0
0.630859375,-0.90260035,0.003948065,-0.4304615,-0.4302092,-0.043709785,0.90167046,-0.015255524,0.9990365,0.041150957,-0.72426605,0.097134285,-0.6826446,-0.6859057,-0.20273891,0.69887793,-0.07051363,0.9744033,0.21346186,-0.15434265,9.829712,0.4127655,-0.14960559,9.797201,0.40355304,-0.006729126,-0.0037078857,-7.9345703E-4,-32.699585,-24.598694,68.33954,0,0.0,0.0,0.0,0.0
0.639160157,-0.9017077,0.0040908386,-0.43232673,-0.43207592,-0.043869134,0.9007695,-0.015280898,0.99902886,0.041324694,-0.7285442,0.094168216,-0.67849517,-0.6814592,-0.2002011,0.7039409,-0.06954662,0.9752189,0.21002714,-0.17468262,9.830917,0.45703125,-0.14985442,9.797127,0.4052568,-0.006729126,-0.0049438477,-0.0032348633,-32.818604,-24.41864,68.218994,0,0.0,0.0,0.0,0.0
0.647460938,-0.90171015,0.00410836,-0.4323216,-0.43206927,-0.044020217,0.9007654,-0.015330223,0.9990222,0.041468572,-0.732684,0.09131308,-0.67441535,-0.6771037,-0.19767827,0.7088399,-0.0685909,0.9760047,0.20666414,-0.17468262,9.830917,0.45703125,-0.15033814,9.797061,0.40666777,-0.006729126,-0.0049438477,-0.0032348633,-32.818604,-24.41864,68.218994,0,0.0,0.0,0.0,0.0
0.655761719,-0.902605,0.0040122815,-0.43045115,-0.43019524,-0.044117924,0.90165716,-0.015372908,0.99901825,0.04154712,-0.7444758,0.08330618,-0.66243184,-0.6643983,-0.19023626,0.7227621,-0.065808,0.97819746,0.19697477,-0.15911865,9.795013,0.42352295,-0.15075673,9.797023,0.40743807,0.014038086,-6.1035156E-5,-7.9345703E-4,-32.699585,-24.41864,68.33954,0,0.0,0.0,0.0,0.0
0.6640625,-0.90260315,0.003998799,-0.4304551,-0.4301974,-0.044198733,0.90165216,-0.015420044,0.99901474,0.041614186,-0.74823415,0.08080373,-0.6584956,-0.66025186,-0.18780473,0.7271843,-0.06490938,0.978877,0.1938727,-0.15911865,9.795013,0.42352295,-0.15121897,9.796988,0.40809575,0.014038086,-0.014709473,0.0028686523,-32.699585,-24.41864,68.33954,0,0.0,0.0,0.0,0.0
0.672363282,-0.90260124,0.0039843246,-0.43045938,-0.4302002,-0.044256207,0.9016481,-0.015458036,0.99901223,0.041659757,-0.74823415,0.08080373,-0.6584956,-0.66025186,-0.18780473,0.7271843,-0.06490938,0.978877,0.1938727,-0.15672302,9.830917,0.42114258,-0.15159155,9.796964,0.40854266,0.014038086,-0.014709473,0.0028686523,-32.699585,-24.41864,68.33954,0,0.0,0.0,0.0,0.0
0.680664063,-0.90259916,0.003969075,-0.43046376,-0.4302035,-0.044283647,0.9016451,-0.015483809,0.9990111,0.041677892,-0.751896,0.07838193,-0.65460575,-0.65616524,-0.18540007,0.7314876,-0.06402854,0.97953206,0.19083306,-0.15074158,9.82373,0.44625854,-0.1518443,9.796952,0.4087205,0.020141602,-0.0037078857,-0.0020141602,-32.699585,-24.41864,68.33954,0,0.0,0.0,0.0,0.0
0.688964844,-0.9030635,0.003924363,-0.42948914,-0.4292284,-0.044261217,0.90211076,-0.015469503,0.9990123,0.041655138,-0.755464,0.07603937,-0.6507627,-0.6521384,-0.18302058,0.7356758,-0.06316264,0.980164,0.18785366,-0.15074158,9.82373,0.44625854,-0.15170401,9.796965,0.4084974,0.015258789,-0.0110321045,0.0028686523,-32.57904,-24.479675,68.2785,0,0.0,0.0,0.0,0.0
0.697265625,-0.903061,0.0039058733,-0.4294946,-0.42923445,-0.044172492,0.9021123,-0.015448309,0.9990163,0.04156699,-0.755464,0.07603937,-0.6507627,-0.6521384,-0.18302058,0.7356758,-0.06316264,0.980164,0.18785366,-0.15074158,9.82373,0.44625854,-0.15149617,9.797004,0.40763295,0.015258789,-0.0110321045,0.0028686523,-32.57904,-24.479675,68.2785,0,0.0,0.0,0.0,0.0
0.705566407,-0.90334123,0.0038382323,-0.42890546,-0.4286442,-0.044102002,0.9023963,-0.015451983,0.9990196,0.041484393,-0.7623566,0.07157484,-0.64318705,-0.6442313,-0.17833532,0.743749,-0.06146925,0.9813631,0.18206586,-0.16270447,9.839279,0.46540833,-0.15153219,9.797036,0.40682295,0.029907227,0.0011749268,0.001663208,-32.57904,-24.299622,68.39905,0,0.0,0.0,0.0,0.0
0.713867188,-0.90333813,0.003815365,-0.4289121,-0.42865303,-0.043899413,0.902402,-0.015385997,0.9990287,0.041291486,-0.7689186,0.06739159,-0.63578504,-0.636541,-0.17375435,0.7514153,-0.05983135,0.9824804,0.17650045,-0.119644165,9.830917,0.41993713,-0.15088509,9.797125,0.40493116,0.032348633,-0.006149292,0.001663208,-32.57904,-24.299622,68.39905,0,0.0,0.0,0.0,0.0
0.722167969,-0.9036326,0.0037418064,-0.42829224,-0.4280345,-0.043656953,0.9027074,-0.015320177,0.9990396,0.041051462,-0.7720749,0.065401904,-0.6321573,-0.6327841,-0.17150038,0.75509727,-0.05903043,0.98301077,0.17379643,-0.119644165,9.830917,0.41993713,-0.15023962,9.797232,0.40257734,0.037246704,0.009735107,0.0028686523,-32.51953,-24.299622,68.39905,0,0.0,0.0,0.0,0.0
0.73046875,-0.9036158,0.0036165356,-0.42832875,-0.42806962,-0.04340941,0.90270257,-0.015328844,0.99905074,0.040773556,-0.77816635,0.061607596,-0.6250293,-0.62542367,-0.16706838,0.7621898,-0.057465956,0.9840186,0.16853784,-0.17108154,9.829712,0.39959717,-0.15032461,9.797341,0.399852,0.031143188,0.0011749268,-0.0068969727,-32.51953,-24.299622,68.39905,0,0.0,0.0,0.0,0.0
0.738769532,-0.90466464,0.0033801033,-0.4261107,-0.42584822,-0.04314977,0.9037651,-0.015331762,0.9990629,0.040475488,-0.7839526,0.058042936,-0.61810136,-0.61829317,-0.16274448,0.7689133,-0.055962596,0.98495954,0.16347152,-0.14596558,9.833298,0.38285828,-0.15035322,9.797461,0.39692894,0.032348633,-0.0012664795,-7.9345703E-4,-32.27997,-24.35913,68.33954,0,0.0,0.0,0.0,0.0
0.747070313,-0.9046463,0.0032425902,-0.42615104,-0.4258869,-0.04289427,0.9037592,-0.015348917,0.9990744,0.040185113,-0.78676707,0.05633139,-0.6146742,-0.6147737,-0.16062519,0.7721741,-0.055234518,0.9854067,0.16100566,-0.14596558,9.833298,0.38285828,-0.15052146,9.797573,0.39408135,0.028701782,-0.00982666,4.272461E-4,-32.27997,-24.35913,68.33954,0,0.0,0.0,0.0,0.0
0.755371094,-0.9046217,0.0030603504,-0.42620438,-0.425938,-0.042558707,0.9037508,-0.015372915,0.99908924,0.03980305,-0.79218376,0.053057805,-0.6079718,-0.6079043,-0.15646735,0.7784409,-0.05382538,0.98625696,0.15620497,-0.1603241,9.857239,0.3134613,-0.1507568,9.797719,0.3903346,0.037246704,-0.0037078857,0.0028686523,-32.27997,-24.35913,68.33954,0,0.0,0.0,0.0,0.0
0.763671875,-0.90490335,0.0028473367,-0.42560765,-0.42533943,-0.042171,0.90405095,-0.015374161,0.99910635,0.039371762,-0.79733056,0.049973413,-0.6014704,-0.6012572,-0.152418,0.7843842,-0.052476566,0.9870519,0.15157442,-0.15434265,9.840485,0.27038574,-0.15076901,9.797886,0.38610506,0.025024414,-0.006149292,-0.0032348633,-32.218933,-24.299622,68.33954,0,0.0,0.0,0.0,0.0
0.771972657,-0.9048805,0.0026776071,-0.42565724,-0.42538783,-0.04181032,0.9040448,-0.015376189,0.99912196,0.038972367,-0.7998156,0.048492692,-0.59828377,-0.5980043,-0.15043241,0.787249,-0.05182544,0.9874303,0.14931703,-0.15434265,9.840485,0.27038574,-0.1507889,9.798039,0.38218835,0.031143188,-0.006149292,-0.0032348633,-32.218933,-24.299622,68.33954,0,0.0,0.0,0.0,0.0
0.780273438,-0.90576327,0.0024244885,-0.423777,-0.42350426,-0.041501712,0.90494287,-0.01539345,0.99913543,0.03861751,-0.8045999,0.04565456,-0.5920598,-0.5916605,-0.14653866,0.7927574,-0.05056666,0.98815084,0.14491698,-0.16630554,9.851257,0.27876282,-0.15095818,9.798172,0.37870842,0.025024414,-0.015945435,0.0028686523,-32.03888,-24.299622,68.33954,0,0.0,0.0,0.0,0.0
0.788574219,-0.9057399,0.0022504516,-0.42382795,-0.42355344,-0.041178904,0.90493464,-0.015416258,0.99914926,0.03825056,-0.8091974,0.04296911,-0.5859635,-0.58545995,-0.14275536,0.79803354,-0.049358636,0.98882484,0.14067395,-0.16630554,9.851257,0.27876282,-0.15118185,9.798307,0.37510988,0.017700195,-0.0012664795,-0.0032348633,-32.03888,-24.299622,68.33954,0,0.0,0.0,0.0,0.0
0.796875,-0.90572,0.0021026772,-0.4238712,-0.423595,-0.040920615,0.90492684,-0.0154423015,0.9991602,0.037953306,-0.8091974,0.04296911,-0.5859635,-0.58545995,-0.14275536,0.79803354,-0.049358636,0.98882484,0.14067395,-0.16630554,9.851257,0.27876282,-0.15143725,9.798414,0.3721948,0.017700195,-0.0012664795,-0.0032348633,-32.03888,-24.299622,68.33954,0,0.0,0.0,0.0,0.0
0.805175782,-0.9057058,0.0019973693,-0.42390195,-0.42362547,-0.04067992,0.90492344,-0.015436833,0.9991702,0.03769018,-0.8114095,0.04167095,-0.58299077,-0.5824388,-0.14089994,0.8005701,-0.04878285,0.9891465,0.13859832,-0.14237976,9.792633,0.2679901,-0.15138362,9.798512,0.36961442,0.010375977,-0.0037078857,0.001663208,-32.03888,-24.299622,68.33954,0,0.0,0.0,0.0,0.0
0.813476563,-0.90543014,0.0019454396,-0.42449078,-0.42421526,-0.040461063,0.904657,-0.015415393,0.99917924,0.037459955,-0.8135664,0.04040921,-0.58006626,-0.5794693,-0.13906935,0.80304116,-0.048219178,0.98945785,0.13655804,-0.15553284,9.828522,0.3672943,-0.15117337,9.798601,0.36735666,6.1035156E-4,-0.014709473,0.0041046143,-31.97937,-24.299622,68.099976,0,0.0,0.0,0.0,0.0
0.821777344,-0.90542364,0.0018973836,-0.42450488,-0.42423046,-0.040272016,0.90465826,-0.015379185,0.99918693,0.037268165,-0.8156624,0.03918639,-0.57719946,-0.5765611,-0.1372627,0.8054416,-0.04766561,0.98975927,0.13455339,-0.15553284,9.828522,0.3672943,-0.15081829,9.7986765,0.36547586,6.1035156E-4,-0.006149292,0.007751465,-31.97937,-24.299622,68.099976,0,0.0,0.0,0.0,0.0
0.830078125,-0.9054196,0.0018674883,-0.4245136,-0.42424062,-0.040105883,0.90466094,-0.0153360525,0.9991937,0.03710492,-0.8156624,0.03918639,-0.57719946,-0.5765611,-0.1372627,0.8054416,-0.04766561,0.98975927,0.13455339,-0.15553284,9.828522,0.3672943,-0.1503953,9.798743,0.36387497,6.1035156E-4,-0.006149292,0.007751465,-31.97937,-24.299622,68.099976,0,0.0,0.0,0.0,0.0
0.838378907,-0.905425,0.0019078437,-0.4245018,-0.4242306,-0.040087122,0.9046664,-0.015291096,0.9991944,0.03710525,-0.8156624,0.03918639,-0.57719946,-0.5765611,-0.1372627,0.8054416,-0.04766561,0.98975927,0.13455339,-0.15074158,9.810577,0.37208557,-0.14995442,9.79875,0.36387822,6.1035156E-4,-0.006149292,0.007751465,-31.97937,-24.299622,68.099976,0,0.0,0.0,0.0,0.0
0.846679688,-0.90470046,0.0020214096,-0.42604342,-0.42577553,-0.04006243,0.9039415,-0.015241098,0.99919516,0.037105165,-0.8197007,0.03685765,-0.5716051,-0.5708953,-0.13371798,0.8100606,-0.04657695,0.9903338,0.13065058,-0.15074158,9.810577,0.37208557,-0.14946412,9.798758,0.3638774,6.1035156E-4,-0.008590698,0.0041046143,-32.03888,-24.119568,67.91992,0,0.0,0.0,0.0,0.0
0.854980469,-0.90470535,0.002057328,-0.42603293,-0.4257663,-0.040067717,0.9039456,-0.015210453,0.99919486,0.037125416,-0.82162654,0.035759825,-0.5689034,-0.5681639,-0.1319844,0.81226224,-0.046040017,0.99060655,0.12875932,-0.1603241,9.817749,0.37806702,-0.14916359,9.798754,0.36407593,-0.005508423,-0.0049438477,0.0065460205,-32.03888,-24.119568,67.91992,0,0.0,0.0,0.0,0.0
0.86328125,-0.90471095,0.0020990102,-0.42602077,-0.42575556,-0.04007727,0.9039503,-0.015176347,0.9991944,0.03715201,-0.8253388,0.03367913,-0.5636325,-0.5628431,-0.12859832,0.8164986,-0.044983227,0.9911247,0.12509325,-0.14715576,9.817749,0.37806702,-0.14882913,9.79875,0.36433676,0.005493164,-0.007385254,-7.9345703E-4,-32.03888,-24.119568,67.91992,0,0.0,0.0,0.0,0.0
0.871582032,-0.9043929,0.0020854967,-0.42669564,-0.42643034,-0.040012963,0.903635,-0.01518883,0.999197,0.037076756,-0.8288731,0.03174188,-0.55853534,-0.55770755,-0.12531957,0.82052255,-0.04395048,0.9916085,0.121576704,-0.16151428,9.824936,0.32781982,-0.14895155,9.798776,0.3635988,0.004257202,0.007293701,0.007751465,-32.099915,-23.878479,67.91992,0,0.0,0.0,0.0,0.0
0.879882813,-0.90438926,0.0020585968,-0.42670336,-0.42643738,-0.03999166,0.9036326,-0.015204361,0.9991979,0.03704589,-0.8305681,0.030821018,-0.5560636,-0.55521977,-0.12371941,0.8224503,-0.043447107,0.99183846,0.119869836,-0.17706299,9.8524475,0.36012268,-0.14910385,9.798784,0.36329606,-0.005508423,0.004852295,0.0053100586,-32.099915,-23.878479,67.91992,0,0.0,0.0,0.0,0.0
0.888183594,-0.9036687,0.0020992479,-0.4282271,-0.42796138,-0.039988913,0.9029119,-0.015228901,0.9991979,0.037035126,-0.83222204,0.029929461,-0.55363405,-0.5527762,-0.12214574,0.8243293,-0.042952307,0.9920608,0.118196666,-0.1375885,9.826126,0.34695435,-0.1493445,9.798784,0.36319053,-6.2561035E-4,-0.0025024414,-0.0056762695,-32.099915,-24.41864,67.61932,0,0.0,0.0,0.0,0.0
