time,r0,r1,r2,r3,r4,r5,r6,r7,r8,wx,wy,wz,mx,my,mz,gx,gy,gz,ax,ay,az,id
766319.673607,-0.735882,0.677002,-0.012084,-0.676936,-0.735981,-0.009482,-0.015313,0.001203,0.999882,-0.006169,-0.008496,-0.004799,-23.398998,-21.558905,-24.391621,0.012084,0.009482,-0.999882,0.002946,-0.004004,0.025975,0
766319.683314,-0.735811,0.677080,-0.012016,-0.677015,-0.735909,-0.009482,-0.015263,0.001158,0.999883,-0.001203,-0.009603,-0.007214,-23.398998,-21.558905,-24.391621,0.011975,0.009513,-0.999883,0.003054,-0.004035,0.025976,0
766319.693020,-0.735811,0.677080,-0.012016,-0.677015,-0.735909,-0.009482,-0.015263,0.001158,0.999883,-0.000065,-0.004777,-0.005959,-23.398998,-21.558905,-24.391621,0.012016,0.009482,-0.999883,0.003899,-0.001074,0.026982,0
766319.702727,-0.735842,0.677048,-0.011989,-0.676982,-0.735939,-0.009504,-0.015257,0.001123,0.999883,-0.000314,0.001157,0.007486,-23.398790,-21.561909,-24.389170,0.011989,0.009504,-0.999883,-0.001964,-0.001035,0.027883,0
766319.712434,-0.735733,0.677167,-0.011925,-0.677101,-0.735829,-0.009533,-0.015230,0.001061,0.999883,-0.001303,0.000044,-0.012034,-23.398790,-21.561909,-24.389170,0.011958,0.009430,-0.999884,-0.000895,-0.002960,0.031729,0
766319.722140,-0.735733,0.677167,-0.011925,-0.677101,-0.735829,-0.009533,-0.015230,0.001061,0.999883,-0.005080,0.003575,-0.009598,-23.398790,-21.561909,-24.389170,0.011925,0.009533,-0.999883,-0.002938,0.001880,0.027914,0
766319.731847,-0.735702,0.677201,-0.011881,-0.677137,-0.735797,-0.009417,-0.015120,0.001117,0.999885,0.007192,0.003762,-0.007084,-23.396700,-21.566685,-24.386953,0.011881,0.009417,-0.999885,-0.002757,-0.002902,0.028800,0
766319.741554,-0.735636,0.677269,-0.012082,-0.677205,-0.735734,-0.009420,-0.015269,0.001252,0.999883,-0.001605,0.010802,-0.001000,-23.395803,-21.566580,-24.387907,0.012056,0.009476,-0.999882,0.003782,0.001861,0.027028,0
766319.751260,-0.735636,0.677269,-0.012082,-0.677205,-0.735734,-0.009420,-0.015269,0.001252,0.999883,-0.002746,0.007186,-0.003466,-23.395803,-21.566580,-24.387907,0.012082,0.009420,-0.999883,-0.003949,-0.002889,0.028783,0
766319.760968,-0.735607,0.677299,-0.012184,-0.677235,-0.735707,-0.009368,-0.015309,0.001360,0.999882,0.008224,0.013381,-0.003363,-23.395803,-21.566580,-24.387907,0.012184,0.009368,-0.999882,-0.004052,-0.002838,0.028782,0
766319.770675,-0.735621,0.677282,-0.012293,-0.677220,-0.735722,-0.009284,-0.015332,0.001495,0.999881,0.004585,0.006071,0.002668,-23.387665,-21.572762,-24.390247,0.012273,0.009304,-0.999881,-0.000249,-0.001827,0.027881,0
766319.780381,-0.735621,0.677282,-0.012293,-0.677220,-0.735722,-0.009284,-0.015332,0.001495,0.999881,-0.001471,0.001167,0.001383,-23.387665,-21.572762,-24.390247,0.012293,0.009284,-0.999881,-0.000284,0.000161,0.025028,0
766319.790088,-0.735619,0.677285,-0.012239,-0.677225,-0.735719,-0.009128,-0.015187,0.001574,0.999883,0.011934,0.007481,0.002700,-23.387665,-21.572762,-24.390247,0.012239,0.009128,-0.999883,-0.006029,-0.002567,0.027807,0
766319.799795,-0.735636,0.677264,-0.012371,-0.677204,-0.735738,-0.009166,-0.015310,0.001635,0.999881,-0.000302,0.000037,0.007459,-23.385363,-21.578436,-24.387432,0.012297,0.009164,-0.999882,0.001512,0.003134,0.032811,0
766319.809501,-0.735636,0.677264,-0.012371,-0.677204,-0.735738,-0.009166,-0.015310,0.001635,0.999881,0.008362,0.002633,-0.001008,-23.385363,-21.578436,-24.387432,0.012371,0.009166,-0.999881,0.001484,0.002171,0.029911,0
766319.819208,-0.735698,0.677196,-0.012448,-0.677136,-0.735801,-0.009150,-0.015356,0.001698,0.999881,0.003418,-0.001095,0.006255,-23.385363,-21.578436,-24.387432,0.012448,0.009150,-0.999881,0.002383,0.002157,0.031848,0
766319.828915,-0.735728,0.677165,-0.012358,-0.677102,-0.735830,-0.009346,-0.015422,0.001491,0.999880,0.001034,-0.003519,0.002569,-23.382998,-21.577839,-24.390224,0.012416,0.009375,-0.999879,-0.000743,0.010842,0.028092,0
766319.838621,-0.735728,0.677165,-0.012358,-0.677102,-0.735830,-0.009346,-0.015422,0.001491,0.999880,0.004721,-0.005884,0.006235,-23.382998,-21.577839,-24.390224,0.012358,0.009346,-0.999880,-0.000685,0.010872,0.028093,0
766319.848328,-0.735717,0.677178,-0.012303,-0.677114,-0.735818,-0.009424,-0.015435,0.001397,0.999880,-0.006153,-0.012029,-0.002402,-23.382998,-21.577839,-24.390224,0.012303,0.009424,-0.999880,0.001597,0.000937,0.028917,0
766319.858036,-0.735671,0.677224,-0.012510,-0.677158,-0.735776,-0.009544,-0.015668,0.001450,0.999876,-0.005009,-0.005987,-0.003578,-23.385136,-21.569380,-24.395660,0.012362,0.009501,-0.999878,0.004453,0.000829,0.029923,0
766319.867742,-0.735671,0.677224,-0.012510,-0.677158,-0.735776,-0.009544,-0.015668,0.001450,0.999876,0.001086,-0.003482,-0.002307,-23.385136,-21.569380,-24.395660,0.012510,0.009544,-0.999876,0.008166,0.002709,0.029020,0
766319.877449,-0.735664,0.677232,-0.012489,-0.677166,-0.735768,-0.009549,-0.015656,0.001432,0.999876,0.005971,-0.002206,-0.001052,-23.384407,-21.567579,-24.397951,0.012489,0.009549,-0.999876,-0.000495,-0.000104,0.025984,0
766319.887156,-0.735677,0.677216,-0.012582,-0.677150,-0.735783,-0.009574,-0.015742,0.001477,0.999875,-0.003909,-0.002387,0.002545,-23.384407,-21.567579,-24.397951,0.012554,0.009527,-0.999876,0.003285,0.000819,0.029905,0
766319.896862,-0.735677,0.677216,-0.012582,-0.677150,-0.735783,-0.009574,-0.015742,0.001477,0.999875,0.007160,0.000221,-0.001030,-23.384407,-21.567579,-24.397951,0.012582,0.009574,-0.999875,0.000281,0.001748,0.032773,0
766319.906569,-0.735702,0.677189,-0.012569,-0.677122,-0.735808,-0.009671,-0.015798,0.001395,0.999874,0.000953,0.000092,0.003809,-23.378796,-21.567970,-24.402981,0.012569,0.009671,-0.999874,-0.000698,0.004687,0.025097,0
766319.916276,-0.735763,0.677126,-0.012428,-0.677058,-0.735866,-0.009691,-0.015707,0.001284,0.999876,0.007087,0.000184,0.005066,-23.378796,-21.567970,-24.402981,0.012475,0.009689,-0.999875,-0.004525,0.002701,0.031766,0
766319.925982,-0.735763,0.677126,-0.012428,-0.677058,-0.735866,-0.009691,-0.015707,0.001284,0.999876,-0.006348,-0.004842,0.003736,-23.378796,-21.567970,-24.402981,0.012428,0.009691,-0.999876,-0.004478,0.002699,0.031767,0
766319.935689,-0.735764,0.677125,-0.012394,-0.677057,-0.735867,-0.009662,-0.015663,0.001282,0.999876,0.005979,-0.002200,-0.002271,-23.383533,-21.560942,-24.404654,0.012394,0.009662,-0.999876,-0.001393,-0.000248,0.028868,0
766319.945396,-0.735787,0.677100,-0.012342,-0.677032,-0.735890,-0.009671,-0.015631,0.001240,0.999877,-0.003944,0.000109,0.002547,-23.383533,-21.560942,-24.404654,0.012345,0.009618,-0.999878,-0.003251,-0.002111,0.027847,0
766319.955102,-0.735787,0.677100,-0.012342,-0.677032,-0.735890,-0.009671,-0.015631,0.001240,0.999877,-0.008770,-0.004774,0.001270,-23.383533,-21.560942,-24.404654,0.012342,0.009671,-0.999877,0.002597,-0.002256,0.029861,0
766319.964810,-0.735797,0.677091,-0.012295,-0.677023,-0.735899,-0.009648,-0.015580,0.001225,0.999878,-0.002725,0.002547,0.000131,-23.387856,-21.561424,-24.400084,0.012295,0.009648,-0.999878,-0.003246,-0.001195,0.030746,0
766319.974517,-0.735800,0.677087,-0.012328,-0.677022,-0.735902,-0.009479,-0.015490,0.001372,0.999879,-0.000241,0.003812,-0.003505,-23.389439,-21.560984,-24.398954,0.012342,0.009557,-0.999878,-0.000242,-0.006063,0.032639,0
766319.984223,-0.735800,0.677087,-0.012328,-0.677022,-0.735902,-0.009479,-0.015490,0.001372,0.999879,0.002164,0.001397,0.005031,-23.389439,-21.560984,-24.398954,0.012328,0.009479,-0.999879,-0.004149,-0.004916,0.027787,0
766319.993930,-0.735830,0.677056,-0.012191,-0.676989,-0.735930,-0.009614,-0.015481,0.001179,0.999879,-0.008793,-0.004792,0.003709,-23.389439,-21.560984,-24.398954,0.012191,0.009614,-0.999879,-0.004241,0.002791,0.029848,0
766320.003637,-0.735812,0.677077,-0.012146,-0.677009,-0.735911,-0.009640,-0.015465,0.001130,0.999880,0.001019,-0.002218,0.002564,-23.389694,-21.563459,-24.396521,0.012133,0.009615,-0.999880,-0.004183,0.002790,0.029848,0
766320.013343,-0.735812,0.677077,-0.012146,-0.677009,-0.735911,-0.009640,-0.015465,0.001130,0.999880,-0.005076,-0.004716,0.001293,-23.389694,-21.563459,-24.396521,0.012146,0.009640,-0.999880,0.002808,-0.001217,0.025057,0
766320.023050,-0.735797,0.677094,-0.012109,-0.677026,-0.735896,-0.009671,-0.015459,0.001082,0.999880,-0.002615,-0.002250,-0.002335,-23.389694,-21.563459,-24.396521,0.012109,0.009671,-0.999880,-0.000115,-0.001233,0.028856,0
766320.032758,-0.735778,0.677116,-0.012029,-0.677048,-0.735875,-0.009696,-0.015417,0.001010,0.999881,-0.005111,0.002537,-0.005980,-23.393557,-21.560234,-24.395670,0.012029,0.009696,-0.999881,-0.005864,-0.002189,0.030703,0
766320.042464,-0.735733,0.677165,-0.012042,-0.677096,-0.735831,-0.009699,-0.015428,0.001018,0.999880,-0.002744,0.007379,-0.004718,-23.393557,-21.560234,-24.395670,0.012042,0.009699,-0.999880,-0.002978,-0.001215,0.027865,0
766320.052171,-0.735738,0.677159,-0.012062,-0.677091,-0.735836,-0.009695,-0.015440,0.001034,0.999880,0.002206,0.001414,0.001373,-23.393557,-21.560234,-24.395670,0.012062,0.009695,-0.999880,-0.000099,-0.000295,0.030795,0
766320.061878,-0.735750,0.677142,-0.012260,-0.677074,-0.735852,-0.009687,-0.015581,0.001173,0.999878,-0.002751,0.006163,-0.002286,-23.392973,-21.561590,-24.395031,0.012129,0.009696,-0.999879,-0.000182,-0.001304,0.035600,0
766320.071584,-0.735750,0.677142,-0.012260,-0.677074,-0.735852,-0.009687,-0.015581,0.001173,0.999878,-0.002759,0.002523,0.003788,-23.392973,-21.561590,-24.395031,0.012260,0.009687,-0.999878,0.004662,-0.002256,0.026016,0
766320.081291,-0.735734,0.677159,-0.012297,-0.677090,-0.735836,-0.009727,-0.015635,0.001170,0.999877,-0.007582,0.002491,-0.004776,-23.392973,-21.561590,-24.395031,0.012297,0.009727,-0.999877,0.004625,-0.002296,0.026015,0
766320.090998,-0.735706,0.677186,-0.012468,-0.677119,-0.735810,-0.009624,-0.015691,0.001361,0.999876,0.003418,0.001494,0.003814,-23.387877,-21.561279,-24.400192,0.012386,0.009653,-0.999877,0.002674,-0.004144,0.023070,0
766320.100704,-0.735706,0.677186,-0.012468,-0.677119,-0.735810,-0.009624,-0.015691,0.001361,0.999876,0.001027,0.001489,-0.002296,-23.387877,-21.561279,-24.400192,0.012468,0.009624,-0.999876,0.002425,-0.000271,0.030836,0
766320.110411,-0.735649,0.677248,-0.012483,-0.677181,-0.735754,-0.009623,-0.015701,0.001374,0.999876,-0.002560,0.000267,-0.009641,-23.384674,-21.562946,-24.401791,0.012483,0.009623,-0.999876,-0.001497,-0.000208,0.029844,0
766320.120119,-0.735695,0.677198,-0.012499,-0.677129,-0.735800,-0.009775,-0.015816,0.001272,0.999874,-0.001561,0.005020,0.003805,-23.384674,-21.562946,-24.401791,0.012523,0.009673,-0.999875,-0.000606,0.001710,0.027936,0
766320.129825,-0.735695,0.677198,-0.012499,-0.677129,-0.735800,-0.009775,-0.015816,0.001272,0.999874,-0.003978,-0.001060,0.008631,-23.384674,-21.562946,-24.401791,0.012499,0.009775,-0.999874,-0.001589,0.003576,0.027004,0
766320.139532,-0.735728,0.677162,-0.012487,-0.677092,-0.735833,-0.009774,-0.015806,0.001264,0.999874,-0.000392,0.008645,0.003833,-23.379044,-21.564945,-24.405418,0.012487,0.009774,-0.999874,-0.005361,0.000740,0.020168,0
766320.149239,-0.735709,0.677181,-0.012567,-0.677115,-0.735815,-0.009602,-0.015749,0.001445,0.999875,0.004601,0.007551,-0.001020,-23.379044,-21.564945,-24.405418,0.012482,0.009742,-0.999875,-0.002548,0.001641,0.029858,0
766320.158945,-0.735709,0.677181,-0.012567,-0.677115,-0.735815,-0.009602,-0.015749,0.001445,0.999875,0.010759,0.008869,-0.003413,-23.379044,-21.564945,-24.405418,0.012567,0.009602,-0.999875,-0.000527,-0.002110,0.025952,0
766320.168652,-0.735724,0.677162,-0.012731,-0.677095,-0.735833,-0.009613,-0.015878,0.001548,0.999873,-0.000534,0.020695,-0.000973,-23.381819,-21.561338,-24.405947,0.012731,0.009613,-0.999873,-0.000692,-0.002121,0.025950,0
766320.178359,-0.735673,0.677214,-0.012893,-0.677154,-0.735784,-0.009228,-0.015736,0.001942,0.999874,0.002179,0.008740,-0.005904,-23.381819,-21.561338,-24.405947,0.012823,0.009556,-0.999872,-0.000692,-0.004002,0.022074,0
766320.188065,-0.735673,0.677214,-0.012893,-0.677154,-0.735784,-0.009228,-0.015736,0.001942,0.999874,0.015578,0.016169,-0.004560,-23.381819,-21.561338,-24.405947,0.012893,0.009228,-0.999874,-0.004562,-0.009564,0.026745,0
766320.197772,-0.735692,0.677188,-0.013152,-0.677131,-0.735807,-0.009103,-0.015842,0.002209,0.999872,0.005645,0.015959,0.003913,-23.373383,-21.565992,-24.409914,0.013152,0.009103,-0.999872,0.002854,-0.002602,0.022135,0
766320.207480,-0.735687,0.677193,-0.013211,-0.677141,-0.735801,-0.008766,-0.015657,0.002496,0.999874,0.012009,0.008894,-0.004625,-23.366802,-21.576910,-24.406565,0.013169,0.008921,-0.999873,-0.003052,-0.003413,0.028789,0
766320.217186,-0.735687,0.677193,-0.013211,-0.677141,-0.735801,-0.008766,-0.015657,0.002496,0.999874,0.016925,0.004124,0.002692,-23.366802,-21.576910,-24.406565,0.013211,0.008766,-0.999874,-0.001126,-0.000206,0.015362,0
766320.226893,-0.735668,0.677210,-0.013370,-0.677158,-0.735785,-0.008822,-0.015812,0.002564,0.999872,0.013106,0.018547,-0.007000,-23.366802,-21.576910,-24.406565,0.013370,0.008822,-0.999872,0.000378,0.008466,0.024225,0
766320.236600,-0.735590,0.677289,-0.013656,-0.677236,-0.735712,-0.008944,-0.016104,0.002669,0.999867,0.008355,0.011282,-0.011948,-23.362305,-21.582308,-24.406099,0.013656,0.008944,-0.999867,0.006837,0.011183,0.025303,0
766320.246306,-0.735501,0.677384,-0.013742,-0.677329,-0.735625,-0.009085,-0.016263,0.002626,0.999864,0.009332,0.028146,-0.014282,-23.362305,-21.582308,-24.406099,0.013742,0.009085,-0.999864,-0.007868,0.011240,0.023195,0
766320.256013,-0.735319,0.677566,-0.014490,-0.677505,-0.735457,-0.009534,-0.017117,0.002807,0.999850,0.006992,0.028239,-0.025274,-23.362305,-21.582308,-24.406099,0.014490,0.009534,-0.999850,0.023412,0.028430,-0.015669,0
766320.265720,-0.733779,0.679214,-0.015368,-0.679104,-0.733939,-0.012337,-0.019659,0.001383,0.999806,-0.068898,0.027161,-0.057439,-23.338667,-21.588482,-24.423246,0.014743,0.009966,-0.999842,0.023160,0.027998,-0.015677,0
766320.275426,-0.733779,0.679214,-0.015368,-0.679104,-0.733939,-0.012337,-0.019659,0.001383,0.999806,-0.268811,0.034434,-0.230518,-23.338667,-21.588482,-24.423246,0.015368,0.012337,-0.999806,0.017088,0.007941,-0.010280,0
766320.285133,-0.731002,0.682196,-0.015642,-0.681994,-0.731167,-0.016698,-0.022828,-0.001538,0.999738,-0.482672,0.030955,-0.459829,-23.338667,-21.588482,-24.423246,0.015642,0.016698,-0.999738,-0.028276,0.055476,-0.042788,0
766320.294840,-0.721415,0.692279,-0.017619,-0.691601,-0.721540,-0.032673,-0.035332,-0.011385,0.999311,-0.728431,0.079726,-0.663421,-23.208153,-21.558220,-24.573883,0.016161,0.023471,-0.999594,0.116300,0.139477,-0.048426,0
766320.304546,-0.721415,0.692279,-0.017619,-0.691601,-0.721540,-0.032673,-0.035332,-0.011385,0.999311,-0.961288,0.198117,-0.803123,-23.208153,-21.558220,-24.573883,0.017619,0.032673,-0.999311,0.196508,0.071316,-0.041018,0
766320.314254,-0.715312,0.698515,-0.020171,-0.697344,-0.715384,-0.044021,-0.045179,-0.017422,0.998827,-1.172722,0.316512,-0.879296,-23.208153,-21.558220,-24.573883,0.020171,0.044021,-0.998827,0.271684,-0.013137,0.017931,0
766320.323961,-0.701389,0.712209,-0.028501,-0.709254,-0.701333,-0.071352,-0.070806,-0.029832,0.997044,-1.321803,0.440606,-0.929454,-22.675648,-21.441809,-25.165751,0.023799,0.057072,-0.998086,0.306996,-0.063160,0.040185,0
766320.333667,-0.701389,0.712209,-0.028501,-0.709254,-0.701333,-0.071352,-0.070806,-0.029832,0.997044,-1.432483,0.561833,-0.998904,-22.675648,-21.441809,-25.165751,0.028501,0.071352,-0.997044,0.310748,-0.112261,0.079136,0
766320.343374,-0.693383,0.719790,-0.033501,-0.715476,-0.693256,-0.086540,-0.085516,-0.036036,0.995685,-1.510632,0.583850,-1.082155,-22.241022,-21.270536,-25.693426,0.033501,0.086540,-0.995685,0.270789,-0.134910,0.077243,0
766320.353081,-0.674259,0.737303,-0.041950,-0.729414,-0.673773,-0.118255,-0.115455,-0.049136,0.992097,-1.553079,0.558584,-1.208143,-22.241022,-21.270536,-25.693426,0.038004,0.102318,-0.994026,0.266287,-0.150689,0.075584,0
766320.362787,-0.674259,0.737303,-0.041950,-0.729414,-0.673773,-0.118255,-0.115455,-0.049136,0.992097,-1.549868,0.541423,-1.358191,-22.241022,-21.270536,-25.693426,0.041950,0.118255,-0.992097,0.227184,-0.158096,0.040620,0
766320.372494,-0.662692,0.747493,-0.045760,-0.737436,-0.661981,-0.134049,-0.130493,-0.055088,0.989918,-1.517912,0.580125,-1.519930,-21.121317,-20.797245,-26.992880,0.045760,0.134049,-0.989918,0.134843,-0.156296,0.054081,0
766320.382201,-0.635437,0.770424,-0.051639,-0.755507,-0.634158,-0.164475,-0.159463,-0.065500,0.985029,-1.474495,0.592538,-1.678096,-21.121317,-20.797245,-26.992880,0.049292,0.149517,-0.987530,0.093042,-0.125072,0.038540,0
766320.391907,-0.635437,0.770424,-0.051639,-0.755507,-0.634158,-0.164475,-0.159463,-0.065500,0.985029,-1.402312,0.495942,-1.829415,-21.121317,-20.797245,-26.992880,0.051639,0.164475,-0.985029,0.055218,-0.120698,0.004148,0
766320.401614,-0.620151,0.782744,-0.052196,-0.765378,-0.618302,-0.178604,-0.172074,-0.070812,0.982536,-1.312487,0.352566,-1.950424,-19.733690,-20.442797,-28.282934,0.052196,0.178604,-0.982536,0.057698,-0.123581,-0.055001,0
766320.411321,-0.589816,0.806051,-0.048978,-0.784361,-0.586260,-0.202676,-0.192081,-0.081125,0.978020,-1.181456,0.234476,-1.944233,-19.733690,-20.442797,-28.282934,0.051134,0.191545,-0.980151,0.086363,-0.132524,-0.106137,0
766320.421027,-0.589816,0.806051,-0.048978,-0.784361,-0.586260,-0.202676,-0.192081,-0.081125,0.978020,-0.989131,0.127564,-1.826654,-19.733690,-20.442797,-28.282934,0.048978,0.202676,-0.978020,0.108172,-0.139657,-0.139793,0
766320.430735,-0.576519,0.815789,-0.045969,-0.792573,-0.572016,-0.211248,-0.198629,-0.085355,0.976351,-0.726561,0.023708,-1.615970,-18.239220,-20.372683,-29.317837,0.045969,0.211248,-0.976351,0.086614,-0.123815,-0.212645,0
766320.440442,-0.554030,0.831574,-0.039187,-0.807174,-0.548104,-0.219210,-0.203768,-0.089819,0.974890,-0.423683,-0.043250,-1.432868,-18.239220,-20.372683,-29.317837,0.042514,0.216800,-0.975290,0.090070,-0.129367,-0.213706,0
766320.450148,-0.554030,0.831574,-0.039187,-0.807174,-0.548104,-0.219210,-0.203768,-0.089819,0.974890,-0.113747,-0.029022,-1.338249,-18.239220,-20.372683,-29.317837,0.039187,0.219210,-0.974890,0.005155,-0.115893,-0.230295,0
766320.459855,-0.543158,0.838843,-0.036368,-0.814757,-0.537037,-0.218545,-0.202856,-0.089073,0.975149,0.194138,0.030228,-1.344574,-17.165066,-20.566603,-29.826603,0.036368,0.218545,-0.975149,-0.127616,-0.092264,-0.205210,0
766320.469562,-0.519905,0.853553,-0.033859,-0.831367,-0.514704,-0.209546,-0.196285,-0.080795,0.977212,0.454470,0.148906,-1.365466,-16.758528,-20.859865,-29.854124,0.034581,0.215214,-0.975955,-0.237767,-0.079166,-0.163145,0
766320.479268,-0.519905,0.853553,-0.033859,-0.831367,-0.514704,-0.209546,-0.196285,-0.080795,0.977212,0.680661,0.244130,-1.379388,-16.758528,-20.859865,-29.854124,0.033859,0.209546,-0.977212,-0.204253,-0.094525,-0.159918,0
766320.488975,-0.508049,0.860663,-0.033842,-0.839932,-0.503749,-0.201869,-0.190790,-0.074134,0.978828,0.882463,0.291772,-1.343750,-16.758528,-20.859865,-29.854124,0.033842,0.201869,-0.978828,-0.174498,-0.107982,-0.138085,0
766320.498683,-0.485472,0.873556,-0.034901,-0.856506,-0.483240,-0.181320,-0.175258,-0.058133,0.982805,1.061157,0.306427,-1.284060,-15.735209,-21.974323,-29.610525,0.034249,0.192358,-0.980727,-0.151024,-0.124578,-0.100663,0
766320.508389,-0.485472,0.873556,-0.034901,-0.856506,-0.483240,-0.181320,-0.175258,-0.058133,0.982805,1.201899,0.302354,-1.213736,-15.735209,-21.974323,-29.610525,0.034901,0.181320,-0.982805,-0.149280,-0.108123,-0.043532,0
766320.518096,-0.474923,0.879284,-0.036178,-0.864256,-0.473765,-0.169143,-0.165864,-0.049063,0.984927,1.301139,0.352913,-1.142123,-15.735209,-21.974323,-29.610525,0.036178,0.169143,-0.984927,-0.150558,-0.095946,-0.041409,0
766320.527803,-0.454872,0.889548,-0.042385,-0.878368,-0.455985,-0.143345,-0.146839,-0.027974,0.988765,1.347864,0.460373,-1.077806,-14.607654,-23.503809,-29.007557,0.038652,0.156345,-0.986946,-0.181642,-0.054889,0.029167,0
766320.537509,-0.454872,0.889548,-0.042385,-0.878368,-0.455985,-0.143345,-0.146839,-0.027974,0.988765,1.357966,0.562511,-1.030811,-14.607654,-23.503809,-29.007557,0.042385,0.143345,-0.988765,-0.211086,-0.007618,0.080409,0
766320.547216,-0.444953,0.894314,-0.047109,-0.884884,-0.447139,-0.130563,-0.137829,-0.016408,0.990320,1.329727,0.631780,-1.026915,-14.607654,-23.503809,-29.007557,0.047109,0.130563,-0.990320,-0.244085,0.029776,0.117716,0
766320.556923,-0.424436,0.903624,-0.057598,-0.897358,-0.428277,-0.106435,-0.120845,0.006511,0.992650,1.288816,0.661251,-1.041619,-13.414220,-25.105444,-28.231655,0.052314,0.118191,-0.991612,-0.271384,0.057926,0.143101,0
766320.566629,-0.424436,0.903624,-0.057598,-0.897358,-0.428277,-0.106435,-0.120845,0.006511,0.992650,1.226827,0.646038,-1.085976,-13.414220,-25.105444,-28.231655,0.057598,0.106435,-0.992650,-0.220257,0.031352,0.187520,0
766320.576336,-0.413571,0.908309,-0.062722,-0.903435,-0.417948,-0.095521,-0.112977,0.017160,0.993449,1.147801,0.624570,-1.137789,-13.414220,-25.105444,-28.231655,0.062722,0.095521,-0.993449,-0.176857,0.015075,0.199031,0
766320.586043,-0.391312,0.917487,-0.071362,-0.914956,-0.396198,-0.076701,-0.098646,0.035279,0.994497,1.051992,0.556969,-1.161932,-12.049936,-26.570351,-27.496660,0.067403,0.085592,-0.994048,-0.131979,-0.001119,0.199782,0
766320.595749,-0.391312,0.917487,-0.071362,-0.914956,-0.396198,-0.076701,-0.098646,0.035279,0.994497,0.951280,0.472322,-1.163040,-12.049936,-26.570351,-27.496660,0.071362,0.076701,-0.994497,-0.097302,-0.013316,0.204199,0
766320.605457,-0.380289,0.921848,-0.074678,-0.920252,-0.385212,-0.068902,-0.092284,0.042520,0.994824,0.839247,0.399488,-1.159269,-11.342415,-27.222906,-27.157209,0.074678,0.068902,-0.994824,-0.100618,-0.005517,0.204526,0
766320.615164,-0.358784,0.930008,-0.079751,-0.929829,-0.363585,-0.056792,-0.081813,0.053778,0.995196,0.723082,0.338493,-1.133507,-11.342415,-27.222906,-27.157209,0.077418,0.062307,-0.995050,-0.085444,-0.014974,0.221063,0
766320.624870,-0.358784,0.930008,-0.079751,-0.929829,-0.363585,-0.056792,-0.081813,0.053778,0.995196,0.619129,0.292203,-1.120997,-11.342415,-27.222906,-27.157209,0.079751,0.056792,-0.995196,-0.100838,-0.000624,0.238543,0
766320.634577,-0.348280,0.933819,-0.081756,-0.934166,-0.352988,-0.052290,-0.077688,0.058162,0.995280,0.516191,0.253101,-1.099903,-10.041460,-28.289909,-26.572561,0.081756,0.052290,-0.995280,-0.122741,0.015871,0.243418,0
766320.644284,-0.327611,0.941011,-0.084674,-0.942114,-0.332129,-0.045941,-0.071354,0.064721,0.995349,0.431692,0.221572,-1.088407,-10.041460,-28.289909,-26.572561,0.083480,0.048665,-0.995320,-0.148132,0.027629,0.240422,0
766320.653990,-0.327611,0.941011,-0.084674,-0.942114,-0.332129,-0.045941,-0.071354,0.064721,0.995349,0.348988,0.156405,-1.078318,-10.041460,-28.289909,-26.572561,0.084674,0.045941,-0.995349,-0.160037,0.032550,0.228824,0
766320.663697,-0.317518,0.944410,-0.085279,-0.945748,-0.321928,-0.043854,-0.068869,0.066728,0.995392,0.282073,0.092614,-1.052275,-8.879801,-29.036552,-26.177828,0.085279,0.043854,-0.995392,-0.132169,0.002182,0.193954,0
766320.673404,-0.298932,0.950448,-0.085377,-0.952019,-0.303177,-0.041757,-0.065572,0.068798,0.995473,0.208252,0.053798,-0.995646,-8.879801,-29.036552,-26.177828,0.085483,0.042479,-0.995434,-0.109088,-0.023147,0.180324,0
766320.683110,-0.298932,0.950448,-0.085377,-0.952019,-0.303177,-0.041757,-0.065572,0.068798,0.995473,0.135358,0.020909,-0.920687,-8.879801,-29.036552,-26.177828,0.085377,0.041757,-0.995473,-0.088673,-0.049096,0.175344,0
766320.692818,-0.290667,0.953046,-0.084952,-0.954639,-0.294855,-0.041529,-0.064628,0.069027,0.995519,0.081012,-0.012836,-0.852936,-7.866784,-29.532124,-25.946449,0.084952,0.041529,-0.995519,-0.079047,-0.061686,0.165639,0
766320.702525,-0.275971,0.957519,-0.083654,-0.959021,-0.280121,-0.042557,-0.064182,0.068482,0.995586,0.026523,-0.036947,-0.789849,-7.450267,-29.692255,-25.886570,0.084318,0.041824,-0.995561,-0.078412,-0.061980,0.165681,0
766320.712231,-0.275971,0.957519,-0.083654,-0.959021,-0.280121,-0.042557,-0.064182,0.068482,0.995586,-0.022387,-0.032157,-0.714522,-7.450267,-29.692255,-25.886570,0.083654,0.042557,-0.995586,-0.068289,-0.050980,0.161189,0
766320.721938,-0.269650,0.959368,-0.083077,-0.960787,-0.273829,-0.043662,-0.064636,0.068046,0.995586,-0.067566,-0.027285,-0.642831,-7.450267,-29.692255,-25.886570,0.083077,0.043662,-0.995586,-0.055428,-0.034506,0.153911,0
766320.731645,-0.258781,0.962397,-0.082612,-0.963622,-0.263132,-0.046844,-0.066821,0.067484,0.995480,-0.109366,0.004161,-0.581936,-6.786044,-29.868229,-25.866764,0.082748,0.045150,-0.995547,-0.038238,-0.008651,0.150683,0
766320.741351,-0.258781,0.962397,-0.082612,-0.963622,-0.263132,-0.046844,-0.066821,0.067484,0.995480,-0.131254,0.019079,-0.517361,-6.786044,-29.868229,-25.866764,0.082612,0.046844,-0.995480,-0.019028,0.011139,0.137707,0
766320.751058,-0.254283,0.963596,-0.082603,-0.964712,-0.258756,-0.048737,-0.068337,0.067295,0.995390,-0.162831,0.022999,-0.450470,-6.786044,-29.868229,-25.866764,0.082603,0.048737,-0.995390,0.001229,0.023925,0.120726,0
766320.760765,-0.247085,0.965421,-0.083141,-0.966296,-0.251886,-0.053149,-0.072253,0.067206,0.995120,-0.183654,0.048765,-0.387043,-6.280589,-29.893274,-25.965311,0.082830,0.050834,-0.995266,0.029215,0.030495,0.103726,0
766320.770471,-0.247085,0.965421,-0.083141,-0.966296,-0.251886,-0.053149,-0.072253,0.067206,0.995120,-0.209108,0.055199,-0.321320,-6.280589,-29.893274,-25.965311,0.083141,0.053149,-0.995120,0.114949,0.033308,0.076724,0
766320.780179,-0.244278,0.966098,-0.083567,-0.966838,-0.249271,-0.055564,-0.074511,0.067223,0.994952,-0.220815,0.061966,-0.275019,-6.280589,-29.893274,-25.965311,0.083567,0.055564,-0.994952,0.114523,0.030892,0.076556,0
766320.789886,-0.240661,0.966988,-0.083768,-0.967396,-0.245986,-0.060299,-0.078915,0.066525,0.994659,-0.221160,0.037545,-0.209326,-5.914284,-29.812239,-26.143883,0.083873,0.057995,-0.994787,0.149602,0.029316,0.043081,0
766320.799592,-0.240661,0.966988,-0.083768,-0.967396,-0.245986,-0.060299,-0.078915,0.066525,0.994659,-0.216292,-0.015741,-0.127922,-5.914284,-29.812239,-26.143883,0.083768,0.060299,-0.994659,0.179950,0.039783,0.001098,0
766320.809299,-0.240200,0.967163,-0.083061,-0.967354,-0.245612,-0.062458,-0.080808,0.065347,0.994585,-0.210244,-0.081156,-0.024635,-5.914284,-29.812239,-26.143883,0.083061,0.062458,-0.994585,0.206810,0.053295,-0.029264,0
766320.819006,-0.242362,0.966947,-0.079212,-0.966520,-0.247731,-0.066848,-0.084262,0.060359,0.994614,-0.213071,-0.137149,0.088407,-5.739008,-29.670273,-26.343683,0.081892,0.064516,-0.994551,0.217241,0.075865,-0.049974,0
766320.828712,-0.242362,0.966947,-0.079212,-0.966520,-0.247731,-0.066848,-0.084262,0.060359,0.994614,-0.259602,-0.339071,0.143020,-5.739008,-29.670273,-26.343683,0.079212,0.066848,-0.994614,0.230190,0.110383,-0.121460,0
766320.838419,-0.244561,0.966792,-0.074178,-0.965820,-0.249664,-0.069707,-0.085912,0.054595,0.994806,-0.315473,-0.572424,0.198611,-5.795626,-29.583941,-26.428242,0.074178,0.069707,-0.994806,0.211069,0.125331,-0.223425,0
766320.848126,-0.247785,0.967090,-0.057787,-0.965066,-0.251629,-0.073010,-0.085148,0.037677,0.995656,-0.240656,-0.824677,0.147586,-5.795626,-29.583941,-26.428242,0.066821,0.072351,-0.995138,0.202924,0.131125,-0.273233,0
766320.857832,-0.247785,0.967090,-0.057787,-0.965066,-0.251629,-0.073010,-0.085148,0.037677,0.995656,-0.016180,-0.892185,-0.023369,-5.795626,-29.583941,-26.428242,0.057787,0.073010,-0.995656,0.262877,0.006595,-0.094920,0
766320.867539,-0.248886,0.967188,-0.051020,-0.964973,-0.252139,-0.072474,-0.082960,0.031195,0.996064,0.062595,-0.604118,0.100730,-6.350712,-29.335657,-26.577032,0.051020,0.072474,-0.996064,0.269643,0.007131,-0.094512,0
766320.877247,-0.254948,0.965872,-0.045749,-0.963628,-0.257707,-0.070774,-0.080148,0.026041,0.996443,0.072074,-0.333165,0.285272,-6.350712,-29.335657,-26.577032,0.047243,0.071641,-0.996311,0.368406,-0.230409,0.085056,0
766320.886953,-0.254948,0.965872,-0.045749,-0.963628,-0.257707,-0.070774,-0.080148,0.026041,0.996443,0.067993,-0.125499,0.346215,-6.350712,-29.335657,-26.577032,0.045749,0.070774,-0.996443,0.185574,-0.119983,0.040525,0
766320.896660,-0.258181,0.964997,-0.046088,-0.962807,-0.260943,-0.070079,-0.079653,0.026280,0.996476,0.049288,0.051071,0.331293,-6.967579,-29.329504,-26.428844,0.046088,0.070079,-0.996476,0.038309,0.013386,0.000566,0
766320.906367,-0.263239,0.963479,-0.049136,-0.961462,-0.266195,-0.068783,-0.079351,0.029135,0.996421,0.043376,0.140199,0.290329,-6.967579,-29.329504,-26.428844,0.047561,0.069542,-0.996445,-0.036590,0.097450,-0.018189,0
766320.916073,-0.263239,0.963479,-0.049136,-0.961462,-0.266195,-0.068783,-0.079351,0.029135,0.996421,0.076146,0.132643,0.231959,-6.967579,-29.329504,-26.428844,0.049136,0.068783,-0.996421,-0.118563,0.157474,-0.061563,0
766320.925780,-0.265137,0.962878,-0.050685,-0.960999,-0.268175,-0.067545,-0.078630,0.030800,0.996428,0.124128,0.151629,0.204318,-7.262963,-29.303562,-26.378048,0.050685,0.067545,-0.996428,-0.094066,0.158010,-0.012117,0
766320.935487,-0.268140,0.961826,-0.054704,-0.960360,-0.271360,-0.063812,-0.076220,0.035425,0.996462,0.166731,0.190912,0.187738,-7.312528,-29.308268,-26.359121,0.052648,0.065901,-0.996436,-0.085378,0.146242,0.052375,0
766320.945193,-0.268140,0.961826,-0.054704,-0.960360,-0.271360,-0.063812,-0.076220,0.035425,0.996462,0.211486,0.196736,0.138054,-7.312528,-29.308268,-26.359121,0.054704,0.063812,-0.996462,-0.087434,0.148331,0.052400,0
766320.954900,-0.268748,0.961547,-0.056576,-0.960329,-0.272022,-0.061425,-0.074453,0.037824,0.996507,0.246083,0.171318,0.052766,-7.312528,-29.308268,-26.359121,0.056576,0.061425,-0.996507,-0.170270,0.138617,0.080232,0
766320.964608,-0.268356,0.961553,-0.058318,-0.960843,-0.271513,-0.055335,-0.069042,0.041185,0.996763,0.306153,0.088559,-0.026610,-7.312637,-29.411489,-26.243868,0.057642,0.058532,-0.996620,-0.190470,0.049348,-0.039955,0
766320.974314,-0.268356,0.961553,-0.058318,-0.960843,-0.271513,-0.055335,-0.069042,0.041185,0.996763,0.317437,0.064605,-0.010833,-7.312637,-29.411489,-26.243868,0.058318,0.055335,-0.996763,-0.062637,-0.011085,-0.008532,0
766320.984021,-0.268470,0.961477,-0.059040,-0.960978,-0.271565,-0.052662,-0.066667,0.042598,0.996866,0.249254,0.068062,0.030230,-7.312637,-29.411489,-26.243868,0.059040,0.052662,-0.996866,-0.024127,-0.001713,0.077920,0
766320.993728,-0.270125,0.961022,-0.058902,-0.960684,-0.273097,-0.050037,-0.064173,0.043070,0.997009,0.150074,0.009658,0.073179,-7.234467,-29.640900,-26.006353,0.059340,0.050844,-0.996942,0.000993,-0.031419,0.054636,0
766321.003434,-0.270125,0.961022,-0.058902,-0.960684,-0.273097,-0.050037,-0.064173,0.043070,0.997009,0.047450,-0.070504,0.125733,-7.234467,-29.640900,-26.006353,0.058902,0.050037,-0.997009,0.012967,-0.053104,0.028427,0
766321.013141,-0.271474,0.960706,-0.057844,-0.960302,-0.274389,-0.050302,-0.064197,0.041892,0.997058,-0.064926,-0.126540,0.135696,-7.234467,-29.640900,-26.006353,0.057844,0.050302,-0.997058,-0.028761,-0.034540,0.067813,0
766321.022848,-0.274806,0.959925,-0.055005,-0.959197,-0.277656,-0.053380,-0.066513,0.038091,0.997058,-0.156930,-0.152193,0.149620,-7.318836,-29.720228,-25.891958,0.056436,0.051580,-0.997073,-0.027352,-0.035817,0.067828,0
766321.032554,-0.274806,0.959925,-0.055005,-0.959197,-0.277656,-0.053380,-0.066513,0.038091,0.997058,-0.195586,-0.150667,0.193288,-7.318836,-29.720228,-25.891958,0.055005,0.053380,-0.997058,-0.042965,-0.023762,0.075549,0
766321.042261,-0.277231,0.959302,-0.053687,-0.958400,-0.280055,-0.055118,-0.067910,0.036173,0.997035,-0.181720,-0.142389,0.260479,-7.318836,-29.720228,-25.891958,0.053687,0.055118,-0.997035,0.029611,-0.033390,-0.020146,0
766321.051968,-0.283337,0.957654,-0.051179,-0.956472,-0.286069,-0.057669,-0.069867,0.032612,0.997023,-0.149011,-0.144516,0.308215,-7.583034,-29.564051,-25.994526,0.052431,0.056493,-0.997025,-0.009752,0.019679,-0.012023,0
766321.061674,-0.283337,0.957654,-0.051179,-0.956472,-0.286069,-0.057669,-0.069867,0.032612,0.997023,-0.129434,-0.140605,0.312014,-7.583034,-29.564051,-25.994526,0.051179,0.057669,-0.997023,-0.108201,0.041758,0.047926,0
766321.071382,-0.286127,0.956884,-0.050040,-0.955583,-0.288810,-0.058735,-0.070655,0.031012,0.997019,-0.116895,-0.128156,0.273147,-7.765768,-29.467321,-26.050350,0.050040,0.058735,-0.997019,-0.124503,0.029934,0.066828,0
766321.081089,-0.291459,0.955415,-0.047262,-0.953999,-0.293946,-0.059004,-0.070266,0.027891,0.997138,-0.045113,-0.152208,0.269781,-7.765768,-29.467321,-26.050350,0.048740,0.059254,-0.997052,-0.040744,-0.010472,0.023770,0
766321.090795,-0.291459,0.955415,-0.047262,-0.953999,-0.293946,-0.059004,-0.070266,0.027891,0.997138,0.032694,-0.167733,0.265283,-7.765768,-29.467321,-26.050350,0.047262,0.059004,-0.997138,0.009363,-0.030211,-0.004815,0
766321.100502,-0.293977,0.954724,-0.045611,-0.953313,-0.296323,-0.058196,-0.069077,0.026374,0.997263,0.078746,-0.183676,0.241083,-8.131428,-29.314373,-26.111269,0.045611,0.058196,-0.997263,-0.022128,-0.006743,0.033838,0
766321.110209,-0.297792,0.953682,-0.042559,-0.952328,-0.299873,-0.056104,-0.066267,0.023823,0.997517,0.093770,-0.165113,0.191294,-8.131428,-29.314373,-26.111269,0.044027,0.057249,-0.997389,-0.020544,-0.005797,0.033964,0
766321.119915,-0.297792,0.953682,-0.042559,-0.952328,-0.299873,-0.056104,-0.066267,0.023823,0.997517,0.112287,-0.151437,0.165882,-8.131428,-29.314373,-26.111269,0.042559,0.056104,-0.997517,-0.025149,-0.002789,0.055272,0
766321.129622,-0.299499,0.953203,-0.041278,-0.951909,-0.301460,-0.054682,-0.064567,0.022916,0.997650,0.139016,-0.137820,0.175878,-8.476614,-29.298243,-26.019434,0.041278,0.054682,-0.997650,0.023252,-0.004679,0.036621,0
766321.139329,-0.302401,0.952392,-0.038761,-0.951236,-0.304131,-0.051522,-0.060858,0.021290,0.997919,0.158892,-0.136183,0.156500,-8.476614,-29.298243,-26.019434,0.040007,0.053061,-0.997790,0.083940,0.012262,0.003954,0
766321.149035,-0.302401,0.952392,-0.038761,-0.951236,-0.304131,-0.051522,-0.060858,0.021290,0.997919,0.142217,-0.134980,0.106417,-8.476614,-29.298243,-26.019434,0.038761,0.051522,-0.997919,-0.021640,0.017676,0.036661,0
766321.158743,-0.302682,0.952349,-0.037611,-0.951239,-0.304318,-0.050358,-0.059404,0.020535,0.998023,0.112272,-0.108412,-0.003339,-8.737237,-29.357944,-25.865473,0.037611,0.050358,-0.998023,-0.050291,-0.000538,0.045737,0
766321.168450,-0.301435,0.952804,-0.036084,-0.951760,-0.302950,-0.048730,-0.057361,0.019655,0.998160,0.080544,-0.080932,-0.065550,-8.829972,-29.399145,-25.787066,0.036737,0.049494,-0.998099,-0.005182,-0.035197,0.004278,0
766321.178156,-0.301435,0.952804,-0.036084,-0.951760,-0.302950,-0.048730,-0.057361,0.019655,0.998160,0.080405,-0.053119,-0.093430,-8.829972,-29.399145,-25.787066,0.036084,0.048730,-0.998160,0.022296,-0.047341,-0.014825,0
766321.187863,-0.300257,0.953195,-0.035577,-0.952179,-0.301732,-0.048099,-0.056582,0.019433,0.998209,0.063473,-0.038711,-0.139778,-8.829972,-29.399145,-25.787066,0.035577,0.048099,-0.998209,-0.024468,-0.041568,0.022348,0
766321.197570,-0.296907,0.954251,-0.035360,-0.953279,-0.298359,-0.047334,-0.055719,0.019654,0.998253,0.047366,-0.003879,-0.179905,-8.829657,-29.483711,-25.690443,0.035348,0.047643,-0.998239,-0.024240,-0.041112,0.022378,0
766321.207276,-0.296907,0.954251,-0.035360,-0.953279,-0.298359,-0.047334,-0.055719,0.019654,0.998253,0.038400,0.012770,-0.172546,-8.829657,-29.483711,-25.690443,0.035360,0.047334,-0.998253,0.009943,-0.047273,0.044838,0
766321.216983,-0.295656,0.954633,-0.035553,-0.953694,-0.297110,-0.046832,-0.055270,0.020060,0.998270,0.059595,0.028419,-0.111363,-8.829657,-29.483711,-25.690443,0.035553,0.046832,-0.998270,0.121811,-0.067584,0.030390,0
766321.226690,-0.294319,0.954998,-0.036819,-0.954160,-0.295816,-0.045522,-0.054365,0.021733,0.998285,0.063519,0.054668,-0.061195,-8.686613,-29.564613,-25.646194,0.035964,0.046221,-0.998284,0.197404,-0.054873,0.009331,0
766321.236396,-0.294319,0.954998,-0.036819,-0.954160,-0.295816,-0.045522,-0.054365,0.021733,0.998285,0.075117,0.101797,-0.066944,-8.686613,-29.564613,-25.646194,0.036819,0.045522,-0.998285,0.013108,0.043101,0.023248,0
766321.246104,-0.293527,0.955194,-0.038045,-0.954432,-0.295071,-0.044638,-0.053864,0.023209,0.998279,0.098160,0.131115,-0.080043,-8.686613,-29.564613,-25.646194,0.038045,0.044638,-0.998279,-0.010594,0.017008,-0.014066,0
766321.255811,-0.292740,0.955317,-0.040913,-0.954758,-0.294375,-0.042191,-0.052349,0.026711,0.998272,0.123305,0.146957,-0.042001,-8.567060,-29.637295,-25.602484,0.039453,0.043456,-0.998276,0.027823,-0.013869,0.004166,0
766321.265516,-0.292740,0.955317,-0.040913,-0.954758,-0.294375,-0.042191,-0.052349,0.026711,0.998272,0.127866,0.144432,-0.006631,-8.567060,-29.637295,-25.602484,0.040913,0.042191,-0.998272,0.013836,0.003875,0.052471,0
766321.275224,-0.292827,0.955237,-0.042123,-0.954769,-0.294495,-0.041097,-0.051662,0.028183,0.998267,0.102403,0.104183,0.018582,-8.567060,-29.637295,-25.602484,0.042123,0.041097,-0.998267,0.012626,0.004969,0.052466,0
766321.284931,-0.294033,0.954838,-0.042768,-0.954439,-0.295704,-0.040058,-0.050895,0.029041,0.998282,0.057444,0.038242,0.064253,-8.428932,-29.736464,-25.533247,0.042684,0.040392,-0.998272,-0.008260,0.030286,0.072887,0
766321.294637,-0.294033,0.954838,-0.042768,-0.954439,-0.295704,-0.040058,-0.050895,0.029041,0.998282,0.022237,-0.004547,0.084515,-8.428932,-29.736464,-25.533247,0.042768,0.040058,-0.998282,-0.006131,0.026852,0.049734,0
766321.304344,-0.295114,0.954521,-0.042391,-0.954117,-0.296762,-0.039927,-0.050691,0.028663,0.998303,0.005557,-0.060326,0.117005,-8.419762,-29.761915,-25.506607,0.042391,0.039927,-0.998303,0.001570,0.011236,0.041867,0
766321.314051,-0.297945,0.953718,-0.040634,-0.953242,-0.299512,-0.040287,-0.050593,0.026731,0.998362,-0.020101,-0.086127,0.138644,-8.419762,-29.761915,-25.506607,0.041639,0.040029,-0.998331,0.003329,0.007121,0.051477,0
766321.323757,-0.297945,0.953718,-0.040634,-0.953242,-0.299512,-0.040287,-0.050593,0.026731,0.998362,-0.032245,-0.111710,0.161586,-8.419762,-29.761915,-25.506607,0.040634,0.040287,-0.998362,-0.011093,0.004238,0.032007,0
766321.333464,-0.299548,0.953265,-0.039454,-0.952750,-0.301057,-0.040389,-0.050379,0.025492,0.998405,-0.009867,-0.126982,0.162850,-8.545778,-29.740349,-25.489845,0.039454,0.040389,-0.998405,-0.007686,-0.004683,0.027107,0
766321.343172,-0.302879,0.952305,-0.037138,-0.951744,-0.304264,-0.040091,-0.049479,0.023203,0.998506,0.008519,-0.125496,0.166627,-8.545778,-29.740349,-25.489845,0.038249,0.040301,-0.998455,-0.006572,-0.000643,0.025311,0
766321.352878,-0.302879,0.952305,-0.037138,-0.951744,-0.304264,-0.040091,-0.049479,0.023203,0.998506,0.018090,-0.115771,0.176496,-8.545778,-29.740349,-25.489845,0.037138,0.040091,-0.998506,0.010286,-0.003546,0.021638,0
766321.362585,-0.304591,0.951800,-0.036083,-0.951228,-0.305916,-0.039773,-0.048895,0.022208,0.998557,0.022946,-0.108448,0.171692,-8.779875,-29.686924,-25.472559,0.036083,0.039773,-0.998557,0.011342,-0.003229,0.021689,0
766321.372292,-0.307464,0.950942,-0.034286,-0.950368,-0.308683,-0.038928,-0.047602,0.020615,0.998654,0.033998,-0.091300,0.148694,-8.779875,-29.686924,-25.472559,0.035166,0.039402,-0.998604,0.015112,0.000057,0.023751,0
766321.381998,-0.307464,0.950942,-0.034286,-0.950368,-0.308683,-0.038928,-0.047602,0.020615,0.998654,0.040325,-0.091109,0.132884,-8.779875,-29.686924,-25.472559,0.034286,0.038928,-0.998654,0.000443,-0.003253,0.026425,0
766321.391705,-0.308522,0.950631,-0.033401,-0.950060,-0.309688,-0.038455,-0.046901,0.019869,0.998702,0.046799,-0.087206,0.098807,-9.012778,-29.660372,-25.422100,0.033401,0.038455,-0.998702,0.006546,-0.013568,0.018660,0
766321.401412,-0.309807,0.950256,-0.032130,-0.949697,-0.310898,-0.037661,-0.045777,0.018845,0.998774,0.035776,-0.071606,0.072009,-9.106312,-29.658903,-25.390459,0.032705,0.038041,-0.998741,0.008265,-0.018174,0.029228,0
766321.411118,-0.309807,0.950256,-0.032130,-0.949697,-0.310898,-0.037661,-0.045777,0.018845,0.998774,0.038384,-0.054518,0.034329,-9.106312,-29.658903,-25.390459,0.032130,0.037661,-0.998774,0.003164,-0.024630,0.032923,0
