time,r0,r1,r2,r3,r4,r5,r6,r7,r8,wx,wy,wz,mx,my,mz,gx,gy,gz,ax,ay,az,id
765899.949271,0.999936,-0.000085,-0.011296,-0.000037,0.999942,-0.010763,0.011296,0.010762,0.999878,-0.007462,0.001820,-0.005278,0.000000,0.000000,0.000000,0.011295,0.010743,-0.999879,-0.000217,-0.004258,0.028824,0
765899.958977,0.999936,-0.000127,-0.011304,0.000004,0.999941,-0.010828,0.011305,0.010827,0.999878,-0.005053,-0.001802,0.004469,0.000000,0.000000,0.000000,0.011296,0.010763,-0.999878,-0.000218,-0.004278,0.028824,0
765899.968684,0.999936,-0.000127,-0.011304,0.000004,0.999941,-0.010828,0.011305,0.010827,0.999878,-0.003813,0.001860,-0.001599,0.000000,0.000000,0.000000,0.011296,0.010813,-0.999878,0.000789,-0.005320,0.028808,0
765899.978392,0.999936,-0.000127,-0.011304,0.000004,0.999941,-0.010828,0.011305,0.010827,0.999878,-0.000057,-0.000470,-0.004028,0.000000,0.000000,0.000000,0.011291,0.010839,-0.999878,0.002671,-0.003408,0.029846,0
765899.988098,0.999936,-0.000161,-0.011280,0.000038,0.999941,-0.010871,0.011281,0.010870,0.999877,-0.003753,0.000679,-0.005263,0.000000,0.000000,0.000000,0.011304,0.010828,-0.999878,-0.000257,-0.003366,0.028839,0
765899.997805,0.999936,-0.000161,-0.011280,0.000038,0.999941,-0.010871,0.011281,0.010870,0.999877,-0.000065,-0.001686,-0.001597,0.000000,0.000000,0.000000,0.011280,0.010871,-0.999877,0.006557,-0.001533,0.028945,0
765900.007512,0.999934,-0.000133,-0.011523,0.000006,0.999939,-0.011013,0.011524,0.011012,0.999873,-0.000092,-0.001700,0.000842,0.000000,0.000000,0.000000,0.011282,0.010836,-0.999878,0.001627,-0.000475,0.031799,0
765900.017218,0.999934,-0.000133,-0.011523,0.000006,0.999939,-0.011013,0.011524,0.011012,0.999873,-0.007497,0.000591,-0.000409,0.000000,0.000000,0.000000,0.011523,0.011013,-0.999873,0.001356,0.000324,0.030833,0
765900.026925,0.999928,-0.000147,-0.012036,0.000016,0.999941,-0.010880,0.012037,0.010879,0.999868,0.001146,-0.000458,-0.001582,0.000000,0.000000,0.000000,0.012036,0.010880,-0.999868,0.003863,-0.001496,0.026983,0
765900.036633,0.999924,-0.000054,-0.012340,-0.000077,0.999943,-0.010645,0.012340,0.010646,0.999867,-0.000254,-0.001775,0.015471,0.000000,0.000000,0.000000,0.012327,0.010656,-0.999867,0.002596,-0.002249,0.027928,0
765900.046339,0.999924,-0.000054,-0.012340,-0.000077,0.999943,-0.010645,0.012340,0.010646,0.999867,0.004872,0.000836,-0.006429,0.000000,0.000000,0.000000,0.012340,0.010645,-0.999867,0.002583,-0.002238,0.027928,0
765900.056046,0.999924,-0.000169,-0.012365,0.000036,0.999942,-0.010740,0.012366,0.010739,0.999866,-0.001228,0.004397,-0.016199,0.000000,0.000000,0.000000,0.012365,0.010740,-0.999866,-0.000448,0.000628,0.028888,0
765900.065753,0.999919,-0.000285,-0.012700,0.000150,0.999943,-0.010699,0.012702,0.010696,0.999862,-0.001250,-0.001674,-0.005261,0.000000,0.000000,0.000000,0.012614,0.010603,-0.999864,0.002294,-0.002211,0.029863,0
765900.075459,0.999919,-0.000285,-0.012700,0.000150,0.999943,-0.010699,0.012702,0.010696,0.999862,-0.000185,0.009175,-0.006410,0.000000,0.000000,0.000000,0.012700,0.010699,-0.999862,0.000194,0.000669,0.027938,0
765900.085166,0.999920,-0.000312,-0.012657,0.000178,0.999944,-0.010592,0.012659,0.010589,0.999864,0.001237,-0.005260,0.002067,0.000000,0.000000,0.000000,0.012657,0.010592,-0.999864,-0.000648,-0.001147,0.025010,0
765900.094873,0.999921,-0.000291,-0.012564,0.000161,0.999947,-0.010335,0.012566,0.010332,0.999868,-0.003676,-0.006550,0.003249,0.000000,0.000000,0.000000,0.012695,0.010566,-0.999864,0.001221,-0.001197,0.030808,0
765900.104579,0.999921,-0.000291,-0.012564,0.000161,0.999947,-0.010335,0.012566,0.010332,0.999868,0.004830,0.003238,-0.001519,0.000000,0.000000,0.000000,0.012564,0.010335,-0.999868,-0.002508,-0.002858,0.028814,0
765900.114287,0.999923,-0.000316,-0.012378,0.000191,0.999949,-0.010118,0.012380,0.010115,0.999872,-0.006185,-0.001769,0.000824,0.000000,0.000000,0.000000,0.012378,0.010118,-0.999872,-0.003268,-0.003603,0.029764,0
765900.123994,0.999925,-0.000241,-0.012254,0.000119,0.999951,-0.009944,0.012255,0.009942,0.999875,-0.002486,-0.006553,0.006914,0.000000,0.000000,0.000000,0.012318,0.010173,-0.999872,-0.003209,-0.003658,0.029764,0
765900.133700,0.999926,-0.000208,-0.012188,0.000087,0.999951,-0.009934,0.012190,0.009932,0.999876,-0.002419,-0.002883,-0.004037,0.000000,0.000000,0.000000,0.012254,0.009944,-0.999875,-0.000169,-0.004436,0.027845,0
765900.143407,0.999926,-0.000208,-0.012188,0.000087,0.999951,-0.009934,0.012190,0.009932,0.999876,0.007211,0.003235,0.005811,0.000000,0.000000,0.000000,0.012188,0.009934,-0.999876,-0.002194,-0.000519,0.031752,0
765900.153114,0.999925,-0.000322,-0.012238,0.000203,0.999953,-0.009692,0.012240,0.009689,0.999878,-0.001179,0.000779,-0.010104,0.000000,0.000000,0.000000,0.012268,0.009813,-0.999877,0.000733,-0.002352,0.027892,0
765900.162820,0.999925,-0.000322,-0.012238,0.000203,0.999953,-0.009692,0.012240,0.009689,0.999878,0.002384,0.004412,-0.003965,0.000000,0.000000,0.000000,0.012238,0.009692,-0.999878,-0.001191,-0.002230,0.028839,0
765900.172528,0.999928,-0.000382,-0.011965,0.000265,0.999952,-0.009777,0.011968,0.009773,0.999881,0.006192,-0.000319,-0.007627,0.000000,0.000000,0.000000,0.011965,0.009777,-0.999881,-0.005953,0.002613,0.032718,0
765900.182235,0.999928,-0.000566,-0.011953,0.000449,0.999952,-0.009812,0.011958,0.009806,0.999880,-0.004898,0.000701,-0.007688,0.000000,0.000000,0.000000,0.011945,0.009941,-0.999879,-0.001065,0.003380,0.031831,0
765900.191941,0.999928,-0.000566,-0.011953,0.000449,0.999952,-0.009812,0.011958,0.009806,0.999880,-0.001253,0.004375,-0.008864,0.000000,0.000000,0.000000,0.011953,0.009812,-0.999880,-0.000905,-0.003358,0.033648,0
765900.201648,0.999928,-0.000599,-0.011978,0.000483,0.999953,-0.009669,0.011983,0.009662,0.999882,0.008597,-0.000307,-0.002736,0.000000,0.000000,0.000000,0.011978,0.009669,-0.999882,0.000077,-0.002177,0.024997,0
765900.211355,0.999928,-0.000578,-0.012009,0.000462,0.999953,-0.009664,0.012014,0.009657,0.999881,-0.002617,0.006711,-0.000324,0.000000,0.000000,0.000000,0.012009,0.009664,-0.999881,0.000045,-0.002172,0.024997,0
765900.221061,0.999929,-0.000573,-0.011940,0.000460,0.999955,-0.009502,0.011945,0.009496,0.999884,-0.003592,-0.005306,-0.005278,0.000000,0.000000,0.000000,0.011940,0.009502,-0.999884,-0.001823,-0.005001,0.030706,0
765900.230769,0.999931,-0.000586,-0.011706,0.000477,0.999956,-0.009319,0.011711,0.009313,0.999888,0.002491,-0.005242,0.000856,0.000000,0.000000,0.000000,0.011706,0.009319,-0.999888,-0.005419,-0.004726,0.024897,0
765900.240476,0.999930,-0.000647,-0.011829,0.000537,0.999957,-0.009274,0.011835,0.009267,0.999887,-0.001360,0.004318,0.003358,0.000000,0.000000,0.000000,0.011759,0.009194,-0.999889,0.000296,-0.002709,0.028835,0
765900.250182,0.999930,-0.000647,-0.011829,0.000537,0.999957,-0.009274,0.011835,0.009267,0.999887,-0.006088,0.001909,-0.010096,0.000000,0.000000,0.000000,0.011829,0.009274,-0.999887,0.001141,0.000141,0.026971,0
765900.259889,0.999930,-0.000662,-0.011808,0.000553,0.999958,-0.009205,0.011813,0.009198,0.999888,-0.001332,0.004331,0.000920,0.000000,0.000000,0.000000,0.011808,0.009205,-0.999888,-0.001752,-0.001728,0.028834,0
765900.269596,0.999930,-0.000768,-0.011846,0.000657,0.999956,-0.009406,0.011853,0.009397,0.999886,0.000005,0.001982,-0.005182,0.000000,0.000000,0.000000,0.011861,0.009295,-0.999886,0.000041,0.002057,0.031808,0
765900.279302,0.999930,-0.000768,-0.011846,0.000657,0.999956,-0.009406,0.011853,0.009397,0.999886,0.005062,-0.003927,-0.008844,0.000000,0.000000,0.000000,0.011846,0.009406,-0.999886,0.000010,0.003915,0.030861,0
765900.289010,0.999930,-0.000821,-0.011794,0.000709,0.999954,-0.009517,0.011802,0.009508,0.999885,-0.008605,0.001840,-0.005235,0.000000,0.000000,0.000000,0.011794,0.009517,-0.999885,-0.001846,0.000859,0.032737,0
765900.298717,0.999928,-0.000956,-0.011995,0.000841,0.999954,-0.009585,0.012004,0.009574,0.999882,-0.002410,0.000755,-0.007642,0.000000,0.000000,0.000000,0.011987,0.009585,-0.999882,0.004843,0.000761,0.027989,0
765900.308423,0.999928,-0.000956,-0.011995,0.000841,0.999954,-0.009585,0.012004,0.009574,0.999882,0.003663,-0.000395,0.000922,0.000000,0.000000,0.000000,0.011995,0.009585,-0.999882,0.004836,0.000760,0.027989,0
765900.318130,0.999928,-0.000967,-0.011966,0.000850,0.999952,-0.009755,0.011975,0.009745,0.999881,-0.006090,-0.004150,-0.001597,0.000000,0.000000,0.000000,0.011966,0.009755,-0.999881,-0.000080,0.003611,0.026050,0
765900.327837,0.999925,-0.000931,-0.012181,0.000812,0.999952,-0.009787,0.012190,0.009776,0.999878,0.003603,0.003213,0.000943,0.000000,0.000000,0.000000,0.012048,0.009758,-0.999880,0.001929,-0.001305,0.024080,0
765900.337543,0.999925,-0.000931,-0.012181,0.000812,0.999952,-0.009787,0.012190,0.009776,0.999878,0.002491,-0.004020,0.000894,0.000000,0.000000,0.000000,0.012181,0.009787,-0.999878,0.003627,0.001520,0.030869,0
765900.347251,0.999924,-0.000935,-0.012291,0.000814,0.999952,-0.009795,0.012300,0.009784,0.999876,0.004904,-0.000364,-0.000289,0.000000,0.000000,0.000000,0.012291,0.009795,-0.999876,0.003547,0.001542,0.027022,0
765900.356958,0.999923,-0.000900,-0.012341,0.000777,0.999950,-0.009927,0.012349,0.009916,0.999875,0.001154,0.000757,0.003353,0.000000,0.000000,0.000000,0.012276,0.009817,-0.999876,-0.001320,0.000559,0.031783,0
765900.366664,0.999923,-0.000900,-0.012341,0.000777,0.999950,-0.009927,0.012349,0.009916,0.999875,-0.005016,0.001858,0.003322,0.000000,0.000000,0.000000,0.012341,0.009927,-0.999875,0.001483,0.002387,0.030865,0
765900.376371,0.999924,-0.000864,-0.012335,0.000744,0.999953,-0.009708,0.012343,0.009698,0.999877,0.004943,-0.005193,0.003340,0.000000,0.000000,0.000000,0.012335,0.009708,-0.999877,0.000757,-0.006214,0.030715,0
765900.386078,0.999925,-0.000891,-0.012253,0.000772,0.999953,-0.009688,0.012261,0.009678,0.999878,0.000143,-0.006431,-0.003987,0.000000,0.000000,0.000000,0.012253,0.009688,-0.999878,0.000839,-0.006194,0.030716,0
765900.395784,0.999924,-0.000900,-0.012286,0.000781,0.999953,-0.009647,0.012294,0.009637,0.999878,0.001267,-0.001615,-0.001513,0.000000,0.000000,0.000000,0.012286,0.009647,-0.999878,0.000669,-0.001225,0.029846,0
765900.405492,0.999926,-0.001017,-0.012130,0.000901,0.999954,-0.009537,0.012139,0.009525,0.999881,-0.002231,-0.004006,-0.014960,0.000000,0.000000,0.000000,0.012130,0.009537,-0.999881,-0.003951,-0.003967,0.025882,0
765900.415199,0.999925,-0.001102,-0.012234,0.000985,0.999954,-0.009554,0.012244,0.009541,0.999880,0.001370,-0.002776,-0.008835,0.000000,0.000000,0.000000,0.012230,0.009543,-0.999880,0.003609,0.000787,0.031832,0
765900.424905,0.999925,-0.001102,-0.012234,0.000985,0.999954,-0.009554,0.012244,0.009541,0.999880,-0.003727,-0.002947,0.006983,0.000000,0.000000,0.000000,0.012234,0.009554,-0.999880,-0.000271,-0.000139,0.029848,0
765900.434612,0.999924,-0.001171,-0.012306,0.001055,0.999954,-0.009497,0.012316,0.009483,0.999879,0.000003,0.005621,-0.008793,0.000000,0.000000,0.000000,0.012306,0.009497,-0.999879,0.001671,-0.002051,0.027910,0
765900.444319,0.999924,-0.001220,-0.012291,0.001103,0.999955,-0.009446,0.012302,0.009432,0.999880,-0.003635,0.000738,-0.006406,0.000000,0.000000,0.000000,0.012349,0.009481,-0.999879,0.001628,-0.001043,0.025041,0
765900.454025,0.999924,-0.001220,-0.012291,0.001103,0.999955,-0.009446,0.012302,0.009432,0.999880,0.004962,-0.005188,0.003365,0.000000,0.000000,0.000000,0.012291,0.009446,-0.999880,-0.000359,0.000945,0.029863,0
765900.463733,0.999924,-0.001223,-0.012286,0.001106,0.999954,-0.009507,0.012297,0.009493,0.999879,-0.002435,-0.001682,-0.000316,0.000000,0.000000,0.000000,0.012286,0.009507,-0.999879,-0.000354,0.000884,0.029863,0
765900.473440,0.999924,-0.001167,-0.012306,0.001051,0.999955,-0.009452,0.012316,0.009439,0.999880,0.000103,-0.006450,-0.000329,0.000000,0.000000,0.000000,0.012266,0.009533,-0.999879,0.000628,0.001820,0.028917,0
765900.483146,0.999924,-0.001167,-0.012306,0.001051,0.999955,-0.009452,0.012316,0.009439,0.999880,-0.001240,-0.002891,0.004560,0.000000,0.000000,0.000000,0.012306,0.009452,-0.999880,0.001687,-0.003013,0.031755,0
765900.492853,0.999923,-0.001164,-0.012365,0.001047,0.999954,-0.009526,0.012375,0.009512,0.999878,-0.008562,-0.000558,-0.004004,0.000000,0.000000,0.000000,0.012365,0.009526,-0.999878,0.002513,0.000820,0.028931,0
765900.502560,0.999923,-0.001230,-0.012321,0.001113,0.999954,-0.009487,0.012332,0.009473,0.999879,-0.003618,-0.005314,0.000874,0.000000,0.000000,0.000000,0.012318,0.009528,-0.999879,-0.000309,-0.002067,0.029816,0
765900.512266,0.999923,-0.001230,-0.012321,0.001113,0.999954,-0.009487,0.012332,0.009473,0.999879,0.002549,-0.000355,-0.007594,0.000000,0.000000,0.000000,0.012321,0.009487,-0.999879,-0.000266,-0.002987,0.027864,0
765900.521974,0.999923,-0.001147,-0.012319,0.001031,0.999955,-0.009460,0.012330,0.009447,0.999879,0.001220,-0.005274,0.008219,0.000000,0.000000,0.000000,0.012319,0.009460,-0.999879,0.001612,-0.001053,0.029863,0
765900.531681,0.999924,-0.001137,-0.012308,0.001018,0.999953,-0.009610,0.012318,0.009596,0.999878,0.001067,0.003136,0.009487,0.000000,0.000000,0.000000,0.012306,0.009582,-0.999878,-0.000435,0.004777,0.025101,0
765900.541387,0.999924,-0.001137,-0.012308,0.001018,0.999953,-0.009610,0.012318,0.009596,0.999878,-0.003710,0.001914,-0.001522,0.000000,0.000000,0.000000,0.012308,0.009610,-0.999878,-0.001367,0.000751,0.032746,0
765900.551094,0.999922,-0.001182,-0.012411,0.001063,0.999953,-0.009605,0.012422,0.009591,0.999877,-0.003818,0.012764,-0.006309,0.000000,0.000000,0.000000,0.012411,0.009605,-0.999877,-0.001471,0.000756,0.032744,0
765900.560801,0.999923,-0.001273,-0.012335,0.001155,0.999954,-0.009531,0.012347,0.009516,0.999878,0.001365,-0.001569,-0.008800,0.000000,0.000000,0.000000,0.012344,0.009607,-0.999878,-0.002410,0.001761,0.030807,0
765900.570507,0.999923,-0.001273,-0.012335,0.001155,0.999954,-0.009531,0.012347,0.009516,0.999878,0.004840,0.005656,-0.000202,0.000000,0.000000,0.000000,0.012335,0.009531,-0.999878,-0.002295,-0.002070,0.031724,0
765900.580214,0.999922,-0.001263,-0.012391,0.001145,0.999954,-0.009526,0.012403,0.009511,0.999878,-0.004978,0.004291,-0.000270,0.000000,0.000000,0.000000,0.012391,0.009526,-0.999878,-0.000367,-0.002064,0.028839,0
765900.589922,0.999922,-0.001305,-0.012397,0.001187,0.999953,-0.009576,0.012409,0.009560,0.999877,-0.001335,0.007966,-0.001445,0.000000,0.000000,0.000000,0.012432,0.009620,-0.999876,-0.001522,0.002755,0.027953,0
765900.599628,0.999922,-0.001305,-0.012397,0.001187,0.999953,-0.009576,0.012409,0.009560,0.999877,-0.001210,-0.000458,-0.000275,0.000000,0.000000,0.000000,0.012397,0.009576,-0.999877,-0.002342,-0.003106,0.032668,0
765900.609335,0.999922,-0.001389,-0.012413,0.001269,0.999953,-0.009660,0.012425,0.009643,0.999876,0.000130,0.002043,-0.013664,0.000000,0.000000,0.000000,0.012413,0.009660,-0.999876,-0.000541,0.003677,0.028929,0
765900.619042,-0.734952,0.678005,-0.012472,-0.677935,-0.735057,-0.009769,-0.015792,0.001276,0.999874,-0.001278,0.001934,0.002177,-22.765705,-21.042933,-24.670862,0.012493,0.009690,-0.999875,0.002400,-0.000336,0.030835,0
765900.628748,-0.734952,0.678005,-0.012472,-0.677935,-0.735057,-0.009769,-0.015792,0.001276,0.999874,-0.001299,0.003135,0.002184,-22.765705,-21.042933,-24.670862,0.012472,0.009769,-0.999874,-0.002554,0.003597,0.026989,0
765900.638455,-0.734876,0.678087,-0.012473,-0.678017,-0.734980,-0.009812,-0.015821,0.001246,0.999874,-0.005921,-0.004069,-0.013736,-22.765705,-21.042933,-24.670862,0.012473,0.009812,-0.999874,-0.002555,0.003554,0.026989,0
765900.648163,-0.734917,0.678044,-0.012381,-0.677971,-0.735020,-0.010052,-0.015916,0.001007,0.999873,0.003817,-0.006381,-0.001499,-22.763134,-21.041222,-24.674698,0.012443,0.009952,-0.999873,0.000283,0.006299,0.033824,0
765900.657869,-0.734917,0.678044,-0.012381,-0.677971,-0.735020,-0.010052,-0.015916,0.001007,0.999873,-0.007332,-0.004180,0.002105,-22.763134,-21.041222,-24.674698,0.012381,0.010052,-0.999873,-0.001456,0.001300,0.031794,0
765900.667576,-0.734857,0.678109,-0.012384,-0.678035,-0.734960,-0.010121,-0.015965,0.000959,0.999872,-0.002370,-0.001653,-0.005165,-22.763134,-21.041222,-24.674698,0.012384,0.010121,-0.999872,0.000555,0.000270,0.026972,0
765900.677283,-0.734808,0.678163,-0.012360,-0.678088,-0.734911,-0.010103,-0.015935,0.000958,0.999873,0.003561,0.009248,-0.001408,-22.764088,-21.034830,-24.679264,0.012356,0.010073,-0.999873,-0.004300,-0.001590,0.029780,0
765900.686989,-0.734808,0.678163,-0.012360,-0.678088,-0.734911,-0.010103,-0.015935,0.000958,0.999873,-0.001194,0.000765,-0.003925,-22.764088,-21.034830,-24.679264,0.012360,0.010103,-0.999873,0.000564,0.001280,0.025065,0
765900.696696,-0.734761,0.678214,-0.012324,-0.678140,-0.734864,-0.010050,-0.015872,0.000973,0.999874,0.002498,0.003250,-0.007546,-22.764088,-21.034830,-24.679264,0.012324,0.010050,-0.999874,-0.002284,-0.002588,0.030742,0
765900.706404,-0.734729,0.678249,-0.012336,-0.678174,-0.734832,-0.010102,-0.015917,0.000944,0.999873,-0.002476,0.003137,-0.001453,-22.762321,-21.037691,-24.678455,0.012366,0.010023,-0.999873,0.000635,-0.002577,0.028850,0
765900.716110,-0.734729,0.678249,-0.012336,-0.678174,-0.734832,-0.010102,-0.015917,0.000944,0.999873,-0.008580,-0.000578,-0.000293,-22.762321,-21.037691,-24.678455,0.012336,0.010102,-0.999873,0.000664,-0.002656,0.028849,0
765900.725817,-0.734764,0.678211,-0.012300,-0.678135,-0.734867,-0.010206,-0.015960,0.000842,0.999872,-0.005052,0.004250,0.007072,-22.760357,-21.041710,-24.676842,0.012300,0.010206,-0.999872,-0.003328,0.001177,0.030787,0
765900.735524,-0.734794,0.678178,-0.012348,-0.678103,-0.734897,-0.010149,-0.015958,0.000916,0.999872,0.002444,0.003218,-0.001423,-22.760357,-21.041710,-24.676842,0.012355,0.010130,-0.999872,0.000691,-0.003630,0.025950,0
765900.745230,-0.734794,0.678178,-0.012348,-0.678103,-0.734897,-0.010149,-0.015958,0.000916,0.999872,-0.005031,0.003047,0.007065,-22.760357,-21.041710,-24.676842,0.012348,0.010149,-0.999872,-0.002277,-0.001635,0.023050,0
765900.754937,-0.734808,0.678162,-0.012440,-0.678085,-0.734912,-0.010231,-0.016080,0.000918,0.999870,-0.004949,0.003090,-0.000250,-22.761496,-21.038124,-24.678850,0.012440,0.010231,-0.999870,0.003353,0.001061,0.032799,0
765900.764645,-0.734861,0.678101,-0.012596,-0.678024,-0.734968,-0.010275,-0.016226,0.000990,0.999868,-0.004972,-0.000558,0.007044,-22.761496,-21.038124,-24.678850,0.012570,0.010245,-0.999869,0.004306,-0.001853,0.027945,0
765900.774351,-0.734861,0.678101,-0.012596,-0.678024,-0.734968,-0.010275,-0.016226,0.000990,0.999868,0.001287,-0.000400,-0.002671,-22.761496,-21.038124,-24.678850,0.012596,0.010275,-0.999868,0.001259,0.001047,0.030843,0
765900.784058,-0.734826,0.678138,-0.012623,-0.678062,-0.734934,-0.010233,-0.016217,0.001040,0.999868,0.001229,0.005632,-0.006293,-22.759571,-21.031614,-24.686171,0.012623,0.010233,-0.999868,-0.000675,-0.000849,0.032720,0
765900.793765,-0.734817,0.678147,-0.012706,-0.678068,-0.734926,-0.010389,-0.016383,0.000981,0.999865,-0.002403,-0.000461,-0.002693,-22.759571,-21.031614,-24.686171,0.012606,0.010294,-0.999868,-0.000658,-0.000910,0.032720,0
765900.803471,-0.734817,0.678147,-0.012706,-0.678068,-0.734926,-0.010389,-0.016383,0.000981,0.999865,-0.002610,0.007921,0.003451,-22.759571,-21.031614,-24.686171,0.012706,0.010389,-0.999865,0.002095,0.001910,0.031848,0
765900.813178,-0.734817,0.678149,-0.012619,-0.678071,-0.734924,-0.010311,-0.016266,0.000980,0.999867,0.005022,-0.003953,-0.001450,-22.757236,-21.031973,-24.688017,0.012619,0.010311,-0.999867,-0.003555,-0.001827,0.027852,0
765900.822886,-0.734811,0.678157,-0.012510,-0.678080,-0.734916,-0.010245,-0.016141,0.000955,0.999869,0.005001,-0.005177,0.002201,-22.756477,-21.030901,-24.689631,0.012566,0.010185,-0.999869,-0.001503,-0.003700,0.029792,0
765900.832592,-0.734811,0.678157,-0.012510,-0.678080,-0.734916,-0.010245,-0.016141,0.000955,0.999869,-0.001179,0.000767,-0.003898,-22.756477,-21.030901,-24.689631,0.012510,0.010245,-0.999869,-0.003568,0.002130,0.030799,0
765900.842299,-0.734817,0.678150,-0.012525,-0.678073,-0.734923,-0.010272,-0.016171,0.000944,0.999869,-0.001265,0.004360,-0.001439,-22.756477,-21.030901,-24.689631,0.012525,0.010272,-0.999869,-0.000577,0.000119,0.028876,0
765900.852006,-0.734745,0.678224,-0.012730,-0.678146,-0.734855,-0.010345,-0.016371,0.001032,0.999865,-0.004868,0.001919,-0.005107,-22.759678,-21.032885,-24.684992,0.012649,0.010347,-0.999866,0.004105,0.001936,0.030888,0
765900.861712,-0.734745,0.678224,-0.012730,-0.678146,-0.734855,-0.010345,-0.016371,0.001032,0.999865,0.000045,0.003210,-0.006289,-22.759678,-21.032885,-24.684992,0.012730,0.010345,-0.999865,0.002163,-0.000992,0.031802,0
765900.871419,-0.734764,0.678202,-0.012808,-0.678125,-0.734875,-0.010323,-0.016414,0.001100,0.999865,0.006130,-0.000358,0.004700,-22.759678,-21.032885,-24.684992,0.012808,0.010323,-0.999865,0.002054,0.001014,0.027010,0
765900.881127,-0.734789,0.678173,-0.012921,-0.678097,-0.734901,-0.010276,-0.016464,0.001211,0.999864,0.008569,0.000885,0.004722,-22.751299,-21.033514,-24.692177,0.012794,0.010231,-0.999866,0.002068,0.001107,0.027011,0
765900.890833,-0.734789,0.678173,-0.012921,-0.678097,-0.734901,-0.010276,-0.016464,0.001211,0.999864,0.002411,0.008054,-0.005027,-22.751299,-21.033514,-24.692177,0.012921,0.010276,-0.999864,0.002887,0.002069,0.026063,0
765900.900540,-0.734743,0.678219,-0.013102,-0.678141,-0.734859,-0.010329,-0.016634,0.001296,0.999861,0.000022,0.001990,-0.002639,-22.751299,-21.033514,-24.692177,0.013102,0.010329,-0.999861,0.005605,0.000902,0.034773,0
765900.910247,-0.734656,0.678310,-0.013263,-0.678233,-0.734775,-0.010288,-0.016723,0.001437,0.999859,0.003660,0.006875,-0.005026,-22.743347,-21.033146,-24.699814,0.013219,0.010318,-0.999859,0.002620,0.000012,0.031811,0
765900.919953,-0.734656,0.678310,-0.013263,-0.678233,-0.734775,-0.010288,-0.016723,0.001437,0.999859,0.003757,-0.001562,-0.001418,-22.743347,-21.033146,-24.699814,0.013263,0.010288,-0.999859,0.001630,0.000073,0.026989,0
765900.929660,-0.734635,0.678333,-0.013262,-0.678258,-0.734754,-0.010179,-0.016649,0.001517,0.999860,-0.001092,-0.001608,-0.007543,-22.743347,-21.033146,-24.699814,0.013262,0.010179,-0.999860,0.000731,-0.006777,0.041318,0
765900.939368,-0.734631,0.678338,-0.013180,-0.678268,-0.734748,-0.009889,-0.016392,0.001675,0.999864,0.009931,-0.000237,-0.005030,-22.736814,-21.036633,-24.702860,0.013241,0.010044,-0.999862,-0.001157,-0.004551,0.028793,0
765900.949074,-0.734631,0.678338,-0.013180,-0.678268,-0.734748,-0.009889,-0.016392,0.001675,0.999864,-0.002495,0.000706,0.004654,-22.736814,-21.036633,-24.702860,0.013180,0.009889,-0.999864,-0.003933,-0.007310,0.026796,0
765900.958781,-0.734618,0.678352,-0.013240,-0.678284,-0.734735,-0.009739,-0.016334,0.001826,0.999865,0.006066,0.008096,-0.001347,-22.736189,-21.043951,-24.697201,0.013240,0.009739,-0.999865,-0.001140,-0.006245,0.033587,0
765900.968488,-0.734591,0.678380,-0.013331,-0.678315,-0.734709,-0.009598,-0.016305,0.001992,0.999865,0.006263,-0.003927,-0.001417,-22.736189,-21.043951,-24.697201,0.013243,0.009671,-0.999866,-0.001142,-0.006177,0.033587,0
765900.978194,-0.734591,0.678380,-0.013331,-0.678315,-0.734709,-0.009598,-0.016305,0.001992,0.999865,-0.006124,0.003099,-0.003888,-22.736189,-21.043951,-24.697201,0.013331,0.009598,-0.999865,0.003606,-0.005203,0.034640,0
765900.987901,-0.734544,0.678432,-0.013282,-0.678366,-0.734661,-0.009633,-0.016293,0.001935,0.999865,0.007516,-0.000258,-0.008703,-22.735460,-21.053917,-24.689379,0.013282,0.009633,-0.999865,-0.003395,0.003703,0.031802,0
765900.997609,-0.734552,0.678423,-0.013247,-0.678354,-0.734670,-0.009791,-0.016375,0.001794,0.999864,0.000061,-0.001630,-0.000221,-22.735460,-21.053917,-24.689379,0.013315,0.009648,-0.999865,0.002509,0.001674,0.028933,0
765901.007315,-0.734552,0.678423,-0.013247,-0.678354,-0.734670,-0.009791,-0.016375,0.001794,0.999864,0.001506,-0.014835,-0.000290,-22.735460,-21.053917,-24.689379,0.013247,0.009791,-0.999864,0.001508,0.004476,0.031877,0
765901.017022,-0.734544,0.678433,-0.013188,-0.678365,-0.734660,-0.009791,-0.016331,0.001754,0.999865,0.005062,-0.003928,-0.003833,-22.730963,-21.057425,-24.690525,0.013188,0.009791,-0.999865,0.000652,0.001516,0.032778,0
765901.026729,-0.734531,0.678443,-0.013384,-0.678376,-0.734650,-0.009739,-0.016440,0.001925,0.999863,-0.000058,0.003163,0.003493,-22.730963,-21.057425,-24.690525,0.013281,0.009791,-0.999864,0.001581,0.000539,0.031816,0
765901.036435,-0.734531,0.678443,-0.013384,-0.678376,-0.734650,-0.009739,-0.016440,0.001925,0.999863,0.007460,-0.002705,-0.000155,-22.730963,-21.057425,-24.690525,0.013384,0.009739,-0.999863,0.003401,-0.000462,0.039521,0
765901.046142,-0.734509,0.678468,-0.013354,-0.678399,-0.734628,-0.009819,-0.016472,0.001848,0.999863,-0.010880,-0.007805,-0.002734,-22.732033,-21.053654,-24.692759,0.013354,0.009819,-0.999863,0.003431,-0.000541,0.039520,0
765901.055849,-0.734464,0.678521,-0.013101,-0.678453,-0.734579,-0.009760,-0.016246,0.001720,0.999867,0.002455,0.000806,0.002275,-22.732033,-21.053654,-24.692759,0.013250,0.009855,-0.999864,-0.004247,0.000567,0.029817,0
765901.065555,-0.734464,0.678521,-0.013101,-0.678453,-0.734579,-0.009760,-0.016246,0.001720,0.999867,0.002618,-0.001538,-0.008711,-22.732033,-21.053654,-24.692759,0.013101,0.009760,-0.999867,-0.007852,-0.004191,0.029697,0
765901.075263,-0.734438,0.678548,-0.013134,-0.678482,-0.734554,-0.009648,-0.016194,0.001825,0.999867,0.002464,0.002020,-0.000157,-22.731628,-21.053341,-24.693398,0.013134,0.009648,-0.999867,-0.000057,-0.004155,0.026891,0
765901.084970,-0.734471,0.678515,-0.013042,-0.678448,-0.734585,-0.009657,-0.016133,0.001756,0.999868,0.003712,-0.001588,0.003488,-22.732752,-21.060289,-24.686432,0.013042,0.009657,-0.999868,-0.004039,0.000750,0.030767,0
765901.094676,-0.734500,0.678487,-0.012839,-0.678419,-0.734611,-0.009704,-0.016015,0.001582,0.999870,0.000075,-0.004049,0.002232,-22.732752,-21.060289,-24.686432,0.012839,0.009704,-0.999870,-0.008688,0.001786,0.024010,0
765901.104383,-0.734512,0.678475,-0.012750,-0.678408,-0.734621,-0.009696,-0.015945,0.001528,0.999872,0.004890,0.003252,0.001085,-22.732752,-21.060289,-24.686432,0.012750,0.009696,-0.999872,-0.004694,-0.001212,0.029779,0
765901.114091,-0.734490,0.678502,-0.012616,-0.678433,-0.734597,-0.009784,-0.015906,0.001373,0.999873,-0.001279,0.004351,0.001054,-22.742170,-21.056135,-24.681305,0.012612,0.009776,-0.999873,-0.006554,0.003667,0.024058,0
765901.123797,-0.734490,0.678502,-0.012616,-0.678433,-0.734597,-0.009784,-0.015906,0.001373,0.999873,-0.008636,0.005451,-0.002642,-22.742170,-21.056135,-24.681305,0.012616,0.009784,-0.999873,-0.002499,-0.003253,0.024958,0
765901.133504,-0.734505,0.678485,-0.012684,-0.678416,-0.734613,-0.009803,-0.015968,0.001405,0.999871,-0.000130,0.006755,0.004733,-22.742170,-21.056135,-24.681305,0.012684,0.009803,-0.999871,-0.002567,-0.003272,0.024957,0
765901.143211,-0.734462,0.678531,-0.012668,-0.678464,-0.734570,-0.009677,-0.015872,0.001487,0.999873,-0.001211,0.001960,-0.001398,-22.745783,-21.055351,-24.678644,0.012751,0.009766,-0.999871,0.002172,-0.002381,0.032738,0
765901.152917,-0.734462,0.678531,-0.012668,-0.678464,-0.734570,-0.009677,-0.015872,0.001487,0.999873,-0.004707,-0.008915,-0.002703,-22.745783,-21.055351,-24.678644,0.012668,0.009677,-0.999873,-0.001499,-0.008136,0.033564,0
765901.162624,-0.734390,0.678608,-0.012760,-0.678540,-0.734499,-0.009738,-0.015980,0.001507,0.999871,-0.007150,-0.004097,-0.011224,-22.745783,-21.055351,-24.678644,0.012760,0.009738,-0.999871,0.004101,-0.000369,0.027963,0
765901.172331,-0.734428,0.678568,-0.012702,-0.678497,-0.734537,-0.009886,-0.016038,0.001358,0.999870,-0.002469,-0.002920,0.008349,-22.740665,-21.059872,-24.679502,0.012717,0.009774,-0.999871,-0.000785,0.000617,0.029855,0
765901.182037,-0.734428,0.678568,-0.012702,-0.678497,-0.734537,-0.009886,-0.016038,0.001358,0.999870,0.005010,-0.003959,0.001072,-22.740665,-21.059872,-24.679502,0.012702,0.009886,-0.999870,-0.000907,0.005404,0.030892,0
765901.191745,-0.734401,0.678596,-0.012753,-0.678524,-0.734511,-0.009991,-0.016147,0.001316,0.999869,-0.004900,0.001905,-0.001391,-22.741789,-21.058571,-24.679579,0.012753,0.009991,-0.999869,0.002048,0.003300,0.028967,0
765901.201452,-0.734386,0.678611,-0.012843,-0.678539,-0.734497,-0.009954,-0.016188,0.001405,0.999868,0.003636,0.005647,-0.000099,-22.741789,-21.058571,-24.679579,0.012848,0.009948,-0.999868,0.002045,-0.000579,0.029882,0
765901.211158,-0.734386,0.678611,-0.012843,-0.678539,-0.734497,-0.009954,-0.016188,0.001405,0.999868,-0.004827,-0.001695,-0.002631,-22.741789,-21.058571,-24.679579,0.012843,0.009954,-0.999868,0.002049,-0.000585,0.029882,0
765901.220865,-0.734356,0.678645,-0.012720,-0.678571,-0.734466,-0.010079,-0.016183,0.001229,0.999868,-0.010885,-0.009025,-0.000273,-22.737921,-21.054981,-24.686205,0.012720,0.010079,-0.999868,-0.002771,0.001304,0.028875,0
765901.230572,-0.734404,0.678593,-0.012719,-0.678520,-0.734513,-0.010064,-0.016171,0.001239,0.999868,0.001211,0.006835,-0.004983,-22.737921,-21.054981,-24.686205,0.012653,0.010065,-0.999869,-0.004596,-0.001597,0.030723,0
765901.240278,-0.734404,0.678593,-0.012719,-0.678520,-0.734513,-0.010064,-0.016171,0.001239,0.999868,0.001077,0.000706,0.015707,-22.737921,-21.054981,-24.686205,0.012719,0.010064,-0.999868,0.002174,0.000312,0.026037,0
765901.249986,-0.734371,0.678630,-0.012693,-0.678557,-0.734479,-0.010035,-0.016133,0.001243,0.999869,-0.002341,-0.004067,-0.001411,-22.740635,-21.054352,-24.684240,0.012693,0.010035,-0.999869,-0.001645,-0.002574,0.028830,0
765901.259693,-0.734348,0.678654,-0.012699,-0.678582,-0.734457,-0.009954,-0.016082,0.001308,0.999870,-0.004699,-0.005269,-0.008748,-22.740635,-21.054352,-24.684240,0.012623,0.010057,-0.999870,-0.002613,-0.001619,0.031730,0
765901.269399,-0.734348,0.678654,-0.012699,-0.678582,-0.734457,-0.009954,-0.016082,0.001308,0.999870,0.004852,0.003234,0.004771,-22.740635,-21.054352,-24.684240,0.012699,0.009954,-0.999870,0.002254,-0.003545,0.033683,0
765901.279106,-0.734397,0.678602,-0.012680,-0.678529,-0.734505,-0.010044,-0.016129,0.001228,0.999869,-0.004896,-0.004156,0.007107,-22.741013,-21.054932,-24.683399,0.012680,0.010044,-0.999869,-0.000793,0.002316,0.028907,0
765901.288813,-0.734450,0.678547,-0.012554,-0.678475,-0.734556,-0.009943,-0.015968,0.001215,0.999872,0.003717,0.003262,-0.003770,-22.740692,-21.055237,-24.683434,0.012676,0.010025,-0.999869,-0.000789,0.002335,0.028907,0
765901.298519,-0.734450,0.678547,-0.012554,-0.678475,-0.734556,-0.009943,-0.015968,0.001215,0.999872,0.003695,-0.000389,0.003524,-22.740692,-21.055237,-24.683434,0.012554,0.009943,-0.999872,-0.006359,-0.002390,0.025888,0
765901.308227,-0.734416,0.678583,-0.012545,-0.678512,-0.734523,-0.009886,-0.015923,0.001251,0.999872,-0.001181,0.001977,-0.003807,-22.740692,-21.055237,-24.683434,0.012545,0.009886,-0.999872,-0.001513,-0.002440,0.030756,0
765901.317934,-0.734415,0.678585,-0.012563,-0.678513,-0.734521,-0.009928,-0.015965,0.001233,0.999872,-0.000079,0.005570,0.002344,-22.746689,-21.055519,-24.677664,0.012563,0.009928,-0.999872,-0.001623,0.001440,0.028894,0
765901.327640,-0.734430,0.678568,-0.012551,-0.678495,-0.734537,-0.010017,-0.016017,0.001159,0.999871,-0.007359,-0.000564,0.002264,-22.746689,-21.055519,-24.677664,0.012551,0.010017,-0.999871,-0.001595,0.001366,0.026971,0
765901.337347,-0.734462,0.678533,-0.012629,-0.678460,-0.734569,-0.010017,-0.016073,0.001211,0.999870,0.002451,-0.000414,0.004762,-22.746689,-21.055519,-24.677664,0.012629,0.010017,-0.999870,0.004217,0.000344,0.026054,0
765901.347054,-0.734479,0.678512,-0.012727,-0.678438,-0.734588,-0.010104,-0.016204,0.001213,0.999868,0.002400,0.004409,0.002352,-22.747169,-21.051563,-24.680601,0.012667,0.010025,-0.999870,0.000211,0.001328,0.029884,0
765901.356760,-0.734479,0.678512,-0.012727,-0.678438,-0.734588,-0.010104,-0.016204,0.001213,0.999868,-0.007313,-0.001750,-0.000181,-22.747169,-21.051563,-24.680601,0.012727,0.010104,-0.999868,0.003142,0.000257,0.026998,0
765901.366468,-0.734565,0.678419,-0.012766,-0.678345,-0.734675,-0.010073,-0.016212,0.001260,0.999868,0.002263,0.004341,0.014543,-22.747169,-21.051563,-24.680601,0.012766,0.010073,-0.999868,0.003104,0.000288,0.026998,0
765901.376175,-0.734652,0.678320,-0.012942,-0.678247,-0.734765,-0.010075,-0.016344,0.001376,0.999865,-0.001261,-0.004121,0.012033,-22.744364,-21.047407,-24.686726,0.012888,0.010011,-0.999867,0.006964,-0.002626,0.026997,0
765901.385881,-0.734652,0.678320,-0.012942,-0.678247,-0.734765,-0.010075,-0.016344,0.001376,0.999865,-0.001152,-0.004064,0.002281,-22.744364,-21.047407,-24.686726,0.012942,0.010075,-0.999865,0.004743,0.003139,0.034793,0
765901.395588,-0.734654,0.678315,-0.013160,-0.678241,-0.734770,-0.010101,-0.016521,0.001505,0.999862,0.002696,-0.011193,-0.001396,-22.744364,-21.047407,-24.686726,0.013160,0.010101,-0.999862,0.015374,0.001084,0.027160,0
765901.405295,-0.734735,0.678223,-0.013354,-0.678146,-0.734855,-0.010324,-0.016815,0.001470,0.999858,-0.007412,-0.004217,0.011996,-22.737379,-21.041611,-24.698101,0.013194,0.010245,-0.999860,0.003469,0.003946,0.038633,0
765901.415001,-0.734735,0.678223,-0.013354,-0.678146,-0.734855,-0.010324,-0.016815,0.001470,0.999858,0.004963,-0.000336,-0.000099,-22.737379,-21.041611,-24.698101,0.013354,0.010324,-0.999858,0.007261,0.003882,0.030955,0
765901.424709,-0.734716,0.678241,-0.013465,-0.678164,-0.734838,-0.010338,-0.016906,0.001536,0.999856,0.000012,0.003205,-0.002546,-22.740322,-21.035786,-24.700352,0.013465,0.010338,-0.999856,0.004281,0.000923,0.032815,0
765901.434416,-0.734754,0.678202,-0.013342,-0.678127,-0.734874,-0.010226,-0.016740,0.001534,0.999859,0.011285,-0.007419,-0.004979,-22.740322,-21.035786,-24.700352,0.013398,0.010263,-0.999858,-0.001420,-0.000848,0.028849,0
765901.444122,-0.734754,0.678202,-0.013342,-0.678127,-0.734874,-0.010226,-0.016740,0.001534,0.999859,0.001223,-0.004058,0.009611,-22.740322,-21.035786,-24.700352,0.013342,0.010226,-0.999859,0.000574,-0.000857,0.030804,0
765901.453829,-0.734721,0.678239,-0.013284,-0.678164,-0.734840,-0.010194,-0.016675,0.001519,0.999860,-0.002241,-0.005217,-0.008706,-22.734320,-21.036377,-24.705374,0.013284,0.010194,-0.999860,0.000632,-0.000825,0.030805,0
765901.463536,-0.734734,0.678229,-0.013129,-0.678154,-0.734849,-0.010169,-0.016545,0.001432,0.999862,0.001372,-0.006408,-0.000156,-22.734320,-21.036377,-24.705374,0.013211,0.010198,-0.999861,-0.002301,0.001139,0.033705,0
765901.473242,-0.734734,0.678229,-0.013129,-0.678154,-0.734849,-0.010169,-0.016545,0.001432,0.999862,0.000069,-0.002828,0.001076,-22.734320,-21.036377,-24.705374,0.013129,0.010169,-0.999862,-0.002143,-0.000769,0.030776,0
765901.482950,-0.734697,0.678270,-0.013050,-0.678196,-0.734812,-0.010085,-0.016430,0.001441,0.999864,-0.005956,-0.007723,-0.002618,-22.739740,-21.037104,-24.699766,0.013050,0.010085,-0.999864,-0.001942,-0.005599,0.031679,0
765901.492657,-0.734689,0.678279,-0.013017,-0.678206,-0.734803,-0.010034,-0.016371,0.001456,0.999865,0.006224,-0.000307,-0.002501,-22.739740,-21.037104,-24.699766,0.013017,0.010034,-0.999865,-0.003892,-0.002496,0.023989,0
765901.502363,-0.734702,0.678265,-0.012998,-0.678195,-0.734816,-0.009857,-0.016237,0.001573,0.999867,-0.001175,-0.001652,0.001105,-22.739740,-21.037104,-24.699766,0.012998,0.009857,-0.999867,-0.000868,-0.008331,0.035481,0
765901.512070,-0.734709,0.678261,-0.012885,-0.678193,-0.734820,-0.009698,-0.016046,0.001613,0.999870,0.005047,-0.007576,0.003546,-22.743187,-21.042624,-24.691893,0.012885,0.009698,-0.999870,-0.003653,-0.007119,0.027763,0
765901.521777,-0.734699,0.678274,-0.012742,-0.678211,-0.734807,-0.009400,-0.015739,0.001736,0.999875,0.005077,-0.005137,-0.002536,-22.743187,-21.042624,-24.691893,0.012812,0.009526,-0.999873,-0.001628,-0.005955,0.023966,0
765901.531483,-0.734699,0.678274,-0.012742,-0.678211,-0.734807,-0.009400,-0.015739,0.001736,0.999875,0.002625,-0.006388,-0.001339,-22.743187,-21.042624,-24.691893,0.012742,0.009400,-0.999875,-0.000642,-0.004899,0.028790,0
765901.541191,-0.734681,0.678292,-0.012798,-0.678230,-0.734790,-0.009388,-0.015772,0.001783,0.999874,-0.003708,0.005541,-0.002526,-22.748655,-21.054726,-24.676531,0.012798,0.009388,-0.999874,-0.000698,-0.004887,0.028789,0
765901.550898,-0.734690,0.678284,-0.012725,-0.678223,-0.734798,-0.009282,-0.015646,0.001811,0.999876,0.003708,-0.001593,0.004792,-22.749163,-21.059143,-24.672293,0.012725,0.009282,-0.999876,-0.002577,-0.005757,0.030683,0
765901.560604,-0.734728,0.678245,-0.012609,-0.678184,-0.734834,-0.009273,-0.015555,0.001738,0.999878,0.003561,0.003180,0.010916,-22.749163,-21.059143,-24.672293,0.012609,0.009273,-0.999878,-0.006490,0.001195,0.026901,0
765901.570311,-0.734730,0.678242,-0.012616,-0.678180,-0.734837,-0.009363,-0.015621,0.001677,0.999877,-0.007253,-0.004147,-0.001385,-22.749163,-21.059143,-24.672293,0.012616,0.009363,-0.999877,0.000262,0.002997,0.027007,0
765901.580018,-0.734783,0.678185,-0.012630,-0.678123,-0.734889,-0.009333,-0.015611,0.001707,0.999877,0.003616,0.005633,0.002396,-22.753803,-21.058746,-24.668354,0.012642,0.009413,-0.999876,-0.000709,0.000963,0.030805,0
765901.589724,-0.734783,0.678185,-0.012630,-0.678123,-0.734889,-0.009333,-0.015611,0.001707,0.999877,0.003622,0.004424,0.003608,-22.753803,-21.058746,-24.668354,0.012630,0.009333,-0.999877,-0.002605,-0.000864,0.027877,0
765901.599431,-0.734766,0.678203,-0.012660,-0.678142,-0.734872,-0.009267,-0.015589,0.001776,0.999877,0.001101,0.011625,-0.001242,-22.753803,-21.058746,-24.668354,0.012660,0.009267,-0.999877,-0.002559,-0.004781,0.032638,0
765901.609139,-0.734749,0.678215,-0.012961,-0.678156,-0.734861,-0.009191,-0.015758,0.002037,0.999874,0.004703,0.012853,0.004883,-22.754704,-21.056639,-24.669319,0.012783,0.009144,-0.999876,-0.000637,-0.004581,0.023009,0
765901.618845,-0.734749,0.678215,-0.012961,-0.678156,-0.734861,-0.009191,-0.015758,0.002037,0.999874,-0.006169,0.009134,-0.007396,-22.754704,-21.056639,-24.669319,0.012961,0.009191,-0.999874,0.002893,-0.000844,0.035640,0
765901.628552,-0.734690,0.678278,-0.013028,-0.678219,-0.734802,-0.009222,-0.015828,0.002060,0.999873,-0.002484,0.012829,-0.012229,-22.754704,-21.056639,-24.669319,0.013028,0.009222,-0.999873,0.002826,-0.000876,0.035639,0
765901.638259,-0.734654,0.678312,-0.013298,-0.678256,-0.734770,-0.009013,-0.015885,0.002398,0.999871,0.008380,0.017752,-0.001133,-22.745806,-21.061554,-24.673332,0.013157,0.009101,-0.999872,-0.001056,-0.002555,0.022089,0
765901.647965,-0.734654,0.678312,-0.013298,-0.678256,-0.734770,-0.009013,-0.015885,0.002398,0.999871,0.003757,-0.000364,-0.001268,-22.745806,-21.061554,-24.673332,0.013298,0.009013,-0.999871,0.003654,-0.000529,0.017358,0
765901.657672,-0.734648,0.678315,-0.013476,-0.678261,-0.734767,-0.008919,-0.015952,0.002588,0.999869,0.007202,0.012910,0.001269,-22.739138,-21.066303,-24.675425,0.013476,0.008919,-0.999869,0.003492,-0.002465,0.025031,0
765901.667380,-0.734478,0.678487,-0.014055,-0.678435,-0.734607,-0.008888,-0.016356,0.003007,0.999862,0.012254,0.016696,-0.015747,-22.739138,-21.066303,-24.675425,0.013705,0.008887,-0.999867,0.002210,0.002542,0.016407,0
765901.677086,-0.734478,0.678487,-0.014055,-0.678435,-0.734607,-0.008888,-0.016356,0.003007,0.999862,0.002218,0.028558,-0.015738,-22.739138,-21.066303,-24.675425,0.014055,0.008888,-0.999862,0.004804,0.002525,0.012603,0
765901.686793,-0.734317,0.678652,-0.014495,-0.678603,-0.734452,-0.008827,-0.016636,0.003354,0.999856,-0.031458,0.062925,-0.024273,-22.723209,-21.074186,-24.683361,0.014495,0.008827,-0.999856,-0.005080,-0.015129,0.034371,0
765901.696500,-0.733457,0.679547,-0.016027,-0.679474,-0.733625,-0.010439,-0.018852,0.003234,0.999817,-0.080878,0.094726,-0.051207,-22.723209,-21.074186,-24.683361,0.015092,0.009258,-0.999843,-0.015184,-0.013164,-0.006199,0
765901.706206,-0.733457,0.679547,-0.016027,-0.679474,-0.733625,-0.010439,-0.018852,0.003234,0.999817,-0.129623,0.095352,-0.092952,-22.723209,-21.074186,-24.683361,0.016027,0.010439,-0.999817,-0.016119,-0.014345,-0.006225,0
