time,r0,r1,r2,r3,r4,r5,r6,r7,r8,wx,wy,wz,mx,my,mz,gx,gy,gz,ax,ay,az
761187.153731,0.999222,0.000073,-0.039430,0.000032,0.999996,0.002643,0.039430,-0.002642,0.999219,0.006309,-0.008449,0.005044,0.000000,0.000000,0.000000,0.039462,-0.002679,-0.999218,-0.000735,0.000085,0.019664
761187.182850,0.999229,-0.000003,-0.039254,0.000108,0.999996,0.002683,0.039254,-0.002685,0.999226,-0.006052,-0.001410,0.000134,0.000000,0.000000,0.000000,0.039430,-0.002643,-0.999219,-0.002748,-0.000043,0.033139
761187.192557,0.999229,-0.000003,-0.039254,0.000108,0.999996,0.002683,0.039254,-0.002685,0.999226,-0.000940,-0.009717,-0.004760,0.000000,0.000000,0.000000,0.039375,-0.002608,-0.999221,-0.003623,0.000990,0.023513
761187.202263,0.999229,-0.000003,-0.039254,0.000108,0.999996,0.002683,0.039254,-0.002685,0.999226,0.010008,-0.004746,-0.001008,0.000000,0.000000,0.000000,0.039303,-0.002689,-0.999224,-0.004452,-0.001874,0.024416
761187.211969,0.999232,0.000078,-0.039192,0.000027,0.999996,0.002662,0.039192,-0.002661,0.999228,0.000111,-0.001301,-0.001047,0.000000,0.000000,0.000000,0.039254,-0.002683,-0.999226,-0.002526,-0.000979,0.030232
761187.221676,0.999236,0.000116,-0.039080,-0.000010,0.999996,0.002729,0.039080,-0.002727,0.999232,-0.002324,-0.006179,0.003786,0.000000,0.000000,0.000000,0.039192,-0.002662,-0.999228,-0.002464,-0.001000,0.030234
761187.231382,0.999236,0.000116,-0.039080,-0.000010,0.999996,0.002729,0.039080,-0.002727,0.999232,0.000214,-0.005893,0.003318,0.000000,0.000000,0.000000,0.039144,-0.002658,-0.999230,-0.002416,-0.001004,0.030236
761187.241088,0.999238,0.000083,-0.039023,0.000026,0.999996,0.002792,0.039023,-0.002791,0.999234,0.008896,-0.009351,0.002131,0.000000,0.000000,0.000000,0.039080,-0.002729,-0.999232,-0.006319,0.001097,0.029277
761187.250795,0.999238,0.000083,-0.039023,0.000026,0.999996,0.002792,0.039023,-0.002791,0.999234,0.002797,-0.005790,-0.007639,0.000000,0.000000,0.000000,0.039023,-0.002792,-0.999234,-0.003271,-0.000839,0.029279
761187.260501,0.999256,0.000043,-0.038563,0.000068,0.999996,0.002889,0.038563,-0.002890,0.999252,0.005114,-0.004610,0.003355,0.000000,0.000000,0.000000,0.038976,-0.002819,-0.999236,-0.005254,0.000134,0.036971
761187.270207,0.999256,0.000043,-0.038563,0.000068,0.999996,0.002889,0.038563,-0.002890,0.999252,-0.004609,-0.005927,-0.005246,0.000000,0.000000,0.000000,0.038563,-0.002889,-0.999252,-0.003788,-0.000742,0.031204
761187.279914,0.999277,0.000017,-0.038010,0.000102,0.999995,0.003109,0.038010,-0.003110,0.999273,0.005097,-0.000986,-0.000281,0.000000,0.000000,0.000000,0.038010,-0.003109,-0.999273,-0.005112,-0.001408,0.021566
761187.289621,0.999297,-0.000071,-0.037480,0.000166,0.999997,0.002550,0.037479,-0.002554,0.999294,0.001533,-0.004620,-0.006420,0.000000,0.000000,0.000000,0.037750,-0.002712,-0.999284,-0.003067,0.004070,0.023606
761187.299327,0.999297,-0.000071,-0.037480,0.000166,0.999997,0.002550,0.037479,-0.002554,0.999294,-0.010873,-0.002455,-0.000386,0.000000,0.000000,0.000000,0.037480,-0.002550,-0.999294,-0.003743,0.000871,0.032223
761187.309033,0.999299,-0.000062,-0.037433,0.000158,0.999997,0.002558,0.037433,-0.002562,0.999296,0.000299,-0.009493,0.000859,0.000000,0.000000,0.000000,0.037433,-0.002558,-0.999296,-0.003696,0.000880,0.032224
761187.318740,0.999308,0.000059,-0.037206,0.000031,0.999997,0.002422,0.037206,-0.002422,0.999305,0.003731,0.003771,0.004616,0.000000,0.000000,0.000000,0.037209,-0.002583,-0.999304,-0.003426,-0.000026,0.027396
761187.328445,0.999308,0.000059,-0.037206,0.000031,0.999997,0.002422,0.037206,-0.002422,0.999305,0.004890,0.003756,0.010719,0.000000,0.000000,0.000000,0.037206,-0.002422,-0.999305,-0.001546,0.002743,0.027472
761187.338152,0.999316,0.000043,-0.036992,0.000035,0.999998,0.002120,0.036992,-0.002120,0.999313,0.003860,-0.001012,-0.000289,0.000000,0.000000,0.000000,0.036992,-0.002120,-0.999313,-0.003331,0.004394,0.028442
761187.347859,0.999311,-0.000008,-0.037105,0.000096,0.999997,0.002374,0.037105,-0.002376,0.999309,0.000217,-0.002261,-0.002756,0.000000,0.000000,0.000000,0.037011,-0.002089,-0.999313,-0.000328,0.000410,0.029403
761187.357565,0.999311,-0.000008,-0.037105,0.000096,0.999997,0.002374,0.037105,-0.002376,0.999309,0.001356,0.000137,0.002141,0.000000,0.000000,0.000000,0.037105,-0.002374,-0.999309,0.000722,-0.004172,0.024501
761187.367271,0.999315,0.000001,-0.036999,0.000081,0.999997,0.002223,0.036999,-0.002224,0.999313,-0.000999,-0.004700,-0.000340,0.000000,0.000000,0.000000,0.036999,-0.002223,-0.999313,-0.002331,0.002528,0.031326
761187.376978,0.999319,-0.000083,-0.036898,0.000167,0.999997,0.002294,0.036898,-0.002299,0.999316,-0.002225,-0.002296,-0.003991,0.000000,0.000000,0.000000,0.036852,-0.002315,-0.999318,-0.002993,-0.002262,0.026418
761187.386684,0.999319,-0.000083,-0.036898,0.000167,0.999997,0.002294,0.036898,-0.002299,0.999316,0.007439,0.005053,0.000988,0.000000,0.000000,0.000000,0.036898,-0.002294,-0.999316,-0.000216,0.001638,0.025562
761187.396390,0.999321,-0.000107,-0.036847,0.000191,0.999997,0.002278,0.036847,-0.002283,0.999318,-0.004539,-0.009350,-0.005502,0.000000,0.000000,0.000000,0.036847,-0.002278,-0.999318,-0.000165,0.001621,0.025563
761187.406097,0.999324,-0.000239,-0.036762,0.000330,0.999997,0.002476,0.036761,-0.002487,0.999321,0.000312,-0.000817,-0.011519,0.000000,0.000000,0.000000,0.036805,-0.002459,-0.999319,-0.000947,-0.003110,0.024512
761187.415803,0.999324,-0.000239,-0.036762,0.000330,0.999997,0.002476,0.036761,-0.002487,0.999321,0.001420,0.001565,-0.004183,0.000000,0.000000,0.000000,0.036762,-0.002476,-0.999321,-0.001987,-0.000133,0.026466
761187.425509,0.999323,-0.000238,-0.036777,0.000338,0.999996,0.002693,0.036776,-0.002704,0.999320,0.006315,-0.004428,0.006784,0.000000,0.000000,0.000000,0.036777,-0.002693,-0.999320,-0.000949,-0.002907,0.028357
761187.435216,0.999333,-0.000215,-0.036514,0.000319,0.999996,0.002835,0.036513,-0.002844,0.999329,-0.004616,-0.006967,-0.001831,0.000000,0.000000,0.000000,0.036666,-0.002872,-0.999323,-0.001800,-0.003659,0.027369
761187.444922,0.999333,-0.000215,-0.036514,0.000319,0.999996,0.002835,0.036513,-0.002844,0.999329,0.002709,-0.004448,-0.000553,0.000000,0.000000,0.000000,0.036514,-0.002835,-0.999329,-0.002731,0.001202,0.026475
761187.454629,0.999337,-0.000236,-0.036410,0.000336,0.999996,0.002750,0.036410,-0.002761,0.999333,0.002648,-0.003267,0.003111,0.000000,0.000000,0.000000,0.036410,-0.002750,-0.999333,-0.003680,0.002110,0.029393
761187.464335,0.999340,-0.000234,-0.036318,0.000337,0.999996,0.002817,0.036317,-0.002828,0.999336,0.005123,-0.000795,-0.001736,0.000000,0.000000,0.000000,0.036320,-0.002791,-0.999336,-0.002507,0.000197,0.024544
761187.474041,0.999340,-0.000234,-0.036318,0.000337,0.999996,0.002817,0.036317,-0.002828,0.999336,-0.002344,0.000251,0.004321,0.000000,0.000000,0.000000,0.036318,-0.002817,-0.999336,-0.002504,0.000223,0.024544
761187.483748,0.999348,-0.000274,-0.036099,0.000377,0.999996,0.002850,0.036098,-0.002861,0.999344,0.001507,-0.004458,-0.002999,0.000000,0.000000,0.000000,0.036099,-0.002850,-0.999344,-0.005200,-0.001698,0.028336
761187.493454,0.999349,-0.000313,-0.036080,0.000418,0.999996,0.002919,0.036079,-0.002932,0.999345,0.000165,0.001527,-0.001752,0.000000,0.000000,0.000000,0.036119,-0.002862,-0.999343,-0.000352,0.000253,0.024581
761187.503160,0.999349,-0.000313,-0.036080,0.000418,0.999996,0.002919,0.036079,-0.002932,0.999345,-0.003437,-0.002127,-0.004234,0.000000,0.000000,0.000000,0.036080,-0.002919,-0.999345,-0.001184,-0.002605,0.021638
761187.512867,0.999348,-0.000340,-0.036117,0.000449,0.999995,0.003015,0.036115,-0.003030,0.999343,0.006250,0.006445,-0.002906,0.000000,0.000000,0.000000,0.036117,-0.003015,-0.999343,-0.000320,-0.001577,0.027434
761187.522573,0.999345,-0.000302,-0.036193,0.000413,0.999995,0.003053,0.036192,-0.003066,0.999340,-0.001125,0.000263,0.005548,0.000000,0.000000,0.000000,0.036197,-0.003062,-0.999340,0.000546,-0.000585,0.028423
761187.532279,0.999345,-0.000302,-0.036193,0.000413,0.999995,0.003053,0.036192,-0.003066,0.999340,0.000350,-0.010502,-0.000603,0.000000,0.000000,0.000000,0.036193,-0.003053,-0.999340,0.001511,0.000413,0.026516
761187.541986,0.999349,-0.000291,-0.036079,0.000400,0.999995,0.003012,0.036078,-0.003025,0.999344,-0.004647,-0.009309,0.002979,0.000000,0.000000,0.000000,0.036079,-0.003012,-0.999344,-0.001289,0.000418,0.024567
761187.551692,0.999345,-0.000301,-0.036181,0.000413,0.999995,0.003069,0.036180,-0.003082,0.999341,0.002524,0.005255,0.000670,0.000000,0.000000,0.000000,0.036138,-0.003132,-0.999342,0.000666,-0.003444,0.029356
761187.561398,0.999345,-0.000301,-0.036181,0.000413,0.999995,0.003069,0.036180,-0.003082,0.999341,0.002681,-0.004363,0.000614,0.000000,0.000000,0.000000,0.036181,-0.003069,-0.999341,0.000440,0.002337,0.034268
761187.571105,0.999347,-0.000302,-0.036143,0.000412,0.999995,0.003035,0.036142,-0.003048,0.999342,-0.000960,-0.003187,-0.005497,0.000000,0.000000,0.000000,0.036143,-0.003035,-0.999342,0.000478,0.002302,0.034269
761187.580811,0.999352,-0.000418,-0.036000,0.000524,0.999996,0.002937,0.035999,-0.002954,0.999347,0.001691,-0.011535,-0.010408,0.000000,0.000000,0.000000,0.036062,-0.002909,-0.999345,-0.000433,0.004206,0.028490
761187.590517,0.999352,-0.000418,-0.036000,0.000524,0.999996,0.002937,0.035999,-0.002954,0.999347,0.007671,-0.007882,-0.000596,0.000000,0.000000,0.000000,0.036000,-0.002937,-0.999347,-0.000279,0.000297,0.029407
761187.600224,0.999355,-0.000380,-0.035911,0.000487,0.999995,0.002961,0.035910,-0.002977,0.999351,0.000114,0.000391,0.003065,0.000000,0.000000,0.000000,0.035911,-0.002961,-0.999351,-0.004036,-0.000609,0.026450
761187.609930,0.999352,-0.000415,-0.035998,0.000523,0.999995,0.002976,0.035997,-0.002993,0.999347,-0.004803,0.002735,-0.000609,0.000000,0.000000,0.000000,0.035915,-0.002989,-0.999350,-0.001155,-0.001665,0.037070
761187.619636,0.999352,-0.000415,-0.035998,0.000523,0.999995,0.002976,0.035997,-0.002993,0.999347,0.007530,0.004169,-0.005403,0.000000,0.000000,0.000000,0.035998,-0.002976,-0.999347,-0.000293,0.001312,0.029422
761187.629343,0.999354,-0.000488,-0.035926,0.000596,0.999995,0.003009,0.035924,-0.003029,0.999350,0.001525,-0.005559,-0.004277,0.000000,0.000000,0.000000,0.035926,-0.003009,-0.999350,-0.002112,-0.000592,0.027426
761187.639049,0.999353,-0.000494,-0.035969,0.000603,0.999995,0.003029,0.035968,-0.003049,0.999348,0.003816,-0.001966,0.005512,0.000000,0.000000,0.000000,0.035965,-0.003017,-0.999349,0.000748,0.000362,0.028447
761187.648755,0.999353,-0.000494,-0.035969,0.000603,0.999995,0.003029,0.035968,-0.003049,0.999348,-0.000998,0.001643,-0.009127,0.000000,0.000000,0.000000,0.035969,-0.003029,-0.999348,0.000743,0.000374,0.028447
761187.658462,0.999352,-0.000520,-0.036000,0.000629,0.999995,0.003000,0.035998,-0.003021,0.999347,0.003817,0.000460,0.001868,0.000000,0.000000,0.000000,0.036000,-0.003000,-0.999347,0.000713,0.002374,0.021747
761187.668168,0.999356,-0.000441,-0.035884,0.000552,0.999995,0.003095,0.035883,-0.003113,0.999351,0.005146,-0.003106,-0.001802,0.000000,0.000000,0.000000,0.035971,-0.003027,-0.999348,-0.002219,0.001380,0.029393
761187.677874,0.999356,-0.000441,-0.035884,0.000552,0.999995,0.003095,0.035883,-0.003113,0.999351,-0.001033,-0.008073,0.007885,0.000000,0.000000,0.000000,0.035884,-0.003095,-0.999351,-0.001033,-0.001467,0.024543
761187.687581,0.999358,-0.000465,-0.035816,0.000576,0.999995,0.003113,0.035815,-0.003131,0.999354,-0.001028,-0.000796,-0.003045,0.000000,0.000000,0.000000,0.035816,-0.003113,-0.999354,-0.001988,-0.000488,0.026468
761187.697288,0.999353,-0.000479,-0.035961,0.000596,0.999995,0.003235,0.035959,-0.003254,0.999348,-0.003712,0.008837,0.000629,0.000000,0.000000,0.000000,0.035890,-0.003120,-0.999351,-0.000108,-0.001488,0.029380
761187.706994,0.999353,-0.000479,-0.035961,0.000596,0.999995,0.003235,0.035959,-0.003254,0.999348,0.008832,-0.001746,-0.005453,0.000000,0.000000,0.000000,0.035961,-0.003235,-0.999348,0.000844,-0.001343,0.023609
761187.716700,0.999353,-0.000572,-0.035966,0.000688,0.999995,0.003212,0.035964,-0.003235,0.999348,0.002598,0.004171,-0.006675,0.000000,0.000000,0.000000,0.035966,-0.003212,-0.999348,-0.002213,0.001564,0.029392
761187.726407,0.999356,-0.000615,-0.035869,0.000731,0.999995,0.003221,0.035866,-0.003245,0.999351,0.002640,-0.004294,0.001809,0.000000,0.000000,0.000000,0.035942,-0.003244,-0.999349,-0.001152,-0.000357,0.027440
761187.736113,0.999356,-0.000615,-0.035869,0.000731,0.999995,0.003221,0.035866,-0.003245,0.999351,-0.005887,-0.006820,-0.001914,0.000000,0.000000,0.000000,0.035869,-0.003221,-0.999351,-0.001079,-0.000380,0.027443
761187.745819,0.999355,-0.000638,-0.035897,0.000756,0.999994,0.003260,0.035895,-0.003285,0.999350,0.000242,-0.005515,-0.001870,0.000000,0.000000,0.000000,0.035897,-0.003260,-0.999350,0.000892,-0.001333,0.025534
761187.755526,0.999356,-0.000701,-0.035882,0.000817,0.999994,0.003228,0.035879,-0.003255,0.999351,0.002716,-0.003042,-0.006717,0.000000,0.000000,0.000000,0.035865,-0.003208,-0.999352,-0.001120,0.002598,0.023643
761187.765232,0.999356,-0.000701,-0.035882,0.000817,0.999994,0.003228,0.035879,-0.003255,0.999351,0.002689,-0.003056,-0.004279,0.000000,0.000000,0.000000,0.035882,-0.003228,-0.999351,-0.000085,-0.001381,0.028404
761187.774938,0.999355,-0.000629,-0.035896,0.000744,0.999995,0.003175,0.035894,-0.003200,0.999350,-0.003652,-0.003255,0.012751,0.000000,0.000000,0.000000,0.035896,-0.003175,-0.999350,-0.000190,0.001512,0.029426
761187.784645,0.999355,-0.000552,-0.035899,0.000667,0.999995,0.003170,0.035897,-0.003192,0.999350,0.002632,-0.005508,0.004241,0.000000,0.000000,0.000000,0.035920,-0.003180,-0.999350,0.001769,0.001532,0.025579
761187.794351,0.999355,-0.000552,-0.035899,0.000667,0.999995,0.003170,0.035897,-0.003192,0.999350,0.001559,-0.006661,-0.007965,0.000000,0.000000,0.000000,0.035899,-0.003170,-0.999350,-0.000178,0.000530,0.029410
761187.804058,0.999355,-0.000620,-0.035906,0.000734,0.999995,0.003164,0.035904,-0.003189,0.999350,-0.001007,-0.001906,-0.005513,0.000000,0.000000,0.000000,0.035906,-0.003164,-0.999350,-0.000155,0.000540,0.026511
761187.813764,0.999356,-0.000675,-0.035865,0.000788,0.999995,0.003154,0.035863,-0.003181,0.999352,0.000148,-0.000711,-0.000623,0.000000,0.000000,0.000000,0.035905,-0.003159,-0.999350,-0.000154,0.000535,0.026511
761187.823470,0.999356,-0.000675,-0.035865,0.000788,0.999995,0.003154,0.035863,-0.003181,0.999352,-0.003447,-0.003150,-0.005536,0.000000,0.000000,0.000000,0.035865,-0.003154,-0.999352,-0.002051,-0.000447,0.027428
761187.833177,0.999359,-0.000682,-0.035789,0.000794,0.999995,0.003132,0.035786,-0.003158,0.999354,-0.001068,-0.000725,-0.001849,0.000000,0.000000,0.000000,0.035789,-0.003132,-0.999354,-0.002982,0.000538,0.026485
761187.842883,0.999367,-0.000649,-0.035555,0.000763,0.999995,0.003196,0.035553,-0.003221,0.999363,-0.003491,-0.008022,0.005408,0.000000,0.000000,0.000000,0.035776,-0.003165,-0.999355,0.001013,-0.002450,0.029384
761187.852589,0.999367,-0.000649,-0.035555,0.000763,0.999995,0.003196,0.035553,-0.003221,0.999363,-0.000875,-0.011540,-0.003131,0.000000,0.000000,0.000000,0.035555,-0.003196,-0.999363,-0.004595,-0.002313,0.024494
761187.862296,0.999371,-0.000741,-0.035449,0.000855,0.999995,0.003188,0.035446,-0.003217,0.999366,0.001514,-0.002968,-0.011611,0.000000,0.000000,0.000000,0.035449,-0.003188,-0.999366,-0.003573,-0.000382,0.026466
761187.872002,0.999374,-0.000664,-0.035366,0.000779,0.999995,0.003227,0.035364,-0.003253,0.999369,0.003822,-0.003004,0.001814,0.000000,0.000000,0.000000,0.035390,-0.003181,-0.999368,-0.001653,0.002540,0.027490
761187.881708,0.999374,-0.000664,-0.035366,0.000779,0.999995,0.003227,0.035364,-0.003253,0.999369,-0.001020,-0.010319,0.005400,0.000000,0.000000,0.000000,0.035366,-0.003227,-0.999369,0.001393,-0.000404,0.026530
761187.891415,-0.839010,-0.542967,-0.035335,0.543209,-0.839592,0.003205,-0.031407,-0.016505,0.999370,0.003785,-0.006659,0.010327,-26.775080,18.031433,-36.494133,0.035335,-0.003205,-0.999370,0.001424,-0.000427,0.026531
761187.901121,-0.839020,-0.542960,-0.035203,0.543202,-0.839596,0.003099,-0.031239,-0.016522,0.999375,0.000227,-0.005441,-0.003099,-26.775080,18.031433,-36.494133,0.035241,-0.003225,-0.999374,-0.001427,0.000647,0.023620
761187.910827,-0.839020,-0.542960,-0.035203,0.543202,-0.839596,0.003099,-0.031239,-0.016522,0.999375,-0.004741,-0.004334,-0.000684,-26.775080,18.031433,-36.494133,0.035203,-0.003099,-0.999375,0.000457,0.004442,0.023713
761187.920534,-0.839058,-0.542904,-0.035178,0.543145,-0.839633,0.003126,-0.031233,-0.016484,0.999376,0.005158,-0.005352,-0.004288,-26.778904,18.032660,-36.490719,0.035178,-0.003126,-0.999376,0.000589,-0.000491,0.027483
761187.930240,-0.839096,-0.542845,-0.035163,0.543081,-0.839674,0.003282,-0.031308,-0.016342,0.999376,0.000288,-0.006622,-0.006763,-26.778904,18.032660,-36.490719,0.035116,-0.003234,-0.999378,-0.001180,-0.004274,0.025455
761187.939946,-0.839096,-0.542845,-0.035163,0.543081,-0.839674,0.003282,-0.031308,-0.016342,0.999376,0.002696,-0.001757,-0.009158,-26.778904,18.032660,-36.490719,0.035163,-0.003282,-0.999376,0.002541,-0.000364,0.029436
761187.949653,-0.839130,-0.542788,-0.035235,0.543023,-0.839711,0.003362,-0.031412,-0.016312,0.999373,0.001418,-0.003013,-0.003077,-26.785585,18.029064,-36.487591,0.035235,-0.003362,-0.999373,0.003522,-0.001246,0.024611
761187.959359,-0.839146,-0.542767,-0.035192,0.543004,-0.839724,0.003281,-0.031332,-0.016356,0.999375,-0.002310,-0.000669,-0.003086,-26.785965,18.023252,-36.490185,0.035252,-0.003358,-0.999373,0.000499,-0.000274,0.029417
761187.969065,-0.839146,-0.542767,-0.035192,0.543004,-0.839724,0.003281,-0.031332,-0.016356,0.999375,-0.004721,-0.007958,0.002953,-26.785965,18.023252,-36.490185,0.035192,-0.003281,-0.999375,-0.000448,0.000641,0.031342
761187.978772,-0.839145,-0.542767,-0.035197,0.543004,-0.839724,0.003276,-0.031334,-0.016364,0.999375,-0.001153,0.002952,-0.001838,-26.785965,18.023252,-36.490185,0.035197,-0.003276,-0.999375,-0.000453,0.000636,0.031342
761187.988478,-0.839128,-0.542794,-0.035202,0.543028,-0.839708,0.003347,-0.031376,-0.016308,0.999375,0.001345,-0.001838,0.001806,-26.785326,18.023941,-36.490311,0.035222,-0.003347,-0.999374,0.000606,-0.003215,0.029373
761187.998184,-0.839128,-0.542794,-0.035202,0.543028,-0.839708,0.003347,-0.031376,-0.016308,0.999375,0.001351,-0.003047,0.003018,-26.785326,18.023941,-36.490311,0.035202,-0.003347,-0.999375,-0.000428,0.000737,0.026520
761188.007891,-0.839126,-0.542794,-0.035230,0.543031,-0.839706,0.003294,-0.031371,-0.016367,0.999374,0.007484,0.000755,-0.003020,-26.785326,18.023941,-36.490311,0.035230,-0.003294,-0.999374,0.001376,0.005568,0.025665
761188.017597,-0.839197,-0.542688,-0.035180,0.542922,-0.839776,0.003352,-0.031363,-0.016287,0.999375,-0.003485,-0.005439,-0.003123,-26.783022,18.025934,-36.491016,0.035186,-0.003330,-0.999375,-0.001342,-0.001263,0.028397
761188.027303,-0.839197,-0.542688,-0.035180,0.542922,-0.839776,0.003352,-0.031363,-0.016287,0.999375,0.003804,0.004336,-0.009117,-26.783022,18.025934,-36.491016,0.035180,-0.003352,-0.999375,-0.002389,0.000758,0.027467
761188.037010,-0.839205,-0.542675,-0.035191,0.542907,-0.839786,0.003405,-0.031401,-0.016248,0.999375,-0.002432,0.005402,-0.003052,-26.783022,18.025934,-36.491016,0.035191,-0.003405,-0.999375,-0.001286,-0.003126,0.026444
761188.046717,-0.839217,-0.542652,-0.035252,0.542884,-0.839801,0.003460,-0.031482,-0.016235,0.999372,0.007505,-0.000448,-0.003027,-26.787666,18.018600,-36.491230,0.035177,-0.003423,-0.999375,-0.002325,-0.000133,0.023606
761188.056423,-0.839217,-0.542652,-0.035252,0.542884,-0.839801,0.003460,-0.031482,-0.016235,0.999372,0.005037,-0.001704,-0.000611,-26.787666,18.018600,-36.491230,0.035252,-0.003460,-0.999372,0.003444,0.001827,0.022718
761188.066129,-0.839209,-0.542668,-0.035210,0.542900,-0.839790,0.003431,-0.031431,-0.016236,0.999374,-0.002337,-0.005460,0.004199,-26.787666,18.018600,-36.491230,0.035210,-0.003431,-0.999374,0.003487,0.001798,0.022720
761188.075836,-0.839227,-0.542646,-0.035113,0.542878,-0.839805,0.003378,-0.031321,-0.016228,0.999378,0.005109,-0.005303,-0.001851,-26.786024,18.013939,-36.494736,0.035193,-0.003438,-0.999375,-0.000464,0.001790,0.029434
761188.085542,-0.839227,-0.542646,-0.035113,0.542878,-0.839805,0.003378,-0.031321,-0.016228,0.999378,-0.004765,-0.006696,0.002958,-26.786024,18.013939,-36.494736,0.035113,-0.003378,-0.999378,-0.001300,0.001791,0.021716
761188.095248,-0.839245,-0.542618,-0.035111,0.542852,-0.839822,0.003328,-0.031293,-0.016267,0.999378,0.003886,-0.004107,-0.004290,-26.787729,18.013935,-36.493488,0.035111,-0.003328,-0.999378,0.001586,0.002687,0.023700
761188.104955,-0.839271,-0.542584,-0.035031,0.542814,-0.839846,0.003413,-0.031272,-0.016151,0.999380,0.000209,-0.006586,-0.001888,-26.787729,18.013935,-36.493488,0.035072,-0.003350,-0.999379,-0.000298,-0.000267,0.029408
761188.114661,-0.839271,-0.542584,-0.035031,0.542814,-0.839846,0.003413,-0.031272,-0.016151,0.999380,0.003958,-0.010132,-0.001886,-26.787729,18.013935,-36.493488,0.035031,-0.003413,-0.999380,0.000812,-0.002156,0.025534
761188.124367,-0.839266,-0.542595,-0.034979,0.542823,-0.839840,0.003431,-0.031238,-0.016108,0.999382,0.002596,-0.002945,-0.000633,-26.793322,18.015316,-36.488701,0.034979,-0.003431,-0.999382,-0.001211,0.000806,0.029411
761188.134074,-0.839210,-0.542682,-0.034975,0.542910,-0.839784,0.003422,-0.031228,-0.016117,0.999382,-0.001323,0.001727,0.012783,-26.793322,18.015316,-36.488701,0.034975,-0.003422,-0.999382,-0.001177,-0.000195,0.029396
761188.143780,-0.839143,-0.542782,-0.035034,0.543012,-0.839718,0.003405,-0.031267,-0.016167,0.999380,0.003485,0.010238,0.010424,-26.793322,18.015316,-36.488701,0.035034,-0.003405,-0.999380,-0.001282,0.002764,0.026541
761188.153487,-0.839149,-0.542771,-0.035058,0.543002,-0.839725,0.003399,-0.031284,-0.016185,0.999379,-0.001139,0.000608,-0.001854,-26.794996,18.015604,-36.487328,0.035058,-0.003399,-0.999379,-0.001306,0.002758,0.026540
761188.163193,-0.839163,-0.542762,-0.034866,0.542990,-0.839732,0.003370,-0.031107,-0.016104,0.999386,-0.003517,-0.004168,-0.004332,-26.794996,18.015604,-36.487328,0.034969,-0.003336,-0.999383,-0.003185,0.002711,0.028451
761188.172899,-0.839163,-0.542762,-0.034866,0.542990,-0.839732,0.003370,-0.031107,-0.016104,0.999386,0.002676,-0.010106,0.000547,-26.794996,18.015604,-36.487328,0.034866,-0.003370,-0.999386,-0.002013,-0.000201,0.024579
761188.182606,-0.839145,-0.542794,-0.034795,0.543026,-0.839709,0.003212,-0.030961,-0.016199,0.999389,-0.001195,-0.004198,0.007874,-26.793846,18.020823,-36.485596,0.034795,-0.003212,-0.999389,-0.001180,0.006477,0.029510
761188.192312,-0.839189,-0.542725,-0.034796,0.542953,-0.839756,0.003350,-0.031038,-0.016082,0.999389,-0.003585,-0.001778,-0.001880,-26.799141,18.025658,-36.479317,0.034816,-0.003195,-0.999389,-0.000072,0.000570,0.029433
761188.202018,-0.839189,-0.542725,-0.034796,0.542953,-0.839756,0.003350,-0.031038,-0.016082,0.999389,0.003850,-0.001628,-0.006711,-26.799141,18.025658,-36.479317,0.034796,-0.003350,-0.999389,-0.000845,-0.005165,0.027373
761188.211725,-0.839162,-0.542767,-0.034810,0.542992,-0.839731,0.003434,-0.031095,-0.016020,0.999388,0.003647,0.000693,0.007932,-26.799141,18.025658,-36.479317,0.034810,-0.003434,-0.999388,-0.000966,-0.001159,0.028410
761188.221431,-0.839131,-0.542819,-0.034725,0.543042,-0.839698,0.003492,-0.031054,-0.015927,0.999391,0.000085,-0.002940,0.001793,-26.800110,18.018488,-36.482147,0.034766,-0.003440,-0.999390,-0.001945,-0.000161,0.028427
761188.231137,-0.839131,-0.542819,-0.034725,0.543042,-0.839698,0.003492,-0.031054,-0.015927,0.999391,0.006112,-0.000476,0.009160,-26.800110,18.018488,-36.482147,0.034725,-0.003492,-0.999391,-0.001904,-0.000109,0.028428
761188.240844,-0.839124,-0.542829,-0.034756,0.543050,-0.839693,0.003520,-0.031095,-0.015920,0.999390,0.001330,-0.000487,-0.003062,-26.800110,18.018488,-36.482147,0.034756,-0.003520,-0.999390,0.000980,0.000895,0.027512
761188.250550,-0.839110,-0.542848,-0.034782,0.543070,-0.839680,0.003514,-0.031113,-0.015941,0.999389,-0.001199,-0.000563,0.003019,-26.799541,18.017460,-36.483074,0.034719,-0.003488,-0.999391,-0.002874,0.001916,0.023637
761188.260256,-0.839110,-0.542848,-0.034782,0.543070,-0.839680,0.003514,-0.031113,-0.015941,0.999389,0.002524,-0.001696,0.001815,-26.799541,18.017460,-36.483074,0.034782,-0.003514,-0.999389,0.002999,-0.001079,0.024612
761188.269963,-0.839085,-0.542887,-0.034785,0.543109,-0.839655,0.003537,-0.031127,-0.015924,0.999389,0.005062,-0.006464,0.001802,-26.799541,18.017460,-36.483074,0.034785,-0.003537,-0.999389,0.001897,0.001843,0.031402
761188.279669,-0.839124,-0.542828,-0.034760,0.543050,-0.839693,0.003515,-0.031095,-0.015927,0.999390,0.004978,0.001981,-0.003025,-26.796547,18.018852,-36.484585,0.034807,-0.003495,-0.999388,0.000853,0.003815,0.027556
761188.289375,-0.839124,-0.542828,-0.034760,0.543050,-0.839693,0.003515,-0.031095,-0.015927,0.999390,0.006353,-0.005199,-0.005497,-26.796547,18.018852,-36.484585,0.034760,-0.003515,-0.999390,-0.000992,0.001882,0.027496
761188.299082,-0.839160,-0.542775,-0.034726,0.542997,-0.839727,0.003494,-0.031057,-0.015924,0.999391,0.003877,-0.007672,-0.000650,-26.796547,18.018852,-36.484585,0.034726,-0.003494,-0.999391,0.001010,0.002884,0.022721
761188.308788,-0.839154,-0.542785,-0.034697,0.543007,-0.839721,0.003502,-0.031036,-0.015902,0.999392,-0.003639,0.000622,-0.000647,-26.801994,18.014690,-36.482639,0.034697,-0.003502,-0.999392,0.001039,0.002891,0.022722
761188.318494,-0.839150,-0.542791,-0.034710,0.543013,-0.839717,0.003497,-0.031044,-0.015913,0.999391,-0.007314,0.000569,-0.001888,-26.801994,18.014690,-36.482639,0.034710,-0.003497,-0.999391,-0.000805,-0.002057,0.024553
761188.328201,-0.839130,-0.542823,-0.034690,0.543045,-0.839696,0.003514,-0.031037,-0.015890,0.999392,0.006191,-0.004033,0.003162,-26.803009,18.016005,-36.481243,0.034690,-0.003514,-0.999392,-0.002830,-0.000072,0.028414
761188.337907,-0.839118,-0.542837,-0.034763,0.543056,-0.839688,0.003607,-0.031148,-0.015852,0.999389,-0.003615,0.000670,-0.006623,-26.803009,18.016005,-36.481243,0.034696,-0.003643,-0.999391,0.000323,-0.006794,0.022539
761188.347613,-0.839118,-0.542837,-0.034763,0.543056,-0.839688,0.003607,-0.031148,-0.015852,0.999389,-0.004976,-0.000628,0.006772,-26.803009,18.016005,-36.481243,0.034763,-0.003607,-0.999389,0.001919,0.001928,0.029479
761188.357320,-0.839142,-0.542803,-0.034717,0.543020,-0.839712,0.003666,-0.031142,-0.015775,0.999390,0.007623,-0.011184,-0.004187,-26.802994,18.010910,-36.483768,0.034717,-0.003666,-0.999390,0.001080,-0.000927,0.027482
761188.367026,-0.839159,-0.542776,-0.034724,0.542989,-0.839731,0.003779,-0.031209,-0.015684,0.999390,0.000060,-0.001700,-0.001738,-26.802994,18.010910,-36.483768,0.034724,-0.003779,-0.999390,0.000219,-0.004736,0.026428
761188.376732,-0.839184,-0.542739,-0.034688,0.542953,-0.839755,0.003755,-0.031167,-0.015683,0.999391,0.003882,-0.006420,-0.006620,-26.802994,18.010910,-36.483768,0.034688,-0.003755,-0.999391,-0.000005,0.003068,0.032350
761188.386439,-0.839210,-0.542699,-0.034695,0.542912,-0.839781,0.003790,-0.031193,-0.015656,0.999391,0.001315,-0.004091,-0.000526,-26.802225,18.005587,-36.486961,0.034695,-0.003790,-0.999391,0.001087,0.000173,0.026536
761188.396146,-0.839223,-0.542679,-0.034702,0.542893,-0.839794,0.003763,-0.031185,-0.015682,0.999391,0.001375,-0.005271,-0.004190,-26.802225,18.005587,-36.486961,0.034696,-0.003800,-0.999391,0.002032,0.001160,0.026567
761188.405852,-0.839223,-0.542679,-0.034702,0.542893,-0.839794,0.003763,-0.031185,-0.015682,0.999391,-0.004905,0.001834,-0.002967,-26.802225,18.005587,-36.486961,0.034702,-0.003763,-0.999391,0.002025,0.001123,0.026567
761188.415558,-0.839260,-0.542626,-0.034634,0.542837,-0.839829,0.003796,-0.031146,-0.015615,0.999393,-0.003437,-0.010148,-0.006686,-26.805231,18.001719,-36.486664,0.034634,-0.003796,-0.999393,-0.000729,-0.002735,0.026462
761188.425265,-0.839275,-0.542614,-0.034466,0.542824,-0.839838,0.003759,-0.030985,-0.015554,0.999399,-0.002248,-0.010148,-0.003021,-26.806313,18.000162,-36.486637,0.034600,-0.003790,-0.999394,0.002189,-0.000802,0.025578
761188.434971,-0.839275,-0.542614,-0.034466,0.542824,-0.839838,0.003759,-0.030985,-0.015554,0.999399,-0.003558,-0.007785,0.000643,-26.806313,18.000162,-36.486637,0.034466,-0.003759,-0.999399,-0.003582,0.000203,0.026483
761188.444677,-0.839281,-0.542609,-0.034391,0.542819,-0.839841,0.003710,-0.030896,-0.015554,0.999402,0.004924,-0.001646,0.003168,-26.806313,18.000162,-36.486637,0.034391,-0.003710,-0.999402,-0.002637,0.004061,0.028485
761188.454384,-0.839289,-0.542590,-0.034502,0.542805,-0.839851,0.003596,-0.030928,-0.015710,0.999398,0.000011,-0.000510,0.000707,-26.818073,18.002806,-36.476688,0.034480,-0.003640,-0.999399,0.003133,0.002922,0.032388
761188.464090,-0.839289,-0.542590,-0.034502,0.542805,-0.839851,0.003596,-0.030928,-0.015710,0.999398,0.000178,-0.006486,-0.005423,-26.818073,18.002806,-36.476688,0.034502,-0.003596,-0.999398,0.002195,0.001933,0.027551
761188.473797,-0.839284,-0.542595,-0.034536,0.542810,-0.839848,0.003621,-0.030970,-0.015708,0.999397,0.007279,0.000806,0.005719,-26.818073,18.002806,-36.476688,0.034536,-0.003621,-0.999397,0.002192,0.001973,0.024665
761188.483503,-0.839249,-0.542661,-0.034356,0.542872,-0.839807,0.003642,-0.030829,-0.015594,0.999403,0.004931,-0.005239,0.004450,-26.815928,18.004438,-36.477463,0.034481,-0.003615,-0.999399,-0.001720,0.001982,0.029443
761188.493209,-0.839249,-0.542661,-0.034356,0.542872,-0.839807,0.003642,-0.030829,-0.015594,0.999403,0.005010,-0.010049,0.004422,-26.815928,18.004438,-36.477463,0.034356,-0.003642,-0.999403,-0.001595,0.002010,0.029448
761188.502916,-0.839260,-0.542653,-0.034209,0.542864,-0.839813,0.003580,-0.030672,-0.015567,0.999408,-0.002279,-0.008913,-0.005369,-26.815928,18.004438,-36.477463,0.034209,-0.003580,-0.999408,-0.003402,0.001978,0.029422
761188.512622,-0.839229,-0.542703,-0.034172,0.542913,-0.839781,0.003605,-0.030654,-0.015527,0.999409,-0.001332,-0.001763,0.009310,-26.821720,18.008762,-36.471066,0.034133,-0.003570,-0.999411,-0.002287,0.000992,0.026526
761188.522328,-0.839229,-0.542703,-0.034172,0.542913,-0.839781,0.003605,-0.030654,-0.015527,0.999409,-0.001165,0.000746,-0.008963,-26.821720,18.008762,-36.471066,0.034172,-0.003605,-0.999409,0.000694,-0.001965,0.026509
761188.532035,-0.839256,-0.542655,-0.034274,0.542869,-0.839810,0.003533,-0.030701,-0.015641,0.999406,0.001034,0.011567,-0.001570,-26.821720,18.008762,-36.471066,0.034274,-0.003533,-0.999406,0.000470,0.002907,0.024660
761188.541741,-0.839252,-0.542658,-0.034317,0.542868,-0.839810,0.003684,-0.030819,-0.015538,0.999404,0.006164,-0.000368,-0.002829,-26.823357,18.010698,-36.468906,0.034297,-0.003616,-0.999405,-0.000438,-0.000946,0.025543
761188.551447,-0.839252,-0.542658,-0.034317,0.542868,-0.839810,0.003684,-0.030819,-0.015538,0.999404,0.011113,-0.006333,0.003262,-26.823357,18.010698,-36.468906,0.034317,-0.003684,-0.999404,0.002426,0.001059,0.024657
761188.561154,-0.839257,-0.542647,-0.034374,0.542859,-0.839816,0.003645,-0.030846,-0.015601,0.999402,-0.003734,0.003077,-0.002869,-26.820168,18.007856,-36.472656,0.034374,-0.003645,-0.999402,0.001332,0.001966,0.031400
761188.570860,-0.839289,-0.542600,-0.034356,0.542811,-0.839847,0.003645,-0.030832,-0.015589,0.999403,0.000019,-0.004104,0.001988,-26.820168,18.007856,-36.472656,0.034345,-0.003663,-0.999403,0.001360,0.001985,0.031401
761188.580566,-0.839289,-0.542600,-0.034356,0.542811,-0.839847,0.003645,-0.030832,-0.015589,0.999403,-0.001107,-0.002858,-0.008984,-26.820168,18.007856,-36.472656,0.034356,-0.003645,-0.999403,0.001471,-0.000917,0.023649
761188.590273,-0.839311,-0.542570,-0.034287,0.542783,-0.839865,0.003559,-0.030727,-0.015624,0.999406,-0.008409,-0.010215,-0.005414,-26.819216,18.004860,-36.474834,0.034287,-0.003559,-0.999406,-0.000535,0.001911,0.029450
761188.599979,-0.839354,-0.542500,-0.034317,0.542714,-0.839910,0.003557,-0.030753,-0.015639,0.999405,0.000092,-0.005277,-0.002895,-26.819216,18.004860,-36.474834,0.034292,-0.003489,-0.999406,0.001413,0.002848,0.025636
761188.609685,-0.839354,-0.542500,-0.034317,0.542714,-0.839910,0.003557,-0.030753,-0.015639,0.999405,-0.000058,0.003133,-0.001627,-26.819216,18.004860,-36.474834,0.034317,-0.003557,-0.999405,0.000564,-0.002974,0.026489
761188.619392,-0.839369,-0.542474,-0.034373,0.542691,-0.839926,0.003481,-0.030759,-0.015732,0.999403,-0.007306,-0.004195,-0.002933,-26.823793,18.007143,-36.470341,0.034373,-0.003481,-0.999403,0.001302,0.002795,0.031416
761188.629098,-0.839374,-0.542467,-0.034366,0.542681,-0.839931,0.003577,-0.030805,-0.015648,0.999403,0.011157,-0.008688,-0.000334,-26.823793,18.007143,-36.470341,0.034349,-0.003529,-0.999404,0.001449,-0.000072,0.024626
761188.638804,-0.839374,-0.542467,-0.034366,0.542681,-0.839931,0.003577,-0.030805,-0.015648,0.999403,0.003720,-0.005202,-0.000358,-26.823793,18.007143,-36.470341,0.034366,-0.003577,-0.999403,0.002362,-0.000085,0.031385
761188.648511,-0.839383,-0.542449,-0.034437,0.542662,-0.839944,0.003635,-0.030897,-0.015636,0.999400,0.003729,-0.001559,-0.006433,-26.822630,18.004293,-36.472603,0.034437,-0.003635,-0.999400,0.002322,-0.001003,0.031367
761188.658217,-0.839402,-0.542411,-0.034573,0.542624,-0.839967,0.003691,-0.031042,-0.015662,0.999395,0.003562,0.004418,-0.000302,-26.821505,18.002087,-36.474522,0.034445,-0.003628,-0.999400,0.002314,-0.001011,0.031367
761188.667923,-0.839402,-0.542411,-0.034573,0.542624,-0.839967,0.003691,-0.031042,-0.015662,0.999395,0.004798,0.003229,0.000917,-26.821505,18.002087,-36.474522,0.034573,-0.003691,-0.999395,0.001209,-0.000933,0.030371
761188.677630,-0.839364,-0.542470,-0.034569,0.542682,-0.839930,0.003749,-0.031069,-0.015613,0.999395,0.002434,-0.007673,0.008154,-26.821505,18.002087,-36.474522,0.034569,-0.003749,-0.999395,0.001243,-0.000843,0.026525
761188.687337,-0.839392,-0.542430,-0.034502,0.542638,-0.839958,0.003849,-0.031068,-0.015491,0.999397,-0.001197,-0.002855,-0.004032,-26.813862,17.995693,-36.483292,0.034579,-0.003763,-0.999395,0.001203,-0.000860,0.030370
761188.697043,-0.839392,-0.542430,-0.034502,0.542638,-0.839958,0.003849,-0.031068,-0.015491,0.999397,0.007452,-0.005118,-0.003993,-26.813862,17.995693,-36.483292,0.034502,-0.003849,-0.999397,-0.001635,-0.001720,0.029381
761188.706749,-0.839388,-0.542442,-0.034401,0.542650,-0.839950,0.003807,-0.030960,-0.015472,0.999401,0.004997,-0.006368,-0.002796,-26.813862,17.995693,-36.483292,0.034401,-0.003807,-0.999401,-0.001671,0.003151,0.031383
761188.716456,-0.839420,-0.542394,-0.034396,0.542594,-0.839986,0.004041,-0.031084,-0.015271,0.999400,0.002519,-0.005205,-0.002804,-26.819397,17.992325,-36.480888,0.034403,-0.003898,-0.999400,0.001440,-0.001687,0.026515
761188.726162,-0.839420,-0.542394,-0.034396,0.542594,-0.839986,0.004041,-0.031084,-0.015271,0.999400,0.011134,-0.006272,-0.001539,-26.819397,17.992325,-36.480888,0.034396,-0.004041,-0.999400,0.000471,-0.003527,0.033198
761188.735868,-0.839405,-0.542423,-0.034306,0.542619,-0.839969,0.004113,-0.031047,-0.015162,0.999403,0.006158,-0.008808,0.006951,-26.819397,17.992325,-36.480888,0.034306,-0.004113,-0.999403,-0.002430,0.000558,0.025541
761188.745575,-0.839341,-0.542525,-0.034266,0.542719,-0.839904,0.004163,-0.031039,-0.015102,0.999404,-0.000011,-0.007707,0.006920,-26.823078,17.981234,-36.483646,0.034235,-0.004159,-0.999405,-0.002360,0.000603,0.025543
761188.755281,-0.839341,-0.542525,-0.034266,0.542719,-0.839904,0.004163,-0.031039,-0.015102,0.999404,0.001135,-0.001667,0.005743,-26.823078,17.981234,-36.483646,0.034266,-0.004163,-0.999404,0.001562,-0.000399,0.023650
761188.764987,-0.839324,-0.542553,-0.034230,0.542745,-0.839887,0.004222,-0.031040,-0.015035,0.999405,0.007324,-0.001545,0.002124,-26.823078,17.981234,-36.483646,0.034230,-0.004222,-0.999405,-0.001454,0.001597,0.031357
761188.774694,-0.839281,-0.542616,-0.034272,0.542809,-0.839845,0.004207,-0.031066,-0.015072,0.999404,-0.003923,0.006668,0.005762,-26.825125,17.982742,-36.481403,0.034272,-0.004207,-0.999404,-0.000428,-0.000370,0.027465
761188.784400,-0.839273,-0.542620,-0.034400,0.542817,-0.839841,0.004147,-0.031141,-0.015193,0.999400,-0.005046,0.001853,0.003288,-26.825125,17.982742,-36.481403,0.034400,-0.004147,-0.999400,0.002297,0.001492,0.029475
761188.794106,-0.839271,-0.542617,-0.034499,0.542814,-0.839842,0.004170,-0.031236,-0.015227,0.999396,0.003585,0.002053,-0.001473,-26.822327,17.984358,-36.482658,0.034499,-0.004170,-0.999396,0.002259,-0.000454,0.029441
761188.803813,-0.839250,-0.542653,-0.034444,0.542850,-0.839819,0.004171,-0.031190,-0.015197,0.999398,0.001189,-0.005229,0.003347,-26.822327,17.984358,-36.482658,0.034471,-0.004192,-0.999397,-0.000657,0.000576,0.028434
761188.813519,-0.839250,-0.542653,-0.034444,0.542850,-0.839819,0.004171,-0.031190,-0.015197,0.999398,-0.002438,-0.004046,-0.003984,-26.822327,17.984358,-36.482658,0.034444,-0.004171,-0.999398,0.000392,-0.000406,0.026513
761188.823226,-0.839221,-0.542703,-0.034380,0.542896,-0.839789,0.004259,-0.031184,-0.015091,0.999400,0.007301,-0.008783,0.011897,-26.814133,17.986340,-36.487705,0.034380,-0.004259,-0.999400,0.000455,-0.000319,0.026515
761188.832932,-0.839171,-0.542783,-0.034311,0.542975,-0.839738,0.004266,-0.031128,-0.015050,0.999402,0.004858,-0.003965,0.003376,-26.814133,17.986340,-36.487705,0.034389,-0.004287,-0.999399,0.001316,0.001616,0.032343
761188.842638,-0.839171,-0.542783,-0.034311,0.542975,-0.839738,0.004266,-0.031128,-0.015050,0.999402,0.004991,-0.008747,-0.001528,-26.814133,17.986340,-36.487705,0.034311,-0.004266,-0.999402,-0.001551,0.003640,0.026563
761188.852345,-0.839151,-0.542819,-0.034244,0.543006,-0.839717,0.004393,-0.031140,-0.014909,0.999404,0.007197,0.000863,0.007077,-26.814753,17.986547,-36.487148,0.034244,-0.004393,-0.999404,-0.002323,-0.001161,0.028396
761188.862051,-0.839112,-0.542880,-0.034248,0.543069,-0.839677,0.004323,-0.031104,-0.014972,0.999404,-0.003863,0.001897,0.004578,-26.814753,17.986547,-36.487148,0.034244,-0.004393,-0.999404,-0.000385,-0.000184,0.026503
761188.871757,-0.839112,-0.542880,-0.034248,0.543069,-0.839677,0.004323,-0.031104,-0.014972,0.999404,-0.003828,0.003127,-0.000292,-26.814753,17.986547,-36.487148,0.034248,-0.004323,-0.999404,-0.001457,0.001714,0.028457
761188.881464,-0.839076,-0.542934,-0.034268,0.543123,-0.839642,0.004351,-0.031135,-0.014961,0.999403,-0.001385,-0.001690,0.008229,-26.817783,17.986147,-36.485119,0.034268,-0.004351,-0.999403,0.000583,-0.001234,0.028425
761188.891170,-0.839087,-0.542908,-0.034416,0.543096,-0.839659,0.004443,-0.031310,-0.014963,0.999398,0.003453,0.009262,-0.000212,-26.817167,17.989365,-36.483990,0.034377,-0.004390,-0.999399,0.003419,-0.002186,0.028437
761188.900876,-0.839087,-0.542908,-0.034416,0.543096,-0.839659,0.004443,-0.031310,-0.014963,0.999398,0.006025,0.003298,-0.001451,-26.817167,17.989365,-36.483990,0.034416,-0.004443,-0.999398,0.003380,-0.002133,0.028435
761188.910583,-0.839087,-0.542910,-0.034384,0.543097,-0.839658,0.004449,-0.031286,-0.014941,0.999399,0.001113,-0.004054,0.008230,-26.817167,17.989365,-36.483990,0.034384,-0.004449,-0.999399,-0.002539,0.002877,0.023645
761188.920289,-0.839095,-0.542903,-0.034307,0.543091,-0.839663,0.004398,-0.031194,-0.014942,0.999402,0.001355,-0.011204,-0.002784,-26.811825,17.984520,-36.490299,0.034359,-0.004421,-0.999400,0.002384,0.001812,0.023692
761188.929995,-0.839095,-0.542903,-0.034307,0.543091,-0.839663,0.004398,-0.031194,-0.014942,0.999402,0.001240,-0.007626,0.002114,-26.811825,17.984520,-36.490299,0.034307,-0.004398,-0.999402,-0.001577,0.003757,0.029461
761188.939702,-0.839119,-0.542869,-0.034247,0.543058,-0.839684,0.004321,-0.031102,-0.014972,0.999404,-0.002304,-0.012418,-0.006425,-26.811825,17.984520,-36.490299,0.034247,-0.004321,-0.999404,0.000497,0.002673,0.028487
761188.949408,-0.839111,-0.542877,-0.034314,0.543071,-0.839676,0.004202,-0.031094,-0.015109,0.999402,-0.006194,-0.005306,0.000909,-26.814928,17.989092,-36.485767,0.034261,-0.004217,-0.999404,0.001475,0.001577,0.028487
