time,r0,r1,r2,r3,r4,r5,r6,r7,r8,wx,wy,wz,mx,my,mz,gx,gy,gz,ax,ay,az
761768.668897,0.998721,-0.000129,-0.050559,-0.000134,0.999987,-0.005193,0.050559,0.005193,0.998708,0.001375,-0.010988,-0.003893,0.000000,0.000000,0.000000,0.050543,0.005217,-0.998708,-0.000357,-0.001158,0.029043
761768.678603,0.998719,-0.000061,-0.050596,-0.000200,0.999987,-0.005144,0.050595,0.005147,0.998706,0.005936,0.005883,0.003549,0.000000,0.000000,0.000000,0.050559,0.005193,-0.998708,-0.000373,-0.001134,0.029042
761768.688310,0.998719,-0.000061,-0.050596,-0.000200,0.999987,-0.005144,0.050595,0.005147,0.998706,-0.003835,0.003331,0.001036,0.000000,0.000000,0.000000,0.050588,0.005175,-0.998706,-0.002232,-0.005023,0.027973
761768.698017,0.998721,-0.000069,-0.050552,-0.000192,0.999987,-0.005150,0.050551,0.005153,0.998708,-0.001360,-0.002682,0.008331,0.000000,0.000000,0.000000,0.050627,0.005180,-0.998704,-0.000441,-0.001136,0.029985
761768.707723,0.998721,-0.000069,-0.050552,-0.000192,0.999987,-0.005150,0.050551,0.005153,0.998708,0.003669,-0.002545,-0.001391,0.000000,0.000000,0.000000,0.050596,0.005144,-0.998706,0.002612,-0.003084,0.028064
761768.717430,0.998718,-0.000066,-0.050624,-0.000193,0.999987,-0.005122,0.050624,0.005126,0.998705,-0.000006,-0.002599,-0.002633,0.000000,0.000000,0.000000,0.050552,0.005150,-0.998708,0.000596,-0.001152,0.033880
761768.727136,0.998718,-0.000066,-0.050624,-0.000193,0.999987,-0.005122,0.050624,0.005126,0.998705,-0.011185,0.005648,-0.005090,0.000000,0.000000,0.000000,0.050614,0.005232,-0.998705,-0.002244,-0.006071,0.030855
761768.736842,0.998726,-0.000130,-0.050458,-0.000123,0.999987,-0.005009,0.050458,0.005009,0.998714,0.002313,0.001006,0.004718,0.000000,0.000000,0.000000,0.050624,0.005122,-0.998705,-0.001369,-0.001018,0.025163
761768.746549,0.998726,-0.000130,-0.050458,-0.000123,0.999987,-0.005009,0.050458,0.005009,0.998714,0.001550,-0.018175,-0.008812,0.000000,0.000000,0.000000,0.050458,0.005009,-0.998714,-0.002317,-0.001042,0.042491
761768.756256,0.998731,-0.000112,-0.050366,-0.000137,0.999988,-0.004931,0.050365,0.004931,0.998719,-0.002378,-0.008659,-0.001464,0.000000,0.000000,0.000000,0.050380,0.004920,-0.998718,-0.001170,-0.000876,0.031921
761768.765962,0.998731,-0.000112,-0.050366,-0.000137,0.999988,-0.004931,0.050365,0.004931,0.998719,0.001071,0.000979,0.005930,0.000000,0.000000,0.000000,0.050366,0.004931,-0.998719,-0.001156,-0.000887,0.031922
761768.775669,0.998724,-0.000101,-0.050497,-0.000153,0.999987,-0.005013,0.050497,0.005015,0.998712,0.002277,0.008263,-0.002555,0.000000,0.000000,0.000000,0.050497,0.005013,-0.998712,-0.000341,0.001029,0.028100
761768.785376,0.998709,0.000039,-0.050792,-0.000288,0.999988,-0.004888,0.050791,0.004897,0.998697,0.002054,0.012978,0.010893,0.000000,0.000000,0.000000,0.050541,0.004989,-0.998709,-0.002262,0.000153,0.020346
761768.795082,0.998709,0.000039,-0.050792,-0.000288,0.999988,-0.004888,0.050791,0.004897,0.998697,0.003555,-0.000199,0.005948,0.000000,0.000000,0.000000,0.050792,0.004888,-0.998697,0.001347,-0.000860,0.029993
761768.804789,0.998700,0.000085,-0.050983,-0.000336,0.999988,-0.004917,0.050982,0.004928,0.998687,-0.000030,-0.007479,0.007102,0.000000,0.000000,0.000000,0.050983,0.004917,-0.998687,0.002133,0.000088,0.030014
761768.814495,0.998702,0.000162,-0.050940,-0.000407,0.999988,-0.004792,0.050939,0.004807,0.998690,-0.002592,0.002127,0.002266,0.000000,0.000000,0.000000,0.051013,0.004826,-0.998686,-0.000781,-0.001729,0.027068
761768.824201,0.998702,0.000162,-0.050940,-0.000407,0.999988,-0.004792,0.050939,0.004807,0.998690,-0.001430,0.002112,0.008369,0.000000,0.000000,0.000000,0.050940,0.004792,-0.998690,-0.002692,-0.000703,0.027056
761768.833908,0.998699,0.000230,-0.050997,-0.000459,0.999990,-0.004476,0.050996,0.004494,0.998689,0.003494,0.007044,0.001113,0.000000,0.000000,0.000000,0.050997,0.004476,-0.998689,-0.001681,-0.004354,0.031831
761768.843615,0.998704,0.000093,-0.050904,-0.000321,0.999990,-0.004460,0.050903,0.004470,0.998694,-0.000001,0.001020,-0.007478,0.000000,0.000000,0.000000,0.051007,0.004488,-0.998688,-0.001690,-0.004366,0.031830
761768.853321,0.998705,0.000158,-0.050866,-0.000381,0.999990,-0.004376,0.050865,0.004390,0.998696,0.002468,-0.006210,0.002248,0.000000,0.000000,0.000000,0.050904,0.004460,-0.998694,-0.002656,-0.000386,0.028021
761768.863028,0.998705,0.000158,-0.050866,-0.000381,0.999990,-0.004376,0.050865,0.004390,0.998696,-0.003930,0.008109,0.003513,0.000000,0.000000,0.000000,0.050866,0.004376,-0.998696,-0.002511,-0.002209,0.022210
761768.872735,0.998689,0.000059,-0.051192,-0.000280,0.999991,-0.004310,0.051191,0.004319,0.998680,0.007291,0.002310,-0.001330,0.000000,0.000000,0.000000,0.051038,0.004343,-0.998687,0.001086,0.000692,0.029052
761768.882441,0.998689,0.000059,-0.051192,-0.000280,0.999991,-0.004310,0.051191,0.004319,0.998680,-0.002508,0.008229,-0.013547,0.000000,0.000000,0.000000,0.051192,0.004310,-0.998680,0.000001,-0.001273,0.031898
761768.892147,0.998680,-0.000058,-0.051355,-0.000164,0.999991,-0.004327,0.051355,0.004329,0.998671,-0.003587,-0.000199,-0.014823,0.000000,0.000000,0.000000,0.051355,0.004327,-0.998671,0.000769,-0.000314,0.031905
761768.901854,0.998676,-0.000093,-0.051449,-0.000120,0.999991,-0.004136,0.051449,0.004137,0.998667,-0.002519,-0.000262,-0.000185,0.000000,0.000000,0.000000,0.051423,0.004106,-0.998668,-0.000078,-0.004930,0.025081
761768.911560,0.998676,-0.000093,-0.051449,-0.000120,0.999991,-0.004136,0.051449,0.004137,0.998667,0.002363,0.004650,-0.003785,0.000000,0.000000,0.000000,0.051449,0.004136,-0.998667,-0.001202,-0.000016,0.022242
761768.921267,0.998673,-0.000108,-0.051499,-0.000100,0.999992,-0.004043,0.051499,0.004043,0.998665,-0.000017,-0.000200,-0.003828,0.000000,0.000000,0.000000,0.051499,0.004043,-0.998665,-0.001236,-0.001953,0.027992
761768.930974,0.998672,-0.000112,-0.051511,-0.000094,0.999992,-0.004005,0.051511,0.004004,0.998664,0.004795,0.002239,0.002318,0.000000,0.000000,0.000000,0.051541,0.003880,-0.998663,-0.001279,-0.002766,0.030875
761768.940680,0.998672,-0.000112,-0.051511,-0.000094,0.999992,-0.004005,0.051511,0.004004,0.998664,-0.002437,-0.002657,-0.003851,0.000000,0.000000,0.000000,0.051511,0.004005,-0.998664,-0.001386,0.003014,0.028068
761768.950387,0.998670,-0.000083,-0.051550,-0.000125,0.999992,-0.004048,0.051550,0.004049,0.998662,-0.005090,0.005691,0.001059,0.000000,0.000000,0.000000,0.051550,0.004048,-0.998662,-0.001425,0.002971,0.028066
761768.960094,0.998669,-0.000111,-0.051570,-0.000097,0.999992,-0.004034,0.051571,0.004034,0.998661,-0.000007,-0.005056,0.002245,0.000000,0.000000,0.000000,0.051536,0.004019,-0.998663,-0.001319,-0.000937,0.028982
761768.969800,0.998669,-0.000111,-0.051570,-0.000097,0.999992,-0.004034,0.051571,0.004034,0.998661,0.000049,-0.002602,-0.006274,0.000000,0.000000,0.000000,0.051570,0.004034,-0.998661,-0.000423,0.000970,0.031910
761768.979506,0.998667,-0.000106,-0.051615,-0.000103,0.999992,-0.004029,0.051615,0.004029,0.998659,-0.001446,0.009366,-0.000117,0.000000,0.000000,0.000000,0.051615,0.004029,-0.998659,-0.001398,-0.000947,0.028978
761768.989213,0.998681,-0.000018,-0.051353,-0.000190,0.999992,-0.004058,0.051353,0.004063,0.998672,0.003614,-0.005030,0.008364,0.000000,0.000000,0.000000,0.051574,0.003980,-0.998661,-0.002303,-0.000883,0.027989
761768.998919,0.998681,-0.000018,-0.051353,-0.000190,0.999992,-0.004058,0.051353,0.004063,0.998672,-0.003784,-0.003951,0.008325,0.000000,0.000000,0.000000,0.051353,0.004058,-0.998672,-0.006020,0.001084,0.024139
761769.008626,0.998679,-0.000001,-0.051388,-0.000204,0.999992,-0.003988,0.051388,0.003993,0.998671,-0.002542,0.002137,-0.001385,0.000000,0.000000,0.000000,0.051388,0.003988,-0.998671,-0.001065,-0.003820,0.025084
761769.018333,0.998687,0.000117,-0.051232,-0.000322,0.999992,-0.003984,0.051231,0.003995,0.998679,0.000002,-0.003843,-0.000186,0.000000,0.000000,0.000000,0.051282,0.004019,-0.998676,-0.004025,0.000055,0.030903
761769.028039,0.998687,0.000117,-0.051232,-0.000322,0.999992,-0.003984,0.051231,0.003995,0.998679,0.001181,-0.007484,0.009554,0.000000,0.000000,0.000000,0.051232,0.003984,-0.998679,-0.003975,0.000090,0.030905
761769.037746,0.998688,0.000141,-0.051209,-0.000340,0.999992,-0.003876,0.051208,0.003889,0.998680,-0.004936,-0.005147,0.003435,0.000000,0.000000,0.000000,0.051209,0.003876,-0.998680,-0.001831,-0.004700,0.027947
761769.047452,0.998681,0.000149,-0.051350,-0.000359,0.999992,-0.004076,0.051349,0.004089,0.998672,-0.000003,-0.002633,-0.001398,0.000000,0.000000,0.000000,0.051249,0.003970,-0.998678,-0.000117,0.002042,0.030981
761769.057158,0.998681,0.000149,-0.051350,-0.000359,0.999992,-0.004076,0.051349,0.004089,0.998672,-0.001466,0.008141,0.003534,0.000000,0.000000,0.000000,0.051350,0.004076,-0.998672,-0.000218,0.001951,0.029053
761769.066865,0.998676,0.000194,-0.051435,-0.000400,0.999992,-0.003981,0.051434,0.003996,0.998668,-0.000191,0.002123,0.008383,0.000000,0.000000,0.000000,0.051435,0.003981,-0.998668,0.000811,-0.002851,0.026073
761769.076572,0.998671,0.000240,-0.051545,-0.000449,0.999992,-0.004045,0.051544,0.004062,0.998662,0.008613,-0.001272,-0.003776,0.000000,0.000000,0.000000,0.051494,0.003950,-0.998665,0.000676,0.001116,0.024209
761769.086278,0.998671,0.000240,-0.051545,-0.000449,0.999992,-0.004045,0.051544,0.004062,0.998662,-0.000120,-0.001476,0.007143,0.000000,0.000000,0.000000,0.051545,0.004045,-0.998662,0.000488,0.002913,0.034826
761769.095985,0.998672,0.000351,-0.051526,-0.000557,0.999992,-0.003986,0.051525,0.004009,0.998664,-0.002627,-0.000332,0.009584,0.000000,0.000000,0.000000,0.051526,0.003986,-0.998664,-0.001279,-0.001911,0.029914
761769.105692,0.998677,0.000363,-0.051426,-0.000569,0.999992,-0.003981,0.051424,0.004005,0.998669,-0.002543,-0.000291,0.002270,0.000000,0.000000,0.000000,0.051483,0.003931,-0.998666,-0.003158,-0.002771,0.026986
761769.115398,0.998677,0.000363,-0.051426,-0.000569,0.999992,-0.003981,0.051424,0.004005,0.998669,-0.004842,-0.005100,-0.005088,0.000000,0.000000,0.000000,0.051426,0.003981,-0.998669,-0.003101,-0.002821,0.026989
761769.125105,0.998677,0.000351,-0.051420,-0.000554,0.999992,-0.003942,0.051418,0.003965,0.998669,0.003546,0.003417,0.002328,0.000000,0.000000,0.000000,0.051420,0.003942,-0.998669,-0.002149,-0.000829,0.027035
761769.134811,0.998676,0.000367,-0.051446,-0.000575,0.999992,-0.004031,0.051444,0.004056,0.998668,0.000022,-0.005046,-0.000181,0.000000,0.000000,0.000000,0.051417,0.003991,-0.998669,-0.000285,0.002021,0.029996
761769.144517,0.998676,0.000367,-0.051446,-0.000575,0.999992,-0.004031,0.051444,0.004056,0.998668,-0.005010,0.000877,0.001043,0.000000,0.000000,0.000000,0.051446,0.004031,-0.998668,-0.002236,0.001019,0.030925
761769.154224,0.998678,0.000489,-0.051400,-0.000693,0.999992,-0.003961,0.051397,0.003991,0.998670,0.006006,-0.005028,0.014486,0.000000,0.000000,0.000000,0.051400,0.003961,-0.998670,-0.001152,-0.000863,0.026090
761769.163931,0.998674,0.000430,-0.051482,-0.000631,0.999992,-0.003882,0.051480,0.003910,0.998666,-0.000035,0.003413,-0.007447,0.000000,0.000000,0.000000,0.051487,0.004005,-0.998666,0.001629,0.002023,0.026162
761769.173637,0.998674,0.000430,-0.051482,-0.000631,0.999992,-0.003882,0.051480,0.003910,0.998666,-0.003711,-0.001492,-0.001402,0.000000,0.000000,0.000000,0.051482,0.003882,-0.998666,-0.002090,-0.005713,0.030817
761769.183344,0.998675,0.000437,-0.051451,-0.000641,0.999992,-0.003944,0.051449,0.003972,0.998668,-0.000108,0.004586,-0.002564,0.000000,0.000000,0.000000,0.051451,0.003944,-0.998668,-0.004210,0.002144,0.026103
761769.193051,0.998675,0.000478,-0.051455,-0.000686,0.999992,-0.004027,0.051453,0.004057,0.998667,-0.008545,-0.005168,-0.003891,0.000000,0.000000,0.000000,0.051489,0.004032,-0.998665,-0.004248,0.002056,0.026101
761769.202757,0.998675,0.000478,-0.051455,-0.000686,0.999992,-0.004027,0.051453,0.004057,0.998667,0.002301,0.000964,0.007183,0.000000,0.000000,0.000000,0.051455,0.004027,-0.998667,-0.002200,-0.000929,0.028971
761769.212464,0.998674,0.000462,-0.051472,-0.000671,0.999992,-0.004038,0.051470,0.004068,0.998666,0.002482,-0.005006,-0.000166,0.000000,0.000000,0.000000,0.051472,0.004038,-0.998666,0.000667,0.000997,0.028055
761769.222170,0.998677,0.000514,-0.051415,-0.000722,0.999992,-0.004033,0.051412,0.004065,0.998669,0.003523,-0.000231,0.009622,0.000000,0.000000,0.000000,0.051463,0.004010,-0.998667,-0.001261,0.000049,0.028025
761769.231876,0.998677,0.000514,-0.051415,-0.000722,0.999992,-0.004033,0.051412,0.004065,0.998669,-0.001326,0.002147,-0.000147,0.000000,0.000000,0.000000,0.051415,0.004033,-0.998669,-0.002129,0.000102,0.021283
761769.241583,0.998673,0.000544,-0.051503,-0.000752,0.999992,-0.004018,0.051500,0.004052,0.998665,-0.002510,-0.001487,0.001044,0.000000,0.000000,0.000000,0.051503,0.004018,-0.998665,-0.000279,-0.000951,0.028023
761769.251290,0.998679,0.000543,-0.051381,-0.000748,0.999992,-0.003965,0.051379,0.003999,0.998671,-0.002476,-0.002685,-0.000171,0.000000,0.000000,0.000000,0.051454,0.004035,-0.998667,-0.002245,0.000008,0.031870
761769.260996,0.998679,0.000543,-0.051381,-0.000748,0.999992,-0.003965,0.051379,0.003999,0.998671,0.004910,-0.003773,0.001086,0.000000,0.000000,0.000000,0.051381,0.003965,-0.998671,-0.003087,-0.001860,0.028945
761769.270703,0.998681,0.000573,-0.051339,-0.000776,0.999992,-0.003922,0.051337,0.003956,0.998674,0.002476,-0.006225,0.002276,0.000000,0.000000,0.000000,0.051339,0.003922,-0.998674,-0.001077,-0.000794,0.023210
761769.280410,0.998677,0.000616,-0.051426,-0.000816,0.999992,-0.003870,0.051423,0.003907,0.998669,0.001049,0.005778,0.002338,0.000000,0.000000,0.000000,0.051332,0.003886,-0.998674,-0.001069,-0.000757,0.023210
761769.290116,0.998677,0.000616,-0.051426,-0.000816,0.999992,-0.003870,0.051423,0.003907,0.998669,-0.007653,0.008013,0.007176,0.000000,0.000000,0.000000,0.051426,0.003870,-0.998669,-0.000141,-0.002741,0.026074
761769.299823,0.998671,0.000643,-0.051534,-0.000839,0.999992,-0.003788,0.051531,0.003826,0.998664,0.006035,0.001044,0.003560,0.000000,0.000000,0.000000,0.051534,0.003788,-0.998664,0.000682,-0.002689,0.029914
761769.309529,0.998668,0.000658,-0.051593,-0.000856,0.999992,-0.003813,0.051590,0.003852,0.998661,0.000012,-0.005055,0.001049,0.000000,0.000000,0.000000,0.051526,0.003748,-0.998665,-0.000318,-0.000696,0.030922
761769.319235,0.998668,0.000658,-0.051593,-0.000856,0.999992,-0.003813,0.051590,0.003852,0.998661,-0.007416,0.002073,-0.005050,0.000000,0.000000,0.000000,0.051593,0.003813,-0.998661,0.001568,0.000231,0.026127
761769.328942,0.998665,0.000665,-0.051653,-0.000867,0.999992,-0.003879,0.051650,0.003919,0.998658,0.003635,-0.000176,-0.000119,0.000000,0.000000,0.000000,0.051653,0.003879,-0.998658,0.000425,0.003140,0.027115
761769.338649,-0.808460,-0.586282,-0.051633,0.587223,-0.809416,-0.003880,-0.039517,-0.033457,0.998659,-0.003756,-0.000305,0.001055,-28.494648,21.862797,-29.659058,0.051635,0.003852,-0.998659,-0.001388,-0.001762,0.028963
761769.348355,-0.808460,-0.586282,-0.051633,0.587223,-0.809416,-0.003880,-0.039517,-0.033457,0.998659,0.002369,-0.003851,0.008386,-28.494648,21.862797,-29.659058,0.051633,0.003880,-0.998659,-0.000470,0.001155,0.029024
761769.358062,-0.808446,-0.586300,-0.051639,0.587236,-0.809407,-0.003737,-0.039606,-0.033346,0.998659,0.006144,-0.001323,-0.002549,-28.494648,21.862797,-29.659058,0.051639,0.003737,-0.998659,-0.000309,-0.004592,0.027956
761769.367769,-0.808403,-0.586365,-0.051579,0.587293,-0.809366,-0.003595,-0.039639,-0.033198,0.998662,0.007298,-0.002554,0.005985,-28.493279,21.865286,-29.658541,0.051615,0.003639,-0.998660,-0.000284,-0.004493,0.027957
761769.377475,-0.808403,-0.586365,-0.051579,0.587293,-0.809366,-0.003595,-0.039639,-0.033198,0.998662,0.002391,-0.005054,0.008379,-28.493279,21.865286,-29.658541,0.051579,0.003595,-0.998662,-0.001362,-0.000512,0.028982
761769.387182,-0.808389,-0.586386,-0.051570,0.587313,-0.809352,-0.003589,-0.039634,-0.033189,0.998663,-0.007384,-0.003972,0.001011,-28.493279,21.865286,-29.658541,0.051570,0.003589,-0.998663,-0.000301,-0.002460,0.027029
761769.396888,-0.808432,-0.586328,-0.051543,0.587256,-0.809394,-0.003603,-0.039606,-0.033181,0.998664,-0.002500,0.000940,-0.002579,-28.492180,21.858463,-29.664623,0.051530,0.003562,-0.998665,-0.002198,-0.002403,0.026039
761769.406594,-0.808432,-0.586328,-0.051543,0.587256,-0.809394,-0.003603,-0.039606,-0.033181,0.998664,-0.007425,0.002068,-0.003822,-28.492180,21.858463,-29.664623,0.051543,0.003603,-0.998664,-0.004210,-0.001482,0.027961
761769.416301,-0.808409,-0.586357,-0.051571,0.587285,-0.809372,-0.003589,-0.039636,-0.033188,0.998663,-0.003770,0.000898,0.001071,-28.494642,21.857849,-29.662708,0.051571,0.003589,-0.998663,-0.000317,-0.001498,0.027044
761769.426008,-0.808445,-0.586321,-0.051432,0.587243,-0.809402,-0.003588,-0.039526,-0.033104,0.998670,0.000048,-0.002614,-0.005023,-28.494642,21.857849,-29.662708,0.051524,0.003535,-0.998666,-0.004146,-0.003367,0.027932
761769.435714,-0.808445,-0.586321,-0.051432,0.587243,-0.809402,-0.003588,-0.039526,-0.033104,0.998670,-0.002473,-0.001473,-0.001374,-28.494642,21.857849,-29.662708,0.051432,0.003588,-0.998670,-0.004221,0.002470,0.030927
761769.445421,-0.808427,-0.586343,-0.051459,0.587268,-0.809385,-0.003612,-0.039532,-0.033141,0.998669,-0.002662,0.003280,0.008407,-28.495804,21.855659,-29.663208,0.051459,0.003612,-0.998669,-0.004249,0.002445,0.030926
761769.455128,-0.808365,-0.586420,-0.051565,0.587346,-0.809328,-0.003558,-0.039646,-0.033163,0.998663,-0.002480,-0.002689,0.001057,-28.495804,21.855659,-29.663208,0.051482,0.003574,-0.998668,-0.000227,-0.002476,0.030894
761769.464834,-0.808365,-0.586420,-0.051565,0.587346,-0.809328,-0.003558,-0.039646,-0.033163,0.998663,0.001103,0.002168,0.003546,-28.495804,21.855659,-29.663208,0.051565,0.003558,-0.998663,0.001582,-0.000537,0.031897
761769.474541,-0.808378,-0.586396,-0.051624,0.587326,-0.809342,-0.003604,-0.039669,-0.033233,0.998660,-0.001235,-0.000235,-0.003798,-28.494921,21.859802,-29.661003,0.051624,0.003604,-0.998660,0.000530,0.000440,0.028033
761769.484247,-0.808424,-0.586333,-0.051619,0.587260,-0.809390,-0.003538,-0.039706,-0.033174,0.998661,-0.003607,-0.003869,-0.006272,-28.494921,21.859802,-29.661003,0.051622,0.003545,-0.998660,-0.001329,-0.003423,0.030856
761769.493953,-0.808424,-0.586333,-0.051619,0.587260,-0.809390,-0.003538,-0.039706,-0.033174,0.998661,0.002514,-0.003781,-0.003796,-28.494921,21.859802,-29.661003,0.051619,0.003538,-0.998661,-0.000411,-0.000471,0.028995
761769.503660,-0.808420,-0.586323,-0.051793,0.587257,-0.809393,-0.003568,-0.039829,-0.033300,0.998652,-0.007575,0.008053,0.001090,-28.491817,21.857454,-29.665716,0.051793,0.003568,-0.998652,0.002330,-0.000531,0.029016
761769.513367,-0.808489,-0.586237,-0.051690,0.587166,-0.809459,-0.003543,-0.039764,-0.033215,0.998657,-0.006019,-0.005096,-0.008732,-28.491817,21.857454,-29.665716,0.051810,0.003535,-0.998651,0.000436,-0.003428,0.030862
761769.523073,-0.808489,-0.586237,-0.051690,0.587166,-0.809459,-0.003543,-0.039764,-0.033215,0.998657,0.006258,-0.006117,-0.005006,-28.491817,21.857454,-29.665716,0.051690,0.003543,-0.998657,-0.003426,0.000546,0.026062
761769.532780,-0.808548,-0.586158,-0.051665,0.587084,-0.809519,-0.003480,-0.039784,-0.033145,0.998658,0.009963,-0.003623,-0.009846,-28.488453,21.854082,-29.671432,0.051665,0.003480,-0.998658,-0.003401,0.000610,0.026063
761769.542486,-0.808524,-0.586185,-0.051721,0.587111,-0.809499,-0.003418,-0.039865,-0.033129,0.998656,-0.000257,0.009356,0.004800,-28.494278,21.851002,-29.668104,0.051683,0.003453,-0.998658,-0.002427,0.000636,0.026078
761769.552193,-0.808524,-0.586185,-0.051721,0.587111,-0.809499,-0.003418,-0.039865,-0.033129,0.998656,-0.001334,0.000926,0.003524,-28.494278,21.851002,-29.668104,0.051721,0.003418,-0.998656,-0.002420,-0.002273,0.028929
761769.561899,-0.808511,-0.586208,-0.051683,0.587134,-0.809483,-0.003456,-0.039811,-0.033139,0.998658,0.002517,-0.008633,0.003500,-28.494278,21.851002,-29.668104,0.051683,0.003456,-0.998658,-0.001543,0.002571,0.030945
761769.571606,-0.808471,-0.586269,-0.051613,0.587198,-0.809436,-0.003596,-0.039670,-0.033214,0.998661,-0.004881,-0.005127,-0.000182,-28.493092,21.849167,-29.670595,0.051645,0.003603,-0.998659,-0.000497,0.002424,0.028063
761769.581312,-0.808471,-0.586269,-0.051613,0.587198,-0.809436,-0.003596,-0.039670,-0.033214,0.998661,0.001140,-0.001453,0.005972,-28.493092,21.849167,-29.670595,0.051613,0.003596,-0.998661,-0.002358,0.000509,0.025119
761769.591019,-0.808457,-0.586286,-0.051629,0.587219,-0.809420,-0.003679,-0.039632,-0.033292,0.998660,-0.006184,-0.001547,0.001051,-28.493092,21.849167,-29.670595,0.051629,0.003679,-0.998660,0.000510,0.000364,0.029009
761769.600726,-0.808490,-0.586247,-0.051570,0.587182,-0.809446,-0.003787,-0.039523,-0.033343,0.998662,-0.006110,-0.005146,-0.000189,-28.494711,21.857389,-29.662983,0.051599,0.003688,-0.998661,-0.000360,-0.002605,0.031849
761769.610432,-0.808490,-0.586247,-0.051570,0.587182,-0.809446,-0.003787,-0.039523,-0.033343,0.998662,-0.005005,0.003297,-0.001352,-28.494711,21.857389,-29.662983,0.051571,0.003787,-0.998662,-0.002346,0.001279,0.028020
761769.620139,-0.808451,-0.586300,-0.051568,0.587234,-0.809408,-0.003767,-0.039531,-0.033328,0.998662,0.001066,-0.000278,0.010856,-28.494711,21.857389,-29.662983,0.051568,0.003767,-0.998662,-0.002343,0.001299,0.028020
761769.629845,-0.808418,-0.586337,-0.051663,0.587277,-0.809377,-0.003805,-0.039583,-0.033417,0.998657,0.005990,0.007079,-0.000044,-28.496176,21.860415,-29.659348,0.051617,0.003801,-0.998660,-0.002407,0.002272,0.026110
761769.639552,-0.808418,-0.586337,-0.051663,0.587277,-0.809377,-0.003805,-0.039583,-0.033417,0.998657,-0.003754,-0.003944,0.007147,-28.496176,21.860415,-29.659348,0.051663,0.003805,-0.998657,0.001453,0.000193,0.031906
761769.649258,-0.808408,-0.586351,-0.051663,0.587289,-0.809369,-0.003774,-0.039601,-0.033392,0.998657,0.003759,-0.008604,0.002288,-28.493656,21.862707,-29.660076,0.051663,0.003774,-0.998657,0.001468,0.000254,0.029022
761769.658965,-0.808362,-0.586424,-0.051561,0.587357,-0.809319,-0.003749,-0.039531,-0.033316,0.998663,0.001189,-0.000214,-0.000116,-28.493656,21.862707,-29.660076,0.051632,0.003766,-0.998659,-0.002346,-0.001675,0.030870
761769.668671,-0.808362,-0.586424,-0.051561,0.587357,-0.809319,-0.003749,-0.039531,-0.033316,0.998663,-0.008613,-0.007632,0.007096,-28.493656,21.862707,-29.660076,0.051561,0.003749,-0.998663,-0.002245,-0.001628,0.026052
761769.678378,-0.808329,-0.586463,-0.051625,0.587400,-0.809288,-0.003767,-0.039571,-0.033370,0.998659,0.005927,0.005837,0.007263,-28.491425,21.864159,-29.661152,0.051625,0.003767,-0.998659,0.000468,0.002260,0.029040
761769.688085,-0.808348,-0.586441,-0.051575,0.587378,-0.809304,-0.003805,-0.039508,-0.033370,0.998662,0.001244,-0.000186,-0.004992,-28.491425,21.864159,-29.661152,0.051622,0.003777,-0.998660,-0.002397,0.000297,0.028979
761769.697791,-0.808348,-0.586441,-0.051575,0.587378,-0.809304,-0.003805,-0.039508,-0.033370,0.998662,0.000075,-0.009874,0.003478,-28.491425,21.864159,-29.661152,0.051575,0.003805,-0.998662,-0.001404,0.001230,0.030934
761769.707498,-0.808360,-0.586426,-0.051555,0.587361,-0.809316,-0.003788,-0.039503,-0.033343,0.998663,-0.002526,0.002137,-0.001344,-28.489697,21.867275,-29.660513,0.051555,0.003788,-0.998663,-0.001384,0.001248,0.030935
761769.717204,-0.808358,-0.586424,-0.051618,0.587360,-0.809317,-0.003753,-0.039574,-0.033352,0.998660,-0.001332,0.008196,-0.006173,-28.489697,21.867275,-29.660513,0.051605,0.003769,-0.998660,-0.001297,-0.002594,0.023166
761769.726910,-0.808358,-0.586424,-0.051618,0.587360,-0.809317,-0.003753,-0.039574,-0.033352,0.998660,0.002372,-0.000223,0.004773,-28.489697,21.867275,-29.660513,0.051618,0.003753,-0.998660,-0.003369,0.000321,0.027987
761769.736617,-0.808380,-0.586394,-0.051612,0.587330,-0.809339,-0.003768,-0.039562,-0.033360,0.998660,-0.002357,-0.002632,-0.008681,-28.491192,21.865660,-29.660269,0.051612,0.003768,-0.998660,-0.000419,0.000275,0.028033
761769.746324,-0.808394,-0.586367,-0.051686,0.587304,-0.809358,-0.003712,-0.039656,-0.033356,0.998657,-0.002556,0.006966,-0.004968,-28.491192,21.865660,-29.660269,0.051682,0.003756,-0.998657,-0.000397,-0.001650,0.024154
761769.756030,-0.808394,-0.586367,-0.051686,0.587304,-0.809358,-0.003712,-0.039656,-0.033356,0.998657,0.001237,-0.002619,-0.000125,-28.491192,21.865660,-29.660269,0.051686,0.003712,-0.998657,-0.000447,-0.001652,0.030898
761769.765737,-0.808417,-0.586331,-0.051749,0.587270,-0.809382,-0.003733,-0.039696,-0.033409,0.998653,-0.006296,0.011728,-0.007401,-28.489342,21.864666,-29.662777,0.051749,0.003733,-0.998653,-0.002463,-0.001643,0.029888
761769.775444,-0.808427,-0.586312,-0.051808,0.587255,-0.809393,-0.003782,-0.039716,-0.033483,0.998650,-0.000090,0.005797,-0.003741,-28.489092,21.863199,-29.664101,0.051792,0.003808,-0.998651,-0.001622,0.001242,0.029000
761769.785150,-0.808427,-0.586312,-0.051808,0.587255,-0.809393,-0.003782,-0.039716,-0.033483,0.998650,0.002353,0.000980,0.004780,-28.489092,21.863199,-29.664101,0.051808,0.003782,-0.998650,-0.001637,0.001268,0.029000
761769.794857,-0.808403,-0.586352,-0.051727,0.587294,-0.809365,-0.003825,-0.039623,-0.033471,0.998654,-0.003656,-0.005113,0.001050,-28.489092,21.863199,-29.664101,0.051727,0.003825,-0.998654,-0.003494,0.000249,0.028958
761769.804563,-0.808429,-0.586319,-0.051697,0.587261,-0.809388,-0.003855,-0.039583,-0.033476,0.998655,-0.003602,-0.005085,-0.003826,-28.488142,21.864983,-29.663696,0.051707,0.003849,-0.998655,0.000463,0.000209,0.026105
761769.814269,-0.808429,-0.586319,-0.051697,0.587261,-0.809388,-0.003855,-0.039583,-0.033476,0.998655,0.002542,-0.001348,-0.008644,-28.488142,21.864983,-29.663696,0.051697,0.003855,-0.998655,-0.000535,0.002187,0.026136
761769.823976,-0.808376,-0.586389,-0.051723,0.587336,-0.809334,-0.003941,-0.039550,-0.033565,0.998654,-0.002610,-0.001547,0.012050,-28.488142,21.864983,-29.663696,0.051723,0.003941,-0.998654,-0.000576,0.002101,0.027096
761769.833683,-0.808332,-0.586446,-0.051773,0.587391,-0.809294,-0.003864,-0.039634,-0.033534,0.998651,0.004865,0.001048,-0.000081,-28.488977,21.868391,-29.660383,0.051701,0.003945,-0.998655,-0.002477,0.002158,0.023221
761769.843389,-0.808332,-0.586446,-0.051773,0.587391,-0.809294,-0.003864,-0.039634,-0.033534,0.998651,0.003480,0.002161,0.012109,-28.488977,21.868391,-29.660383,0.051773,0.003864,-0.998651,-0.000504,-0.002750,0.027979
761769.853096,-0.808313,-0.586471,-0.051781,0.587416,-0.809276,-0.003847,-0.039649,-0.033527,0.998651,0.001142,-0.000243,0.004766,-28.488977,21.868391,-29.660383,0.051781,0.003847,-0.998651,-0.001519,-0.001757,0.027978
761769.862803,-0.808332,-0.586453,-0.051692,0.587394,-0.809292,-0.003833,-0.039586,-0.033461,0.998656,0.003705,-0.002576,-0.000109,-28.484417,21.871244,-29.662661,0.051749,0.003808,-0.998653,-0.001501,-0.001717,0.028957
761769.872509,-0.808332,-0.586453,-0.051692,0.587394,-0.809292,-0.003833,-0.039586,-0.033461,0.998656,-0.002357,-0.006270,-0.002606,-28.484417,21.871244,-29.662661,0.051692,0.003833,-0.998656,-0.001445,-0.001742,0.028960
761769.882216,-0.808354,-0.586421,-0.051710,0.587367,-0.809311,-0.003934,-0.039543,-0.033553,0.998654,-0.012374,0.001963,0.001040,-28.485022,21.869452,-29.663399,0.051710,0.003934,-0.998654,-0.001509,0.000140,0.027051
761769.891922,-0.808379,-0.586384,-0.051738,0.587339,-0.809331,-0.004139,-0.039446,-0.033734,0.998652,-0.009708,-0.006378,-0.005089,-28.485022,21.869452,-29.663399,0.051730,0.004070,-0.998653,0.000379,0.000935,0.031902
761769.901628,-0.808379,-0.586384,-0.051738,0.587339,-0.809331,-0.004139,-0.039446,-0.033734,0.998652,0.004920,-0.002562,0.001118,-28.485022,21.869452,-29.663399,0.051738,0.004139,-0.998652,-0.000667,0.003841,0.029063
761769.911335,-0.808345,-0.586434,-0.051698,0.587387,-0.809296,-0.004118,-0.039424,-0.033695,0.998654,-0.001337,-0.000294,0.007190,-28.487320,21.874826,-29.657227,0.051698,0.004118,-0.998654,-0.002427,-0.001021,0.027982
761769.921042,-0.808315,-0.586479,-0.051665,0.587430,-0.809265,-0.004079,-0.039419,-0.033647,0.998656,-0.001130,-0.008675,0.001045,-28.487320,21.874826,-29.657227,0.051706,0.004129,-0.998654,-0.000467,-0.001046,0.026089
761769.930748,-0.808315,-0.586479,-0.051665,0.587430,-0.809265,-0.004079,-0.039419,-0.033647,0.998656,0.001145,0.000970,0.003554,-28.487320,21.874826,-29.657227,0.051665,0.004079,-0.998656,-0.002379,-0.000966,0.026061
761769.940455,-0.808292,-0.586509,-0.051685,0.587458,-0.809245,-0.004023,-0.039466,-0.033615,0.998655,0.002303,0.004590,0.004802,-28.486557,21.878599,-29.655182,0.051685,0.004023,-0.998655,-0.002369,-0.001902,0.026045
761769.950162,-0.808271,-0.586537,-0.051701,0.587483,-0.809227,-0.003954,-0.039518,-0.033569,0.998655,0.007312,0.005929,-0.004914,-28.486557,21.878599,-29.655182,0.051744,0.003963,-0.998653,-0.002427,-0.001842,0.026042
761769.959868,-0.808271,-0.586537,-0.051701,0.587483,-0.809227,-0.003954,-0.039518,-0.033569,0.998655,-0.003728,-0.002725,0.004722,-28.486557,21.878599,-29.655182,0.051701,0.003954,-0.998655,-0.002445,0.000135,0.026075
761769.969574,-0.808276,-0.586538,-0.051602,0.587478,-0.809231,-0.003864,-0.039492,-0.033438,0.998660,0.002595,-0.009810,-0.000158,-28.484240,21.875349,-29.659803,0.051602,0.003864,-0.998660,-0.001218,-0.005679,0.026004
761769.979281,-0.808267,-0.586550,-0.051619,0.587488,-0.809224,-0.003803,-0.039540,-0.033399,0.998660,0.001181,-0.000226,0.002328,-28.484240,21.875349,-29.659803,0.051575,0.003762,-0.998662,-0.002274,-0.002633,0.030858
761769.988987,-0.808267,-0.586550,-0.051619,0.587488,-0.809224,-0.003803,-0.039540,-0.033399,0.998660,-0.008635,0.000835,-0.001382,-28.484240,21.875349,-29.659803,0.051619,0.003803,-0.998660,0.000612,-0.002689,0.027987
761769.998694,-0.808286,-0.586517,-0.051681,0.587455,-0.809248,-0.003752,-0.039623,-0.033393,0.998657,0.006157,0.002309,-0.006161,-28.488504,21.870413,-29.659348,0.051681,0.003752,-0.998657,0.000473,0.000292,0.028030
761770.008401,-0.808336,-0.586457,-0.051595,0.587397,-0.809290,-0.003881,-0.039479,-0.033444,0.998661,-0.004893,-0.001503,-0.002593,-28.486580,21.871124,-29.660669,0.051606,0.003864,-0.998660,-0.006317,0.002270,0.025104
761770.018107,-0.808336,-0.586457,-0.051595,0.587397,-0.809290,-0.003881,-0.039479,-0.033444,0.998661,-0.003539,-0.009904,-0.001415,-28.486580,21.871124,-29.660669,0.051595,0.003881,-0.998661,0.001551,-0.000859,0.031894
761770.027814,-0.808325,-0.586474,-0.051563,0.587413,-0.809278,-0.003863,-0.039464,-0.033411,0.998662,-0.002524,-0.000294,0.004740,-28.486580,21.871124,-29.660669,0.051563,0.003863,-0.998662,-0.002216,-0.003695,0.026983
761770.037521,-0.808331,-0.586479,-0.051413,0.587408,-0.809282,-0.003747,-0.039410,-0.033229,0.998670,0.002539,-0.009838,0.005934,-28.490562,21.872108,-29.656118,0.051489,0.003865,-0.998666,-0.002142,-0.003697,0.026986
761770.047226,-0.808331,-0.586479,-0.051413,0.587408,-0.809282,-0.003747,-0.039410,-0.033229,0.998670,0.009939,-0.000007,-0.009814,-28.490562,21.872108,-29.656118,0.051413,0.003747,-0.998670,-0.002097,-0.002602,0.027967
761770.056933,-0.808350,-0.586448,-0.051478,0.587377,-0.809305,-0.003702,-0.039491,-0.033229,0.998667,-0.000112,0.009421,-0.004942,-28.490562,21.872108,-29.656118,0.051478,0.003702,-0.998667,-0.002223,-0.000620,0.030894
761770.066640,-0.808382,-0.586402,-0.051492,0.587331,-0.809338,-0.003688,-0.039511,-0.033224,0.998667,-0.004948,0.000895,-0.000144,-28.494682,21.865927,-29.656717,0.051492,0.003768,-0.998666,-0.003244,0.000321,0.027032
761770.076346,-0.808382,-0.586402,-0.051492,0.587331,-0.809338,-0.003688,-0.039511,-0.033224,0.998667,0.002546,-0.002562,-0.004996,-28.494682,21.865927,-29.656717,0.051492,0.003688,-0.998667,0.000755,-0.002559,0.026071
761770.086053,-0.808363,-0.586427,-0.051498,0.587354,-0.809322,-0.003639,-0.039544,-0.033190,0.998666,-0.000055,0.000963,0.002324,-28.494682,21.865927,-29.656717,0.051498,0.003639,-0.998666,-0.001220,-0.001534,0.026071
761770.095760,-0.808379,-0.586401,-0.051556,0.587327,-0.809342,-0.003581,-0.039626,-0.033175,0.998664,-0.001189,0.000991,-0.006217,-28.494268,21.863138,-29.659172,0.051541,0.003569,-0.998664,-0.002240,-0.002425,0.028938
761770.105466,-0.808379,-0.586401,-0.051556,0.587327,-0.809342,-0.003581,-0.039626,-0.033175,0.998664,0.002605,-0.006169,-0.005017,-28.494268,21.863138,-29.659172,0.051556,0.003581,-0.998664,0.000599,0.000463,0.028037
761770.115173,-0.808441,-0.586316,-0.051548,0.587241,-0.809404,-0.003554,-0.039639,-0.033145,0.998664,0.002642,-0.002513,-0.013530,-28.494268,21.863138,-29.659172,0.051548,0.003554,-0.998664,0.000606,0.000489,0.028037
761770.124880,-0.808455,-0.586298,-0.051522,0.587225,-0.809416,-0.003619,-0.039581,-0.033180,0.998665,-0.000054,0.003389,-0.001319,-28.493362,21.858385,-29.663544,0.051575,0.003595,-0.998663,-0.000397,0.002478,0.023260
761770.134585,-0.808455,-0.586298,-0.051522,0.587225,-0.809416,-0.003619,-0.039581,-0.033180,0.998665,-0.000020,0.002193,-0.002545,-28.493362,21.858385,-29.663544,0.051522,0.003619,-0.998665,-0.004219,-0.000506,0.027977
761770.144293,-0.808456,-0.586297,-0.051522,0.587223,-0.809417,-0.003598,-0.039593,-0.033164,0.998665,0.003687,-0.001374,0.001113,-28.494640,21.856970,-29.663361,0.051522,0.003598,-0.998665,-0.000314,0.000461,0.026116
761770.153999,-0.808418,-0.586344,-0.051592,0.587276,-0.809379,-0.003681,-0.039599,-0.033275,0.998661,0.003558,0.002199,0.007230,-28.494640,21.856970,-29.663361,0.051555,0.003673,-0.998663,-0.000469,0.005314,0.025229
761770.163705,-0.808418,-0.586344,-0.051592,0.587276,-0.809379,-0.003681,-0.039599,-0.033275,0.998661,-0.008545,-0.003967,-0.001414,-28.494640,21.856970,-29.663361,0.051592,0.003681,-0.998661,-0.000338,-0.001591,0.027043
761770.173412,-0.808422,-0.586343,-0.051539,0.587275,-0.809379,-0.003723,-0.039531,-0.033277,0.998664,-0.000005,-0.003860,0.004734,-28.494087,21.860857,-29.661026,0.051539,0.003723,-0.998664,-0.002299,0.001374,0.025138
761770.183119,-0.808308,-0.586506,-0.051472,0.587443,-0.809256,-0.003909,-0.039361,-0.033397,0.998667,-0.002461,-0.005109,0.007143,-28.494087,21.860857,-29.661026,0.051486,0.003745,-0.998667,-0.003284,0.002328,0.027063
761770.192825,-0.808308,-0.586506,-0.051472,0.587443,-0.809256,-0.003909,-0.039361,-0.033397,0.998667,-0.009905,-0.000414,0.005907,-28.494087,21.860857,-29.661026,0.051472,0.003909,-0.998667,-0.001347,0.003110,0.028070
761770.202532,-0.808273,-0.586554,-0.051463,0.587492,-0.809221,-0.003931,-0.039339,-0.033412,0.998667,-0.003704,-0.002711,0.004711,-28.494963,21.864614,-29.657415,0.051463,0.003931,-0.998667,-0.001338,0.003088,0.028071
761770.212238,-0.808269,-0.586556,-0.051502,0.587494,-0.809219,-0.003891,-0.039394,-0.033402,0.998665,0.003663,-0.000170,0.002332,-28.494963,21.864614,-29.657415,0.051488,0.003904,-0.998666,-0.000280,-0.000852,0.030923
761770.221944,-0.808269,-0.586556,-0.051502,0.587494,-0.809219,-0.003891,-0.039394,-0.033402,0.998665,0.003610,0.002228,0.003565,-28.494963,21.864614,-29.657415,0.051502,0.003891,-0.998665,-0.002277,0.000168,0.029931
761770.231651,-0.808213,-0.586634,-0.051489,0.587571,-0.809163,-0.003885,-0.039384,-0.033394,0.998666,-0.001266,-0.003893,0.008377,-28.490553,21.875336,-29.653746,0.051489,0.003885,-0.998666,0.000650,0.000143,0.029962
761770.241358,-0.808140,-0.586728,-0.051573,0.587666,-0.809095,-0.003821,-0.039486,-0.033396,0.998662,0.006035,0.001038,0.008450,-28.488813,21.876251,-29.654743,0.051480,0.003844,-0.998667,-0.002225,-0.000762,0.030893
761770.251064,-0.808140,-0.586728,-0.051573,0.587666,-0.809095,-0.003821,-0.039486,-0.033396,0.998662,0.003531,0.007037,0.003593,-28.488813,21.876251,-29.654743,0.051573,0.003821,-0.998662,0.000566,0.001230,0.027089
761770.260771,-0.808125,-0.586742,-0.051640,0.587679,-0.809085,-0.003757,-0.039577,-0.033384,0.998659,0.004814,0.004660,0.002368,-28.488813,21.876251,-29.654743,0.051640,0.003757,-0.998659,-0.000355,-0.002628,0.026063
761770.270478,-0.808084,-0.586795,-0.051684,0.587728,-0.809050,-0.003617,-0.039693,-0.033299,0.998657,0.006064,0.003478,0.002368,-28.482567,21.879847,-29.658092,0.051698,0.003734,-0.998656,0.000441,0.000294,0.030928
761770.280184,-0.808084,-0.586795,-0.051684,0.587728,-0.809050,-0.003617,-0.039693,-0.033299,0.998657,0.005958,0.008274,0.004835,-28.482567,21.879847,-29.658092,0.051684,0.003617,-0.998657,-0.003375,-0.002472,0.028915
761770.289891,-0.808068,-0.586813,-0.051736,0.587746,-0.809037,-0.003586,-0.039752,-0.033305,0.998654,-0.001283,-0.000265,0.004741,-28.482567,21.879847,-29.658092,0.051736,0.003586,-0.998654,-0.003427,-0.002441,0.028913
761770.299597,-0.808087,-0.586795,-0.051645,0.587734,-0.809045,-0.003813,-0.039545,-0.033435,0.998658,-0.008542,-0.005175,0.001010,-28.476585,21.874792,-29.667561,0.051706,0.003704,-0.998655,-0.001551,0.002338,0.028044
761770.309303,-0.808087,-0.586795,-0.051645,0.587734,-0.809045,-0.003813,-0.039545,-0.033435,0.998658,-0.008527,-0.002743,-0.003852,-28.476585,21.874792,-29.667561,0.051645,0.003813,-0.998658,-0.003412,0.001253,0.028001
761770.319010,-0.808074,-0.586812,-0.051655,0.587749,-0.809035,-0.003736,-0.039598,-0.033380,0.998658,-0.003537,-0.011112,0.002224,-28.476585,21.874792,-29.667561,0.051655,0.003736,-0.998658,0.001567,-0.005690,0.040482
761770.328717,-0.808027,-0.586890,-0.051501,0.587828,-0.808976,-0.003893,-0.039378,-0.033420,0.998665,-0.007251,-0.009969,0.003418,-28.477192,21.879179,-29.663746,0.051514,0.004007,-0.998664,-0.001496,0.008963,0.020454
761770.338423,-0.808027,-0.586890,-0.051501,0.587828,-0.808976,-0.003893,-0.039378,-0.033420,0.998665,-0.002504,-0.002701,0.008366,-28.477192,21.879179,-29.663746,0.051501,0.003893,-0.998665,-0.001086,-0.005663,0.022149
761770.348130,-0.808005,-0.586915,-0.051561,0.587855,-0.808957,-0.003890,-0.039428,-0.033454,0.998662,0.007161,0.013133,0.001203,-28.477192,21.879179,-29.663746,0.051561,0.003890,-0.998662,-0.001253,0.002336,0.006871
