time,r0,r1,r2,r3,r4,r5,r6,r7,r8,wx,wy,wz,mx,my,mz,gx,gy,gz,ax,ay,az
762233.144125,0.999660,-0.000282,-0.026057,-0.000281,0.999767,-0.021591,0.026057,0.021591,0.999427,0.005369,0.004349,0.000007,0.000000,0.000000,0.000000,0.026057,0.021591,-0.999427,-0.004633,-0.001540,0.032585
762233.153832,0.999660,-0.000258,-0.026058,-0.000305,0.999767,-0.021585,0.026057,0.021586,0.999427,0.000495,0.000653,0.001175,0.000000,0.000000,0.000000,0.026058,0.021585,-0.999427,-0.001735,-0.000574,0.033592
762233.163538,0.999660,-0.000320,-0.026058,-0.000242,0.999768,-0.021557,0.026059,0.021556,0.999428,0.001774,0.001911,-0.004906,0.000000,0.000000,0.000000,0.026094,0.021581,-0.999427,-0.002748,0.001460,0.026862
762233.173244,0.999660,-0.000320,-0.026058,-0.000242,0.999768,-0.021557,0.026059,0.021556,0.999428,-0.000648,-0.002960,-0.001292,0.000000,0.000000,0.000000,0.026058,0.021557,-0.999428,0.000294,-0.001492,0.024925
762233.182951,0.999660,-0.000326,-0.026059,-0.000235,0.999768,-0.021534,0.026060,0.021532,0.999428,0.005409,0.001944,-0.000007,0.000000,0.000000,0.000000,0.026059,0.021534,-0.999428,-0.001675,-0.000446,0.023965
762233.192658,0.999644,-0.000320,-0.026664,-0.000239,0.999780,-0.020970,0.026665,0.020969,0.999424,-0.001929,0.001843,-0.003710,0.000000,0.000000,0.000000,0.026113,0.021554,-0.999427,-0.002493,-0.008339,0.026694
762233.202364,0.999644,-0.000320,-0.026664,-0.000239,0.999780,-0.020970,0.026665,0.020969,0.999424,0.000469,0.006703,-0.004886,0.000000,0.000000,0.000000,0.026664,0.020970,-0.999424,0.002679,-0.004918,0.032612
762233.212071,0.999643,-0.000362,-0.026707,-0.000196,0.999782,-0.020895,0.026708,0.020893,0.999425,0.003015,0.003151,-0.007330,0.000000,0.000000,0.000000,0.026707,0.020895,-0.999425,-0.000385,-0.000861,0.028768
762233.221778,0.999631,-0.000411,-0.027173,-0.000154,0.999783,-0.020814,0.027175,0.020811,0.999414,0.004149,0.003126,0.001211,0.000000,0.000000,0.000000,0.027143,0.020824,-0.999415,0.003070,-0.000850,0.031702
762233.231484,0.999631,-0.000411,-0.027173,-0.000154,0.999783,-0.020814,0.027175,0.020811,0.999414,-0.004379,0.000600,-0.002512,0.000000,0.000000,0.000000,0.027173,0.020814,-0.999414,0.003040,-0.000840,0.031702
762233.241191,0.999635,-0.000370,-0.026998,-0.000198,0.999778,-0.021051,0.027000,0.021048,0.999414,0.001579,0.005453,0.007306,0.000000,0.000000,0.000000,0.026998,0.021051,-0.999414,-0.002691,0.001990,0.025903
762233.250898,0.999646,-0.000361,-0.026609,-0.000202,0.999776,-0.021153,0.026611,0.021151,0.999422,0.000370,0.004231,0.007291,0.000000,0.000000,0.000000,0.027012,0.021004,-0.999414,-0.000690,-0.000954,0.027796
762233.260604,0.999646,-0.000361,-0.026609,-0.000202,0.999776,-0.021153,0.026611,0.021151,0.999422,-0.005540,-0.003027,-0.003760,0.000000,0.000000,0.000000,0.026609,0.021153,-0.999422,-0.005217,0.000896,0.029726
762233.270311,0.999652,-0.000379,-0.026391,-0.000178,0.999777,-0.021119,0.026393,0.021117,0.999429,0.006667,0.001974,-0.002438,0.000000,0.000000,0.000000,0.026391,0.021119,-0.999429,-0.003960,-0.001024,0.026803
762233.280018,0.999659,-0.000330,-0.026123,-0.000195,0.999798,-0.020089,0.026124,0.020088,0.999457,0.003208,-0.010097,-0.004968,0.000000,0.000000,0.000000,0.026232,0.020703,-0.999442,-0.001726,-0.005535,0.027731
762233.289724,0.999659,-0.000330,-0.026123,-0.000195,0.999798,-0.020089,0.026124,0.020088,0.999457,0.000445,0.000611,0.007271,0.000000,0.000000,0.000000,0.026123,0.020089,-0.999457,-0.002487,-0.008859,0.029593
762233.299431,0.999661,-0.000300,-0.026037,-0.000214,0.999805,-0.019738,0.026038,0.019737,0.999466,-0.003407,-0.002156,0.003731,0.000000,0.000000,0.000000,0.026037,0.019738,-0.999466,-0.001424,-0.006493,0.022888
762233.309138,0.999660,-0.000300,-0.026060,-0.000214,0.999805,-0.019732,0.026061,0.019731,0.999466,0.006360,0.004032,0.001388,0.000000,0.000000,0.000000,0.025978,0.019752,-0.999467,-0.001579,0.000344,0.023988
762233.318844,0.999662,-0.000308,-0.025993,-0.000207,0.999804,-0.019809,0.025994,0.019807,0.999466,0.001382,0.007558,0.001379,0.000000,0.000000,0.000000,0.026060,0.019732,-0.999466,-0.001661,0.000364,0.023987
762233.328551,0.999662,-0.000308,-0.025993,-0.000207,0.999804,-0.019809,0.025994,0.019807,0.999466,0.002770,0.000384,-0.002313,0.000000,0.000000,0.000000,0.025993,0.019809,-0.999466,-0.002601,0.001264,0.027832
762233.338258,0.999662,-0.000315,-0.025984,-0.000208,0.999798,-0.020113,0.025985,0.020111,0.999460,0.001526,0.000356,-0.001101,0.000000,0.000000,0.000000,0.025931,0.019836,-0.999467,-0.001563,0.000229,0.027833
762233.347964,0.999662,-0.000315,-0.025984,-0.000208,0.999798,-0.020113,0.025985,0.020111,0.999460,0.002768,0.000384,-0.002313,0.000000,0.000000,0.000000,0.025984,0.020113,-0.999460,-0.000746,0.004866,0.027918
762233.357671,0.999663,-0.000287,-0.025939,-0.000238,0.999795,-0.020225,0.025940,0.020224,0.999459,0.001521,-0.002069,0.002542,0.000000,0.000000,0.000000,0.025939,0.020225,-0.999459,-0.001632,0.001778,0.030739
762233.367378,0.999661,-0.000335,-0.026034,-0.000192,0.999795,-0.020239,0.026035,0.020237,0.999456,0.006318,0.008861,-0.002241,0.000000,0.000000,0.000000,0.026027,0.020205,-0.999457,-0.000667,-0.000171,0.028800
762233.377084,0.999661,-0.000335,-0.026034,-0.000192,0.999795,-0.020239,0.026035,0.020237,0.999456,0.001491,0.003977,-0.003518,0.000000,0.000000,0.000000,0.026034,0.020239,-0.999456,-0.000674,-0.000204,0.028799
762233.386791,0.999660,-0.000245,-0.026088,-0.000273,0.999803,-0.019870,0.026088,0.019870,0.999462,0.001470,-0.002096,0.007419,0.000000,0.000000,0.000000,0.026088,0.019870,-0.999462,0.000462,-0.008670,0.029629
762233.396498,0.999663,-0.000183,-0.025965,-0.000334,0.999802,-0.019914,0.025963,0.019916,0.999465,0.000216,0.002720,0.002562,0.000000,0.000000,0.000000,0.026098,0.019855,-0.999462,0.000453,-0.008655,0.029629
762233.406204,0.999663,-0.000183,-0.025965,-0.000334,0.999802,-0.019914,0.025963,0.019916,0.999465,-0.004638,-0.002178,0.003724,0.000000,0.000000,0.000000,0.025965,0.019914,-0.999465,-0.002558,0.000167,0.027815
762233.415911,0.999668,-0.000183,-0.025778,-0.000332,0.999800,-0.019993,0.025776,0.019995,0.999468,-0.000855,-0.004496,-0.001144,0.000000,0.000000,0.000000,0.025778,0.019993,-0.999468,-0.004339,0.001079,0.028780
762233.425618,0.999672,-0.000166,-0.025598,-0.000343,0.999802,-0.019875,0.025597,0.019877,0.999475,0.002753,0.004009,-0.005949,0.000000,0.000000,0.000000,0.025774,0.019842,-0.999471,-0.001268,-0.003653,0.023931
762233.435324,0.999672,-0.000166,-0.025598,-0.000343,0.999802,-0.019875,0.025597,0.019877,0.999475,-0.001008,0.001485,0.003767,0.000000,0.000000,0.000000,0.025598,0.019875,-0.999475,-0.005091,0.000282,0.022973
762233.445031,0.999671,-0.000147,-0.025636,-0.000356,0.999807,-0.019623,0.025634,0.019626,0.999479,0.005286,-0.001978,-0.003531,0.000000,0.000000,0.000000,0.025636,0.019623,-0.999479,0.000868,-0.006470,0.030622
762233.454738,0.999673,-0.000204,-0.025566,-0.000291,0.999813,-0.019353,0.025566,0.019354,0.999486,-0.003627,0.008589,-0.001034,0.000000,0.000000,0.000000,0.025596,0.019465,-0.999483,-0.003029,-0.005259,0.029649
762233.464444,0.999673,-0.000204,-0.025566,-0.000291,0.999813,-0.019353,0.025566,0.019354,0.999486,0.001602,-0.009358,-0.002327,0.000000,0.000000,0.000000,0.025566,0.019353,-0.999486,-0.000115,-0.003224,0.029744
762233.474151,0.999673,-0.000196,-0.025557,-0.000298,0.999813,-0.019332,0.025556,0.019333,0.999486,0.001364,0.002644,0.001400,0.000000,0.000000,0.000000,0.025557,0.019332,-0.999486,-0.000105,-0.003203,0.029745
762233.483858,0.999671,-0.000165,-0.025668,-0.000332,0.999812,-0.019368,0.025667,0.019370,0.999483,0.005005,0.003894,0.003868,0.000000,0.000000,0.000000,0.025643,0.019325,-0.999484,0.000679,0.000710,0.028827
762233.493564,0.999671,-0.000165,-0.025668,-0.000332,0.999812,-0.019368,0.025667,0.019370,0.999483,0.001475,-0.003359,0.000146,0.000000,0.000000,0.000000,0.025668,0.019368,-0.999483,0.000638,0.001674,0.027879
762233.503271,0.999668,-0.000184,-0.025763,-0.000318,0.999810,-0.019466,0.025761,0.019468,0.999479,-0.002273,0.002613,-0.003499,0.000000,0.000000,0.000000,0.025763,0.019466,-0.999479,0.001520,0.001530,0.031751
762233.512977,0.999667,-0.000269,-0.025807,-0.000233,0.999811,-0.019459,0.025807,0.019458,0.999478,0.006284,0.007578,-0.005856,0.000000,0.000000,0.000000,0.025807,0.019459,-0.999478,-0.001408,0.000637,0.023998
762233.522683,0.999667,-0.000307,-0.025799,-0.000192,0.999813,-0.019318,0.025800,0.019317,0.999480,0.002754,-0.002101,-0.005935,0.000000,0.000000,0.000000,0.025799,0.019318,-0.999480,-0.000301,-0.004182,0.028747
762233.532390,0.999667,-0.000344,-0.025815,-0.000150,0.999817,-0.019118,0.025817,0.019116,0.999484,0.006384,-0.000859,-0.002248,0.000000,0.000000,0.000000,0.025815,0.019118,-0.999484,-0.000287,-0.004943,0.027758
762233.542097,0.999665,-0.000460,-0.025873,-0.000038,0.999815,-0.019243,0.025877,0.019238,0.999480,0.001544,-0.003323,-0.005949,0.000000,0.000000,0.000000,0.025834,0.019164,-0.999483,0.000442,0.001832,0.032701
762233.551803,0.999665,-0.000460,-0.025873,-0.000038,0.999815,-0.019243,0.025877,0.019238,0.999480,-0.003541,0.004998,-0.003493,0.000000,0.000000,0.000000,0.025873,0.019243,-0.999480,-0.000528,0.000792,0.029799
762233.561510,0.999665,-0.000459,-0.025893,-0.000040,0.999814,-0.019266,0.025897,0.019261,0.999479,-0.002240,-0.001007,-0.001082,0.000000,0.000000,0.000000,0.025893,0.019266,-0.999479,-0.000548,0.000769,0.029798
762233.571217,0.999669,-0.000533,-0.025738,0.000038,0.999815,-0.019221,0.025744,0.019214,0.999484,0.000300,-0.003351,-0.004738,0.000000,0.000000,0.000000,0.025832,0.019319,-0.999480,-0.002440,0.000731,0.031691
762233.580923,0.999669,-0.000533,-0.025738,0.000038,0.999815,-0.019221,0.025744,0.019214,0.999484,0.005252,-0.006891,-0.002290,0.000000,0.000000,0.000000,0.025738,0.019221,-0.999484,-0.001279,-0.003078,0.029727
762233.590630,0.999669,-0.000587,-0.025736,0.000090,0.999814,-0.019290,0.025742,0.019282,0.999483,-0.002179,-0.002189,-0.004746,0.000000,0.000000,0.000000,0.025736,0.019290,-0.999483,0.000570,0.000745,0.029802
762233.600337,0.999670,-0.000577,-0.025668,0.000088,0.999819,-0.019038,0.025675,0.019030,0.999489,0.000127,-0.005882,0.008687,0.000000,0.000000,0.000000,0.025710,0.019172,-0.999486,-0.000197,-0.004005,0.025868
762233.610043,0.999670,-0.000577,-0.025668,0.000088,0.999819,-0.019038,0.025675,0.019030,0.999489,0.002748,-0.002124,-0.010782,0.000000,0.000000,0.000000,0.025668,0.019038,-0.999489,-0.001163,-0.003886,0.028740
762233.619750,0.999669,-0.000624,-0.025709,0.000134,0.999819,-0.019048,0.025717,0.019038,0.999488,0.002752,-0.005758,-0.005926,0.000000,0.000000,0.000000,0.025709,0.019048,-0.999488,0.001634,0.001002,0.025001
762233.629457,0.999672,-0.000646,-0.025613,0.000154,0.999815,-0.019210,0.025621,0.019200,0.999487,-0.004755,-0.002308,0.000145,0.000000,0.000000,0.000000,0.025654,0.019144,-0.999488,-0.001317,0.000875,0.032675
762233.639163,0.999672,-0.000646,-0.025613,0.000154,0.999815,-0.019210,0.025621,0.019200,0.999487,-0.002256,-0.004672,0.000146,0.000000,0.000000,0.000000,0.025613,0.019210,-0.999487,-0.001275,0.000810,0.032675
762233.648870,0.999672,-0.000699,-0.025601,0.000207,0.999815,-0.019223,0.025610,0.019212,0.999487,0.005059,0.002692,-0.004644,0.000000,0.000000,0.000000,0.025601,0.019223,-0.999487,-0.001248,0.000827,0.029791
762233.658577,0.999671,-0.000740,-0.025622,0.000248,0.999815,-0.019209,0.025631,0.019196,0.999487,0.004951,0.005061,0.001466,0.000000,0.000000,0.000000,0.025609,0.019198,-0.999488,-0.001256,0.000852,0.029792
762233.668283,0.999671,-0.000740,-0.025622,0.000248,0.999815,-0.019209,0.025631,0.019196,0.999487,0.005131,-0.000908,-0.005883,0.000000,0.000000,0.000000,0.025622,0.019209,-0.999487,-0.000246,0.000857,0.025946
762233.677990,0.999673,-0.000702,-0.025569,0.000211,0.999815,-0.019212,0.025578,0.019200,0.999488,0.002560,-0.003430,0.007497,0.000000,0.000000,0.000000,0.025569,0.019212,-0.999488,-0.001216,0.000838,0.029792
762233.687697,0.999673,-0.000657,-0.025553,0.000171,0.999819,-0.019014,0.025561,0.019004,0.999493,0.003886,-0.003361,-0.001029,0.000000,0.000000,0.000000,0.025509,0.019127,-0.999492,-0.001049,-0.002984,0.029735
762233.697403,0.999673,-0.000657,-0.025553,0.000171,0.999819,-0.019014,0.025561,0.019004,0.999493,0.002577,-0.000998,0.002635,0.000000,0.000000,0.000000,0.025553,0.019014,-0.999493,-0.000071,-0.003878,0.029736
762233.707110,0.999674,-0.000725,-0.025515,0.000243,0.999821,-0.018917,0.025524,0.018904,0.999495,-0.000905,-0.009440,-0.003532,0.000000,0.000000,0.000000,0.025515,0.018917,-0.999495,0.000013,-0.003734,0.023955
762233.716817,0.999677,-0.000712,-0.025407,0.000255,0.999839,-0.017956,0.025416,0.017944,0.999516,0.008873,-0.005678,-0.002231,0.000000,0.000000,0.000000,0.025434,0.018044,-0.999514,-0.001981,-0.032189,0.012835
762233.726523,0.999677,-0.000712,-0.025407,0.000255,0.999839,-0.017956,0.025416,0.017944,0.999516,0.008733,0.000312,0.001461,0.000000,0.000000,0.000000,0.025407,0.017956,-0.999516,-0.001954,-0.032101,0.012837
762233.736230,0.999674,-0.000659,-0.025514,0.000226,0.999856,-0.016943,0.025521,0.016932,0.999531,-0.008497,-0.002409,0.007437,0.000000,0.000000,0.000000,0.025514,0.016943,-0.999531,0.002975,-0.042151,0.033955
762233.745937,0.999677,-0.000677,-0.025408,0.000222,0.999840,-0.017882,0.025416,0.017871,0.999517,-0.007190,-0.002355,0.001349,0.000000,0.000000,0.000000,0.025423,0.016407,-0.999542,-0.002290,-0.023838,0.032242
762233.755643,0.999677,-0.000677,-0.025408,0.000222,0.999840,-0.017882,0.025416,0.017871,0.999517,-0.001153,0.007399,-0.004653,0.000000,0.000000,0.000000,0.025408,0.017882,-0.999517,-0.002505,0.057252,0.026846
762233.765350,0.999676,-0.000688,-0.025425,0.000201,0.999816,-0.019163,0.025434,0.019152,0.999493,-0.007340,0.000014,0.007458,0.000000,0.000000,0.000000,0.025425,0.019163,-0.999493,-0.000386,0.050096,0.021923
762233.775057,0.999679,-0.000604,-0.025345,0.000112,0.999812,-0.019407,0.025352,0.019398,0.999490,-0.001025,-0.004662,-0.005914,0.000000,0.000000,0.000000,0.025374,0.019671,-0.999484,-0.001478,0.020108,0.022403
762233.784763,0.999679,-0.000604,-0.025345,0.000112,0.999812,-0.019407,0.025352,0.019398,0.999490,-0.001285,0.001266,0.008750,0.000000,0.000000,0.000000,0.025345,0.019407,-0.999490,-0.001617,-0.012113,0.032449
762233.794469,0.999675,-0.000562,-0.025474,0.000083,0.999824,-0.018787,0.025480,0.018779,0.999499,-0.007528,0.010812,0.003892,0.000000,0.000000,0.000000,0.025474,0.018787,-0.999499,0.001595,-0.028263,0.036074
762233.804176,0.999672,-0.000611,-0.025594,0.000149,0.999837,-0.018039,0.025601,0.018029,0.999510,0.002692,-0.005807,-0.004679,0.000000,0.000000,0.000000,0.025664,0.018071,-0.999507,0.007417,-0.031514,0.030300
762233.813882,0.999672,-0.000611,-0.025594,0.000149,0.999837,-0.018039,0.025601,0.018029,0.999510,0.003881,-0.005808,-0.001014,0.000000,0.000000,0.000000,0.025594,0.018039,-0.999510,0.007487,-0.031482,0.030302
762233.823590,0.409346,-0.912021,-0.025583,0.911981,0.409835,-0.018075,0.026969,-0.015932,0.999509,-0.003606,-0.003559,0.005050,12.593690,26.809311,-31.244282,0.025583,0.018075,-0.999509,-0.002618,-0.018609,0.031370
762233.833296,0.409277,-0.912050,-0.025646,0.912014,0.409766,-0.017958,0.026888,-0.016040,0.999510,0.003794,-0.002215,0.001445,12.593690,26.809311,-31.244282,0.025566,0.018037,-0.999510,-0.002983,-0.001786,0.020079
762233.843002,0.409277,-0.912050,-0.025646,0.912014,0.409766,-0.017958,0.026888,-0.016040,0.999510,0.009842,0.009959,-0.006981,12.593690,26.809311,-31.244282,0.025646,0.017958,-0.999510,-0.002499,0.012971,0.024183
762233.852709,0.409243,-0.912066,-0.025608,0.912028,0.409732,-0.018017,0.026925,-0.015982,0.999510,0.004992,0.003851,-0.004608,12.593610,26.807562,-31.245808,0.025608,0.018017,-0.999510,-0.004185,0.004063,0.025953
762233.862416,0.409217,-0.912075,-0.025701,0.912040,0.409708,-0.017980,0.026929,-0.016083,0.999508,0.001073,0.008523,0.008807,12.590184,26.809105,-31.245867,0.025617,0.017985,-0.999510,-0.001813,-0.012644,0.031477
762233.872122,0.409217,-0.912075,-0.025701,0.912040,0.409708,-0.017980,0.026929,-0.016083,0.999508,0.003799,0.007486,-0.013128,12.590184,26.809105,-31.245867,0.025701,0.017980,-0.999508,-0.002630,-0.021444,0.026501
762233.881829,0.409236,-0.912067,-0.025672,0.912031,0.409727,-0.018009,0.026944,-0.016044,0.999508,-0.003574,-0.004756,0.003824,12.590184,26.809105,-31.245867,0.025672,0.018009,-0.999508,0.000451,-0.024403,0.022640
762233.891536,0.409207,-0.912081,-0.025624,0.912054,0.409690,-0.017615,0.026564,-0.016163,0.999516,-0.002396,0.000087,0.001421,12.592515,26.809864,-31.244276,0.025638,0.018032,-0.999509,0.000485,-0.024426,0.022641
762233.901242,0.409207,-0.912081,-0.025624,0.912054,0.409690,-0.017615,0.026564,-0.016163,0.999516,-0.004717,0.001325,-0.011997,12.592515,26.809864,-31.244276,0.025624,0.017615,-0.999516,-0.000630,-0.019110,0.023686
762233.910949,0.408955,-0.912197,-0.025525,0.912167,0.409437,-0.017678,0.026577,-0.016054,0.999518,-0.006566,-0.016591,-0.040157,12.592515,26.809864,-31.244276,0.025525,0.017678,-0.999518,-0.002790,-0.010369,0.032462
762233.920656,0.409139,-0.912125,-0.025162,0.912088,0.409612,-0.017718,0.026467,-0.015701,0.999526,-0.008091,-0.032531,0.004872,12.572263,26.805889,-31.255838,0.025187,0.017771,-0.999525,-0.175273,0.024907,0.027204
762233.930362,0.409139,-0.912125,-0.025162,0.912088,0.409612,-0.017718,0.026467,-0.015701,0.999526,0.006917,0.007244,0.034459,12.572263,26.805889,-31.255838,0.025162,0.017718,-0.999526,-0.157197,0.007078,0.027114
762233.940069,0.409305,-0.912046,-0.025341,0.912013,0.409781,-0.017644,0.026476,-0.015890,0.999523,0.005830,0.014569,0.011330,12.572263,26.805889,-31.255838,0.025341,0.017644,-0.999523,-0.239849,-0.013478,0.024853
762233.949776,0.409171,-0.912114,-0.025048,0.912078,0.409638,-0.017585,0.026300,-0.015650,0.999532,0.001597,-0.013047,-0.009586,12.584152,26.797701,-31.258074,0.025263,0.017643,-0.999525,-0.232447,-0.034290,0.036161
762233.959482,0.409171,-0.912114,-0.025048,0.912078,0.409638,-0.017585,0.026300,-0.015650,0.999532,0.006656,-0.018958,-0.013248,12.584152,26.797701,-31.258074,0.025048,0.017585,-0.999532,-0.230019,-0.039023,0.018773
762233.969189,0.409100,-0.912144,-0.025115,0.912111,0.409568,-0.017525,0.026272,-0.015738,0.999531,0.008468,0.014700,-0.004504,12.571404,26.797451,-31.263418,0.025115,0.017525,-0.999531,-0.223296,-0.039101,0.025593
762233.978896,0.408534,-0.912400,-0.025027,0.912368,0.408998,-0.017445,0.026153,-0.015707,0.999535,0.006473,0.003984,-0.030183,12.571404,26.797451,-31.263418,0.025193,0.017449,-0.999530,-0.223374,-0.039025,0.025592
762233.988602,0.408534,-0.912400,-0.025027,0.912368,0.408998,-0.017445,0.026153,-0.015707,0.999535,0.002036,-0.021311,-0.036455,12.571404,26.797451,-31.263418,0.025027,0.017445,-0.999535,-0.225222,-0.037038,0.024635
762233.998309,0.408234,-0.912539,-0.024863,0.912507,0.408693,-0.017379,0.026021,-0.015593,0.999540,0.010412,-0.010376,-0.031463,12.552401,26.801327,-31.267733,0.024863,0.017379,-0.999540,-0.216330,-0.033081,0.019987
762234.008016,0.407940,-0.912673,-0.024754,0.912641,0.408395,-0.017320,0.025917,-0.015526,0.999544,0.005170,-0.003347,-0.013164,12.552401,26.801327,-31.267733,0.024833,0.017313,-0.999542,-0.209663,-0.026270,0.024032
762234.017722,0.407940,-0.912673,-0.024754,0.912641,0.408395,-0.017320,0.025917,-0.015526,0.999544,-0.003308,-0.013122,-0.010835,12.552401,26.801327,-31.267733,0.024754,0.017320,-0.999544,-0.202855,-0.024445,0.031862
762234.027429,0.407846,-0.912720,-0.024568,0.912686,0.408296,-0.017287,0.025809,-0.015373,0.999549,0.004169,-0.019012,-0.010825,12.526583,26.805130,-31.274826,0.024568,0.017287,-0.999549,-0.210390,-0.026213,0.023062
762234.037136,0.407798,-0.912752,-0.024183,0.912718,0.408235,-0.017059,0.025443,-0.015115,0.999562,0.015129,-0.016459,-0.004647,12.526583,26.805130,-31.274826,0.024384,0.017174,-0.999555,-0.271805,-0.021385,0.013761
762234.046842,0.407798,-0.912752,-0.024183,0.912718,0.408235,-0.017059,0.025443,-0.015115,0.999562,0.007700,-0.020244,0.005040,12.526583,26.805130,-31.274826,0.024183,0.017059,-0.999562,-0.282483,-0.022354,0.038686
762234.056549,0.408137,-0.912605,-0.024019,0.912567,0.408570,-0.017100,0.025419,-0.014939,0.999565,-0.006373,-0.015893,0.046434,12.504190,26.798992,-31.289042,0.024019,0.017100,-0.999565,-0.285402,-0.012340,0.018593
762234.066256,0.409455,-0.912020,-0.023807,0.911986,0.409878,-0.016789,0.025070,-0.014837,0.999576,0.017837,-0.014480,0.075867,12.504190,26.798992,-31.289042,0.023867,0.016966,-0.999571,-0.285250,-0.012205,0.018599
762234.075962,0.409455,-0.912020,-0.023807,0.911986,0.409878,-0.016789,0.025070,-0.014837,0.999576,0.011582,-0.009786,0.078295,12.504190,26.798992,-31.289042,0.023807,0.016789,-0.999576,-0.294788,-0.014790,0.007831
762234.085669,0.410143,-0.911712,-0.023734,0.911680,0.410563,-0.016674,0.024946,-0.014799,0.999579,0.011665,-0.009745,0.070980,12.539811,26.769299,-31.300203,0.023734,0.016674,-0.999579,-0.292929,-0.015896,0.033866
762234.095376,0.410844,-0.911404,-0.023460,0.911375,0.411252,-0.016352,0.024551,-0.014663,0.999591,0.017000,-0.021576,0.051434,12.563719,26.750845,-31.306393,0.023575,0.016510,-0.999586,-0.291626,-0.020615,0.029935
762234.105082,0.410844,-0.911404,-0.023460,0.911375,0.411252,-0.016352,0.024551,-0.014663,0.999591,0.016033,-0.008128,0.008834,12.563719,26.750845,-31.306393,0.023460,0.016352,-0.999591,-0.277763,-0.021571,0.024295
762234.114789,0.410827,-0.911414,-0.023354,0.911386,0.411231,-0.016258,0.024422,-0.014605,0.999595,0.007601,-0.010605,-0.003423,12.563719,26.750845,-31.306393,0.023354,0.016258,-0.999595,-0.265221,-0.012795,0.027473
762234.124496,0.410435,-0.911602,-0.022915,0.911573,0.410825,-0.016066,0.024060,-0.014295,0.999608,0.005516,-0.022579,-0.019356,12.560009,26.734848,-31.321541,0.023144,0.016202,-0.999601,-0.227718,-0.016003,0.016309
762234.134202,0.410435,-0.911602,-0.022915,0.911573,0.410825,-0.016066,0.024060,-0.014295,0.999608,0.014256,-0.021158,-0.032707,12.560009,26.734848,-31.321541,0.022915,0.016066,-0.999608,-0.201168,-0.014220,0.018575
762234.143909,0.410296,-0.911669,-0.022742,0.911640,0.410681,-0.015936,0.023868,-0.014194,0.999614,0.016390,-0.016433,-0.010720,12.560009,26.734848,-31.321541,0.022742,0.015936,-0.999614,-0.136786,-0.004034,0.019481
762234.153616,0.410011,-0.911808,-0.022271,0.911781,0.410380,-0.015612,0.023375,-0.013905,0.999630,0.021255,-0.016380,-0.005813,12.527382,26.729008,-31.339588,0.022614,0.015719,-0.999621,-0.172501,-0.018237,0.030413
762234.163322,0.410011,-0.911808,-0.022271,0.911781,0.410380,-0.015612,0.023375,-0.013905,0.999630,0.007100,-0.035716,-0.031617,12.527382,26.729008,-31.339588,0.022271,0.015612,-0.999630,-0.172158,-0.018130,0.030422
762234.173029,0.409655,-0.911973,-0.022069,0.911942,0.410020,-0.015662,0.023332,-0.013709,0.999634,-0.001726,-0.014146,-0.043735,12.527382,26.729008,-31.339588,0.022069,0.015662,-0.999634,-0.168935,-0.022193,0.036163
762234.182735,0.408925,-0.912312,-0.021587,0.912283,0.409274,-0.015306,0.022799,-0.013435,0.999650,0.016758,-0.018672,-0.039993,12.482390,26.732653,-31.354427,0.021905,0.015528,-0.999639,-0.136346,-0.023188,0.011465
762234.192441,0.408925,-0.912312,-0.021587,0.912283,0.409274,-0.015306,0.022799,-0.013435,0.999650,0.021835,-0.028209,-0.040019,12.482390,26.732653,-31.354427,0.021587,0.015306,-0.999650,-0.150799,-0.020891,0.019044
762234.202148,0.408599,-0.912464,-0.021365,0.912435,0.408940,-0.015140,0.022552,-0.013308,0.999657,0.019216,-0.021057,-0.036334,12.453472,26.730335,-31.367899,0.021365,0.015140,-0.999657,-0.138415,-0.006321,0.040657
762234.211855,0.408307,-0.912606,-0.020851,0.912577,0.408634,-0.014883,0.022103,-0.012951,0.999672,0.008031,-0.022511,-0.024218,12.453472,26.730335,-31.367899,0.021160,0.015041,-0.999663,-0.145153,0.002827,0.023390
762234.221561,0.408307,-0.912606,-0.020851,0.912577,0.408634,-0.014883,0.022103,-0.012951,0.999672,0.017747,-0.030897,-0.001043,12.453472,26.730335,-31.367899,0.020851,0.014883,-0.999672,-0.140205,0.011789,0.022621
762234.231268,0.408232,-0.912646,-0.020577,0.912618,0.408550,-0.014683,0.021807,-0.012785,0.999680,0.021465,-0.027196,-0.011954,12.412098,26.725231,-31.388641,0.020577,0.014683,-0.999680,-0.146981,0.016857,0.035157
762234.240975,0.407624,-0.912930,-0.020042,0.912901,0.407927,-0.014392,0.021314,-0.012430,0.999696,0.009290,-0.027337,-0.023001,12.412098,26.725231,-31.388641,0.020295,0.014582,-0.999688,-0.146699,0.016958,0.035164
762234.250681,0.407624,-0.912930,-0.020042,0.912901,0.407927,-0.014392,0.021314,-0.012430,0.999696,0.021894,-0.022130,-0.057033,12.412098,26.725231,-31.388641,0.020042,0.014392,-0.999696,-0.113212,0.023877,0.008698
762234.260388,0.406752,-0.913325,-0.019762,0.913298,0.407047,-0.014156,0.020973,-0.012290,0.999704,0.026184,-0.024190,-0.107008,12.366530,26.718822,-31.412071,0.019762,0.014156,-0.999704,-0.094423,0.022816,0.021418
762234.270095,0.403464,-0.914796,-0.019136,0.914767,0.403742,-0.013912,0.020453,-0.011892,0.999720,0.013347,-0.025275,-0.166836,12.366530,26.718822,-31.412071,0.019494,0.013987,-0.999712,-0.078850,0.032553,0.031405
762234.279801,0.403464,-0.914796,-0.019136,0.914767,0.403742,-0.013912,0.020453,-0.011892,0.999720,0.014023,-0.028571,-0.221717,12.366530,26.718822,-31.412071,0.019136,0.013912,-0.999720,-0.070573,0.028614,0.030467
762234.289508,0.401194,-0.915799,-0.018855,0.915771,0.401465,-0.013743,0.020155,-0.011753,0.999728,0.023017,-0.025809,-0.259442,12.217844,26.757130,-31.437639,0.018855,0.013743,-0.999728,-0.055445,0.023748,0.023837
762234.299215,0.395585,-0.918249,-0.018191,0.918218,0.395841,-0.013594,0.019683,-0.011326,0.999742,0.013769,-0.034159,-0.299783,12.217844,26.757130,-31.437639,0.018504,0.013624,-0.999736,-0.088053,0.015429,0.019450
762234.308921,0.395585,-0.918249,-0.018191,0.918218,0.395841,-0.013594,0.019683,-0.011326,0.999742,0.006607,-0.028109,-0.327833,12.217844,26.757130,-31.437639,0.018191,0.013594,-0.999742,-0.107241,0.011721,0.024950
762234.318628,0.392473,-0.919591,-0.017816,0.919557,0.392722,-0.013605,0.019508,-0.011043,0.999749,0.004371,-0.031674,-0.342498,11.960972,26.846188,-31.460489,0.017816,0.013605,-0.999749,-0.106866,0.011709,0.024956
762234.328335,0.386399,-0.922167,-0.017409,0.922135,0.386638,-0.013377,0.019067,-0.010885,0.999759,0.023724,-0.013327,-0.339835,11.810931,26.902294,-31.469242,0.017594,0.013464,-0.999755,-0.139756,0.008280,0.025481
762234.338041,0.386399,-0.922167,-0.017409,0.922135,0.386638,-0.013377,0.019067,-0.010885,0.999759,0.011178,-0.016081,-0.314323,11.810931,26.902294,-31.469242,0.017409,0.013377,-0.999759,-0.115371,0.009862,0.051822
762234.347748,0.383547,-0.923362,-0.017139,0.923326,0.383781,-0.013435,0.018983,-0.010671,0.999763,-0.000970,-0.027119,-0.312023,11.810931,26.902294,-31.469242,0.017139,0.013435,-0.999763,-0.107425,0.016640,0.045265
762234.357455,0.377888,-0.925700,-0.016741,0.925665,0.378113,-0.013244,0.018590,-0.010492,0.999772,0.013467,-0.014914,-0.300891,11.537074,27.004728,-31.483095,0.016924,0.013395,-0.999767,-0.088152,0.011981,-0.006626
762234.367161,0.377888,-0.925700,-0.016741,0.925665,0.378113,-0.013244,0.018590,-0.010492,0.999772,0.014893,-0.018432,-0.313095,11.537074,27.004728,-31.483095,0.016741,0.013244,-0.999772,-0.089038,0.007981,0.022218
762234.376868,0.374990,-0.926932,-0.013389,0.926866,0.375156,-0.013354,0.017401,-0.007403,0.999821,0.006303,-0.017400,-0.316799,11.537074,27.004728,-31.483095,0.013389,0.013354,-0.999821,-0.075905,0.002698,0.039647
762234.386575,0.368980,-0.929346,-0.013006,0.929281,0.369138,-0.013184,0.017053,-0.007222,0.999829,0.016206,-0.019631,-0.321610,11.167962,27.103848,-31.530985,0.013162,0.013265,-0.999825,-0.063928,0.004694,0.031152
762234.396281,0.368980,-0.929346,-0.013006,0.929281,0.369138,-0.013184,0.017053,-0.007222,0.999829,0.013598,-0.006411,-0.327644,11.167962,27.103848,-31.530985,0.013006,0.013184,-0.999829,-0.059698,-0.004166,0.038754
762234.405988,0.365895,-0.930568,-0.012800,0.930501,0.366051,-0.013224,0.016991,-0.007072,0.999831,-0.003381,-0.018698,-0.331477,11.167962,27.103848,-31.530985,0.012800,0.013224,-0.999831,-0.059492,-0.004206,0.038756
762234.415695,0.359811,-0.932971,-0.010036,0.932894,0.359920,-0.012931,0.015677,-0.004709,0.999866,-0.003599,-0.007897,-0.327757,10.886830,27.206839,-31.540604,0.012641,0.013319,-0.999831,-0.059104,-0.009123,0.026153
762234.425401,0.359811,-0.932971,-0.010036,0.932894,0.359920,-0.012931,0.015677,-0.004709,0.999866,-0.001182,-0.004280,-0.328940,10.886830,27.206839,-31.540604,0.010036,0.012931,-0.999866,-0.061290,-0.010551,0.017414
762234.435108,0.356781,-0.934135,-0.009914,0.934056,0.356889,-0.013006,0.015688,-0.004620,0.999866,-0.004808,-0.011583,-0.324128,10.670746,27.247082,-31.579687,0.009914,0.013006,-0.999866,-0.048549,-0.007849,0.019535
762234.444815,0.353742,-0.935292,-0.009823,0.935212,0.353849,-0.013026,0.015659,-0.004579,0.999867,0.004979,-0.006597,-0.326478,10.670746,27.247082,-31.579687,0.009823,0.013026,-0.999867,-0.024044,-0.009196,0.027516
762234.454521,0.350722,-0.936430,-0.009695,0.936349,0.350827,-0.013088,0.015657,-0.004488,0.999867,-0.007395,-0.008051,-0.318027,10.670746,27.247082,-31.579687,0.009695,0.013088,-0.999867,-0.007346,-0.009487,0.032521
762234.464228,0.347869,-0.937489,-0.010062,0.937412,0.347980,-0.012968,0.015659,-0.004921,0.999865,-0.003993,-0.002069,-0.300902,10.398406,27.351473,-31.580292,0.010062,0.012968,-0.999865,0.010781,-0.005583,0.025088
762234.473935,0.345082,-0.938520,-0.009979,0.938441,0.345192,-0.013050,0.015692,-0.004861,0.999865,-0.002805,-0.002069,-0.297237,10.398406,27.351473,-31.580292,0.009979,0.013050,-0.999865,0.010941,-0.009617,0.027911
762234.483641,0.342252,-0.939557,-0.009793,0.939478,0.342360,-0.013093,0.015654,-0.004719,0.999866,-0.007400,-0.020172,-0.299810,10.398406,27.351473,-31.580292,0.009793,0.013093,-0.999866,0.001514,-0.016480,0.032520
762234.493348,0.339706,-0.940482,-0.009614,0.940401,0.339812,-0.013185,0.015667,-0.004562,0.999867,-0.003097,-0.009491,-0.260705,10.157921,27.441637,-31.580341,0.009614,0.013185,-0.999867,0.001693,-0.016573,0.032521
762234.503055,0.335530,-0.941982,-0.009472,0.941900,0.335634,-0.013183,0.015597,-0.004498,0.999868,0.006254,0.000123,-0.231330,10.157921,27.441637,-31.580341,0.009554,0.013150,-0.999868,-0.000002,-0.018323,0.014150
762234.512761,0.335530,-0.941982,-0.009472,0.941900,0.335634,-0.013183,0.015597,-0.004498,0.999868,-0.002647,-0.007441,-0.194851,10.157921,27.441637,-31.580341,0.009472,0.013183,-0.999868,-0.011577,-0.021179,0.016851
762234.522468,0.333961,-0.942540,-0.009358,0.942460,0.334062,-0.013062,0.015438,-0.004458,0.999871,0.014205,-0.010979,-0.156973,9.954281,27.514210,-31.582041,0.009358,0.013062,-0.999871,-0.031438,-0.006119,0.020730
762234.532174,0.331610,-0.943372,-0.009159,0.943291,0.331709,-0.013068,0.015366,-0.004306,0.999873,0.006508,-0.008807,-0.132693,9.954281,27.514210,-31.582041,0.009259,0.012997,-0.999873,-0.014111,0.001407,0.043208
762234.541880,0.331610,-0.943372,-0.009159,0.943291,0.331709,-0.013068,0.015366,-0.004306,0.999873,-0.008529,-0.007980,-0.109613,9.954281,27.514210,-31.582041,0.009159,0.013068,-0.999873,-0.025593,-0.002448,0.040125
762234.551587,0.330675,-0.943701,-0.009091,0.943620,0.330773,-0.013059,0.015331,-0.004260,0.999873,0.004808,-0.005428,-0.096106,9.831517,27.550522,-31.588842,0.009091,0.013059,-0.999873,-0.001141,0.009448,-0.005650
762234.561294,0.328845,-0.944342,-0.008919,0.944260,0.328940,-0.013121,0.015325,-0.004107,0.999874,-0.003793,-0.004354,-0.098590,9.788783,27.563129,-31.591114,0.009048,0.013045,-0.999874,0.012238,0.011919,0.035992
762234.571000,0.328845,-0.944342,-0.008919,0.944260,0.328940,-0.013121,0.015325,-0.004107,0.999874,-0.008587,-0.012858,-0.097449,9.788783,27.563129,-31.591114,0.008919,0.013121,-0.999874,0.012367,0.011842,0.035992
762234.580707,0.328208,-0.944555,-0.009817,0.944470,0.328319,-0.013556,0.016027,-0.004823,0.999860,0.004305,-0.004456,-0.053429,9.788783,27.563129,-31.591114,0.009817,0.013556,-0.999860,0.021387,0.009470,0.019681
762234.590414,0.328061,-0.944605,-0.009850,0.944518,0.328173,-0.013680,0.016155,-0.004816,0.999858,-0.003719,0.012068,-0.020461,9.748711,27.601791,-31.569744,0.009863,0.013569,-0.999859,0.026392,0.002499,0.023480
762234.600120,0.328061,-0.944605,-0.009850,0.944518,0.328173,-0.013680,0.016155,-0.004816,0.999858,-0.008997,-0.001530,0.030636,9.748711,27.601791,-31.569744,0.009850,0.013680,-0.999858,0.014564,0.001380,0.041636
762234.609827,0.328713,-0.944378,-0.009911,0.944292,0.328827,-0.013615,0.016117,-0.004883,0.999858,0.008770,0.005704,0.080774,9.748711,27.601791,-31.569744,0.009911,0.013615,-0.999858,0.000740,-0.026753,0.024623
762234.619534,0.330854,-0.943637,-0.009229,0.943567,0.330950,-0.012367,0.014724,-0.004616,0.999881,-0.006383,0.010092,0.109970,9.785929,27.591593,-31.567142,0.009202,0.012382,-0.999881,-0.018052,-0.028297,0.033038
762234.629240,0.330854,-0.943637,-0.009229,0.943567,0.330950,-0.012367,0.014724,-0.004616,0.999881,0.004651,0.000559,0.127051,9.785929,27.591593,-31.567142,0.009229,0.012367,-0.999881,-0.007413,-0.020409,0.015933
762234.638947,0.332121,-0.943192,-0.009226,0.943123,0.332217,-0.012309,0.014675,-0.004614,0.999882,0.006940,0.001725,0.140483,9.785929,27.591593,-31.567142,0.009226,0.012309,-0.999882,0.007192,-0.020533,0.019001
762234.648654,0.334759,-0.942253,-0.009736,0.942202,0.334857,-0.011234,0.013846,-0.005413,0.999889,0.009273,0.007764,0.142971,9.869442,27.511742,-31.610807,0.009316,0.012172,-0.999883,0.007102,-0.020396,0.019002
762234.658360,0.334759,-0.942253,-0.009736,0.942202,0.334857,-0.011234,0.013846,-0.005413,0.999889,-0.000221,-0.004348,0.130650,9.869442,27.511742,-31.610807,0.009736,0.011234,-0.999889,0.008651,-0.021519,0.024792
762234.668067,0.335871,-0.941858,-0.009741,0.941817,0.335964,-0.010458,0.013122,-0.005662,0.999898,0.003778,-0.012620,0.115995,9.940564,27.460457,-31.633106,0.009741,0.010458,-0.999898,0.002695,-0.017706,0.025731
762234.677774,0.337988,-0.941089,-0.010784,0.941060,0.338092,-0.009995,0.013052,-0.006771,0.999892,-0.006109,-0.001895,0.105025,9.940564,27.460457,-31.633106,0.010033,0.010012,-0.999900,0.007072,-0.012499,0.036490
762234.687480,0.337988,-0.941089,-0.010784,0.941060,0.338092,-0.009995,0.013052,-0.006771,0.999892,0.002304,0.001795,0.117290,9.940564,27.460457,-31.633106,0.010784,0.009995,-0.999892,0.017719,0.000152,0.034896
762234.697187,0.338974,-0.940724,-0.011600,0.940702,0.339089,-0.009896,0.013243,-0.007558,0.999884,-0.001121,-0.004183,0.102603,10.067023,27.387905,-31.656002,0.011600,0.009896,-0.999884,0.022000,-0.002602,0.018484
762234.706894,0.340352,-0.940220,-0.012141,0.940201,0.340474,-0.009970,0.013507,-0.008022,0.999877,0.005338,-0.008763,0.081888,10.067023,27.387905,-31.656002,0.012258,0.009996,-0.999875,0.019144,0.004118,0.027249
762234.716600,0.340352,-0.940220,-0.012141,0.940201,0.340474,-0.009970,0.013507,-0.008022,0.999877,0.004557,-0.013405,0.048936,10.067023,27.387905,-31.656002,0.012141,0.009970,-0.999877,0.040822,0.001948,0.025542
762234.726307,0.340813,-0.940054,-0.011999,0.940035,0.340933,-0.009955,0.013449,-0.007887,0.999878,-0.005214,-0.015958,0.046424,10.178486,27.362387,-31.642426,0.011999,0.009955,-0.999878,0.040888,0.001886,0.036133
762234.736014,0.341828,-0.939681,-0.012418,0.939666,0.341952,-0.009800,0.013455,-0.008319,0.999875,-0.005241,-0.024458,0.061004,10.178486,27.362387,-31.642426,0.011784,0.010056,-0.999880,0.041103,0.001785,0.036135
762234.745720,0.341828,-0.939681,-0.012418,0.939666,0.341952,-0.009800,0.013455,-0.008319,0.999875,-0.000420,-0.012294,0.052571,10.178486,27.362387,-31.642426,0.012418,0.009800,-0.999875,0.021258,-0.006474,0.022290
762234.755427,0.342291,-0.939505,-0.012895,0.939500,0.342418,-0.009419,0.013265,-0.008891,0.999873,0.002060,-0.009814,0.047723,10.229808,27.341568,-31.643869,0.012895,0.009419,-0.999873,0.013991,-0.011006,0.033686
762234.765134,0.343321,-0.939160,-0.010511,0.939143,0.343413,-0.008845,0.011916,-0.006834,0.999906,-0.006330,-0.025615,0.051237,10.229808,27.341568,-31.643869,0.012084,0.009043,-0.999886,-0.014541,-0.011362,0.043953
762234.774840,0.343321,-0.939160,-0.010511,0.939143,0.343413,-0.008845,0.011916,-0.006834,0.999906,-0.005409,-0.010012,0.056211,10.229808,27.341568,-31.643869,0.010511,0.008845,-0.999906,-0.042249,-0.007761,0.027310
762234.784547,0.343935,-0.938935,-0.010434,0.938918,0.344028,-0.008881,0.011928,-0.006742,0.999906,-0.004281,-0.008831,0.063541,10.211641,27.295910,-31.689125,0.010434,0.008881,-0.999906,-0.027585,-0.008027,0.036161
762234.794254,0.345047,-0.938531,-0.010062,0.938513,0.345134,-0.008729,0.011665,-0.006431,0.999911,0.010725,-0.025435,0.065972,10.233576,27.286390,-31.690247,0.010245,0.008793,-0.999909,-0.047904,-0.003666,0.022477
762234.803960,0.345047,-0.938531,-0.010062,0.938513,0.345134,-0.008729,0.011665,-0.006431,0.999911,0.007103,-0.016975,0.047711,10.233576,27.286390,-31.690247,0.010062,0.008729,-0.999911,-0.038229,0.006088,0.024676
762234.813667,0.345444,-0.938390,-0.009666,0.938366,0.345527,-0.008920,0.011710,-0.005989,0.999914,0.004678,-0.013364,0.039183,10.233576,27.286390,-31.690247,0.009666,0.008920,-0.999914,-0.007590,0.006522,0.026021
762234.823374,0.345650,-0.938316,-0.009452,0.938293,0.345730,-0.008788,0.011513,-0.005831,0.999917,0.008439,-0.008417,0.025823,10.249071,27.272648,-31.697069,0.009566,0.008833,-0.999915,-0.007491,0.006609,0.026023
762234.833080,0.345650,-0.938316,-0.009452,0.938293,0.345730,-0.008788,0.011513,-0.005831,0.999917,0.004133,-0.013037,-0.021780,10.249071,27.272648,-31.697069,0.009452,0.008788,-0.999917,0.016885,0.012269,0.025429
762234.842787,0.345459,-0.938388,-0.009255,0.938365,0.345537,-0.008686,0.011349,-0.005684,0.999919,0.012846,-0.020116,-0.020550,10.249071,27.272648,-31.697069,0.009255,0.008686,-0.999919,0.012153,0.016430,0.017742
762234.852494,0.344948,-0.938581,-0.008764,0.938551,0.345022,-0.009022,0.011492,-0.005113,0.999921,0.009164,-0.018961,-0.023003,10.226609,27.267588,-31.708673,0.009057,0.008578,-0.999922,0.005393,0.017484,0.029234
762234.862200,0.344948,-0.938581,-0.008764,0.938551,0.345022,-0.009022,0.011492,-0.005113,0.999921,-0.005521,-0.017955,-0.031621,10.226609,27.267588,-31.708673,0.008764,0.009022,-0.999921,-0.002996,0.011180,0.037717
762234.871906,0.344619,-0.938703,-0.008575,0.938672,0.344691,-0.009074,0.011474,-0.004922,0.999922,-0.007871,-0.017940,-0.041389,10.226609,27.267588,-31.708673,0.008575,0.009074,-0.999922,-0.025177,0.007451,0.040282
762234.881613,0.343870,-0.938982,-0.008120,0.938948,0.343937,-0.009182,0.011414,-0.004467,0.999925,-0.002759,-0.026247,-0.046284,10.178684,27.293674,-31.701651,0.008356,0.009149,-0.999923,-0.049097,0.001928,0.018707
762234.891319,0.343870,-0.938982,-0.008120,0.938948,0.343937,-0.009182,0.011414,-0.004467,0.999925,-0.000541,-0.019055,-0.035255,10.178684,27.293674,-31.701651,0.008120,0.009182,-0.999925,-0.073962,-0.014675,0.039354
762234.901026,0.343529,-0.939108,-0.008039,0.939072,0.343595,-0.009241,0.011440,-0.004375,0.999925,-0.003224,-0.004661,-0.036406,10.178684,27.293674,-31.701651,0.008039,0.009241,-0.999925,-0.073881,-0.014734,0.039354
762234.910733,0.342639,-0.939455,-0.004847,0.939415,0.342670,-0.008746,0.009878,-0.001557,0.999950,-0.004182,-0.016713,-0.042579,10.038563,27.290844,-31.748730,0.004964,0.008709,-0.999950,-0.081426,-0.016979,0.031490
762234.920439,0.342639,-0.939455,-0.004847,0.939415,0.342670,-0.008746,0.009878,-0.001557,0.999950,-0.006494,-0.010616,-0.064504,10.038563,27.290844,-31.748730,0.004847,0.008746,-0.999950,-0.073847,-0.001300,0.023174
762234.930146,0.341805,-0.939759,-0.004777,0.939719,0.341835,-0.008777,0.009881,-0.001489,0.999950,-0.002533,-0.004357,-0.097362,10.010604,27.300602,-31.749170,0.004777,0.008777,-0.999950,-0.065355,0.012280,0.024456
762234.939853,0.339609,-0.940556,-0.004552,0.940515,0.339637,-0.008826,0.009847,-0.001284,0.999951,-0.006079,-0.005558,-0.108364,10.010604,27.300602,-31.749170,0.004719,0.008818,-0.999950,-0.023533,0.023622,0.017421
