time,r0,r1,r2,r3,r4,r5,r6,r7,r8,wx,wy,wz,mx,my,mz,gx,gy,gz,ax,ay,az
762085.647066,0.999719,0.000082,-0.023709,0.000026,0.999990,0.004551,0.023709,-0.004550,0.999709,0.002611,0.001005,0.005660,0.000000,0.000000,0.000000,0.023709,-0.004551,-0.999709,-0.000592,0.000126,0.024763
762085.676186,0.999718,0.000097,-0.023730,0.000011,0.999990,0.004529,0.023730,-0.004528,0.999708,-0.002360,0.005723,0.002080,0.000000,0.000000,0.000000,0.023730,-0.004529,-0.999708,0.001325,-0.002979,0.038221
762085.685893,0.999718,0.000010,-0.023750,0.000097,0.999990,0.004482,0.023749,-0.004483,0.999708,-0.003475,0.004549,-0.006468,0.000000,0.000000,0.000000,0.023782,-0.004480,-0.999707,0.000221,0.002954,0.028668
762085.695599,0.999718,0.000010,-0.023750,0.000097,0.999990,0.004482,0.023749,-0.004483,0.999708,0.002777,-0.004996,-0.001609,0.000000,0.000000,0.000000,0.023750,-0.004482,-0.999708,-0.001624,0.002071,0.019972
762085.705305,0.999719,-0.000037,-0.023718,0.000144,0.999990,0.004503,0.023718,-0.004505,0.999709,0.003955,-0.000153,-0.004012,0.000000,0.000000,0.000000,0.023718,-0.004503,-0.999709,0.000330,0.002031,0.024809
762085.715012,0.999720,-0.000069,-0.023660,0.000176,0.999990,0.004520,0.023659,-0.004523,0.999710,0.006474,-0.003719,-0.004018,0.000000,0.000000,0.000000,0.023687,-0.004536,-0.999709,-0.001607,0.001042,0.031524
762085.724718,0.999720,-0.000069,-0.023660,0.000176,0.999990,0.004520,0.023659,-0.004523,0.999710,-0.004743,-0.001553,0.005681,0.000000,0.000000,0.000000,0.023660,-0.004520,-0.999710,0.000236,0.004917,0.034500
762085.734425,0.999720,-0.000043,-0.023657,0.000149,0.999990,0.004516,0.023657,-0.004519,0.999710,0.003879,-0.001404,0.004515,0.000000,0.000000,0.000000,0.023657,-0.004516,-0.999710,0.000269,0.004944,0.031601
762085.744132,0.999721,-0.000179,-0.023600,0.000285,0.999990,0.004520,0.023598,-0.004526,0.999711,-0.005816,-0.002706,-0.006524,0.000000,0.000000,0.000000,0.023624,-0.004482,-0.999711,-0.001713,0.008892,0.024903
762085.753838,0.999721,-0.000179,-0.023600,0.000285,0.999990,0.004520,0.023598,-0.004526,0.999711,0.006503,-0.001280,-0.010100,0.000000,0.000000,0.000000,0.023600,-0.004520,-0.999711,-0.001688,0.008930,0.024904
762085.763545,0.999720,-0.000237,-0.023652,0.000344,0.999990,0.004527,0.023651,-0.004534,0.999710,0.000169,0.008223,-0.007643,0.000000,0.000000,0.000000,0.023652,-0.004527,-0.999710,0.000381,0.001017,0.030563
762085.773252,0.999712,-0.000279,-0.023984,0.000364,0.999994,0.003538,0.023982,-0.003546,0.999706,0.001356,0.002163,0.004521,0.000000,0.000000,0.000000,0.023670,-0.004051,-0.999712,-0.000660,0.003578,0.023866
762085.782958,0.999712,-0.000279,-0.023984,0.000364,0.999994,0.003538,0.023982,-0.003546,0.999706,-0.002228,0.002161,-0.005255,0.000000,0.000000,0.000000,0.023984,-0.003538,-0.999706,0.001926,0.003981,0.025844
762085.792665,0.999710,-0.000325,-0.024078,0.000410,0.999994,0.003518,0.024077,-0.003527,0.999704,-0.004841,0.008104,-0.000359,0.000000,0.000000,0.000000,0.024078,-0.003518,-0.999704,-0.000015,0.000039,0.026712
762085.802372,0.999711,-0.000328,-0.024020,0.000398,0.999996,0.002874,0.024019,-0.002883,0.999707,-0.004644,0.000932,-0.007715,0.000000,0.000000,0.000000,0.024157,-0.003211,-0.999703,-0.000201,0.002677,0.029656
762085.812078,0.999711,-0.000328,-0.024020,0.000398,0.999996,0.002874,0.024019,-0.002883,0.999707,-0.001057,-0.001482,0.004484,0.000000,0.000000,0.000000,0.024020,-0.002874,-0.999707,-0.002047,0.003332,0.029660
762085.821785,0.999709,-0.000313,-0.024128,0.000383,0.999996,0.002894,0.024127,-0.002903,0.999705,-0.004570,-0.006302,-0.004100,0.000000,0.000000,0.000000,0.024128,-0.002894,-0.999705,0.000851,-0.000646,0.032511
762085.831492,0.999710,-0.000376,-0.024094,0.000439,0.999996,0.002618,0.024093,-0.002628,0.999706,0.002465,0.009407,0.003350,0.000000,0.000000,0.000000,0.024060,-0.002592,-0.999707,-0.002102,0.004057,0.027738
762085.841198,0.999710,-0.000376,-0.024094,0.000439,0.999996,0.002618,0.024093,-0.002628,0.999706,0.005199,0.001100,-0.008874,0.000000,0.000000,0.000000,0.024094,-0.002618,-0.999706,-0.002137,0.004083,0.027737
762085.850905,0.999710,-0.000453,-0.024090,0.000510,0.999997,0.002376,0.024089,-0.002388,0.999707,-0.001022,0.003389,-0.006460,0.000000,0.000000,0.000000,0.024090,-0.002376,-0.999707,-0.001171,0.003826,0.028699
762085.860612,0.999717,-0.000455,-0.023788,0.000508,0.999997,0.002233,0.023787,-0.002245,0.999714,-0.001197,0.010571,-0.001542,0.000000,0.000000,0.000000,0.023975,-0.002218,-0.999710,-0.003940,0.001714,0.030563
762085.870318,0.999717,-0.000455,-0.023788,0.000508,0.999997,0.002233,0.023787,-0.002245,0.999714,-0.005957,0.000866,-0.001628,0.000000,0.000000,0.000000,0.023788,-0.002233,-0.999714,-0.003693,-0.001246,0.032460
762085.880025,0.999717,-0.000426,-0.023775,0.000475,0.999998,0.002047,0.023774,-0.002058,0.999715,-0.001102,0.002129,0.002067,0.000000,0.000000,0.000000,0.023775,-0.002047,-0.999715,-0.000811,0.002520,0.026769
762085.889732,0.999715,-0.000405,-0.023879,0.000458,0.999997,0.002245,0.023878,-0.002255,0.999712,0.001607,-0.008615,-0.004077,0.000000,0.000000,0.000000,0.023762,-0.002182,-0.999715,0.000316,-0.002289,0.028631
762085.899438,0.999715,-0.000405,-0.023879,0.000458,0.999997,0.002245,0.023878,-0.002255,0.999712,-0.002293,0.000917,0.000833,0.000000,0.000000,0.000000,0.023879,-0.002245,-0.999712,0.001115,-0.001265,0.029635
762085.909144,0.999717,-0.000418,-0.023780,0.000469,0.999998,0.002120,0.023779,-0.002130,0.999715,0.002742,-0.003791,-0.002822,0.000000,0.000000,0.000000,0.023780,-0.002120,-0.999715,-0.001792,0.002593,0.027730
762085.918851,0.999714,-0.000394,-0.023894,0.000447,0.999997,0.002220,0.023894,-0.002230,0.999712,0.005121,-0.001367,0.000864,0.000000,0.000000,0.000000,0.023779,-0.002189,-0.999715,-0.001791,0.002662,0.027730
762085.928557,0.999714,-0.000394,-0.023894,0.000447,0.999997,0.002220,0.023894,-0.002230,0.999712,0.003757,0.000972,0.009405,0.000000,0.000000,0.000000,0.023894,-0.002220,-0.999712,0.001115,-0.000267,0.024828
762085.938264,0.999716,-0.000324,-0.023819,0.000378,0.999997,0.002250,0.023818,-0.002259,0.999714,-0.003507,-0.002731,0.004462,0.000000,0.000000,0.000000,0.023819,-0.002250,-0.999714,-0.001755,-0.000222,0.027683
762085.947971,0.999718,-0.000340,-0.023743,0.000399,0.999997,0.002465,0.023742,-0.002474,0.999715,-0.001058,-0.000276,0.002053,0.000000,0.000000,0.000000,0.023689,-0.002304,-0.999717,-0.002586,-0.001160,0.028617
762085.957677,0.999718,-0.000340,-0.023743,0.000399,0.999997,0.002465,0.023742,-0.002474,0.999715,0.008702,0.008331,-0.002714,0.000000,0.000000,0.000000,0.023743,-0.002465,-0.999715,-0.000687,-0.002021,0.033437
762085.967384,0.999717,-0.000310,-0.023808,0.000364,0.999997,0.002298,0.023807,-0.002306,0.999714,-0.008577,-0.000714,0.006313,0.000000,0.000000,0.000000,0.023808,-0.002298,-0.999714,0.000133,0.002740,0.028706
762085.977091,0.999712,-0.000251,-0.023988,0.000304,0.999997,0.002206,0.023988,-0.002212,0.999710,-0.006097,0.000550,0.002677,0.000000,0.000000,0.000000,0.023929,-0.002136,-0.999711,0.001980,0.002578,0.025850
762085.986797,0.999712,-0.000251,-0.023988,0.000304,0.999997,0.002206,0.023988,-0.002212,0.999710,0.003907,-0.007688,0.000250,0.000000,0.000000,0.000000,0.023988,-0.002206,-0.999710,0.002043,-0.001289,0.024826
762085.996504,0.999713,-0.000334,-0.023972,0.000387,0.999997,0.002212,0.023971,-0.002221,0.999710,0.002600,-0.000474,-0.003372,0.000000,0.000000,0.000000,0.023972,-0.002212,-0.999710,0.002060,-0.001282,0.024826
762086.006211,0.999710,-0.000292,-0.024068,0.000352,0.999997,0.002518,0.024067,-0.002526,0.999707,0.002559,-0.002919,0.003928,0.000000,0.000000,0.000000,0.024047,-0.002407,-0.999708,0.000993,-0.004078,0.035352
762086.015917,0.999710,-0.000292,-0.024068,0.000352,0.999997,0.002518,0.024067,-0.002526,0.999707,0.003860,-0.000439,-0.005803,0.000000,0.000000,0.000000,0.024068,-0.002518,-0.999707,0.000010,-0.001938,0.027661
762086.025624,0.999709,-0.000265,-0.024114,0.000326,0.999997,0.002529,0.024113,-0.002536,0.999706,0.005051,-0.006499,0.006361,0.000000,0.000000,0.000000,0.024114,-0.002529,-0.999706,0.001872,0.000011,0.026760
762086.035331,0.999710,-0.000275,-0.024070,0.000335,0.999997,0.002506,0.024069,-0.002513,0.999707,0.007572,-0.005214,-0.000932,0.000000,0.000000,0.000000,0.024027,-0.002524,-0.999708,-0.001063,0.002005,0.029646
762086.045037,0.999710,-0.000275,-0.024070,0.000335,0.999997,0.002506,0.024069,-0.002513,0.999707,0.002601,-0.000472,-0.003372,0.000000,0.000000,0.000000,0.024070,-0.002506,-0.999707,-0.000114,0.001956,0.030606
762086.054744,0.999710,-0.000336,-0.024095,0.000398,0.999997,0.002591,0.024094,-0.002600,0.999706,-0.001079,0.000683,-0.005826,0.000000,0.000000,0.000000,0.024095,-0.002591,-0.999706,-0.001024,-0.003879,0.036297
762086.064450,0.999709,-0.000421,-0.024129,0.000484,0.999997,0.002592,0.024128,-0.002603,0.999705,-0.001039,-0.001721,-0.005840,0.000000,0.000000,0.000000,0.024086,-0.002605,-0.999707,-0.000023,-0.000859,0.025753
762086.074156,0.999709,-0.000421,-0.024129,0.000484,0.999997,0.002592,0.024128,-0.002603,0.999705,-0.002328,0.001866,-0.005827,0.000000,0.000000,0.000000,0.024129,-0.002592,-0.999705,-0.000066,-0.000872,0.025752
762086.083864,0.999709,-0.000467,-0.024117,0.000529,0.999996,0.002598,0.024115,-0.002610,0.999706,0.001374,-0.000492,-0.003380,0.000000,0.000000,0.000000,0.024117,-0.002598,-0.999706,-0.000038,-0.000850,0.023830
762086.093570,0.999707,-0.000477,-0.024183,0.000542,0.999996,0.002668,0.024182,-0.002681,0.999704,0.001216,0.006702,0.000320,0.000000,0.000000,0.000000,0.024218,-0.002754,-0.999703,0.000883,-0.003670,0.026680
762086.103276,0.999707,-0.000477,-0.024183,0.000542,0.999996,0.002668,0.024182,-0.002681,0.999704,-0.001150,0.004284,-0.004586,0.000000,0.000000,0.000000,0.024183,-0.002668,-0.999704,-0.002180,0.002150,0.029642
762086.112983,0.999709,-0.000512,-0.024132,0.000576,0.999996,0.002632,0.024130,-0.002645,0.999705,-0.002256,-0.004160,-0.003423,0.000000,0.000000,0.000000,0.024132,-0.002632,-0.999705,-0.002144,0.001060,0.036372
762086.122690,0.999708,-0.000519,-0.024150,0.000576,0.999997,0.002347,0.024148,-0.002360,0.999706,-0.002428,0.000489,0.001496,0.000000,0.000000,0.000000,0.024100,-0.002405,-0.999707,-0.001318,0.006723,0.036465
762086.132396,0.999708,-0.000519,-0.024150,0.000576,0.999997,0.002347,0.024148,-0.002360,0.999706,0.009822,0.001881,0.004017,0.000000,0.000000,0.000000,0.024150,-0.002347,-0.999706,-0.000193,0.002805,0.026775
762086.142103,0.999711,-0.000579,-0.024042,0.000635,0.999997,0.002314,0.024041,-0.002329,0.999708,0.000264,-0.007838,-0.007072,0.000000,0.000000,0.000000,0.024042,-0.002314,-0.999708,-0.002039,0.001795,0.029646
762086.151810,0.999711,-0.000543,-0.024032,0.000599,0.999997,0.002312,0.024030,-0.002326,0.999709,0.002549,-0.003037,0.001505,0.000000,0.000000,0.000000,0.024021,-0.002324,-0.999709,-0.001026,0.000813,0.029631
762086.161516,0.999711,-0.000543,-0.024032,0.000599,0.999997,0.002312,0.024030,-0.002326,0.999709,-0.002464,-0.000742,0.006365,0.000000,0.000000,0.000000,0.024032,-0.002312,-0.999709,-0.001037,0.000802,0.029631
762086.171223,0.999713,-0.000534,-0.023966,0.000590,0.999997,0.002315,0.023964,-0.002329,0.999710,0.001414,-0.005435,-0.003393,0.000000,0.000000,0.000000,0.023966,-0.002315,-0.999710,-0.001917,-0.000187,0.031540
762086.180930,0.999714,-0.000548,-0.023922,0.000603,0.999997,0.002312,0.023920,-0.002325,0.999711,-0.004781,-0.001923,-0.004629,0.000000,0.000000,0.000000,0.023885,-0.002282,-0.999712,-0.002844,0.000772,0.030565
762086.190636,0.999714,-0.000548,-0.023922,0.000603,0.999997,0.002312,0.023920,-0.002325,0.999711,0.000082,-0.004294,0.003921,0.000000,0.000000,0.000000,0.023922,-0.002312,-0.999711,0.003010,-0.000221,0.028688
762086.200343,0.999715,-0.000528,-0.023848,0.000582,0.999997,0.002245,0.023847,-0.002258,0.999713,0.001339,-0.004260,0.001491,0.000000,0.000000,0.000000,0.023848,-0.002245,-0.999713,-0.001830,0.000704,0.033481
762086.210050,0.999715,-0.000507,-0.023876,0.000564,0.999997,0.002364,0.023875,-0.002377,0.999712,0.002506,0.003002,-0.003336,0.000000,0.000000,0.000000,0.023846,-0.002312,-0.999713,-0.001812,-0.001228,0.036349
762086.219756,0.999715,-0.000507,-0.023876,0.000564,0.999997,0.002364,0.023875,-0.002377,0.999712,-0.000177,0.006484,0.011299,0.000000,0.000000,0.000000,0.023876,-0.002364,-0.999712,-0.001797,-0.001115,0.029604
762086.229463,0.999712,-0.000552,-0.023977,0.000610,0.999997,0.002410,0.023975,-0.002424,0.999710,-0.002333,-0.001888,-0.003394,0.000000,0.000000,0.000000,0.023977,-0.002410,-0.999710,0.003001,-0.002106,0.030578
762086.239170,0.999713,-0.000547,-0.023962,0.000604,0.999997,0.002378,0.023961,-0.002392,0.999710,0.000118,-0.003064,-0.000948,0.000000,0.000000,0.000000,0.023975,-0.002386,-0.999710,0.003002,-0.002130,0.030578
762086.248876,0.999713,-0.000547,-0.023962,0.000604,0.999997,0.002378,0.023961,-0.002392,0.999710,-0.001165,-0.000686,0.000278,0.000000,0.000000,0.000000,0.023962,-0.002378,-0.999710,0.000071,0.000882,0.024826
762086.258583,0.999712,-0.000549,-0.024012,0.000608,0.999997,0.002458,0.024011,-0.002472,0.999709,0.004886,0.005427,0.000350,0.000000,0.000000,0.000000,0.024012,-0.002458,-0.999709,0.000020,-0.001036,0.029616
762086.268290,0.999711,-0.000603,-0.024036,0.000664,0.999997,0.002535,0.024034,-0.002550,0.999708,-0.002333,-0.001887,-0.003394,0.000000,0.000000,0.000000,0.023986,-0.002477,-0.999709,-0.000030,-0.000102,0.038299
762086.277996,0.999711,-0.000603,-0.024036,0.000664,0.999997,0.002535,0.024034,-0.002550,0.999708,0.004993,0.000632,-0.002116,0.000000,0.000000,0.000000,0.024036,-0.002535,-0.999708,-0.000003,-0.000960,0.029615
762086.287703,0.999711,-0.000668,-0.024050,0.000729,0.999997,0.002533,0.024048,-0.002550,0.999708,0.006230,0.000583,-0.005774,0.000000,0.000000,0.000000,0.024050,-0.002533,-0.999708,-0.000063,0.002030,0.025800
762086.297409,0.999711,-0.000631,-0.024013,0.000694,0.999996,0.002619,0.024012,-0.002635,0.999708,0.001175,0.000433,0.006386,0.000000,0.000000,0.000000,0.024059,-0.002613,-0.999707,0.000034,-0.001827,0.025739
762086.307115,0.999711,-0.000631,-0.024013,0.000694,0.999996,0.002619,0.024012,-0.002635,0.999708,-0.001125,-0.006802,0.002672,0.000000,0.000000,0.000000,0.024013,-0.002619,-0.999708,-0.000988,0.000132,0.028639
762086.316822,0.999711,-0.000664,-0.024019,0.000728,0.999996,0.002631,0.024017,-0.002647,0.999708,-0.002298,-0.004368,-0.005855,0.000000,0.000000,0.000000,0.024019,-0.002631,-0.999708,-0.000001,-0.000894,0.032499
762086.326529,0.999713,-0.000703,-0.023949,0.000764,0.999996,0.002534,0.023947,-0.002551,0.999710,-0.009818,-0.000924,0.001435,0.000000,0.000000,0.000000,0.023992,-0.002557,-0.999709,0.000025,-0.000968,0.032500
762086.336235,0.999713,-0.000703,-0.023949,0.000764,0.999996,0.002534,0.023947,-0.002551,0.999710,-0.000045,0.004053,0.000304,0.000000,0.000000,0.000000,0.023949,-0.002534,-0.999710,-0.002907,0.001023,0.031540
762086.345942,0.999712,-0.000701,-0.023972,0.000762,0.999997,0.002521,0.023970,-0.002538,0.999709,0.008720,-0.005423,0.000301,0.000000,0.000000,0.000000,0.023972,-0.002521,-0.999709,0.000900,0.002917,0.032577
762086.355649,0.999715,-0.000743,-0.023868,0.000798,0.999997,0.002324,0.023866,-0.002343,0.999712,-0.004929,-0.000858,0.003904,0.000000,0.000000,0.000000,0.023892,-0.002433,-0.999712,-0.002895,0.002906,0.028673
762086.365355,0.999715,-0.000743,-0.023868,0.000798,0.999997,0.002324,0.023866,-0.002343,0.999712,-0.002441,0.001622,-0.002163,0.000000,0.000000,0.000000,0.023868,-0.002324,-0.999712,-0.001941,0.003744,0.032565
762086.375062,0.999715,-0.000765,-0.023856,0.000820,0.999997,0.002282,0.023854,-0.002301,0.999713,-0.006058,-0.002040,-0.003426,0.000000,0.000000,0.000000,0.023856,-0.002282,-0.999713,-0.000845,0.000772,0.028659
762086.384769,-0.924327,0.380856,-0.023825,-0.381013,-0.924567,0.002285,-0.021158,0.011190,0.999714,-0.002284,-0.007997,-0.002219,-22.714849,-9.746466,-32.141487,0.023825,-0.002285,-0.999714,0.001123,0.000744,0.029667
762086.394475,-0.924319,0.380875,-0.023867,-0.381033,-0.924558,0.002321,-0.021182,0.011239,0.999712,0.000004,0.001656,-0.000929,-22.714849,-9.746466,-32.141487,0.023867,-0.002321,-0.999712,0.001158,-0.001174,0.026736
762086.404182,-0.924337,0.380826,-0.023919,-0.380985,-0.924578,0.002327,-0.021229,0.011263,0.999711,0.001138,0.001628,0.007613,-22.714849,-9.746466,-32.141487,0.023919,-0.002327,-0.999711,0.001106,-0.001167,0.026735
762086.413889,-0.924305,0.380898,-0.024015,-0.381059,-0.924548,0.002360,-0.021304,0.011332,0.999709,0.003748,0.001745,-0.005783,-22.711599,-9.747045,-32.143612,0.023939,-0.002365,-0.999711,-0.000944,0.000839,0.031556
762086.423595,-0.924305,0.380898,-0.024015,-0.381059,-0.924548,0.002360,-0.021304,0.011332,0.999709,-0.008666,0.011182,-0.009460,-22.711599,-9.747045,-32.143612,0.024015,-0.002360,-0.999709,0.000033,-0.001119,0.027678
762086.433302,-0.924287,0.380945,-0.023973,-0.381108,-0.924527,0.002432,-0.021237,0.011384,0.999710,0.007488,-0.004262,-0.003371,-22.708090,-9.749347,-32.145393,0.023973,-0.002432,-0.999710,-0.001817,-0.001993,0.024765
762086.443009,-0.924277,0.380978,-0.023851,-0.381138,-0.924515,0.002415,-0.021130,0.011323,0.999713,0.001309,-0.006803,0.002673,-22.708090,-9.749347,-32.145393,0.023887,-0.002359,-0.999712,-0.001929,0.004785,0.026796
762086.452715,-0.924277,0.380978,-0.023851,-0.381138,-0.924515,0.002415,-0.021130,0.011323,0.999713,0.002501,-0.001953,-0.000949,-22.708090,-9.749347,-32.145393,0.023851,-0.002415,-0.999713,-0.000764,-0.001018,0.023822
762086.462422,-0.924283,0.380964,-0.023819,-0.381125,-0.924520,0.002473,-0.021079,0.011364,0.999713,0.003699,0.001688,-0.003358,-22.712553,-9.753118,-32.141094,0.023819,-0.002473,-0.999713,-0.001754,0.000001,0.027683
762086.472128,-0.924256,0.381026,-0.023867,-0.381188,-0.924494,0.002476,-0.021122,0.011386,0.999712,-0.006173,0.002722,-0.002193,-22.712553,-9.753118,-32.141094,0.023898,-0.002439,-0.999711,0.002057,-0.000109,0.030610
762086.481834,-0.924256,0.381026,-0.023867,-0.381188,-0.924494,0.002476,-0.021122,0.011386,0.999712,0.006177,-0.001899,0.000293,-22.712553,-9.753118,-32.141094,0.023867,-0.002476,-0.999712,0.002088,-0.000072,0.030611
762086.491542,-0.924256,0.381030,-0.023833,-0.381191,-0.924493,0.002458,-0.021096,0.011357,0.999713,-0.002481,-0.003278,0.006329,-22.711514,-9.756298,-32.140862,0.023833,-0.002458,-0.999713,-0.001753,0.000002,0.025760
762086.501248,-0.924277,0.380988,-0.023667,-0.381148,-0.924511,0.002442,-0.020950,0.011278,0.999717,-0.001230,-0.002035,0.002686,-22.711514,-9.756298,-32.140862,0.023816,-0.002416,-0.999713,-0.000821,0.000890,0.031559
762086.510954,-0.924277,0.380988,-0.023667,-0.381148,-0.924511,0.002442,-0.020950,0.011278,0.999717,0.000083,-0.010459,0.007521,-22.711514,-9.756298,-32.140862,0.023667,-0.002442,-0.999717,-0.002625,0.000931,0.030570
762086.520661,-0.924297,0.380942,-0.023647,-0.381099,-0.924531,0.002363,-0.020962,0.011196,0.999718,-0.003763,0.001524,0.003911,-22.718353,-9.754197,-32.136665,0.023647,-0.002363,-0.999718,-0.000652,0.000837,0.030586
762086.530368,-0.924319,0.380880,-0.023762,-0.381039,-0.924556,0.002357,-0.021072,0.011233,0.999715,0.005983,0.006489,0.005219,-22.720116,-9.749515,-32.136841,0.023697,-0.002361,-0.999716,0.000274,0.001827,0.028693
762086.540074,-0.924319,0.380880,-0.023762,-0.381039,-0.924556,0.002357,-0.021072,0.011233,0.999715,0.001197,0.001627,0.000284,-22.720116,-9.749515,-32.136841,0.023762,-0.002357,-0.999715,0.001186,0.000816,0.029668
762086.549781,-0.924305,0.380911,-0.023804,-0.381069,-0.924544,0.002345,-0.021115,0.011239,0.999714,-0.003594,-0.002026,-0.005863,-22.720116,-9.749515,-32.136841,0.023804,-0.002345,-0.999714,0.000244,-0.001149,0.028645
762086.559488,-0.924301,0.380923,-0.023796,-0.381081,-0.924539,0.002329,-0.021113,0.011220,0.999714,0.003724,-0.000723,-0.002153,-22.715172,-9.749450,-32.140354,0.023779,-0.002352,-0.999714,0.000269,-0.001143,0.028645
762086.569194,-0.924301,0.380923,-0.023796,-0.381081,-0.924539,0.002329,-0.021113,0.011220,0.999714,-0.003730,0.000330,0.002685,-22.715172,-9.749450,-32.140354,0.023796,-0.002329,-0.999714,0.000222,0.000818,0.026753
762086.578901,-0.924315,0.380886,-0.023841,-0.381045,-0.924553,0.002362,-0.021142,0.011268,0.999713,-0.002505,0.001561,0.001480,-22.715172,-9.749450,-32.140354,0.023841,-0.002362,-0.999713,0.001153,-0.001147,0.029635
762086.588608,-0.924330,0.380838,-0.024004,-0.381001,-0.924572,0.002448,-0.021261,0.011408,0.999709,-0.001219,0.000286,-0.003414,-22.712372,-9.750406,-32.142044,0.023889,-0.002399,-0.999712,0.000205,-0.003063,0.029588
762086.598314,-0.924330,0.380838,-0.024004,-0.381001,-0.924572,0.002448,-0.021261,0.011408,0.999709,0.003400,0.011127,0.007651,-22.712372,-9.750406,-32.142044,0.024004,-0.002448,-0.999709,0.002012,-0.001046,0.025786
762086.608021,-0.924330,0.380840,-0.024004,-0.381004,-0.924570,0.002492,-0.021244,0.011449,0.999709,0.002490,-0.003281,0.000245,-22.712372,-9.750406,-32.142044,0.024004,-0.002492,-0.999709,-0.001879,-0.001963,0.028609
762086.617728,-0.924326,0.380852,-0.023958,-0.381017,-0.924565,0.002577,-0.021170,0.011511,0.999710,0.000038,-0.002106,-0.002202,-22.709146,-9.753067,-32.143517,0.023937,-0.002506,-0.999710,-0.002880,0.000018,0.031525
762086.627434,-0.924326,0.380852,-0.023958,-0.381017,-0.924565,0.002577,-0.021170,0.011511,0.999710,0.003531,0.001493,0.010033,-22.709146,-9.753067,-32.143517,0.023958,-0.002577,-0.999710,0.000074,-0.000932,0.031539
762086.637141,-0.924339,0.380822,-0.023925,-0.380986,-0.924577,0.002553,-0.021148,0.011475,0.999711,-0.001225,-0.000930,-0.000983,-22.709146,-9.753067,-32.143517,0.023925,-0.002553,-0.999711,0.000108,-0.000956,0.031540
762086.646848,-0.924343,0.380818,-0.023839,-0.380982,-0.924579,0.002589,-0.021055,0.011476,0.999712,0.003706,-0.003269,0.001471,-22.713820,-9.753939,-32.139950,0.023844,-0.002579,-0.999712,-0.003779,0.000091,0.033434
762086.656554,-0.924343,0.380818,-0.023839,-0.380982,-0.924579,0.002589,-0.021055,0.011476,0.999712,0.001123,0.005113,0.000286,-22.713820,-9.753939,-32.139950,0.023839,-0.002589,-0.999712,-0.002782,0.000117,0.029604
762086.666261,-0.924348,0.380805,-0.023852,-0.380968,-0.924585,0.002523,-0.021092,0.011419,0.999712,0.001155,0.003918,-0.000940,-22.714613,-9.754648,-32.139175,0.023852,-0.002523,-0.999712,0.000120,0.002004,0.027727
762086.675968,-0.924324,0.380863,-0.023833,-0.381026,-0.924561,0.002524,-0.021074,0.011414,0.999713,-0.001127,-0.006944,-0.001018,-22.714613,-9.754648,-32.139175,0.023860,-0.002529,-0.999712,0.000157,0.000042,0.027697
762086.685674,-0.924324,0.380863,-0.023833,-0.381026,-0.924561,0.002524,-0.021074,0.011414,0.999713,0.000132,-0.004483,-0.007092,-22.714613,-9.754648,-32.139175,0.023833,-0.002524,-0.999713,0.000200,0.000037,0.026736
762086.695380,-0.924328,0.380854,-0.023839,-0.381018,-0.924564,0.002568,-0.021063,0.011457,0.999713,-0.001185,-0.003336,-0.000997,-22.714327,-9.753687,-32.139668,0.023839,-0.002568,-0.999713,0.000193,-0.001949,0.034426
762086.705087,-0.924281,0.380964,-0.023903,-0.381127,-0.924519,0.002488,-0.021151,0.011410,0.999711,0.000065,-0.002091,-0.004640,-22.714327,-9.753687,-32.139668,0.023854,-0.002513,-0.999712,0.002025,0.002910,0.031634
762086.714793,-0.924281,0.380964,-0.023903,-0.381127,-0.924519,0.002488,-0.021151,0.011410,0.999711,0.007326,0.007670,-0.008196,-22.714327,-9.753687,-32.139668,0.023903,-0.002488,-0.999711,0.000053,0.002946,0.026780
762086.724500,-0.924263,0.381007,-0.023913,-0.381171,-0.924501,0.002543,-0.021139,0.011465,0.999711,0.001206,-0.000903,0.001470,-22.710997,-9.755140,-32.141579,0.023913,-0.002543,-0.999711,0.000043,0.003000,0.026780
762086.734207,-0.924277,0.380969,-0.023968,-0.381132,-0.924518,0.002446,-0.021227,0.011395,0.999710,-0.001319,0.003873,0.000264,-22.710997,-9.755140,-32.141579,0.023964,-0.002539,-0.999710,0.001076,-0.000940,0.024810
762086.743913,-0.924277,0.380969,-0.023968,-0.381132,-0.924518,0.002446,-0.021227,0.011395,0.999710,-0.003608,-0.005779,-0.001026,-22.710997,-9.755140,-32.141579,0.023968,-0.002446,-0.999710,-0.000073,0.003865,0.030639
762086.753620,-0.924264,0.381001,-0.023946,-0.381163,-0.924504,0.002451,-0.021205,0.011393,0.999710,-0.004958,-0.001096,0.001417,-22.708853,-9.753911,-32.143471,0.023946,-0.002451,-0.999710,0.001048,-0.001074,0.030579
762086.763327,-0.924252,0.381038,-0.023851,-0.381198,-0.924490,0.002402,-0.021135,0.011312,0.999713,-0.006000,-0.005870,-0.008371,-22.708853,-9.753911,-32.143471,0.023933,-0.002326,-0.999711,0.000954,0.002753,0.029694
762086.773033,-0.924252,0.381038,-0.023851,-0.381198,-0.924490,0.002402,-0.021135,0.011312,0.999713,-0.000023,0.001418,-0.003416,-22.708853,-9.753911,-32.143471,0.023851,-0.002402,-0.999713,-0.002733,-0.002039,0.029574
762086.782740,-0.924257,0.381023,-0.023879,-0.381185,-0.924496,0.002461,-0.021139,0.011377,0.999712,0.001151,-0.001015,0.005112,-22.711910,-9.754212,-32.141216,0.023879,-0.002461,-0.999712,0.000215,-0.003017,0.031511
762086.792447,-0.924255,0.381025,-0.023918,-0.381185,-0.924496,0.002335,-0.021223,0.011275,0.999711,-0.001473,0.009771,0.003940,-22.710613,-9.753909,-32.142223,0.023893,-0.002390,-0.999712,-0.003858,0.001902,0.029619
762086.802153,-0.924255,0.381025,-0.023918,-0.381185,-0.924496,0.002335,-0.021223,0.011275,0.999711,-0.003632,-0.001027,-0.007109,-22.710613,-9.753909,-32.142223,0.023918,-0.002335,-0.999711,0.000023,0.001770,0.033509
762086.811860,-0.924254,0.381029,-0.023915,-0.381189,-0.924494,0.002384,-0.021201,0.011319,0.999711,0.006163,-0.003312,0.000252,-22.710613,-9.753909,-32.142223,0.023915,-0.002384,-0.999711,0.000026,0.001819,0.033509
762086.821567,-0.924256,0.381026,-0.023888,-0.381185,-0.924496,0.002332,-0.021196,0.011261,0.999712,0.001220,0.001444,-0.004627,-22.712168,-9.752598,-32.141525,0.023857,-0.002373,-0.999713,-0.001823,0.000863,0.029635
762086.831273,-0.924256,0.381026,-0.023888,-0.381185,-0.924496,0.002332,-0.021196,0.011261,0.999712,-0.003782,0.001322,0.002657,-22.712168,-9.752598,-32.141525,0.023888,-0.002332,-0.999712,0.001091,0.000822,0.025804
762086.840980,-0.924249,0.381039,-0.023940,-0.381200,-0.924490,0.002357,-0.021235,0.011304,0.999711,0.000029,-0.000980,-0.004649,-22.712168,-9.752598,-32.141525,0.023940,-0.002357,-0.999711,0.002076,-0.001153,0.026749
762086.850687,-0.924232,0.381082,-0.023921,-0.381242,-0.924472,0.002368,-0.021211,0.011308,0.999711,-0.000004,0.000216,-0.003422,-22.709404,-9.753881,-32.143089,0.023921,-0.002368,-0.999711,-0.000880,-0.001111,0.029603
762086.860393,-0.924237,0.381069,-0.023915,-0.381229,-0.924478,0.002319,-0.021225,0.011260,0.999711,-0.000185,0.006185,0.003927,-22.709404,-9.753881,-32.143089,0.023915,-0.002319,-0.999711,-0.001897,0.001815,0.027711
762086.870100,-0.924243,0.381057,-0.023896,-0.381215,-0.924484,0.002255,-0.021232,0.011194,0.999712,-0.004866,-0.005898,0.000170,-22.709404,-9.753881,-32.143089,0.023896,-0.002255,-0.999712,0.000106,0.000730,0.028673
762086.879806,-0.924260,0.381008,-0.024010,-0.381165,-0.924505,0.002158,-0.021375,0.011146,0.999709,-0.000116,0.006221,-0.002168,-22.709671,-9.750582,-32.143902,0.023996,-0.002267,-0.999709,0.001975,-0.000251,0.027725
762086.889512,-0.924260,0.381008,-0.024010,-0.381165,-0.924505,0.002158,-0.021375,0.011146,0.999709,-0.003851,0.001289,0.008753,-22.709671,-9.750582,-32.143902,0.024010,-0.002158,-0.999709,-0.000114,0.003577,0.031616
762086.899219,-0.924262,0.381000,-0.024058,-0.381156,-0.924508,0.002126,-0.021432,0.011135,0.999708,-0.003799,0.004894,-0.002208,-22.707104,-9.745642,-32.147213,0.024058,-0.002126,-0.999708,-0.000163,0.003545,0.031614
762086.908926,-0.924241,0.381054,-0.023991,-0.381209,-0.924486,0.002091,-0.021382,0.011078,0.999710,0.003671,0.000212,-0.003410,-22.707104,-9.745642,-32.147213,0.024045,-0.002099,-0.999709,-0.002042,0.001580,0.029646
762086.918632,-0.924241,0.381054,-0.023991,-0.381209,-0.924486,0.002091,-0.021382,0.011078,0.999710,0.004919,-0.003395,0.000234,-22.707104,-9.745642,-32.147213,0.023991,-0.002091,-0.999710,-0.001057,0.002549,0.029663
762086.928339,-0.924224,0.381097,-0.023988,-0.381252,-0.924469,0.002063,-0.021390,0.011052,0.999710,-0.003647,-0.001091,-0.007119,-22.707228,-9.744682,-32.147415,0.023988,-0.002063,-0.999710,0.000029,-0.000439,0.028656
762086.938046,-0.924226,0.381102,-0.023836,-0.381255,-0.924468,0.002043,-0.021257,0.010975,0.999714,0.001213,-0.005889,0.005074,-22.707228,-9.744682,-32.147415,0.023898,-0.001966,-0.999712,-0.003940,0.004392,0.030612
762086.947752,-0.924226,0.381102,-0.023836,-0.381255,-0.924468,0.002043,-0.021257,0.010975,0.999714,0.002559,-0.007022,-0.003459,-22.707228,-9.744682,-32.147415,0.023836,-0.002043,-0.999714,0.000182,-0.001482,0.033466
762086.957459,-0.924202,0.381164,-0.023771,-0.381315,-0.924443,0.002011,-0.021208,0.010923,0.999715,0.002501,-0.000990,-0.007081,-22.711737,-9.744293,-32.144344,0.023771,-0.002011,-0.999715,-0.002790,0.002469,0.030599
762086.967166,-0.924256,0.381047,-0.023554,-0.381193,-0.924494,0.001876,-0.021060,0.010713,0.999721,-0.001334,-0.002339,0.007518,-22.711737,-9.744293,-32.144344,0.023671,-0.001935,-0.999718,-0.005650,0.003415,0.031563
762086.976872,-0.924256,0.381047,-0.023554,-0.381193,-0.924494,0.001876,-0.021060,0.010713,0.999721,-0.002553,-0.004778,0.009935,-22.711737,-9.744293,-32.144344,0.023554,-0.001876,-0.999721,-0.002588,0.003356,0.027736
762086.986579,-0.924256,0.381044,-0.023578,-0.381190,-0.924495,0.001832,-0.021100,0.010681,0.999720,-0.003699,-0.002331,-0.001031,-22.721413,-9.737452,-32.139584,0.023578,-0.001832,-0.999720,-0.002613,0.003312,0.027735
762086.996286,-0.924292,0.381104,-0.021083,-0.381220,-0.924483,0.001679,-0.018851,0.009590,0.999776,-0.004803,-0.008366,-0.003511,-22.721413,-9.737452,-32.139584,0.022311,-0.001766,-0.999750,-0.058901,0.002972,0.020349
762087.005992,-0.924292,0.381104,-0.021083,-0.381220,-0.924483,0.001679,-0.018851,0.009590,0.999776,-0.009985,0.008375,-0.004663,-22.721413,-9.737452,-32.139584,0.021083,-0.001679,-0.999776,-0.060558,0.000886,0.026098
762087.015699,-0.924285,0.381177,-0.020025,-0.381284,-0.924457,0.001649,-0.017883,0.009159,0.999798,-0.002308,-0.007128,-0.008365,-22.800425,-9.731936,-32.085251,0.020025,-0.001649,-0.999798,-0.050664,-0.002196,0.029064
762087.025406,-0.924262,0.381280,-0.019098,-0.381385,-0.924414,0.002037,-0.016877,0.009167,0.999816,0.000049,-0.004729,-0.002241,-22.834980,-9.733133,-32.060307,0.019145,-0.002074,-0.999815,-0.039439,-0.021516,0.024061
762087.035112,-0.924262,0.381280,-0.019098,-0.381385,-0.924414,0.002037,-0.016877,0.009167,0.999816,-0.004896,-0.002399,-0.003476,-22.834980,-9.733133,-32.060307,0.019098,-0.002037,-0.999816,-0.061304,-0.005531,0.020201
762087.044819,-0.924301,0.381188,-0.019080,-0.381293,-0.924452,0.002038,-0.016861,0.009158,0.999816,-0.000168,-0.002415,0.013621,-22.834980,-9.733133,-32.060307,0.019080,-0.002038,-0.999816,-0.087164,0.010415,0.027862
762087.054526,-0.924524,0.380657,-0.018866,-0.380761,-0.924671,0.002106,-0.016644,0.009130,0.999820,0.004758,-0.009641,0.022138,-22.866552,-9.743283,-32.034710,0.018983,-0.002083,-0.999818,-0.087068,0.010461,0.027863
762087.064232,-0.924524,0.380657,-0.018866,-0.380761,-0.924671,0.002106,-0.016644,0.009130,0.999820,0.002128,-0.008555,0.035540,-22.866552,-9.743283,-32.034710,0.018866,-0.002106,-0.999820,-0.189505,0.008667,0.028583
762087.073938,-0.924655,0.380340,-0.018828,-0.380444,-0.924802,0.002139,-0.016599,0.009141,0.999820,0.002057,-0.002530,0.033137,-22.866552,-9.743283,-32.034710,0.018828,-0.002139,-0.999820,-0.241759,-0.006360,0.021946
762087.083645,-0.924938,0.379654,-0.018757,-0.379758,-0.925084,0.002157,-0.016533,0.009118,0.999822,0.003373,-0.006103,0.030685,-22.882822,-9.723140,-32.029209,0.018791,-0.002172,-0.999821,-0.270057,-0.009013,0.029286
762087.093351,-0.924938,0.379654,-0.018757,-0.379758,-0.925084,0.002157,-0.016533,0.009118,0.999822,-0.009189,-0.002803,0.048917,-22.882822,-9.723140,-32.029209,0.018757,-0.002157,-0.999822,-0.277958,-0.004023,0.030233
762087.103058,-0.925157,0.379123,-0.018727,-0.379224,-0.925303,0.002044,-0.016553,0.008993,0.999823,-0.015487,-0.000555,0.058647,-22.882822,-9.723140,-32.029209,0.018727,-0.002044,-0.999823,-0.261418,-0.000398,0.030508
762087.112765,-0.925797,0.377564,-0.018594,-0.377664,-0.925941,0.002051,-0.016443,0.008921,0.999825,0.005267,-0.002712,0.075829,-22.900200,-9.684558,-32.028481,0.018710,-0.002067,-0.999823,-0.244845,0.006492,0.010565
762087.122471,-0.925797,0.377564,-0.018594,-0.377664,-0.925941,0.002051,-0.016443,0.008921,0.999825,-0.007189,-0.012693,0.103738,-22.900200,-9.684558,-32.028481,0.018594,-0.002051,-0.999825,-0.237298,0.017035,0.026238
762087.132178,-0.926294,0.376343,-0.018577,-0.376442,-0.926438,0.002023,-0.016449,0.008867,0.999825,-0.002864,-0.000790,0.139192,-22.917336,-9.653378,-32.025635,0.018577,-0.002023,-0.999825,-0.233406,0.019967,0.020562
762087.141885,-0.927514,0.373334,-0.018434,-0.373433,-0.927655,0.002121,-0.016308,0.008851,0.999828,0.004474,-0.009174,0.155037,-22.917336,-9.653378,-32.025635,0.018500,-0.002078,-0.999827,-0.233329,0.020022,0.020563
762087.151591,-0.927514,0.373334,-0.018434,-0.373433,-0.927655,0.002121,-0.016308,0.008851,0.999828,-0.001947,-0.006989,0.175738,-22.917336,-9.653378,-32.025635,0.018434,-0.002121,-0.999828,-0.243989,0.018188,0.023296
762087.161298,-0.928215,0.371590,-0.018353,-0.371689,-0.928355,0.002141,-0.016243,0.008809,0.999829,0.001545,-0.005816,0.191616,-22.965998,-9.548174,-32.022316,0.018353,-0.002141,-0.999829,-0.265835,-0.001124,0.019834
762087.171005,-0.929598,0.368122,-0.018245,-0.368218,-0.929737,0.002057,-0.016206,0.008630,0.999831,-0.008315,-0.007202,0.195207,-22.965998,-9.548174,-32.022316,0.018313,-0.002118,-0.999830,-0.287265,-0.001895,0.019560
762087.180711,-0.929598,0.368122,-0.018245,-0.368218,-0.929737,0.002057,-0.016206,0.008630,0.999831,-0.008108,-0.004672,0.173276,-22.965998,-9.548174,-32.022316,0.018245,-0.002057,-0.999831,-0.299708,-0.012744,0.033706
762087.190418,-0.930212,0.366573,-0.018184,-0.366669,-0.930349,0.002105,-0.016146,0.008626,0.999832,0.008028,-0.006757,0.163607,-23.024897,-9.413738,-32.019821,0.018184,-0.002105,-0.999832,-0.309292,-0.011414,0.010483
762087.200125,-0.931322,0.363751,-0.018028,-0.363844,-0.931458,0.002053,-0.016045,0.008471,0.999835,-0.007876,-0.006980,0.156195,-23.024897,-9.413738,-32.019821,0.018112,-0.002129,-0.999834,-0.306626,-0.002708,0.025102
762087.209831,-0.931322,0.363751,-0.018028,-0.363844,-0.931458,0.002053,-0.016045,0.008471,0.999835,-0.013902,-0.007019,0.145185,-23.024897,-9.413738,-32.019821,0.018028,-0.002053,-0.999835,-0.304771,0.003091,0.028140
762087.219538,-0.931849,0.362398,-0.018009,-0.362489,-0.931986,0.001958,-0.016074,0.008352,0.999836,-0.011581,0.001423,0.144026,-23.075506,-9.302584,-32.015877,0.018009,-0.001958,-0.999836,-0.290363,0.014653,0.022709
762087.229244,-0.932838,0.359858,-0.017745,-0.359944,-0.932972,0.001818,-0.015901,0.008083,0.999841,-0.006406,-0.014127,0.143965,-23.075506,-9.302584,-32.015877,0.017907,-0.001900,-0.999838,-0.290261,0.014595,0.022711
762087.238950,-0.932838,0.359858,-0.017745,-0.359944,-0.932972,0.001818,-0.015901,0.008083,0.999841,-0.007452,-0.015266,0.129321,-23.075506,-9.302584,-32.015877,0.017745,-0.001818,-0.999841,-0.262450,0.001360,0.029565
762087.248658,-0.933297,0.358675,-0.017572,-0.358759,-0.933429,0.001760,-0.015771,0.007947,0.999844,-0.009837,-0.016481,0.124423,-23.122950,-9.196139,-32.012398,0.017572,-0.001760,-0.999844,-0.262079,0.001532,0.002591
762087.258365,-0.933878,0.357166,-0.017459,-0.357244,-0.934010,0.001463,-0.015784,0.007603,0.999847,-0.024475,-0.013028,0.108505,-23.147585,-9.149240,-32.008030,0.017429,-0.001590,-0.999847,-0.273822,0.005374,0.009262
762087.268070,-0.933878,0.357166,-0.017459,-0.357244,-0.934010,0.001463,-0.015784,0.007603,0.999847,-0.011410,0.006961,0.012381,-23.147585,-9.149240,-32.008030,0.017459,-0.001463,-0.999847,-0.283084,0.129072,0.016982
762087.277777,-0.933653,0.357758,-0.017331,-0.357835,-0.933784,0.001448,-0.015665,0.007554,0.999849,-0.000087,-0.023646,-0.074297,-23.147585,-9.149240,-32.008030,0.017331,-0.001448,-0.999849,-0.273755,0.083952,-0.007735
762087.287484,-0.933542,0.358067,-0.016982,-0.358138,-0.933668,0.001272,-0.015400,0.007269,0.999855,-0.009120,-0.024003,-0.036557,-23.159254,-9.136085,-32.003345,0.017056,-0.001363,-0.999854,-0.185590,0.002004,0.031439
762087.297190,-0.933542,0.358067,-0.016982,-0.358138,-0.933668,0.001272,-0.015400,0.007269,0.999855,-0.005193,-0.003814,0.022109,-23.159254,-9.136085,-32.003345,0.016982,-0.001272,-0.999855,-0.202986,-0.003825,0.035957
762087.306897,-0.933734,0.357572,-0.016821,-0.357642,-0.933858,0.001240,-0.015265,0.007173,0.999858,-0.001702,-0.022038,0.065915,-23.159254,-9.136085,-32.003345,0.016821,-0.001240,-0.999858,-0.197348,-0.022488,0.023204
762087.316604,-0.934034,0.356798,-0.016600,-0.356862,-0.934157,0.000932,-0.015174,0.006795,0.999862,-0.010217,-0.026983,0.064616,-23.182133,-9.112033,-31.993639,0.016552,-0.001204,-0.999862,-0.223705,-0.021501,0.054702
762087.326310,-0.934034,0.356798,-0.016600,-0.356862,-0.934157,0.000932,-0.015174,0.006795,0.999862,-0.031067,0.024830,-0.015675,-23.182133,-9.112033,-31.993639,0.016600,-0.000932,-0.999862,-0.223753,-0.021773,0.054702
762087.336017,-0.933153,0.359096,-0.016590,-0.359158,-0.933276,0.000814,-0.015191,0.006718,0.999862,0.003159,-0.039577,-0.229216,-23.182133,-9.112033,-31.993639,0.016590,-0.000814,-0.999862,-0.201405,0.096883,0.036697
762087.345724,-0.932130,0.361772,-0.015996,-0.361830,-0.932244,0.000821,-0.014615,0.006553,0.999872,0.012403,-0.046990,-0.165803,-23.174168,-9.160708,-31.985508,0.015970,-0.000915,-0.999872,-0.037256,-0.108445,-0.061163
762087.355430,-0.932130,0.361772,-0.015996,-0.361830,-0.932244,0.000821,-0.014615,0.006553,0.999872,-0.011124,0.019830,-0.139946,-23.174168,-9.160708,-31.985508,0.015996,-0.000821,-0.999872,-0.350911,0.047513,0.035120
762087.365137,-0.931671,0.362952,-0.015967,-0.363009,-0.931785,0.000741,-0.014609,0.006486,0.999872,-0.000786,-0.019761,-0.126706,-23.160242,-9.212490,-31.980722,0.015967,-0.000741,-0.999872,-0.196280,0.008553,0.013117
762087.374844,-0.930595,0.365725,-0.015427,-0.365779,-0.930702,0.000698,-0.014102,0.006292,0.999881,0.008311,-0.046043,-0.131683,-23.160242,-9.212490,-31.980722,0.015526,-0.000815,-0.999879,-0.116936,-0.059229,0.029313
762087.384550,-0.930595,0.365725,-0.015427,-0.365779,-0.930702,0.000698,-0.014102,0.006292,0.999881,-0.020373,0.000569,-0.164501,-23.160242,-9.212490,-31.980722,0.015427,-0.000698,-0.999881,-0.105316,-0.056675,0.045871
762087.394257,-0.930008,0.367215,-0.015440,-0.367267,-0.930116,0.000524,-0.014168,0.006158,0.999881,-0.006742,-0.008854,-0.159597,-23.139290,-9.308863,-31.967978,0.015440,-0.000524,-0.999881,-0.086119,-0.030069,-0.008390
762087.403964,-0.929007,0.369762,-0.014923,-0.369811,-0.929107,0.000564,-0.013656,0.006042,0.999888,0.013186,-0.039922,-0.136495,-23.139290,-9.308863,-31.967978,0.015077,-0.000598,-0.999886,-0.085756,-0.029996,-0.008384
762087.413670,-0.929007,0.369762,-0.014923,-0.369811,-0.929107,0.000564,-0.013656,0.006042,0.999888,-0.009605,-0.007886,-0.125470,-23.139290,-9.308863,-31.967978,0.014923,-0.000564,-0.999888,-0.065185,-0.033433,0.016841
762087.423377,-0.928654,0.370651,-0.014835,-0.370696,-0.928754,0.000334,-0.013654,0.005809,0.999890,-0.017463,-0.008251,-0.082846,-23.114895,-9.406985,-31.956902,0.014835,-0.000334,-0.999890,-0.074374,-0.028048,0.064053
762087.433083,-0.928455,0.371167,-0.014376,-0.371211,-0.928549,0.000411,-0.013196,0.005718,0.999897,0.008192,-0.026096,-0.041342,-23.114895,-9.406985,-31.956902,0.014591,-0.000335,-0.999893,-0.066318,-0.013947,0.013306
762087.442789,-0.928455,0.371167,-0.014376,-0.371211,-0.928549,0.000411,-0.013196,0.005718,0.999897,-0.001095,-0.016883,0.004987,-23.114895,-9.406985,-31.956902,0.014376,-0.000411,-0.999897,-0.058978,-0.023743,0.008426
