Time,Rot1,Rot2,Rot3,Rot4,Rot5,Rot6,Rot7,Rot8,Rot9,FRot1,FRot2,FRot3,FRot4,FRot5,FRot6,FRot7,FRot8,FRot9,AccX,AccY,AccZ,GravX,GravY,GravZ,GyroX,GyroY,GyroZ,MagX,MagY,MagZ,Imid
0.0,0.95408386,0.05329999,-0.29475924,-0.2995244,0.17963152,-0.9370259,0.0030045793,0.98228896,0.1873482,1.0,0.0,0.0,0.0,1.0,0.0,0.0,0.0,1.0,0.10055542,9.706085,1.8291626,0.029464722,9.632919,1.8372498,0.0,0.0,0.0,-7.7423096,-22.795105,-29.182434,0,0.0,0.0,0.0,0.0
0.004394532,0.95412624,0.053145606,-0.2946499,-0.29938808,0.17963234,-0.93706924,0.0031275272,0.9822971,0.1873031,0.99998325,0.005766628,-4.8018084E-4,-0.005777697,0.99960124,-0.027640339,3.2059778E-4,0.02764265,0.9996178,0.12449646,9.600739,1.8243713,0.030670166,9.632919,1.836792,0.003189087,-0.08308411,-0.0021362305,-7.7423096,-22.795105,-29.182434,0,0.0,0.0,0.0,0.0
0.008789063,0.95414835,0.053065304,-0.29459304,-0.2993171,0.17967305,-0.9370843,0.0032037606,0.98229414,0.18731807,0.9999343,0.011389193,-0.0012722572,-0.011441739,0.9984372,-0.054701995,6.472572E-4,0.054712962,0.9985019,0.24420166,9.528915,1.9153595,0.031417847,9.632919,1.8369446,0.01171875,-0.08201599,0.003189087,-7.7423096,-22.795105,-29.182434,0,0.0,0.0,0.0,0.0
0.013183594,0.9742312,0.039173327,-0.22212406,-0.22552912,0.1831735,-0.9568616,0.0032037792,0.98229986,0.18728805,0.999855,0.016865289,-0.0023512007,-0.01700051,0.9965549,-0.08117451,9.740688E-4,0.08120271,0.9966971,0.04309082,9.648621,1.7429657,0.031417847,9.632919,1.8366394,0.004257202,-0.06817627,-0.012786865,-6.1279297,-21.897888,-30.73883,0,0.0,0.0,0.0,0.0
0.017578125,0.97422534,0.03920317,-0.22214414,-0.2255543,0.18321288,-0.9568481,0.0031881914,0.9822913,0.18733309,0.99978,0.020676116,-0.0035269442,-0.02093492,0.99403244,-0.107057564,0.0012923622,0.10710785,0.9942466,0.04788208,9.643829,1.8578949,0.03126526,9.632919,1.8370972,-0.0032043457,-0.057525635,-0.014907837,-6.1279297,-21.897888,-30.73883,0,0.0,0.0,0.0,0.0
0.021972657,0.9742032,0.03931689,-0.22222075,-0.2256512,0.18309328,-0.956848,0.003066837,0.982309,0.187242,0.99969095,0.024378158,-0.004870624,-0.02480842,0.99089336,-0.13234381,0.0015999703,0.13242374,0.99119186,0.009567261,9.730026,1.5562286,0.030075073,9.633057,1.8361969,-0.008514404,-0.06285095,-0.017044067,-6.1279297,-21.897888,-30.73883,0,0.0,0.0,0.0,0.0
0.026367188,0.9619623,0.048478037,-0.2688468,-0.2731674,0.18108363,-0.944769,0.00288321,0.9822722,0.18743822,0.9995882,0.027979951,-0.0063611,-0.028631892,0.987178,-0.15703428,0.0018857265,0.15715174,0.9875726,-0.0335083,9.730026,1.8339539,0.028274536,9.632767,1.8381348,-0.0032043457,-0.043670654,-0.034088135,-7.0251465,-22.436523,-29.182434,0,0.0,0.0,0.0,0.0
0.030761719,0.96190774,0.048696898,-0.26900196,-0.27336082,0.1810562,-0.94471806,0.0026996324,0.9822663,0.1874712,0.9994401,0.032447904,-0.008159149,-0.033389322,0.9828949,-0.18111517,0.002142779,0.1812862,0.98342806,-0.01914978,9.567215,1.656784,0.026473999,9.632614,1.83844,-0.047927856,-0.038345337,-0.046875,-7.0251465,-22.436523,-29.182434,0,0.0,0.0,0.0,0.0
0.03515625,0.96182406,0.049032897,-0.26924014,-0.27365723,0.1812604,-0.9445932,0.0024864392,0.98221195,0.18775883,0.9992718,0.036789637,-0.010120488,-0.038082488,0.9781055,-0.20459557,0.0023719082,0.20483197,0.9787943,0.004776001,9.792282,1.9009857,0.024383545,9.632172,1.8412781,-0.022369385,-0.03302002,-0.04473877,-7.0251465,-22.436523,-29.182434,0,0.0,0.0,0.0,0.0
0.039550782,0.953015,0.054861892,-0.2979135,-0.3029148,0.17977284,-0.9359082,0.0022110592,0.9821771,0.18794471,0.999084,0.041007664,-0.012230488,-0.042715423,0.9728471,-0.2274728,0.002570267,0.22778684,0.9737077,-0.01914978,9.706085,1.9009857,0.02168274,9.631714,1.8430786,-0.06283569,-0.025558472,-0.050064087,-7.9208374,-23.690796,-29.701233,0,0.0,0.0,0.0,0.0
0.043945313,0.9529142,0.055217918,-0.2981706,-0.30323395,0.17989759,-0.935781,0.0019682986,0.9821343,0.1881709,0.99884856,0.045690693,-0.014624137,-0.047896124,0.9671266,-0.249744,0.0027324152,0.2501569,0.96820146,-0.0143585205,9.706085,1.7429657,0.019302368,9.631424,1.8453217,-0.039413452,0.014907837,-0.05859375,-7.9208374,-23.690796,-29.701233,0,0.0,0.0,0.0,0.0
0.048339844,0.95279706,0.05562938,-0.2984676,-0.3036031,0.17991193,-0.93565845,0.0016477783,0.98210853,0.18830885,0.9985902,0.05022981,-0.017165566,-0.05300467,0.96100056,-0.2714193,0.0028627797,0.27194646,0.96230817,-0.08618164,9.701294,1.7525482,0.016159058,9.631119,1.8466644,-0.061782837,0.0,-0.053268433,-7.9208374,-23.690796,-29.701233,0,0.0,0.0,0.0,0.0
0.052734375,0.96182275,0.050261613,-0.26901805,-0.27366954,0.18162718,-0.9445192,0.001387937,0.9820821,0.18844824,0.99830943,0.054632016,-0.01983742,-0.05804697,0.9545002,-0.29250625,0.0029546162,0.29316327,0.95605785,-0.08618164,9.701294,1.8195801,0.01361084,9.630814,1.8480225,-0.039413452,0.028747559,-0.06071472,-7.2036743,-22.973633,-30.047607,0,0.0,0.0,0.0,0.0
0.057128907,0.9617424,0.050583553,-0.26924494,-0.27395296,0.1816789,-0.944427,0.0011436517,0.982056,0.18858583,0.99789774,0.06139512,-0.02075614,-0.064806074,0.94822,-0.3109326,5.916433E-4,0.31162405,0.9502053,-0.0335083,9.758759,1.9728088,0.01121521,9.630524,1.8493652,-0.03514099,0.024490356,-0.046875,-7.2036743,-22.973633,-30.047607,0,0.0,0.0,0.0,0.0
0.061523438,0.9616663,0.050888006,-0.2694595,-0.274221,0.18173574,-0.9443384,9.149259E-4,0.9820298,0.18872368,0.9976176,0.0648474,-0.023536328,-0.06898311,0.9411269,-0.33094034,6.9004804E-4,0.33177552,0.9433581,-0.11012268,9.777908,2.1020966,0.008972168,9.6302185,1.850708,-0.022369385,0.030883789,-0.043670654,-7.2036743,-22.973633,-30.047607,0,0.0,0.0,0.0,0.0
0.065917969,0.9522393,0.056980133,-0.2999893,-0.30535197,0.17994925,-0.935082,7.017504E-4,0.9820242,0.18875374,0.9973243,0.068172134,-0.026397135,-0.073100396,0.9337493,-0.3503835,7.619162E-4,0.3513756,0.93623424,-0.12449646,9.76355,2.087738,0.006881714,9.6302185,1.8510132,-0.013839722,0.026626587,-0.038345337,-7.7423096,-22.436523,-28.837585,0,0.0,0.0,0.0,0.0
0.0703125,0.95220196,0.05711292,-0.30008262,-0.3054687,0.17984225,-0.9350645,5.632654E-4,0.98203605,0.18869235,0.9969687,0.071965665,-0.029569648,-0.07779952,0.92606634,-0.36925375,8.098612E-4,0.37043494,0.92885804,-0.0622406,9.720444,2.039856,0.0055236816,9.630371,1.8504181,0.012771606,0.028747559,-0.03302002,-7.7423096,-22.436523,-28.837585,0,0.0,0.0,0.0,0.0
0.074707032,0.9521764,0.05720355,-0.30014625,-0.30554843,0.17968297,-0.93506914,4.418963E-4,0.9820601,0.18856835,0.99659765,0.075599626,-0.032830138,-0.08241609,0.9181458,-0.38757715,8.4216584E-4,0.38896418,0.92125255,-0.1771698,9.715668,1.9823914,0.004333496,9.630661,1.8492126,0.027694702,0.0063934326,-0.02557373,-7.7423096,-22.436523,-28.837585,0,0.0,0.0,0.0,0.0
0.079101563,0.9619724,0.05111616,-0.26832083,-0.27314618,0.18122493,-0.9447479,3.345361E-4,0.9821124,0.18829559,0.9962124,0.07907357,-0.036169607,-0.086949006,0.9100108,-0.40536427,8.611345E-4,0.4069738,0.91343945,-0.08618164,9.662994,1.8387451,0.0032806396,9.631119,1.8465271,0.04046631,-0.0053253174,-0.012786865,-7.0251465,-22.795105,-29.528809,0,0.0,0.0,0.0,0.0
0.083496094,0.96194714,0.051216427,-0.26839224,-0.27323523,0.18102197,-0.94476104,1.9760992E-4,0.9821446,0.18812774,0.99587584,0.08177644,-0.03929284,-0.09072243,0.9017387,-0.42265448,8.68693E-4,0.42447615,0.9054387,-0.09576416,9.615112,2.0781555,0.0019378662,9.631424,1.8448792,0.06390381,-0.022369385,-0.020248413,-7.0251465,-22.795105,-29.528809,0,0.0,0.0,0.0,0.0
0.087890625,0.96195656,0.051179122,-0.2683657,-0.27320215,0.18085839,-0.944802,1.8205054E-4,0.98217666,0.18796018,0.9955312,0.0843496,-0.042458978,-0.09442921,0.89329803,-0.43943343,8.624896E-4,0.44147906,0.89727116,0.03829956,9.672562,2.1260376,0.0017852783,9.631714,1.8432312,0.05857849,-0.0095825195,-0.026626587,-7.0251465,-22.795105,-29.528809,0,0.0,0.0,0.0,0.0
0.092285157,0.96199,0.05104662,-0.2682714,-0.27308473,0.18053171,-0.9448985,1.9761169E-4,0.98224366,0.18760973,0.9951801,0.08678213,-0.045667157,-0.09806068,0.88470995,-0.45571092,8.546266E-4,0.45799255,0.8889556,-0.009567261,9.787491,1.9345093,0.0019378662,9.632309,1.8397827,0.06285095,-0.026626587,-0.0138549805,-7.0251465,-22.795105,-29.528809,0,0.0,0.0,0.0,0.0
0.096679688,0.96203417,0.05087112,-0.2681464,-0.2729291,0.18013628,-0.9450188,2.2872926E-4,0.98232526,0.18718144,0.99482346,0.089072786,-0.048911437,-0.10161482,0.8759917,-0.47150078,8.4812427E-4,0.4740302,0.8805082,-0.11012268,9.82579,1.7812805,0.002243042,9.633209,1.8356018,0.08627319,-0.039413452,-0.0010681152,-7.0251465,-22.795105,-29.528809,0,0.0,0.0,0.0,0.0
0.101074219,0.9621037,0.050593972,-0.267949,-0.2726835,0.179771,-0.9451593,3.500976E-4,0.98240656,0.18675451,0.9944622,0.09122306,-0.05218548,-0.10509166,0.8671601,-0.48681524,8.443879E-4,0.48960364,0.87194467,-0.009567261,9.62468,1.8435211,0.0034332275,9.633957,1.8314056,0.09159851,-0.057525635,0.0063934326,-7.0251465,-22.795105,-29.528809,0,0.0,0.0,0.0,0.0
0.10546875,0.96173656,0.050688077,-0.269246,-0.27397543,0.17934774,-0.944866,3.952198E-4,0.98247904,0.18637258,0.9940976,0.093227066,-0.055486545,-0.10848648,0.8582327,-0.5016647,8.5164484E-4,0.50472313,0.8632809,-0.028717041,9.696503,1.8626862,0.0038757324,9.634705,1.8276672,0.09906006,-0.043670654,0.018096924,-7.0251465,-21.71936,-29.182434,0,0.0,0.0,0.0,0.0
0.109863282,0.9617776,0.0505203,-0.26913098,-0.2738313,0.17902802,-0.94496846,4.4189513E-4,0.98254603,0.18601918,0.99372613,0.095123224,-0.05882028,-0.11183698,0.84922147,-0.51605743,8.6239574E-4,0.51939815,0.8545319,-0.07182312,9.701294,1.8148041,0.004333496,9.635452,1.8242188,0.09159851,-0.045806885,0.004257202,-7.0251465,-21.71936,-29.182434,0,0.0,0.0,0.0,0.0
0.114257813,0.96181524,0.05036656,-0.26902562,-0.27369937,0.17869285,-0.94507015,4.730177E-4,0.9826149,0.18565477,0.9933519,0.0968891,-0.062166017,-0.11511448,0.84014416,-0.5300061,8.766053E-4,0.5336387,0.84571207,-0.04788208,9.60553,1.7094574,0.004638672,9.636063,1.8206329,0.078826904,-0.036209106,0.007461548,-7.0251465,-21.71936,-29.182434,0,0.0,0.0,0.0,0.0
0.118652344,0.9669032,0.04676012,-0.25082204,-0.25514296,0.17926016,-0.950141,5.3370016E-4,0.98268986,0.18525775,0.9929749,0.09853038,-0.06551764,-0.1183216,0.83101404,-0.5435216,8.926974E-4,0.54745543,0.8368344,0.13406372,9.60553,1.5945282,0.0052337646,9.63681,1.816742,0.076690674,-0.03727722,0.007461548,-6.486511,-23.332214,-29.354858,0,0.0,0.0,0.0,0.0
0.123046875,0.96694356,0.046592265,-0.25069755,-0.2549897,0.1789728,-0.95023626,5.9438305E-4,0.9827502,0.18493715,0.99264246,0.09973447,-0.06865898,-0.12107925,0.821882,-0.55664164,9.1321615E-4,0.56085926,0.8279107,0.0909729,9.76355,1.6519928,0.0058288574,9.637405,1.8135986,0.07136536,-0.03727722,-0.0053253174,-6.486511,-23.332214,-29.354858,0,0.0,0.0,0.0,0.0
0.127441407,0.9669669,0.046494957,-0.25062537,-0.2549009,0.17873037,-0.9503056,6.0994504E-4,0.9827988,0.18467797,0.99209857,0.10075212,-0.07476253,-0.1254264,0.8104577,-0.57221186,0.0029403116,0.5770678,0.8166909,0.04788208,9.658203,1.5801697,0.0059814453,9.637848,1.8110504,0.059646606,-0.039413452,-0.0032043457,-6.486511,-23.332214,-29.354858,0,0.0,0.0,0.0,0.0
0.131835938,0.9637992,0.048577175,-0.26216683,-0.26662847,0.17806709,-0.94720715,6.706312E-4,0.9828186,0.18457296,0.99176186,0.10174082,-0.07782887,-0.12806287,0.8012806,-0.58442223,0.002903167,0.58957464,0.80770874,0.09576416,9.686935,1.6424103,0.006576538,9.6380005,1.8100128,0.041534424,-0.045806885,-0.0095825195,-6.845093,-22.615051,-29.354858,0,0.0,0.0,0.0,0.0
0.136230469,0.9638186,0.0484975,-0.26210997,-0.26655796,0.1779444,-0.94725,7.017474E-4,0.9828447,0.18443353,0.9913936,0.102827065,-0.08102669,-0.13088347,0.79207754,-0.5962237,0.0028714796,0.60169744,0.798719,0.0335083,9.701294,1.7238159,0.006881714,9.638306,1.8086548,0.007446289,-0.04473877,-0.0010681152,-6.845093,-22.615051,-29.354858,0,0.0,0.0,0.0,0.0
0.140625,0.9638445,0.04839168,-0.2620345,-0.26646432,0.17791016,-0.9472828,7.7798846E-4,0.98285615,0.18437238,0.9910253,0.103815146,-0.08420854,-0.1336435,0.7828825,-0.6076465,0.002842479,0.61344707,0.78973067,-0.04309082,9.634262,1.6472015,0.0076293945,9.638443,1.8080597,0.023422241,-0.036209106,-0.004257202,-6.845093,-22.615051,-29.354858,0,0.0,0.0,0.0,0.0
0.145019532,0.9526962,0.0552034,-0.29886886,-0.30392313,0.17585179,-0.9363263,8.6823147E-4,0.9828676,0.18431091,0.99065787,0.10470491,-0.08737268,-0.13634205,0.77370614,-0.61869997,0.0028198548,0.6248325,0.78075373,-0.04788208,9.696503,1.5993195,0.008514404,9.638596,1.8074646,0.0010528564,-0.043670654,0.013839722,-8.459473,-21.359253,-30.911255,0,0.0,0.0,0.0,0.0
0.149414063,0.95273453,0.05505154,-0.2987744,-0.3038021,0.17599612,-0.9363383,0.0010362744,0.9828502,0.18440238,0.990182,0.106098354,-0.09100981,-0.13975614,0.764474,-0.6293233,0.0028044668,0.6358638,0.7717962,0.03829956,9.60553,1.7238159,0.0101623535,9.638443,1.8083649,-0.0032043457,-0.041534424,0.019165039,-8.459473,-21.359253,-30.911255,0,0.0,0.0,0.0,0.0
0.153808594,0.9527675,0.054921288,-0.29869342,-0.30369845,0.17610174,-0.9363523,0.0011747584,0.98283875,0.18446353,0.98970544,0.10736779,-0.09463233,-0.1430918,0.7552796,-0.63959163,0.0028023238,0.64654845,0.7628678,-0.004776001,9.653412,1.7142334,0.011520386,9.638306,1.80896,-0.026626587,-0.041534424,0.026611328,-8.459473,-21.359253,-30.911255,0,0.0,0.0,0.0,0.0
0.158203125,0.9805088,0.0348921,-0.19335221,-0.19647028,0.18115416,-0.96362996,0.0014034818,0.9828356,0.1844785,0.9892285,0.10852088,-0.09823538,-0.14635257,0.7461299,-0.6495161,0.002810298,0.6568968,0.7539752,-0.05265808,9.490601,1.8578949,0.013763428,9.638306,1.8091125,-0.024490356,-0.043670654,0.025543213,-5.052185,-22.615051,-29.701233,0,0.0,0.0,0.0,0.0
0.162597657,0.9805384,0.03472663,-0.19323124,-0.19632086,0.1811564,-0.96365994,0.0015404153,0.982841,0.1844484,0.9892285,0.10852088,-0.09823538,-0.14635257,0.7461299,-0.6495161,0.002810298,0.6568968,0.7539752,-0.05265808,9.490601,1.8578949,0.015106201,9.638306,1.8088074,-0.024490356,-0.043670654,0.025543213,-5.052185,-22.615051,-29.701233,0,0.0,0.0,0.0,0.0
0.166992188,0.9805872,0.034455333,-0.19303297,-0.19607592,0.18118116,-0.9637052,0.0017691526,0.98284596,0.18441977,0.9892285,0.10852088,-0.09823538,-0.14635257,0.7461299,-0.6495161,0.002810298,0.6568968,0.7539752,-0.05265808,9.490601,1.8578949,0.017349243,9.638306,1.8085175,-0.024490356,-0.043670654,0.025543213,-5.052185,-22.615051,-29.701233,0,0.0,0.0,0.0,0.0
0.171386719,0.9666751,0.045290023,-0.2519683,-0.25599837,0.17874973,-0.9500071,0.0020134249,0.9828517,0.18438709,0.988799,0.10656169,-0.104504,-0.14922366,0.71972966,-0.67802775,0.0029628454,0.6860276,0.7275695,-0.04309082,9.634262,1.7860718,0.019744873,9.638443,1.8082123,0.012771606,-0.03514099,0.051116943,-6.3079834,-23.87085,-28.49121,0,0.0,0.0,0.0,0.0
0.17578125,0.9667678,0.04492,-0.2516788,-0.25564554,0.1787862,-0.9500952,0.0023184193,0.982862,0.18432835,0.9884749,0.10672715,-0.10736234,-0.15135457,0.7109168,-0.68679625,0.0030258903,0.69513065,0.7188771,-0.01914978,9.730026,1.8291626,0.022735596,9.638443,1.8076172,0.006378174,-0.025558472,0.055374146,-6.3079834,-23.87085,-28.49121,0,0.0,0.0,0.0,0.0
0.180175782,0.9668557,0.0445684,-0.2514037,-0.25531045,0.17876515,-0.95018935,0.0025937993,0.98288184,0.18421887,0.98815495,0.10681042,-0.110187456,-0.15342775,0.7021768,-0.69527525,0.0031084323,0.7039455,0.7102472,-0.03829956,9.8688965,1.656784,0.025436401,9.638748,1.8065643,0.014907837,-0.0234375,0.07241821,-6.3079834,-23.87085,-28.49121,0,0.0,0.0,0.0,0.0
0.184570313,0.95674026,0.050887004,-0.28645873,-0.29092902,0.17713863,-0.9402033,0.0028987785,0.9828695,0.18428016,0.98783916,0.10681797,-0.11297682,-0.1554463,0.6935127,-0.7034747,0.003207117,0.7124817,0.7016834,0.0622406,9.773117,1.8291626,0.028427124,9.638596,1.8071594,0.010650635,-0.043670654,0.057510376,-7.383728,-23.512268,-28.837585,0,0.0,0.0,0.0,0.0
0.188964844,0.95682704,0.050572105,-0.28622422,-0.2906403,0.17721924,-0.94027734,0.0031726353,0.98287123,0.18426648,0.98740953,0.10726415,-0.11626111,-0.15814932,0.68485093,-0.7113142,0.0033230088,0.72074515,0.6931921,-0.03829956,9.682144,1.8100128,0.03111267,9.638596,1.8070221,-0.015975952,-0.039413452,0.060699463,-7.383728,-23.512268,-28.837585,0,0.0,0.0,0.0,0.0
0.193359375,0.95691,0.050271068,-0.286,-0.29036406,0.17734243,-0.94033945,0.0034480738,0.9828644,0.18429767,0.9870653,0.103617564,-0.12233315,-0.16010281,0.676667,-0.71867156,0.008311805,0.7289617,0.684504,0.07182312,9.677353,1.8578949,0.033813477,9.638443,1.807312,0.0053253174,-0.043670654,0.061767578,-7.383728,-23.512268,-28.837585,0,0.0,0.0,0.0,0.0
0.197753907,0.96288216,0.046277124,-0.26592568,-0.26989746,0.17843044,-0.9462125,0.0036612418,0.9828637,0.18429755,0.9866334,0.104017146,-0.12543865,-0.16274378,0.66817266,-0.7259888,0.008299395,0.73669916,0.67616963,0.028717041,9.840164,1.771698,0.03590393,9.638443,1.807312,-0.004272461,-0.05432129,0.050048828,-7.0251465,-23.512268,-29.528809,0,0.0,0.0,0.0,0.0
0.202148438,0.9629538,0.04599205,-0.26571575,-0.26963866,0.17842983,-0.9462863,0.0038899637,0.98287714,0.1842209,0.9862744,0.10405883,-0.12819713,-0.16490562,0.6598135,-0.7331113,0.008299506,0.7441894,0.66791713,0.12927246,9.686935,1.5849609,0.038146973,9.638596,1.8065643,-0.0053253174,-0.050064087,0.037261963,-7.0251465,-23.512268,-29.528809,0,0.0,0.0,0.0,0.0
0.206542969,0.9630146,0.045749456,-0.26553702,-0.26941803,0.1784968,-0.94633645,0.00410313,0.98287624,0.18422075,0.9859196,0.10403547,-0.13091688,-0.1670135,0.6515465,-0.7399957,0.008312641,0.7514411,0.6597477,0.0909729,9.672562,1.8674622,0.040237427,9.638596,1.8065643,-0.004272461,-0.041534424,0.038330078,-7.0251465,-23.512268,-29.528809,0,0.0,0.0,0.0,0.0
0.2109375,0.9524115,0.052158985,-0.30031946,-0.30478552,0.17671804,-0.93588275,0.004257182,0.9828785,0.18420559,0.98556876,0.10395246,-0.13359681,-0.16907015,0.6433748,-0.7466486,0.008336859,0.75846076,0.65166533,-0.01914978,9.686935,1.905777,0.041748047,9.638596,1.8064117,0.004257202,-0.036209106,0.036209106,-7.562256,-22.973633,-27.972412,0,0.0,0.0,0.0,0.0
0.215332032,0.9524378,0.05206804,-0.3002519,-0.30470255,0.17668226,-0.93591654,0.0043178466,0.9828898,0.18414411,0.9850945,0.10428907,-0.13679409,-0.17181042,0.6352222,-0.7529768,0.008367402,0.76525587,0.6436719,-0.04788208,9.572006,1.8818359,0.04234314,9.638748,1.8058167,0.013839722,-0.03514099,0.034072876,-7.562256,-22.973633,-27.972412,0,0.0,0.0,0.0,0.0
0.219726563,0.95245737,0.05200017,-0.30020145,-0.30464056,0.17665495,-0.9359418,0.004362939,0.98289824,0.18409766,0.98462266,0.10456278,-0.13994639,-0.17449312,0.62716717,-0.7590873,0.008397497,0.7718342,0.6357685,0.04309082,9.600739,1.7669067,0.042785645,9.638901,1.8053741,0.022369385,-0.014907837,0.018096924,-7.562256,-22.973633,-27.972412,0,0.0,0.0,0.0,0.0
0.224121094,0.96992326,0.040583923,-0.24000402,-0.24337094,0.17960767,-0.95315886,0.004423633,0.98290086,0.18408258,0.98415315,0.10477805,-0.14305286,-0.17712018,0.6192113,-0.7649874,0.008426052,0.77820235,0.6279571,-0.009567261,9.615112,1.9440765,0.043380737,9.638901,1.8052216,0.006378174,-0.025558472,0.007461548,-6.3079834,-23.87085,-29.528809,0,0.0,0.0,0.0,0.0
0.228515625,0.96994376,0.040494386,-0.23993601,-0.24328811,0.17950441,-0.95319945,0.0044703446,0.98292345,0.18396099,0.9839145,0.10415853,-0.14513192,-0.17843993,0.61148995,-0.7708691,0.0084541235,0.7843666,0.6202399,0.0622406,9.677353,1.7381897,0.0438385,9.639053,1.8040161,0.017044067,-0.029815674,0.0095825195,-6.3079834,-23.87085,-29.528809,0,0.0,0.0,0.0,0.0
0.232910157,0.96992356,0.040582005,-0.24000254,-0.24336943,0.17954478,-0.953171,0.004409612,0.9829125,0.18402116,0.9836791,0.10352068,-0.14716959,-0.17973173,0.6038661,-0.776558,0.008480922,0.7903349,0.6126164,-0.10533142,9.730026,1.9488678,0.04324341,9.639053,1.8046265,0.020233154,-0.029815674,0.003189087,-6.3079834,-23.87085,-29.528809,0,0.0,0.0,0.0,0.0
0.237304688,0.9629498,0.045437556,-0.26582503,-0.26964462,0.17828336,-0.94631225,0.0043940665,0.98292965,0.18392995,0.98344606,0.102875635,-0.14916591,-0.18100175,0.59634185,-0.782058,0.0084991725,0.79611117,0.6050907,-0.02394104,9.7348175,1.747757,0.04309082,9.639191,1.8037262,0.007446289,-0.015975952,-0.007461548,-7.0251465,-23.87085,-29.528809,0,0.0,0.0,0.0,0.0
0.241699219,0.96295357,0.04542286,-0.26581404,-0.2696313,0.17824058,-0.9463241,0.004394104,0.98293805,0.18388484,0.9831166,0.10253999,-0.1515498,-0.1827822,0.58886063,-0.7872953,0.008512461,0.80170363,0.59766114,0.0,9.753967,1.7094574,0.04309082,9.639191,1.8032684,0.012771606,-0.029815674,-0.0032043457,-7.0251465,-23.87085,-29.528809,0,0.0,0.0,0.0,0.0
0.24609375,0.96295965,0.045398936,-0.26579612,-0.26960912,0.1782784,-0.9463233,0.0044236416,0.9829322,0.18391488,0.98279047,0.10217941,-0.15389055,-0.18452726,0.5814815,-0.7923566,0.008521984,0.8071175,0.59032935,-0.05744934,9.672562,1.9105682,0.043380737,9.639191,1.8035736,0.0010528564,-0.034088135,-0.004257202,-7.0251465,-23.87085,-29.528809,0,0.0,0.0,0.0,0.0
0.250488282,0.9617173,0.046160758,-0.2701276,-0.27400687,0.17805274,-0.94510186,0.0044703456,0.9829377,0.18388478,0.98246783,0.10179394,-0.15618885,-0.18623696,0.57420635,-0.7972471,0.00852971,0.8123577,0.58309704,0.09576416,9.619888,1.771698,0.0438385,9.639191,1.8032684,0.0021209717,-0.024490356,0.01171875,-6.845093,-25.125122,-28.663635,0,0.0,0.0,0.0,0.0
0.254882813,0.9617429,0.04606815,-0.27005252,-0.27391598,0.17806463,-0.94512594,0.004546599,0.98293984,0.18387118,0.98213154,0.101436056,-0.15851909,-0.18800186,0.5670255,-0.8019584,0.008536877,0.8174306,0.5759638,0.05744934,9.686935,1.8339539,0.04458618,9.639191,1.8031311,0.006378174,-0.028762817,0.0,-6.845093,-25.125122,-28.663635,0,0.0,0.0,0.0,0.0
0.259277344,0.9617835,0.045920536,-0.26993287,-0.27377167,0.1779766,-0.94518435,0.004638363,0.98296267,0.18374671,0.9813487,0.10052936,-0.1638558,-0.19193882,0.55981624,-0.8060802,0.010694418,0.822496,0.5686704,-0.0143585205,9.572006,1.747757,0.04548645,9.639496,1.8019257,0.004257202,-0.04685974,0.007461548,-6.845093,-25.125122,-28.663635,0,0.0,0.0,0.0,0.0
0.263671875,0.9697979,0.04035359,-0.2405485,-0.24386485,0.17935565,-0.95308006,0.004683531,0.9829564,0.18377957,0.98102295,0.100131676,-0.16603462,-0.19359937,0.5528446,-0.81048256,0.010636372,0.8272463,0.5617387,0.004776001,9.595947,1.9440765,0.045928955,9.639343,1.8022308,0.024490356,-0.050064087,0.015960693,-6.1279297,-21.539307,-28.318787,0,0.0,0.0,0.0,0.0
0.268066407,0.96982086,0.040248804,-0.24047376,-0.24377231,0.17931819,-0.95311075,0.004759752,0.98296744,0.18371804,0.980822,0.099374406,-0.16766907,-0.19461824,0.54603964,-0.81484014,0.01057971,0.83184457,0.5549078,0.11012268,9.701294,1.8483124,0.046676636,9.639496,1.8016357,0.0053253174,-0.043670654,0.0053253174,-6.1279297,-21.539307,-28.318787,0,0.0,0.0,0.0,0.0
0.272460938,0.9698607,0.040066056,-0.24034338,-0.24361084,0.17926891,-0.9531612,0.0048966836,0.9829839,0.18362641,0.98062456,0.098608956,-0.16926825,-0.19561356,0.53933656,-0.8190552,0.0105263665,0.83629686,0.54817593,0.12449646,9.672562,1.8243713,0.04801941,9.639648,1.8007355,0.019165039,-0.059646606,0.0021362305,-6.1279297,-21.539307,-28.318787,0,0.0,0.0,0.0,0.0
0.276855469,0.9641449,0.043957666,-0.26171023,-0.2653293,0.17821349,-0.94754434,0.0049884585,0.9830095,0.1834869,0.9804311,0.097831994,-0.17083268,-0.19658351,0.5327351,-0.82313323,0.0104798125,0.84060824,0.54154223,0.13885498,9.677353,1.7333984,0.048919678,9.639954,1.7993774,0.020233154,-0.076690674,0.010650635,-7.0251465,-21.71936,-29.528809,0,0.0,0.0,0.0,0.0
0.28125,0.96418434,0.04378635,-0.26159364,-0.26518363,0.17815118,-0.94759685,0.005111406,0.9830285,0.183382,0.98015183,0.097285226,-0.17273632,-0.19797303,0.52619,-0.827001,0.010437148,0.8447838,0.535006,0.07182312,9.600739,1.6615753,0.050125122,9.640091,1.7983398,0.026626587,-0.059646606,0.0010681152,-7.0251465,-21.71936,-29.528809,0,0.0,0.0,0.0,0.0
0.285644532,0.9642118,0.04366731,-0.2615126,-0.26508197,0.17818336,-0.9476193,0.0052172104,0.9830279,0.1833819,0.97987723,0.09671963,-0.17460209,-0.19932993,0.51974696,-0.830741,0.010399948,0.84882766,0.5285673,0.03829956,9.720444,1.9153595,0.05116272,9.640091,1.7983398,0.013839722,-0.05645752,0.012786865,-7.0251465,-21.71936,-29.528809,0,0.0,0.0,0.0,0.0
0.290039063,0.96082705,0.04582936,-0.27333304,-0.2770988,0.17753042,-0.9442982,0.005248352,0.9830476,0.18327531,0.9796068,0.09613857,-0.1764305,-0.20065612,0.513407,-0.83435625,0.010366838,0.852743,0.5222278,0.10533142,9.634262,1.8148041,0.051467896,9.640244,1.797287,0.007446289,-0.06390381,0.013839722,-7.2036743,-24.049377,-29.354858,0,0.0,0.0,0.0,0.0
0.294433594,0.96084,0.04578019,-0.27329594,-0.27705377,0.1774462,-0.94432735,0.0052638394,0.9830652,0.18318099,0.97928977,0.095674604,-0.17843194,-0.20219992,0.5071427,-0.8378075,0.010333556,0.85653526,0.5159851,0.07182312,9.686935,1.637619,0.051620483,9.640549,1.7963867,0.026626587,-0.061782837,-0.007461548,-7.2036743,-24.049377,-29.354858,0,0.0,0.0,0.0,0.0
0.298828125,0.9608328,0.045807816,-0.27331677,-0.27707976,0.17735879,-0.9443361,0.0052171545,0.9830796,0.18310454,0.9789768,0.09519694,-0.1803941,-0.2037116,0.50097835,-0.8411434,0.010299251,0.8602083,0.5098389,0.028717041,9.730026,1.7094574,0.05116272,9.640701,1.795639,0.0095825195,-0.041534424,-0.007461548,-7.2036743,-24.049377,-29.354858,0,0.0,0.0,0.0,0.0
0.303222657,0.96081716,0.045867357,-0.27336174,-0.2771351,0.17731217,-0.94432855,0.0051565007,0.98308516,0.18307601,0.9786675,0.094710805,-0.18231766,-0.20519403,0.49491265,-0.8443677,0.010260568,0.8637658,0.503789,0.07661438,9.691727,1.8291626,0.050567627,9.640701,1.7953491,0.008514404,-0.03514099,-0.014907837,-7.2036743,-24.049377,-29.354858,0,0.0,0.0,0.0,0.0
0.307617188,0.9608103,0.04589328,-0.2733813,-0.27715954,0.17722552,-0.9443377,0.00511138,0.9830997,0.18299986,0.9783619,0.09421829,-0.18420346,-0.20664853,0.48894536,-0.8474838,0.010216956,0.8672112,0.4978356,0.13406372,9.749176,1.7812805,0.050125122,9.640839,1.7946014,0.007446289,-0.026626587,-0.0234375,-7.2036743,-24.049377,-29.354858,0,0.0,0.0,0.0,0.0
0.312011719,0.96078897,0.045974717,-0.27344278,-0.27723423,0.1773457,-0.94429326,0.0050802818,0.9830742,0.18313755,0.97806007,0.09371881,-0.1860519,-0.20807476,0.4830752,-0.8504959,0.010169605,0.8705487,0.4919771,0.1819458,9.600739,1.8674622,0.049819946,9.640549,1.7959442,0.014907837,-0.015975952,-0.02130127,-7.2036743,-24.049377,-29.354858,0,0.0,0.0,0.0,0.0
0.31640625,0.96237576,0.04503984,-0.26796323,-0.27167627,0.1775984,-0.94585985,0.004988467,0.98307186,0.18315266,0.97776186,0.093213946,-0.18786421,-0.20947412,0.47730502,-0.85340524,0.010119263,0.8737798,0.48621652,0.15322876,9.643829,1.7621307,0.048919678,9.640549,1.7960968,-0.022369385,-0.0021209717,-0.020248413,-7.0251465,-23.512268,-29.182434,0,0.0,0.0,0.0,0.0
0.320800782,0.9623576,0.045111272,-0.2680164,-0.2717414,0.17764243,-0.94583285,0.004943365,0.9830606,0.18321416,0.97749186,0.092651635,-0.18954006,-0.21073323,0.47164196,-0.85623914,0.010063087,0.8769091,0.48055092,0.15800476,9.7444,1.8770447,0.048477173,9.640396,1.7966919,-0.006378174,0.03727722,-0.02130127,-7.0251465,-23.512268,-29.182434,0,0.0,0.0,0.0,0.0
0.325195313,0.9623077,0.04530749,-0.26816252,-0.27192113,0.17760357,-0.94578844,0.004775309,0.9830586,0.18322934,0.9777648,0.092965044,-0.18797238,-0.20955956,0.46651658,-0.85932946,0.0078046354,0.8796134,0.4756252,0.0143585205,9.787491,1.7669067,0.046829224,9.640396,1.7968445,-0.010650635,0.04899597,-0.01171875,-7.0251465,-23.512268,-29.182434,0,0.0,0.0,0.0,0.0
0.329589844,0.9661083,0.042895224,-0.2545482,-0.25809518,0.17829257,-0.9495255,0.004653938,0.98304206,0.18332097,0.9774956,0.09238204,-0.18965182,-0.21081112,0.46103686,-0.8619766,0.0078053186,0.8825591,0.4701367,0.13406372,9.634262,1.8100128,0.045639038,9.640244,1.7977448,-0.0053253174,0.07136536,-0.02557373,-7.0251465,-23.153687,-30.56488,0,0.0,0.0,0.0,0.0
0.333984375,0.96607184,0.04305338,-0.25465962,-0.25823358,0.17831457,-0.9494837,0.004531037,0.9830312,0.18338253,0.9772908,0.09167171,-0.19104695,-0.2117589,0.45567778,-0.8645901,0.0077973926,0.8854118,0.464742,0.02394104,9.7827,1.8195801,0.044433594,9.640091,1.7983398,-0.020233154,0.07562256,-0.02130127,-7.0251465,-23.153687,-30.56488,0,0.0,0.0,0.0,0.0
0.338378907,0.9660383,0.043198984,-0.25476217,-0.25836065,0.17841582,-0.94943017,0.0044391854,0.9830065,0.18351744,0.97708833,0.09097186,-0.1924125,-0.21269202,0.45041034,-0.8671174,0.007781288,0.8881749,0.45943964,0.1197052,9.720444,1.795639,0.043533325,9.639954,1.7996826,-0.014907837,0.069229126,-0.0138549805,-7.0251465,-23.153687,-30.56488,0,0.0,0.0,0.0,0.0
0.342773438,0.9714845,0.039430406,-0.23380168,-0.23706427,0.17942433,-0.9547814,0.0043022856,0.98298126,0.18365547,0.9768882,0.09028124,-0.19374928,-0.21361011,0.44523513,-0.8695611,0.0077589354,0.8908507,0.45422995,-0.0143585205,9.691727,1.8866272,0.04219055,9.639648,1.8010254,-0.031951904,0.08201599,-0.014907837,-6.3079834,-21.71936,-29.873657,0,0.0,0.0,0.0,0.0
0.347167969,0.97145975,0.03955117,-0.23388426,-0.23716718,0.17952046,-0.9547378,0.004226013,0.9829588,0.18377711,0.9767852,0.089407355,-0.19467172,-0.21408181,0.4401903,-0.87201005,0.007728489,0.89344215,0.4491118,0.08139038,9.634262,1.7525482,0.04144287,9.639496,1.8022308,-0.023422241,0.07455444,-0.012786865,-6.3079834,-21.71936,-29.873657,0,0.0,0.0,0.0,0.0
0.3515625,0.97143024,0.039694495,-0.23398224,-0.23728964,0.1795647,-0.954699,0.004118658,0.98294497,0.18385367,0.9766834,0.08854997,-0.19557223,-0.21454698,0.43523413,-0.8743803,0.007693363,0.8959521,0.44408408,0.0335083,9.658203,1.637619,0.040390015,9.639343,1.8029785,-0.031951904,0.076690674,-0.007461548,-6.3079834,-21.71936,-29.873657,0,0.0,0.0,0.0,0.0
0.355957032,0.9396157,0.059293542,-0.33705568,-0.34220794,0.17428628,-0.92331904,0.003997327,0.98290825,0.18405285,0.97658265,0.08771023,-0.19645149,-0.21500629,0.43036446,-0.8766748,0.007652386,0.89838374,0.43914473,0.03829956,9.725235,1.9919739,0.03919983,9.638901,1.8049164,-0.029815674,0.07029724,-0.0095825195,-9.176636,-22.436523,-29.528809,0,0.0,0.0,0.0,0.0
0.360351563,0.9395696,0.059446324,-0.3371574,-0.34233534,0.17445797,-0.9232394,0.0039366093,0.98286855,0.18426597,0.9760086,0.08782142,-0.19923519,-0.21759923,0.42539084,-0.87846065,0.0076051587,0.9007386,0.43429497,0.08618164,9.806641,1.9632416,0.038604736,9.638596,1.8070221,-0.03302002,0.06390381,-0.015975952,-9.176636,-22.436523,-29.528809,0,0.0,0.0,0.0,0.0
0.364746094,0.93954337,0.059533134,-0.33721524,-0.3424074,0.17465451,-0.9231756,0.003936629,0.98282844,0.18448007,0.97543865,0.087908804,-0.20196928,-0.22014193,0.42050982,-0.88017565,0.0075548757,0.90301913,0.4295339,0.12449646,9.844955,1.9967499,0.038604736,9.638153,1.8091125,-0.03727722,0.053253174,-0.0095825195,-9.176636,-22.436523,-29.528809,0,0.0,0.0,0.0,0.0
0.369140625,0.95358837,0.05188816,-0.2966089,-0.30108762,0.1771873,-0.93699044,0.003936611,0.9828085,0.18458661,0.97487324,0.08797058,-0.20465407,-0.22263376,0.41572076,-0.8818222,0.0075045396,0.90522784,0.42486027,0.20111084,9.691727,1.9345093,0.038604736,9.6380005,1.8101654,-0.034072876,0.050064087,0.0010681152,-8.100891,-23.87085,-30.220032,0,0.0,0.0,0.0,0.0
0.373535157,0.9535567,0.0520023,-0.29669055,-0.3011885,0.1772805,-0.93694025,0.0038744046,0.9827855,0.18470952,0.97450924,0.08764829,-0.20651785,-0.22422373,0.41109756,-0.88358504,0.0074542672,0.90736794,0.42027116,0.06703186,9.7348175,1.8770447,0.037994385,9.637695,1.8113556,-0.017028809,0.04046631,-0.0063934326,-8.100891,-23.87085,-30.220032,0,0.0,0.0,0.0,0.0
0.377929688,0.95356345,0.051978234,-0.29667336,-0.301167,0.17731954,-0.9369399,0.0039055017,0.9827798,0.18473956,0.9741493,0.08732087,-0.2083462,-0.22578374,0.40655985,-0.88528574,0.007401284,0.90944165,0.4157656,0.11491394,9.7444,1.9249268,0.03829956,9.637695,1.8116608,-0.020233154,0.031951904,-0.01171875,-8.100891,-23.87085,-30.220032,0,0.0,0.0,0.0,0.0
0.382324219,0.9596028,0.04835026,-0.27717274,-0.2813316,0.1784537,-0.9428716,0.003874419,0.98275965,0.18484713,0.97379446,0.08698351,-0.21013874,-0.22731122,0.40210602,-0.88692755,0.0073499847,0.91145194,0.41134092,0.10533142,9.572006,1.8866272,0.037994385,9.637405,1.8126984,-0.011703491,0.015975952,-0.012786865,-7.2036743,-23.332214,-29.01001,0,0.0,0.0,0.0,0.0
0.38671875,0.9596229,0.0482739,-0.27711633,-0.28126186,0.17850712,-0.94288224,0.0039506387,0.9827537,0.18487713,0.9735392,0.08647524,-0.21152702,-0.22840403,0.39777145,-0.8885997,0.007297537,0.9134002,0.40699732,0.20111084,9.691727,1.905777,0.038742065,9.637405,1.8130035,-0.019165039,0.009597778,-0.010650635,-7.2036743,-23.332214,-29.01001,0,0.0,0.0,0.0,0.0
0.391113282,0.959619,0.048288688,-0.27712724,-0.28127512,0.17854825,-0.94287044,0.0039506056,0.98274547,0.18492071,0.9732881,0.08596304,-0.2128863,-0.22947262,0.3935176,-0.89021695,0.0072487593,0.91528916,0.4027322,0.05744934,9.706085,1.929718,0.038742065,9.637405,1.813446,-0.0010681152,0.011703491,-0.010650635,-7.2036743,-23.332214,-29.01001,0,0.0,0.0,0.0,0.0
0.395507813,0.9695858,0.0416434,-0.24118316,-0.24472219,0.1803051,-0.9526811,0.0038136763,0.98272884,0.18501231,0.9728963,0.08682337,-0.21432328,-0.23116264,0.3894125,-0.8915838,0.006049859,0.91696215,0.3989283,-0.0335083,9.686935,1.9728088,0.037399292,9.637253,1.8143463,-0.006378174,-0.0021209717,-0.020248413,-6.1279297,-23.332214,-28.663635,0,0.0,0.0,0.0,0.0
0.399902344,0.9695793,0.041671053,-0.2412043,-0.24474795,0.18033211,-0.95266926,0.0037981528,0.98272264,0.1850452,0.9728318,0.08598608,-0.21495259,-0.23143433,0.38538104,-0.8932634,0.006030433,0.91874254,0.3948111,-0.0143585205,9.62468,1.905777,0.037246704,9.6371,1.8146515,-0.006378174,-0.012771606,-0.026626587,-6.1279297,-23.332214,-28.663635,0,0.0,0.0,0.0,0.0
0.404296875,0.9695763,0.041684,-0.2412142,-0.24475992,0.18037386,-0.9526583,0.0037981211,0.9827144,0.18508878,0.9727684,0.08516366,-0.21556613,-0.2317013,0.38142335,-0.8948915,0.006009732,0.9204691,0.39076912,0.04788208,9.667786,1.9345093,0.037246704,9.6371,1.815094,0.003189087,0.0021362305,-0.0234375,-6.1279297,-23.332214,-28.663635,0,0.0,0.0,0.0,0.0
0.408691407,0.96348685,0.046005882,-0.2637737,-0.26772985,0.17922425,-0.9466781,0.0037218863,0.982732,0.18499735,0.9727061,0.08435526,-0.21616429,-0.23196326,0.37753874,-0.8964695,0.005988484,0.9221435,0.38680157,-0.0622406,9.7348175,1.953659,0.036499023,9.637253,1.8141937,0.01171875,-0.0010528564,-0.019180298,-6.845093,-22.973633,-29.01001,0,0.0,0.0,0.0,0.0
0.413085938,0.9634659,0.046089984,-0.2638354,-0.2678067,0.17902684,-0.9466937,0.0036005236,0.982764,0.18482947,0.9725344,0.08374056,-0.21717353,-0.23268275,0.37368315,-0.89789736,0.0059636566,0.9237686,0.3829047,-0.13406372,9.811432,1.771698,0.035308838,9.637558,1.8125458,0.028762817,-0.03302002,-0.018112183,-6.845093,-22.973633,-29.01001,0,0.0,0.0,0.0,0.0
0.417480469,0.9634566,0.046127625,-0.26386303,-0.2678414,0.17885806,-0.9467158,0.0035242785,0.9827929,0.18467686,0.9725344,0.08374056,-0.21717353,-0.23268275,0.37368315,-0.89789736,0.0059636566,0.9237686,0.3829047,-0.13406372,9.811432,1.771698,0.034561157,9.637848,1.8110504,0.028762817,-0.03302002,-0.018112183,-6.845093,-22.973633,-29.01001,0,0.0,0.0,0.0,0.0
0.421875,0.9658981,0.044442777,-0.2550801,-0.25889903,0.17912634,-0.9491497,0.0035087105,0.98282176,0.18452394,0.9721982,0.082543544,-0.2191284,-0.23408526,0.36617,-0.90062404,0.0058975467,0.92687976,0.375312,-0.01914978,9.758759,1.8531036,0.03440857,9.638153,1.809555,0.029815674,-0.04260254,-0.012786865,-6.845093,-23.690796,-30.047607,0,0.0,0.0,0.0,0.0
0.426269532,0.96592927,0.044312473,-0.25498447,-0.25878164,0.17895763,-0.94921345,0.003569419,0.98285836,0.18432766,0.9721982,0.082543544,-0.2191284,-0.23408526,0.36617,-0.90062404,0.0058975467,0.92687976,0.375312,-0.01914978,9.758759,1.8531036,0.035003662,9.638443,1.8076172,0.029815674,-0.04260254,-0.012786865,-6.845093,-23.690796,-30.047607,0,0.0,0.0,0.0,0.0
0.430664063,0.96596533,0.044161543,-0.2548737,-0.25864515,0.17890279,-0.9492609,0.003676786,0.9828751,0.18423608,0.971961,0.08123057,-0.22066584,-0.23506972,0.35895288,-0.9032691,0.005835578,0.92981416,0.36798307,-0.04309082,9.662994,1.8531036,0.03605652,9.638596,1.8067169,0.04899597,-0.06071472,0.007461548,-6.845093,-23.690796,-30.047607,0,0.0,0.0,0.0,0.0
0.435058594,0.96452993,0.045034707,-0.26010334,-0.26394653,0.17854431,-0.94786805,0.0037530079,0.9829006,0.18409811,0.9718464,0.08058206,-0.22140719,-0.23554376,0.35544452,-0.90453213,0.005808914,0.9312173,0.3644181,-0.18673706,9.682144,1.9393005,0.0368042,9.638901,1.8053741,0.023422241,-0.059646606,0.02128601,-7.0251465,-22.077942,-29.873657,0,0.0,0.0,0.0,0.0
0.439453125,0.96457547,0.04483754,-0.2599683,-0.26377794,0.17845595,-0.9479317,0.0038899714,0.9829258,0.18396142,0.971708,0.07997786,-0.22223212,-0.2361146,0.35199127,-0.90573287,0.0057851886,0.9325801,0.36091664,-0.0622406,9.667786,1.8578949,0.038146973,9.639053,1.8040161,0.043670654,-0.055389404,0.026611328,-7.0251465,-22.077942,-29.873657,0,0.0,0.0,0.0,0.0
0.443847657,0.9646326,0.04459058,-0.25979924,-0.26356688,0.17833178,-0.9480138,0.0040579713,0.9829595,0.18377724,0.971573,0.079374425,-0.22303717,-0.23666987,0.3486018,-0.9068981,0.0057666404,0.9339039,0.35747764,0.004776001,9.701294,1.8004303,0.039794922,9.639496,1.8022308,0.03514099,-0.05857849,0.027679443,-7.0251465,-22.077942,-29.873657,0,0.0,0.0,0.0,0.0
0.448242188,0.96247447,0.045805745,-0.2674784,-0.27133858,0.17795229,-0.9458902,0.0042711953,0.9829724,0.18370341,0.9714416,0.078770466,-0.22382225,-0.2372089,0.34527475,-0.9080294,0.0057542725,0.93519014,0.3540993,0.01914978,9.567215,1.8578949,0.041885376,9.639496,1.8014832,0.041534424,-0.07562256,0.026611328,-7.0251465,-22.795105,-29.182434,0,0.0,0.0,0.0,0.0
0.452636719,0.96252614,0.045597482,-0.26732817,-0.27115294,0.17789651,-0.945954,0.0044236314,0.98299223,0.18359393,0.97127444,0.07822183,-0.2247385,-0.23789282,0.34199813,-0.90908986,0.005749475,0.93643934,0.35078242,-0.07661438,9.696503,1.8818359,0.043380737,9.639801,1.8004303,0.023422241,-0.07562256,0.038330078,-7.0251465,-22.795105,-29.182434,0,0.0,0.0,0.0,0.0
0.45703125,0.9625697,0.045421466,-0.26720116,-0.27099583,0.17788441,-0.94600123,0.004562161,0.98300254,0.18353517,0.97111106,0.077672355,-0.22563301,-0.23855858,0.33878326,-0.9101185,0.0057496345,0.9376529,0.34752557,0.07661438,9.639053,1.8435211,0.04473877,9.639801,1.7998352,0.030883789,-0.07136536,0.029815674,-7.0251465,-22.795105,-29.182434,0,0.0,0.0,0.0,0.0
0.461425782,0.9704841,0.039783165,-0.23786119,-0.24111998,0.17915398,-0.95381594,0.0046679596,0.9830163,0.1834586,0.96996856,0.07572275,-0.23114304,-0.24308279,0.33489314,-0.9103611,0.008473169,0.9392085,0.34324268,-0.04309082,9.686935,1.8914185,0.045776367,9.639954,1.7990875,0.017044067,-0.07136536,0.018096924,-5.949402,-23.153687,-28.146362,0,0.0,0.0,0.0,0.0
0.465820313,0.97049445,0.03973798,-0.23782623,-0.24107683,0.17925927,-0.953807,0.00473019,0.9829989,0.18355006,0.9699776,0.07500942,-0.2313375,-0.2430491,0.33185732,-0.91148114,0.008401371,0.94034266,0.34012514,-0.004776001,9.629471,1.9967499,0.04638672,9.639801,1.7999878,0.024490356,-0.064971924,0.019165039,-5.949402,-23.153687,-28.146362,0,0.0,0.0,0.0,0.0
0.470214844,0.97049165,0.039750762,-0.23783612,-0.24108872,0.17930113,-0.9537963,0.004730151,0.9829908,0.18359366,0.9699868,0.07430801,-0.23152524,-0.24301477,0.32888085,-0.9125685,0.008333068,0.94144344,0.337068,-0.16758728,9.682144,1.9680328,0.04638672,9.639801,1.8004303,-0.0032043457,-0.05857849,0.0063934326,-5.949402,-23.153687,-28.146362,0,0.0,0.0,0.0,0.0
0.474609375,0.95629156,0.04920024,-0.28824636,-0.29237616,0.17697695,-0.9397848,0.0047753192,0.9829845,0.18362652,0.9699958,0.07362062,-0.23170708,-0.24298115,0.32596105,-0.9136244,0.008265896,0.9425123,0.33406928,-0.02394104,9.797058,1.8914185,0.046829224,9.639648,1.8007355,0.0053253174,-0.039413452,0.012786865,-7.562256,-22.973633,-29.01001,0,0.0,0.0,0.0,0.0
0.479003907,0.9563112,0.049126957,-0.28819346,-0.2923112,0.17688465,-0.9398224,0.0048063863,0.98300475,0.18351713,0.96974546,0.073289216,-0.23285685,-0.24398026,0.32301956,-0.9144024,0.008201477,0.9435502,0.33112788,0.0622406,9.60553,1.8339539,0.0471344,9.639954,1.7996826,-0.0010681152,-0.038345337,0.0063934326,-7.562256,-22.973633,-29.01001,0,0.0,0.0,0.0,0.0
