Time,Rot1,Rot2,Rot3,Rot4,Rot5,Rot6,Rot7,Rot8,Rot9,FRot1,FRot2,FRot3,FRot4,FRot5,FRot6,FRot7,FRot8,FRot9,AccX,AccY,AccZ,GravX,GravY,GravZ,GyroX,GyroY,GyroZ,MagX,MagY,MagZ,Imid
0.0,0.0,0.0,0.0,0.0,0.0,0.0,0.0,0.0,0.0,0.0,0.0,0.0,0.0,0.0,0.0,0.0,0.0,0.0,0.08857727,9.765945,0.5626373,0.11790466,9.790039,0.5567932,0.0,0.0,0.0,0.0,0.0,0.0,0,0.0,0.0,0.0,0.0
0.004425049,-0.9105828,0.033759236,-0.41194564,-0.41316605,-0.046565287,0.90946436,0.0115204565,0.99834466,0.05634972,1.0,0.0,0.0,0.0,1.0,0.0,0.0,0.0,1.0,0.03590393,9.780304,0.4046173,0.112976074,9.790329,0.55259705,0.0,0.0,0.0,-12.365723,-32.25708,24.690247,0,0.0,0.0,0.0,0.0
0.008850098,-0.9102917,0.033115625,-0.41264072,-0.41382203,-0.046380024,0.9091755,0.0109696295,0.99837476,0.055923328,0.9987217,0.050241604,-0.0055492315,-0.050386112,0.9982786,-0.03001912,0.00403147,0.030260349,0.99953395,-0.07421875,9.828186,0.3950348,0.10757446,9.790634,0.54841614,0.08308411,0.02130127,-0.10546875,-12.365723,-32.25708,24.690247,0,0.0,0.0,0.0,0.0
0.013244629,-0.9100055,0.032484755,-0.41332164,-0.41446522,-0.046222437,0.90889055,0.010420354,0.9984028,0.05552647,0.9949559,0.09936673,-0.013750133,-0.1000089,0.9932464,-0.058820836,0.0078124353,0.059899274,0.99817383,-0.03590393,9.895233,0.5051727,0.10218811,9.790924,0.54452515,0.08415222,0.018096924,-0.10758972,-12.365723,-32.25708,24.690247,0,0.0,0.0,0.0,0.0
0.017669678,-0.8951377,0.033436798,-0.44453394,-0.44568008,-0.04500842,0.8940602,0.00988674,0.9984269,0.05519085,0.9888107,0.14716823,-0.024390075,-0.14874436,0.98510784,-0.08624137,0.011334864,0.08890428,0.9959757,-0.08857727,9.828186,0.47164917,0.096954346,9.791077,0.54122925,0.08734131,0.010650635,-0.11291504,-13.082886,-31.181335,23.999023,0,0.0,0.0,0.0,0.0
0.022064209,-0.89485145,0.032839056,-0.44515452,-0.44626614,-0.044922978,0.89377207,0.009352966,0.9984506,0.05485435,0.9805327,0.19280311,-0.037181187,-0.19581227,0.97420526,-0.11216795,0.01459578,0.11726488,0.9929935,-0.19871521,9.909592,0.35194397,0.09172058,9.791382,0.53793335,0.06817627,0.009597778,-0.10652161,-13.082886,-31.181335,23.999023,0,0.0,0.0,0.0,0.0
0.026489258,-0.8945954,0.03230561,-0.44570804,-0.44678816,-0.04473934,0.89352053,0.008925038,0.9984762,0.05445736,0.97016615,0.23680831,-0.051955886,-0.24180175,0.96067905,-0.13648309,0.0175926,0.1449743,0.98927903,-0.23222351,9.923965,0.12210083,0.087524414,9.791672,0.53404236,0.059646606,0.0063934326,-0.09375,-13.082886,-31.181335,23.999023,0,0.0,0.0,0.0,0.0
0.030914307,-0.8974375,0.031542968,-0.44001243,-0.44106,-0.04497663,0.89634985,0.00848326,0.9984899,0.054276057,0.95783615,0.27901953,-0.06854202,-0.28659236,0.9447509,-0.15909329,0.020365002,0.17202893,0.98488134,-0.34236145,9.9048,0.2896881,0.08319092,9.791672,0.5322571,0.05432129,-0.020233154,-0.071380615,-13.082886,-32.61566,24.345398,0,0.0,0.0,0.0,0.0
0.035308838,-0.89726484,0.031192236,-0.4403895,-0.4414176,-0.04497505,0.896174,0.008147129,0.998501,0.054123327,0.94361407,0.31948078,-0.0867445,-0.330255,0.92658556,-0.17991926,0.02289546,0.19842215,0.9798492,-0.28489685,9.818619,0.15083313,0.07989502,9.791824,0.5307617,0.019165039,-0.030883789,-0.06391907,-13.082886,-32.61566,24.345398,0,0.0,0.0,0.0,0.0
0.039733887,-0.89710766,0.030873656,-0.44073182,-0.44174248,-0.045008376,0.896012,0.00782654,0.99850935,0.054015573,0.92766464,0.35794306,-0.1063725,-0.37256166,0.90643936,-0.19891068,0.025221528,0.22415271,0.97422767,-0.3663025,9.8138275,0.22744751,0.07675171,9.791977,0.52970886,0.0010528564,-0.06071472,-0.050064087,-13.082886,-32.61566,24.345398,0,0.0,0.0,0.0,0.0
0.044158936,-0.9003634,0.030359378,-0.4340783,-0.43507233,-0.04539017,0.8992506,0.007597801,0.9985079,0.054076176,0.91011244,0.39434406,-0.12723267,-0.41345793,0.8845234,-0.21603449,0.02734835,0.24922103,0.9680604,-0.2896881,9.847351,0.24180603,0.07450867,9.791977,0.53030396,-0.0021362305,-0.07350159,-0.038345337,-12.187195,-30.644226,23.135376,0,0.0,0.0,0.0,0.0
0.048553467,-0.9003317,0.030293418,-0.43414897,-0.4351406,-0.04555849,0.8992092,0.00746095,0.99850225,0.05419964,0.8910171,0.42875558,-0.14918834,-0.45302305,0.8609861,-0.23124228,0.029302657,0.2736266,0.9613895,-0.27053833,9.938324,0.4381256,0.07316589,9.791824,0.5315094,-0.039413452,-0.090545654,-0.022369385,-12.187195,-30.644226,23.135376,0,0.0,0.0,0.0,0.0
0.052978516,-0.9003145,0.030258074,-0.43418673,-0.43517768,-0.04572687,0.8991827,0.0073535386,0.9984957,0.05433621,0.8705678,0.46099046,-0.17204517,-0.49106365,0.8360965,-0.24453852,0.031116463,0.29737246,0.9542544,-0.16040039,9.856918,0.38545227,0.07211304,9.791824,0.5328522,-0.038345337,-0.09693909,-0.008529663,-12.187195,-30.644226,23.135376,0,0.0,0.0,0.0,0.0
0.057373047,-0.88675094,0.0317397,-0.46115652,-0.46218926,-0.04504297,0.8856367,0.007337983,0.99848074,0.054611646,0.848888,0.49103642,-0.19563332,-0.5275539,0.8100531,-0.25593126,0.03280181,0.3204641,0.9466926,-0.07421875,9.928741,0.57699585,0.07196045,9.791672,0.535553,-0.043670654,-0.09693909,-0.010650635,-13.082886,-31.898499,22.961426,0,0.0,0.0,0.0,0.0
0.061798096,-0.8867766,0.031788092,-0.461104,-0.46214065,-0.04520626,0.8856538,0.007308457,0.9984718,0.054778416,0.8264436,0.5184106,-0.2196391,-0.56196845,0.78336847,-0.26556605,0.034386054,0.3429056,0.9387403,-0.007171631,9.880859,0.4237671,0.07167053,9.791534,0.53718567,-0.05857849,-0.113983154,0.004257202,-13.082886,-31.898499,22.961426,0,0.0,0.0,0.0,0.0
0.066223145,-0.8868475,0.031922076,-0.46095824,-0.4620042,-0.045448296,0.88571244,0.007324019,0.99845654,0.05505384,0.800742,0.5447953,-0.24901894,-0.5974236,0.7565723,-0.26586354,0.04355961,0.3616579,0.9312927,0.08378601,9.852127,0.7302246,0.07182312,9.791382,0.5398865,-0.050064087,-0.12782288,-0.0063934326,-13.082886,-31.898499,22.961426,0,0.0,0.0,0.0,0.0
0.072723389,-0.88097864,0.032542057,-0.4720356,-0.4731,-0.04523971,0.8798464,0.0072772624,0.998446,0.05525087,0.7763251,0.5679783,-0.27334943,-0.62874293,0.7285445,-0.27185512,0.044739414,0.38291448,0.92269975,0.09336853,9.852127,0.97442627,0.07136536,9.791382,0.54182434,-0.047927856,-0.12037659,-0.0063934326,-13.441467,-30.822754,22.961426,0,0.0,0.0,0.0,0.0
0.079254151,-0.88102907,0.0326391,-0.47193485,-0.47300643,-0.045465887,0.8798851,0.0072617177,0.9984325,0.05549527,0.7763251,0.5679783,-0.27334943,-0.62874293,0.7285445,-0.27185512,0.044739414,0.38291448,0.92269975,0.09336853,9.852127,0.97442627,0.07121277,9.791229,0.54422,-0.047927856,-0.12037659,-0.0063934326,-13.441467,-30.822754,22.961426,0,0.0,0.0,0.0,0.0
0.085540772,-0.8810461,0.032672033,-0.4719006,-0.47297576,-0.045692436,0.8798899,0.0071855057,0.9984212,0.05571023,0.7763251,0.5679783,-0.27334943,-0.62874293,0.7285445,-0.27185512,0.044739414,0.38291448,0.92269975,0.09336853,9.852127,0.97442627,0.07046509,9.791077,0.5463257,-0.047927856,-0.12037659,-0.0063934326,-13.441467,-30.822754,22.961426,0,0.0,0.0,0.0,0.0
0.090759278,-0.88745636,0.031940337,-0.45978338,-0.46083683,-0.046136837,0.88628465,0.0070952815,0.99842435,0.055663727,0.6994582,0.6250656,-0.34648412,-0.7130851,0.6427043,-0.28007296,0.04762283,0.44297194,0.89526975,0.14604187,9.8138275,0.5626373,0.06958008,9.791077,0.5458679,-0.010650635,-0.07562256,-0.0234375,-13.082886,-32.974243,22.961426,0,0.0,0.0,0.0,0.0
0.094726563,-0.88743293,0.031897184,-0.45983195,-0.46088445,-0.04634761,0.8862491,0.0069567407,0.998416,0.05583131,0.67259467,0.6404562,-0.37071866,-0.7384254,0.6136406,-0.27959472,0.048419856,0.46180195,0.8856604,0.16519165,9.837769,0.7398071,0.068222046,9.791077,0.54751587,0.01171875,-0.07243347,-0.03302002,-13.082886,-32.974243,22.961426,0,0.0,0.0,0.0,0.0
0.098480225,-0.8873643,0.031771753,-0.459973,-0.46101943,-0.046515696,0.8861701,0.006759212,0.99841213,0.055923764,0.645327,0.65406,-0.3946627,-0.7623268,0.58459777,-0.27767503,0.049102783,0.4800531,0.8758641,0.04548645,9.770737,0.8164215,0.06628418,9.790924,0.54841614,-0.02130127,-0.053253174,-0.040481567,-13.082886,-32.974243,22.961426,0,0.0,0.0,0.0,0.0
0.102233887,-0.8871109,0.03164194,-0.46047047,-0.4615095,-0.046596527,0.8859107,0.0065756077,0.9984125,0.055939343,0.6177281,0.66595393,-0.41823125,-0.7848221,0.55566317,-0.2743952,0.049661156,0.49773875,0.86590415,0.011962891,9.789886,0.69670105,0.06448364,9.790924,0.5485687,0.0021209717,-0.07136536,-0.04899597,-13.441467,-32.61566,23.654175,0,0.0,0.0,0.0,0.0
0.105987549,-0.886999,0.03142887,-0.4607007,-0.46172786,-0.046652198,0.8857941,0.006346805,0.99841666,0.055892028,0.58988094,0.67619884,-0.44135648,-0.8059341,0.52693605,-0.2698308,0.050107382,0.5148723,0.8558012,-0.03111267,9.837769,0.51474,0.0622406,9.791077,0.54811096,0.0095825195,-0.064971924,-0.042617798,-13.441467,-32.61566,23.654175,0,0.0,0.0,0.0,0.0
0.109741211,-0.88688016,0.031203015,-0.46094456,-0.46195853,-0.046614066,0.8856756,0.006149251,0.9984255,0.055755597,0.58988094,0.67619884,-0.44135648,-0.8059341,0.52693605,-0.2698308,0.050107382,0.5148723,0.8558012,-0.03111267,9.837769,0.51474,0.060302734,9.791077,0.5467682,0.0095825195,-0.064971924,-0.042617798,-13.441467,-32.61566,23.654175,0,0.0,0.0,0.0,0.0
0.113494873,-0.91359854,0.028119307,-0.40564406,-0.4065735,-0.048497867,0.91233003,0.005981216,0.9984274,0.05574014,0.5336709,0.69208086,-0.48602405,-0.8441766,0.47034445,-0.25718078,0.05060883,0.54754007,0.83524764,-0.14125061,9.84256,0.47644043,0.058654785,9.791077,0.5466156,0.027694702,-0.050064087,-0.039413452,-11.64856,-32.25708,23.999023,0,0.0,0.0,0.0,0.0
0.117248535,-0.91351926,0.027949015,-0.4058344,-0.4067543,-0.04853919,0.91224724,0.005797535,0.99843013,0.05570986,0.5043949,0.6983747,-0.5077977,-0.8619807,0.4418096,-0.24858324,0.050745677,0.5630959,0.824832,-0.14125061,9.909592,0.6823425,0.056854248,9.791229,0.5463257,-0.0010681152,-0.038345337,-0.02557373,-11.64856,-32.25708,23.999023,0,0.0,0.0,0.0,0.0
0.121002197,-0.91342324,0.027743177,-0.4060645,-0.40697265,-0.048529204,0.91215044,0.0055999625,0.99843645,0.055618413,0.4750965,0.70324033,-0.52890104,-0.8784666,0.41375744,-0.23895864,0.0507914,0.57815033,0.8143478,-0.29447937,9.809036,0.60572815,0.05491638,9.791229,0.5454254,0.018096924,-0.04899597,-0.02557373,-11.64856,-32.25708,23.999023,0,0.0,0.0,0.0,0.0
0.12475586,-0.8839063,0.030801533,-0.4666486,-0.46763214,-0.046559423,0.88269603,0.005461503,0.9984405,0.05555795,0.44583228,0.7067565,-0.5492985,-0.89367676,0.38624063,-0.22838563,0.0507484,0.592717,0.8038104,-0.26574707,9.866501,0.44770813,0.05355835,9.791229,0.5448303,0.026626587,-0.039413452,-0.018112183,-12.724304,-32.974243,21.925354,0,0.0,0.0,0.0,0.0
0.128509522,-0.88382965,0.030669639,-0.46680248,-0.4677777,-0.046420142,0.88262624,0.005400792,0.998451,0.055374067,0.41788167,0.70851046,-0.56867206,-0.90708923,0.36027387,-0.21769688,0.050637163,0.60680777,0.79323405,-0.24659729,9.732422,0.37109375,0.052963257,9.791382,0.5430298,0.0053253174,-0.028762817,-0.004257202,-12.724304,-32.974243,21.925354,0,0.0,0.0,0.0,0.0
0.132476807,-0.88376516,0.030558767,-0.46693176,-0.4679004,-0.046356887,0.8825646,0.0053245835,0.99845743,0.055267062,0.38930884,0.70783263,-0.58941627,-0.9196041,0.33522195,-0.20482796,0.05260135,0.621771,0.78143066,-0.23701477,9.919174,0.52911377,0.052215576,9.791382,0.5419769,0.026626587,-0.03302002,0.010650635,-12.724304,-32.974243,21.925354,0,0.0,0.0,0.0,0.0
0.138458252,-0.89651144,0.029155321,-0.44205996,-0.44298893,-0.047104508,0.8952887,0.005279415,0.99846447,0.055145223,0.3616897,0.7074163,-0.607242,-0.9308286,0.31057483,-0.1926175,0.052333303,0.6349059,0.770815,-0.18434143,9.828186,0.32800293,0.05177307,9.791534,0.54078674,0.022369385,-0.05645752,0.0021362305,-12.724304,-32.61566,23.654175,0,0.0,0.0,0.0,0.0
0.14440918,-0.8965407,0.029212369,-0.44199705,-0.44292882,-0.04702481,0.89532274,0.005369672,0.9984665,0.055098657,0.33377653,0.706174,-0.6244289,-0.941215,0.2862283,-0.17940947,0.052034907,0.64760447,0.7601979,-0.07899475,9.967056,0.51953125,0.05265808,9.791534,0.540329,0.007446289,-0.08947754,0.007461548,-12.724304,-32.61566,23.654175,0,0.0,0.0,0.0,0.0
0.150390625,-0.89660084,0.02932989,-0.44186735,-0.44280544,-0.046967592,0.89538676,0.0055081495,0.9984657,0.05509861,0.30614048,0.70397604,-0.6408555,-0.95057917,0.26263922,-0.1655896,0.05174267,0.65987754,0.74958944,-0.22744751,9.957474,0.5051727,0.054016113,9.791534,0.540329,0.007446289,-0.08522034,0.025543213,-12.724304,-32.61566,23.654175,0,0.0,0.0,0.0,0.0
0.155914307,-0.89667684,0.029478548,-0.44170323,-0.44264928,-0.04687971,0.89546865,0.005690198,0.99846554,0.0550846,0.27881348,0.7008925,-0.6565156,-0.95896506,0.23983265,-0.15121572,0.051467918,0.67173654,0.7390001,-0.05984497,9.86171,0.5817871,0.05580139,9.791534,0.54019165,-0.0032043457,-0.08947754,0.05218506,-12.724304,-32.61566,23.654175,0,0.0,0.0,0.0,0.0
0.160186768,-0.8967923,0.029704787,-0.44145346,-0.44241193,-0.04681993,0.895589,0.0059344624,0.9984616,0.055129506,0.25182423,0.6969913,-0.6714072,-0.9664165,0.21782888,-0.1363439,0.05122136,0.6831937,0.72843856,0.002380371,9.837769,0.6009369,0.05819702,9.791534,0.54063416,0.006378174,-0.09161377,0.04472351,-12.724304,-32.61566,23.654175,0,0.0,0.0,0.0,0.0
0.164459229,-0.8968489,0.02981561,-0.4413311,-0.44229499,-0.046681378,0.895654,0.006102526,0.99846476,0.055053435,0.22519857,0.6923391,-0.6855305,-0.9729764,0.196646,-0.121026166,0.05101568,0.6942599,0.71791404,-0.007171631,9.847351,0.4524994,0.05984497,9.791534,0.5398865,-0.006378174,-0.08627319,0.05430603,-12.724304,-32.61566,23.654175,0,0.0,0.0,0.0,0.0
0.16873169,-0.89534986,0.03013665,-0.44434267,-0.4453187,-0.046431515,0.8941674,0.006315707,0.9984668,0.054992866,0.19895071,0.68700516,-0.69888663,-0.9786904,0.17627043,-0.10532814,0.050832067,0.70494866,0.7074344,-0.04069519,9.909592,0.52911377,0.061935425,9.791534,0.5392914,0.0095825195,-0.080947876,0.04046631,-12.904358,-32.078552,23.8266,0,0.0,0.0,0.0,0.0
0.173004151,-0.89542454,0.030286012,-0.44418207,-0.44516596,-0.04634114,0.89424825,0.0064993105,0.9984665,0.05497729,0.17317043,0.68103886,-0.711476,-0.9835871,0.15675858,-0.089348815,0.05067996,0.7152712,0.697007,0.026321411,9.799454,0.56741333,0.06373596,9.791534,0.5391388,0.012771606,-0.090545654,0.051116943,-12.904358,-32.078552,23.8266,0,0.0,0.0,0.0,0.0
0.177276612,-0.89555085,0.03053882,-0.4439101,-0.444908,-0.046302505,0.89437866,0.0067591183,0.9984606,0.055053208,0.1477977,0.67451686,-0.72331375,-0.98772496,0.1380464,-0.07309256,0.050548688,0.72523797,0.68664014,-0.05505371,9.900009,0.64881897,0.06628418,9.791534,0.5398865,0.0053253174,-0.07989502,0.041534424,-12.904358,-32.078552,23.8266,0,0.0,0.0,0.0,0.0
0.181549072,-0.9126413,0.028862938,-0.40774107,-0.4087016,-0.04738036,0.9114373,0.00698784,0.99845976,0.055037603,0.12284789,0.66749454,-0.73441094,-0.9911422,0.120139964,-0.05659903,0.05045256,0.73485875,0.676341,-0.007171631,9.962265,0.47644043,0.06852722,9.791534,0.5397339,-0.006378174,-0.061782837,0.06602478,-11.289978,-32.61566,22.961426,0,0.0,0.0,0.0,0.0
0.185821533,-0.91277355,0.029130567,-0.40742594,-0.40840116,-0.04731505,0.91157544,0.0072773285,0.9984551,0.05508488,0.09753816,0.66010714,-0.744812,-0.9939557,0.102498285,-0.039323688,0.050384104,0.7441456,0.6661147,0.10772705,9.847351,0.63446045,0.07136536,9.791382,0.54019165,-0.0053253174,-0.0745697,0.05430603,-11.289978,-32.61566,22.961426,0,0.0,0.0,0.0,0.0
0.190093994,-0.91289914,0.029385148,-0.4071261,-0.4081153,-0.047253005,0.9117066,0.007552704,0.99845064,0.05512976,0.07268269,0.65229523,-0.7544721,-0.9960832,0.08566782,-0.021892525,0.05035358,0.75310814,0.65596694,0.08378601,9.885651,0.44770813,0.07406616,9.791382,0.54063416,-0.0010681152,-0.064971924,0.05644226,-11.289978,-32.61566,22.961426,0,0.0,0.0,0.0,0.0
0.194366455,-0.8987264,0.0311555,-0.4374017,-0.43844086,-0.04614288,0.8975748,0.0077814185,0.9984489,0.055129662,0.0482875,0.6441103,-0.76340705,-0.9975634,0.06963024,-0.004349299,0.050354786,0.7617569,0.6459031,0.23701477,9.933533,0.62008667,0.076309204,9.791382,0.54063416,-0.019165039,-0.06604004,0.05857849,-13.262939,-33.51288,24.864197,0,0.0,0.0,0.0,0.0
0.198638916,-0.89886045,0.031427473,-0.43710667,-0.43816096,-0.04611576,0.89771277,0.008055336,0.9984416,0.05522192,0.0482875,0.6441103,-0.76340705,-0.9975634,0.06963024,-0.004349299,0.050354786,0.7617569,0.6459031,0.23701477,9.933533,0.62008667,0.07899475,9.791229,0.5415344,-0.019165039,-0.06604004,0.05857849,-13.262939,-33.51288,24.864197,0,0.0,0.0,0.0,0.0
0.202911377,-0.8989599,0.031629305,-0.43688768,-0.43795252,-0.046002246,0.8978205,0.008299617,0.9984405,0.0552063,5.7994574E-4,0.62632173,-0.77956444,-0.9984694,0.043476272,0.034187138,0.055304706,0.77835137,0.6253883,0.16519165,9.794678,0.51474,0.08139038,9.791229,0.54138184,-0.017028809,-0.08201599,0.04472351,-13.262939,-33.51288,24.864197,0,0.0,0.0,0.0,0.0
0.207183838,-0.9145913,0.030037114,-0.40326226,-0.40429166,-0.04715001,0.913414,0.008422503,0.99843615,0.055266745,-0.021784857,0.6173554,-0.7863827,-0.9982378,0.029995343,0.05120186,0.055197563,0.7861123,0.61561406,0.05984497,9.900009,0.58657837,0.082595825,9.791229,0.5419769,0.003189087,-0.08201599,0.041534424,-11.828613,-31.002808,24.517822,0,0.0,0.0,0.0,0.0
0.211456299,-0.91464865,0.030169548,-0.40312245,-0.40415886,-0.047092814,0.9134757,0.0085749775,0.9984348,0.055266667,-0.04443194,0.60821134,-0.79253066,-0.99749255,0.016733795,0.06876481,0.05508558,0.7935987,0.6059427,0.20350647,9.847351,0.47164917,0.08409119,9.791229,0.5419769,-0.011703491,-0.06285095,0.027679443,-11.828613,-31.002808,24.517822,0,0.0,0.0,0.0,0.0
0.21572876,-0.9146935,0.030273356,-0.4030128,-0.404055,-0.047081936,0.9135222,0.008680761,0.99843216,0.055297643,-0.06660385,0.5988902,-0.7980566,-0.99626374,0.0041537015,0.08626281,0.054976843,0.80082035,0.59637594,0.15560913,9.823395,0.4860077,0.085128784,9.791229,0.5422821,-0.006378174,-0.067108154,0.018096924,-11.828613,-31.002808,24.517822,0,0.0,0.0,0.0,0.0
0.220001221,-0.9347075,0.0278587,-0.35432446,-0.3553097,-0.048636068,0.9334825,0.008772663,0.998428,0.055358957,-0.08830361,0.5894248,-0.8029825,-0.99458176,-0.007775218,0.103666335,0.054860137,0.8077858,0.5869177,0.23701477,9.84256,0.50038147,0.08602905,9.791077,0.5428772,-0.010650635,-0.064971924,0.012786865,-10.752869,-31.36139,25.900269,0,0.0,0.0,0.0,0.0
0.224273682,-0.93473816,0.027941506,-0.35423693,-0.35522702,-0.048653547,0.93351305,0.008848879,0.9984248,0.055403907,-0.11057669,0.5798246,-0.8072027,-0.99235946,-0.019686185,0.121800005,0.054731894,0.81450343,0.5775713,0.21307373,9.876068,0.55784607,0.08677673,9.791077,0.5433197,-0.02130127,-0.038345337,0.0053253174,-10.752869,-31.36139,25.900269,0,0.0,0.0,0.0,0.0
0.228546143,-0.93476444,0.02801241,-0.354162,-0.35515633,-0.048677098,0.9335387,0.008911089,0.99842167,0.055450406,-0.1323549,0.5701144,-0.810834,-0.989698,-0.03095904,0.13978346,0.054589912,0.8209818,0.56833863,0.29927063,9.933533,0.509964,0.087387085,9.791077,0.54377747,-0.007446289,-0.03514099,0.0053253174,-10.752869,-31.36139,25.900269,0,0.0,0.0,0.0,0.0
0.232818604,-0.89860237,0.0323944,-0.4375666,-0.43867335,-0.046045236,0.8974663,0.008925024,0.998414,0.055586908,-0.15364043,0.5603214,-0.81390077,-0.98662645,-0.04161683,0.15759526,0.05443203,0.8272291,0.5592219,0.2896881,9.895233,0.5817871,0.087524414,9.791077,0.54512024,-0.015975952,-0.025558472,-0.007461548,-12.007141,-32.25708,22.270203,0,0.0,0.0,0.0,0.0
0.237091065,-0.8985815,0.03235523,-0.43761206,-0.4387173,-0.046132155,0.89744014,0.008848896,0.99841124,0.055648305,-0.1726472,0.55056447,-0.81674457,-0.98348874,-0.05068885,0.17372519,0.05424707,0.8332523,0.55022526,0.18913269,9.871292,0.6105194,0.08677673,9.790924,0.54571533,-0.025558472,-0.017044067,-0.015975952,-12.007141,-32.25708,22.270203,0,0.0,0.0,0.0,0.0
0.241363526,-0.8985436,0.032283723,-0.43769518,-0.43879735,-0.046250794,0.8973949,0.008727501,0.998408,0.05572437,-0.19122109,0.54080087,-0.81912696,-0.9800592,-0.059266876,0.189661,0.05402173,0.8390601,0.54134995,0.21307373,9.809036,0.50038147,0.08558655,9.790924,0.546463,-0.008514404,-0.0095825195,-0.026626587,-12.007141,-32.25708,22.270203,0,0.0,0.0,0.0,0.0
0.245635987,-0.8960444,0.03241453,-0.44277972,-0.44388267,-0.046251334,0.8948905,0.008528299,0.9984037,0.055831492,-0.20936716,0.5310463,-0.8210696,-0.9763587,-0.06737623,0.20538765,0.053749762,0.84465986,0.532598,0.09815979,9.794678,0.6248779,0.08363342,9.790924,0.54751587,-0.02130127,0.0063934326,-0.038345337,-13.262939,-31.71997,24.517822,0,0.0,0.0,0.0,0.0
0.249908447,-0.89597046,0.032259505,-0.4429403,-0.44403505,-0.04632655,0.8948109,0.008346262,0.99840534,0.05583158,-0.22698523,0.5213222,-0.8226183,-0.9724321,-0.07499033,0.22079936,0.053419176,0.8500586,0.5239721,0.06463623,9.837769,0.44770813,0.081848145,9.790924,0.54751587,-0.018096924,0.0053253174,-0.046875,-13.262939,-31.71997,24.517822,0,0.0,0.0,0.0,0.0
0.254180908,-0.8959024,0.032116435,-0.4430886,-0.44417572,-0.046396036,0.8947376,0.008178228,0.99840665,0.055831656,-0.24418749,0.5116341,-0.8237736,-0.96827644,-0.08217853,0.23598187,0.053039856,0.8552644,0.5154702,0.12689209,9.895233,0.375885,0.080200195,9.790924,0.54751587,-0.0095825195,-0.0063934326,-0.041549683,-13.262939,-31.71997,24.517822,0,0.0,0.0,0.0,0.0
0.258453369,-0.9171039,0.029598758,-0.39754793,-0.39856932,-0.048232198,0.9158691,0.007933978,0.9983975,0.056031093,-0.26097822,0.5019947,-0.82455546,-0.9639096,-0.08895393,0.25092918,0.05261767,0.860284,0.5070926,0.01675415,9.86171,0.67276,0.077804565,9.790787,0.549469,-0.014907837,-0.0021209717,-0.043670654,-10.752869,-31.71997,22.444153,0,0.0,0.0,0.0,0.0
0.26272583,-0.9170134,0.02941035,-0.39777085,-0.39878246,-0.048378102,0.91576856,0.007689676,0.9983959,0.05609169,-0.27833527,0.49231836,-0.8247134,-0.9590679,-0.09584734,0.26646227,0.05213769,0.8651219,0.49884441,0.02154541,9.866501,0.53868103,0.075408936,9.790787,0.5500641,-0.03302002,-0.017044067,-0.051132202,-10.752869,-31.71997,22.444153,0,0.0,0.0,0.0,0.0
0.266998291,-0.9169319,0.029241277,-0.3979707,-0.39897376,-0.04853281,0.915677,0.0074609276,0.9983935,0.056167793,-0.2965299,0.48262513,-0.82410127,-0.9537813,-0.10565889,0.28131375,0.048695456,0.86943036,0.49164984,-0.14604187,9.914383,0.7110748,0.07316589,9.790787,0.55081177,-0.015975952,0.0053253174,-0.04899597,-10.752869,-31.71997,22.444153,0,0.0,0.0,0.0,0.0
0.271270752,-0.90060675,0.030939393,-0.43353203,-0.43457475,-0.04753897,0.8993802,0.0072166147,0.9983902,0.05625941,-0.31298038,0.4730374,-0.82357687,-0.9485343,-0.111649714,0.2963392,0.048227407,0.87393934,0.4836364,-0.12689209,9.804245,0.57699585,0.07077026,9.790787,0.55171204,-0.004272461,0.0,-0.034088135,-12.904358,-32.078552,24.517822,0,0.0,0.0,0.0,0.0
0.275543213,-0.90049833,0.030711094,-0.43377364,-0.4348038,-0.047629956,0.89926475,0.0069567855,0.9983929,0.056244,-0.32828242,0.46362153,-0.8229738,-0.9433739,-0.11691459,0.31044602,0.04771182,0.8782859,0.47574946,-0.19871521,9.900009,0.63446045,0.068222046,9.790787,0.55155945,-0.015975952,0.0063934326,-0.03729248,-12.904358,-32.078552,24.517822,0,0.0,0.0,0.0,0.0
0.279815674,-0.900427,0.030560944,-0.43393257,-0.4349549,-0.047751162,0.89918536,0.0067591676,0.9983916,0.056289054,-0.3431995,0.45429903,-0.8220867,-0.9380783,-0.12184997,0.32428655,0.047151826,0.8824766,0.46798688,-0.04069519,9.832977,0.7733154,0.06628418,9.790787,0.55200195,0.008514404,0.007461548,-0.038345337,-12.904358,-32.078552,24.517822,0,0.0,0.0,0.0,0.0
0.284088135,-0.89539105,0.030948307,-0.44420376,-0.44523177,-0.047459077,0.89415663,0.006591135,0.9983936,0.056273606,-0.3577374,0.4450798,-0.82093114,-0.93266076,-0.12646148,0.3378629,0.046559792,0.88651645,0.4603485,-0.10293579,9.751572,0.7206421,0.06463623,9.790787,0.55184937,0.0095825195,0.025558472,-0.03302002,-12.904358,-31.36139,23.8266,0,0.0,0.0,0.0,0.0
0.288360596,-0.89528704,0.03073507,-0.4444281,-0.44544417,-0.04751319,0.89404804,0.0063624317,0.99839765,0.05622871,-0.37169236,0.43599996,-0.8196028,-0.9272184,-0.13065822,0.35099074,0.0459441,0.8904114,0.4528318,-0.17955017,9.909592,0.79725647,0.06239319,9.790787,0.55140686,0.018096924,0.031951904,-0.0234375,-12.904358,-31.36139,23.8266,0,0.0,0.0,0.0,0.0
0.292633057,-0.89521766,0.030592829,-0.44457775,-0.4455856,-0.047514427,0.89397746,0.0062254444,0.99840194,0.05616748,-0.385288,0.4270336,-0.81804365,-0.9216839,-0.13456579,0.36385545,0.04529783,0.8941668,0.4454366,-0.02154541,9.837769,0.8020477,0.061050415,9.790924,0.55081177,0.031951904,0.043670654,-0.028762817,-12.904358,-31.36139,23.8266,0,0.0,0.0,0.0,0.0
0.296905518,-0.87932163,0.032100055,-0.47514537,-0.47618857,-0.046353113,0.87812066,0.00616325,0.9984092,0.056044966,-0.3985293,0.41818947,-0.816267,-0.9160687,-0.13818327,0.37646186,0.044637945,0.8977878,0.43816036,0.08378601,9.809036,0.72543335,0.060440063,9.790924,0.5496063,0.036209106,0.05432129,-0.02130127,-14.15863,-32.61566,23.999023,0,0.0,0.0,0.0,0.0
0.301177979,-0.879268,0.031998776,-0.4752514,-0.47628775,-0.046182156,0.8780759,0.0061492193,0.9984204,0.055847112,-0.4107959,0.4095719,-0.8145536,-0.91066605,-0.14123048,0.38825414,0.043978203,0.9012795,0.43100014,0.11730957,9.818619,0.76852417,0.060302734,9.791077,0.54766846,0.04473877,0.030883789,-0.0138549805,-14.15863,-32.61566,23.999023,0,0.0,0.0,0.0,0.0
0.30545044,-0.8791745,0.031822097,-0.4754364,-0.4764613,-0.04596326,0.8779933,0.006086982,0.99843615,0.055571716,-0.42273974,0.4010911,-0.81266046,-0.90521485,-0.14401117,0.39980862,0.043327488,0.9046473,0.42395285,0.07421875,9.837769,0.74458313,0.059692383,9.791229,0.54496765,0.064971924,0.03727722,-0.0063934326,-14.15863,-32.61566,23.999023,0,0.0,0.0,0.0,0.0
0.309722901,-0.9111752,0.0282444,-0.41105017,-0.41197574,-0.04793523,0.90993315,0.0059967306,0.998451,0.055313386,-0.43436792,0.3927467,-0.81060135,-0.8997238,-0.14654247,0.41112328,0.04267977,0.9078961,0.4170169,0.19871521,9.837769,0.7110748,0.058807373,9.791382,0.5424347,0.07989502,0.012771606,-0.014907837,-11.64856,-31.539917,23.654175,0,0.0,0.0,0.0,0.0
0.313995362,-0.9110614,0.028001115,-0.41131854,-0.41222867,-0.04765773,0.90983295,0.0058738356,0.99847114,0.054961987,-0.44697967,0.3843241,-0.8077773,-0.89355606,-0.14939581,0.4233655,0.042031027,0.9110301,0.41019204,0.12210083,9.799454,0.69670105,0.05760193,9.791534,0.5389862,0.07350159,0.007461548,-0.03302002,-11.64856,-31.539917,23.654175,0,0.0,0.0,0.0,0.0
0.318267822,-0.9109287,0.027717113,-0.41163185,-0.41252476,-0.047431678,0.9097109,0.005690168,0.9984899,0.054640863,-0.4592481,0.37603542,-0.804791,-0.88734376,-0.15199462,0.43533736,0.041378375,0.91405416,0.40347594,0.03111267,9.914383,0.6536102,0.05580139,9.791824,0.5358429,0.09373474,0.011703491,-0.031951904,-11.64856,-31.539917,23.654175,0,0.0,0.0,0.0,0.0
0.322540283,-0.91947836,0.026355669,-0.39225626,-0.39310232,-0.04769501,0.918257,0.0054926085,0.99851424,0.054215003,-0.4711821,0.36787996,-0.80165565,-0.88109577,-0.15435943,0.44703838,0.04071336,0.9169719,0.3968689,-0.10293579,9.856918,0.52911377,0.053863525,9.791977,0.531662,0.08415222,-0.02130127,-0.041549683,-11.289978,-31.539917,24.345398,0,0.0,0.0,0.0,0.0
0.326812744,-0.9193332,0.026024189,-0.3926184,-0.39344412,-0.047335003,0.9181292,0.0053089745,0.99854004,0.053755704,-0.4831665,0.35978994,-0.79818624,-0.87461257,-0.15665606,0.45881546,0.040036473,0.91978806,0.39036778,-0.01675415,9.876068,0.37109375,0.05206299,9.792282,0.52716064,0.09480286,-0.031951904,-0.03515625,-11.289978,-31.539917,24.345398,0,0.0,0.0,0.0,0.0
0.331085205,-0.9191993,0.025718711,-0.39295205,-0.39375985,-0.047115363,0.9180051,0.0050958283,0.9985583,0.0534354,-0.4948179,0.3518346,-0.79458636,-0.86810523,-0.15872769,0.47031778,0.0393512,0.92250633,0.38397077,-0.09815979,9.895233,0.45729065,0.049972534,9.792419,0.52401733,0.09159851,-0.028762817,-0.03515625,-11.289978,-31.539917,24.345398,0,0.0,0.0,0.0,0.0
0.336517334,-0.88512516,0.029030863,-0.46444678,-0.4653274,-0.04471308,0.8840086,0.004896683,0.9985779,0.05308552,-0.50922257,0.3392584,-0.79094636,-0.85982156,-0.16059902,0.48468015,0.0374066,0.9268828,0.37348235,-0.05027771,9.9479065,0.29447937,0.04801941,9.792572,0.5205841,0.067108154,-0.04260254,-0.038345337,-13.082886,-31.539917,22.961426,0,0.0,0.0,0.0,0.0
0.341949463,-0.88495433,0.028708706,-0.46479198,-0.4656539,-0.044449136,0.8838499,0.004714586,0.99859905,0.05270378,-0.51879513,0.33193073,-0.7878283,-0.85410887,-0.16164634,0.4943363,0.036735848,0.92935055,0.36736634,-0.15083313,9.9526825,0.32800293,0.04623413,9.792877,0.5168457,0.05645752,-0.039413452,-0.040481567,-13.082886,-31.539917,22.961426,0,0.0,0.0,0.0,0.0
0.34741211,-0.8847901,0.028399209,-0.46512353,-0.46596798,-0.04428138,0.8836928,0.0044998657,0.9986154,0.052412853,-0.52810735,0.32473963,-0.7846316,-0.84841174,-0.16254006,0.5037641,0.036058106,0.9317322,0.36135152,-0.31362915,9.86171,0.25616455,0.044128418,9.79303,0.5139923,0.07029724,-0.03727722,-0.027694702,-13.082886,-31.539917,22.961426,0,0.0,0.0,0.0,0.0
0.352844238,-0.91691047,0.024848886,-0.39831856,-0.3990687,-0.046097793,0.91576153,0.004394046,0.99862784,0.052183963,-0.5371668,0.3176834,-0.7813636,-0.8427342,-0.16329387,0.5129661,0.035368916,0.9340302,0.35543874,-0.36151123,9.818619,0.23222351,0.04309082,9.793182,0.51174927,0.04473877,-0.030883789,-0.018112183,-11.289978,-31.898499,23.999023,0,0.0,0.0,0.0,0.0
0.358306885,-0.9168605,0.024739541,-0.39844042,-0.39918408,-0.045946784,0.91571885,0.004347409,0.99863756,0.05200242,-0.54722553,0.310524,-0.77725095,-0.8362663,-0.16436683,0.5231083,0.034683384,0.936247,0.34962645,-0.17955017,9.876068,0.2753296,0.042633057,9.793182,0.509964,0.025558472,-0.022369385,0.0095825195,-11.289978,-31.898499,23.999023,0,0.0,0.0,0.0,0.0
0.363006592,-0.91684467,0.024704853,-0.39847904,-0.39922047,-0.045861837,0.91570723,0.0043474296,0.99864227,0.051910862,-0.557002,0.3035117,-0.77306503,-0.8298146,-0.1652693,0.53300464,0.034009214,0.9383852,0.34391376,-0.22744751,9.885651,0.32800293,0.042633057,9.793182,0.5090637,0.020233154,-0.034088135,0.008514404,-11.289978,-31.898499,23.999023,0,0.0,0.0,0.0,0.0
0.367401123,-0.9168313,0.02467571,-0.3985115,-0.39925107,-0.045790646,0.91569746,0.0043473863,0.99864626,0.051834103,-0.56650436,0.2966496,-0.76881194,-0.82338357,-0.16600761,0.542661,0.033351537,0.940447,0.33830044,-0.20828247,9.818619,0.44770813,0.042633057,9.79332,0.50831604,0.0053253174,-0.026626587,0.020217896,-11.289978,-31.898499,23.999023,0,0.0,0.0,0.0,0.0
0.371795654,-0.9168466,0.024709083,-0.39847434,-0.399215,-0.045642585,0.9157205,0.0044392147,0.9986522,0.051711485,-0.5757401,0.28993714,-0.76449966,-0.81697816,-0.16659145,0.5520814,0.032709796,0.942435,0.3327857,-0.12210083,9.919174,0.4524994,0.043533325,9.79332,0.5071106,0.01171875,-0.041534424,0.020217896,-11.289978,-31.898499,23.999023,0,0.0,0.0,0.0,0.0
0.376190186,-0.916845,0.02470556,-0.39847827,-0.39921856,-0.04559502,0.91572136,0.004454785,0.9986544,0.05166648,-0.584716,0.28337854,-0.76013404,-0.8106029,-0.16701947,0.5612731,0.032095555,0.9443522,0.3273664,-0.24659729,9.928741,0.47164917,0.043685913,9.79332,0.5066681,0.023422241,-0.020233154,0.031936646,-11.289978,-31.898499,23.999023,0,0.0,0.0,0.0,0.0
0.380584717,-0.9112614,0.025540434,-0.41103584,-0.41180176,-0.045121845,0.9101557,0.004699077,0.99865496,0.051635385,-0.59344006,0.27696827,-0.7557231,-0.8042616,-0.16731015,0.5702373,0.03149748,0.9462008,0.3220435,-0.026321411,9.847351,0.5817871,0.046081543,9.79332,0.5063629,0.007446289,0.019165039,0.030883789,-11.470032,-31.36139,23.480225,0,0.0,0.0,0.0,0.0
0.384979248,-0.9113433,0.025714625,-0.41084316,-0.41161764,-0.04497779,0.9102461,0.004927817,0.998657,0.051574808,-0.60169595,0.270766,-0.75143045,-0.7981256,-0.16737404,0.57877576,0.030942848,0.94798297,0.31681356,-0.14604187,9.967056,0.4333496,0.048324585,9.79332,0.5057678,0.014907837,0.030883789,0.06390381,-11.470032,-31.36139,23.480225,0,0.0,0.0,0.0,0.0
0.389373779,-0.91144204,0.025924666,-0.41061088,-0.41139615,-0.04491835,0.91034913,0.005156533,0.99865425,0.051605783,-0.6097215,0.26472098,-0.7471028,-0.7920315,-0.1673024,0.58710814,0.03042776,0.94970137,0.31167522,-0.07899475,9.885651,0.50038147,0.050567627,9.79332,0.506073,0.004257202,0.03514099,0.069229126,-11.470032,-31.36139,23.480225,0,0.0,0.0,0.0,0.0
0.393768311,-0.9163615,0.025646655,-0.39952952,-0.40031433,-0.045044336,0.9152701,0.0054770736,0.9986557,0.05154362,-0.6175245,0.2588316,-0.7427447,-0.7859813,-0.16710633,0.59523857,0.029949186,0.9513578,0.30662903,0.06942749,9.847351,0.31362915,0.053710938,9.79332,0.50546265,-0.004272461,0.050064087,0.06602478,-11.828613,-29.927063,25.209045,0,0.0,0.0,0.0,0.0
0.398162842,-0.91644615,0.025854982,-0.39932188,-0.4001171,-0.04493942,0.91536146,0.00572136,0.998655,0.051529583,-0.6252951,0.25306112,-0.7382182,-0.7798299,-0.16684377,0.6033476,0.029516721,0.952955,0.30167124,0.06463623,9.785095,0.38545227,0.056106567,9.79332,0.5053253,-0.004272461,0.04899597,0.07348633,-11.828613,-29.927063,25.209045,0,0.0,0.0,0.0,0.0
0.402557373,-0.91656137,0.026138969,-0.3990388,-0.39984858,-0.044866458,0.9154824,0.0060263085,0.99865097,0.051574495,-0.6303669,0.24992396,-0.7349663,-0.7756448,-0.1639612,0.60950136,0.031823035,0.9542823,0.29720792,0.18913269,9.900009,0.51953125,0.05909729,9.79332,0.5057678,-0.0053253174,0.03302002,0.05430603,-11.828613,-29.927063,25.209045,0,0.0,0.0,0.0,0.0
0.406951904,-0.9186873,0.026144382,-0.39411938,-0.39493605,-0.04499966,0.9176059,0.006254999,0.9986448,0.05166598,-0.6377901,0.24440263,-0.73040473,-0.7695712,-0.16359368,0.6172498,0.03136787,0.95577425,0.29242367,0.32800293,9.876068,0.49079895,0.061340332,9.79332,0.5066681,-0.011703491,0.04046631,0.060699463,-11.64856,-31.898499,25.036621,0,0.0,0.0,0.0,0.0
0.411346436,-0.9187808,0.026360938,-0.39388698,-0.3947151,-0.04499181,0.91770136,0.006469779,0.9986395,0.051742673,-0.645085,0.2390114,-0.72576773,-0.763484,-0.16315112,0.6248791,0.030943422,0.9572122,0.2877277,0.2609558,9.919174,0.3663025,0.063446045,9.793182,0.5074158,-0.02130127,0.04473877,0.029815674,-11.64856,-31.898499,25.036621,0,0.0,0.0,0.0,0.0
0.415740967,-0.91887486,0.02657908,-0.3936528,-0.39449272,-0.04503158,0.91779494,0.0066673383,0.9986319,0.051863644,-0.6521774,0.23376366,-0.7211237,-0.75745076,-0.16261575,0.63231677,0.03054662,0.9585983,0.28311875,0.3950348,9.837769,0.51953125,0.06538391,9.793182,0.50860596,-0.029815674,0.050064087,0.03300476,-11.64856,-31.898499,25.036621,0,0.0,0.0,0.0,0.0
0.420135498,-0.89807576,0.028885039,-0.43889138,-0.43978938,-0.04370751,0.89703673,0.0067280903,0.99862665,0.051955983,-0.6590732,0.22865562,-0.716477,-0.75147337,-0.16199666,0.63956624,0.030173533,0.95993423,0.27859622,0.3040619,9.852127,0.46206665,0.065979004,9.79303,0.5095062,-0.026626587,0.04260254,0.017028809,-13.441467,-32.25708,25.38147,0,0.0,0.0,0.0,0.0
0.424530029,-0.8981181,0.0289755,-0.43879882,-0.4397025,-0.043833274,0.89707327,0.006759156,0.9986186,0.05210805,-0.6650327,0.22383747,-0.71248037,-0.7462191,-0.161087,0.64591646,0.029808974,0.961222,0.27415994,0.29447937,9.885651,0.6105194,0.06628418,9.79303,0.5110016,-0.022369385,0.031951904,-0.004257202,-13.441467,-32.25708,25.38147,0,0.0,0.0,0.0,0.0
0.428924561,-0.89813,0.029000888,-0.43877286,-0.43967828,-0.043888427,0.89708245,0.006759134,0.9986154,0.052168567,-0.67083275,0.21913949,-0.70849234,-0.74102384,-0.160133,0.6521052,0.029448994,0.96246314,0.26981002,0.25616455,9.856918,0.50038147,0.06628418,9.79303,0.5115967,-0.025558472,0.038345337,-0.010650635,-13.441467,-32.25708,25.38147,0,0.0,0.0,0.0,0.0
0.433319092,-0.9015113,0.028630033,-0.43180755,-0.43270445,-0.044297494,0.9004468,0.006651826,0.99860793,0.052323032,-0.676477,0.21455641,-0.70451707,-0.73588896,-0.15913843,0.65813553,0.029091462,0.96365994,0.2655432,0.16998291,9.852127,0.7014923,0.06523132,9.792877,0.5131073,-0.015975952,0.041534424,-0.017044067,-12.365723,-32.61566,23.654175,0,0.0,0.0,0.0,0.0
0.437713623,-0.9014739,0.028555693,-0.4318905,-0.4327847,-0.044484008,0.9003992,0.006499301,0.998602,0.052459642,-0.68208414,0.21005563,-0.7004554,-0.73070925,-0.1581496,0.66411793,0.028724968,0.96481365,0.26136094,0.07899475,9.828186,0.64881897,0.06373596,9.792877,0.5144501,-0.019165039,0.041534424,-0.030899048,-12.365723,-32.61566,23.654175,0,0.0,0.0,0.0,0.0
0.442108154,-0.901388,0.02838494,-0.43208104,-0.43296695,-0.044631712,0.90030414,0.0062705614,0.9986001,0.05252023,-0.6875402,0.20565769,-0.6964147,-0.7255929,-0.15713702,0.6699425,0.028346296,0.96592593,0.25726175,-0.02154541,9.909592,0.55784607,0.06149292,9.792877,0.51504517,-0.017028809,0.047927856,-0.03302002,-12.365723,-32.61566,23.654175,0,0.0,0.0,0.0,0.0
0.446502686,-0.86959016,0.03126146,-0.49278352,-0.49373642,-0.042716537,0.86856186,0.006102504,0.9985981,0.052580807,-0.6928485,0.20135574,-0.6923994,-0.7205413,-0.15610664,0.67561156,0.027950129,0.96699876,0.2532434,-0.17955017,9.900009,0.66319275,0.05984497,9.792877,0.51564026,-0.010650635,0.05432129,-0.042617798,-14.15863,-31.898499,22.961426,0,0.0,0.0,0.0,0.0
0.450897217,-0.8695081,0.03111391,-0.49293783,-0.49388373,-0.042869706,0.8684706,0.0058894167,0.99859613,0.052642204,-0.6928485,0.20135574,-0.6923994,-0.7205413,-0.15610664,0.67561156,0.027950129,0.96699876,0.2532434,-0.17955017,9.900009,0.66319275,0.057754517,9.792725,0.51623535,-0.010650635,0.05432129,-0.042617798,-14.15863,-31.898499,22.961426,0,0.0,0.0,0.0,0.0
0.455291748,-0.8693879,0.030898375,-0.4931632,-0.4940981,-0.042989593,0.8683426,0.0056294873,0.99859756,0.052641463,-0.70110875,0.1934456,-0.68631285,-0.712539,-0.15348169,0.6846397,0.027104072,0.9690316,0.24544491,-0.20828247,9.761154,0.6105194,0.0552063,9.792877,0.51623535,0.0,0.04046631,-0.026626587,-14.15863,-31.898499,22.961426,0,0.0,0.0,0.0,0.0
0.459686279,-0.9055224,0.02725258,-0.4234223,-0.42426386,-0.045417555,0.9043989,0.0054163975,0.9985963,0.052688897,-0.70507914,0.18962033,-0.68330634,-0.7086269,-0.15216534,0.68898016,0.026669102,0.9699948,0.24165869,-0.2753296,9.818619,0.67755127,0.053115845,9.792725,0.5166931,0.010650635,0.04899597,-0.030899048,-12.904358,-31.71997,25.55542,0,0.0,0.0,0.0,0.0
0.464080811,-0.90544266,0.027073497,-0.4236043,-0.4244369,-0.04555006,0.9043111,0.005187661,0.9985952,0.052733958,-0.7100573,0.1856391,-0.6792324,-0.70365536,-0.15114413,0.69427985,0.026223479,0.9709241,0.23794696,-0.31362915,9.895233,0.5817871,0.050872803,9.792725,0.5171356,0.004257202,0.03727722,-0.020248413,-12.904358,-31.71997,25.55542,0,0.0,0.0,0.0,0.0
0.468475342,-0.90540504,0.026989132,-0.42369002,-0.42451796,-0.045538493,0.90427345,0.0051113516,0.99859786,0.052688155,-0.71305376,0.18124326,-0.6772778,-0.7006965,-0.15107656,0.6972806,0.02405661,0.97176474,0.23472221,-0.22265625,9.866501,0.5530548,0.050125122,9.792877,0.5166931,-0.0053253174,0.045791626,-0.015975952,-12.904358,-31.71997,25.55542,0,0.0,0.0,0.0,0.0
0.472869873,-0.91128355,0.026384331,-0.41093317,-0.4117476,-0.045997582,0.91013634,0.005111407,0.9985931,0.052780528,-0.7178092,0.17745826,-0.6732448,-0.69583756,-0.14998396,0.7023638,0.023664335,0.97263217,0.231142,-0.18434143,9.852127,0.6392517,0.050125122,9.792725,0.5175934,0.01171875,0.031951904,0.0053253174,-11.828613,-32.078552,24.171448,0,0.0,0.0,0.0,0.0
0.477264404,-0.91128075,0.026378267,-0.41093984,-0.41175386,-0.045983255,0.9101342,0.0051114107,0.99859387,0.052765008,-0.7178092,0.17745826,-0.6732448,-0.69583756,-0.14998396,0.7023638,0.023664335,0.97263217,0.231142,-0.18434143,9.852127,0.6392517,0.050125122,9.792725,0.5174408,0.01171875,0.031951904,0.0053253174,-11.828613,-32.078552,24.171448,0,0.0,0.0,0.0,0.0
0.481658936,-0.9112676,0.026350053,-0.41097087,-0.41178265,-0.045845088,0.91012824,0.0051409313,0.998601,0.052627638,-0.7273205,0.17009312,-0.66488594,-0.6859157,-0.14782849,0.71250707,0.022903476,0.97427666,0.22418822,-0.16519165,9.847351,0.26574707,0.05041504,9.792877,0.516098,0.015975952,0.014907837,0.020217896,-11.828613,-32.078552,24.171448,0,0.0,0.0,0.0,0.0
0.486053467,-0.9101825,0.026591618,-0.41335306,-0.41417348,-0.04563702,0.90905315,0.0053089927,0.99860406,0.052551556,-0.73188233,0.16655187,-0.66076374,-0.68105817,-0.14671311,0.7173806,0.022538392,0.97505677,0.22080824,-0.13166809,9.976624,0.52911377,0.05206299,9.792877,0.51535034,0.008514404,-0.01171875,0.026611328,-12.187195,-30.644226,24.864197,0,0.0,0.0,0.0,0.0
