Time,Rot1,Rot2,Rot3,Rot4,Rot5,Rot6,Rot7,Rot8,Rot9,FRot1,FRot2,FRot3,FRot4,FRot5,FRot6,FRot7,FRot8,FRot9,AccX,AccY,AccZ,GravX,GravY,GravZ,GyroX,GyroY,GyroZ,MagX,MagY,MagZ,Imid
0.0,0.0,0.0,0.0,0.0,0.0,0.0,0.0,0.0,0.0,0.0,0.0,0.0,0.0,0.0,0.0,0.0,0.0,0.0,0.1918335,0.10757446,-0.17358398,9.660294,-0.016601563,1.6867065,0.0,0.0,0.0,0.0,0.0,0.0,0,0.0,0.0,0.0,0.0
0.004425048,0.0,0.0,0.0,0.0,0.0,0.0,0.0,0.0,0.0,1.0,0.0,0.0,0.0,1.0,0.0,0.0,0.0,1.0,0.11013794,0.049957275,-0.23956299,9.660599,-0.016448975,1.6856537,0.0,0.0,0.0,0.0,0.0,0.0,0,0.0,0.0,0.0,0.0
0.00881958,0.17102738,0.11373353,-0.97867984,-0.017900031,0.9935098,0.112328865,0.9851037,-0.0016929095,0.17195323,1.0,0.0,0.0,0.0,1.0,0.0,0.0,0.0,1.0,0.20605469,-0.031280518,-0.07736206,9.660446,-0.016601563,1.686264,0.004257202,-0.010650635,0.0063934326,-27.105713,21.669006,-2.218628,0,0.0,0.0,0.0,0.0
0.013244628,0.1709834,0.11367705,-0.97869414,-0.017885132,0.99351627,0.112274036,0.98511153,-0.001692923,0.17190793,0.99960655,0.0022796027,-0.027955862,-0.0022777652,0.9999974,9.757346E-5,0.02795601,-3.3858174E-5,0.9996092,0.10070801,0.002243042,-0.096069336,9.660446,-0.016601563,1.6858063,-0.009567261,0.024490356,0.0,-27.105713,21.669006,-2.218628,0,0.0,0.0,0.0,0.0
0.01763916,0.17099312,0.11368953,-0.978691,-0.017933166,0.99351496,0.112278335,0.985109,-0.0016477947,0.17192303,0.9984578,0.004512465,-0.055331893,-0.0045018424,0.9999898,3.166232E-4,0.055332758,-6.703945E-5,0.998468,0.19168091,0.13586426,0.047439575,9.660446,-0.016159058,1.6859589,-0.014892578,0.015960693,0.003189087,-27.105713,21.669006,-2.218628,0,0.0,0.0,0.0,0.0
0.022033691,0.17072685,0.13050917,-0.97663695,-0.020807065,0.9914458,0.12885079,0.9850987,-0.0016773412,0.17198193,0.9966,0.0067008995,-0.08211899,-0.0066701644,0.9999775,6.486069E-4,0.08212149,-9.865455E-5,0.9966223,0.057617188,-0.08888245,0.2048645,9.660446,-0.016448975,1.686554,-0.0021362305,0.013839722,-0.0063934326,-27.822876,22.38617,-1.8722534,0,0.0,0.0,0.0,0.0
0.02645874,0.17082383,0.13063249,-0.9766035,-0.020795044,0.99142945,0.12897824,0.98508215,-0.0017240458,0.17207627,0.9940747,0.009184453,-0.10831018,-0.009116312,0.9999578,0.0011242793,0.108315945,-1.3022826E-4,0.99411654,0.053131104,-0.11236572,0.2518463,9.660141,-0.016906738,1.6874542,-0.0053253174,0.0,0.012771606,-27.822876,22.38617,-1.8722534,0,0.0,0.0,0.0,0.0
0.030853271,0.17083842,0.13065104,-0.9765985,-0.020800222,0.99142706,0.12899621,0.9850796,-0.0017240413,0.17209138,0.99092656,0.011620768,-0.13390104,-0.011494397,0.99993247,0.0017167935,0.13391195,-1.6210461E-4,0.99099326,0.13453674,-0.021392822,0.064941406,9.660141,-0.016906738,1.6876068,-0.0010681152,0.003189087,0.008514404,-27.822876,22.38617,-1.8722534,0,0.0,0.0,0.0,0.0
0.03527832,0.17036636,0.15222038,-0.97355235,-0.02447574,0.98834497,0.15025017,0.9850768,-0.0017691602,0.17210644,0.98719674,0.014008665,-0.15889122,-0.013799939,0.9999019,0.0024169774,0.15890947,-1.9334332E-4,0.9872932,0.15847778,0.012573242,0.23716736,9.660141,-0.017349243,1.6877594,-0.0010681152,0.008514404,0.0053253174,-26.567078,23.283386,-1.008606,0,0.0,0.0,0.0,0.0
0.039672851,0.17037861,0.15223452,-0.97354805,-0.024495633,0.9883429,0.15026106,0.98507416,-0.0017535957,0.17212155,0.98274535,0.016670693,-0.18421103,-0.015987583,0.99985874,0.0051930337,0.18427156,-0.0021583405,0.982873,0.10101318,0.108169556,0.05027771,9.660141,-0.017196655,1.687912,-0.028747559,-0.014907837,0.0063934326,-26.567078,23.283386,-1.008606,0,0.0,0.0,0.0,0.0
0.044067382,0.17025717,0.1520941,-0.97359127,-0.024481617,0.9883646,0.15012074,0.9850955,-0.001724042,0.17199963,0.98274535,0.016670693,-0.18421103,-0.015987583,0.99985874,0.0051930337,0.18427156,-0.0021583405,0.982873,0.100860596,0.10787964,0.051483154,9.660294,-0.016906738,1.6867065,-0.028747559,-0.014907837,0.0063934326,-26.567078,23.283386,-1.008606,0,0.0,0.0,0.0,0.0
0.048492431,0.17051136,0.13576059,-0.97595847,-0.021575022,0.99073994,0.13404736,0.9851194,-0.0018002726,0.17186145,0.97267145,0.02205587,-0.23113607,-0.020963147,0.9997545,0.007182777,0.23123774,-0.0021411423,0.97289497,0.1197052,-0.13557434,0.09112549,9.660599,-0.017654419,1.6853638,-0.008514404,-0.028762817,-0.0010681152,-28.54004,22.38617,-1.8722534,0,0.0,0.0,0.0,0.0
0.052886962,0.17036779,0.1355733,-0.97600955,-0.021493152,0.9907657,0.13387126,0.98514616,-0.001829831,0.17170848,0.9669738,0.02433772,-0.2537112,-0.022999035,0.9997015,0.008241626,0.25383607,-0.0021343247,0.9672449,0.25828552,-0.010772705,-0.09413147,9.660889,-0.017944336,1.6838684,-0.008514404,-0.03515625,0.004257202,-28.54004,22.38617,-1.8722534,0,0.0,0.0,0.0,0.0
0.057312011,0.17028144,0.13546062,-0.9760403,-0.021446135,0.99078107,0.1337649,0.9851621,-0.0018453915,0.17161675,0.9608763,0.026570033,-0.27570075,-0.024952302,0.9996447,0.009374363,0.27585188,-0.0021282348,0.9611978,0.13363647,-0.058517456,-0.2416687,9.661041,-0.018096924,1.6829681,-0.020217896,-0.02130127,0.0010681152,-28.54004,22.38617,-1.8722534,0,0.0,0.0,0.0,0.0
0.061706543,0.17005455,0.1459959,-0.97455966,-0.02318259,0.98928326,0.14415638,0.9851619,-0.0019216341,0.1716167,0.95441043,0.028755296,-0.29710916,-0.02682449,0.9995842,0.010574464,0.29728967,-0.002122578,0.954785,0.119262695,-0.043395996,-0.16505432,9.661041,-0.018844604,1.6829681,0.004257202,-0.004257202,0.010650635,-28.361511,24.00055,-1.3534546,0,0.0,0.0,0.0,0.0
0.066131591,0.1701595,0.14612204,-0.9745225,-0.02320476,0.98926467,0.14428078,0.9851433,-0.0019371879,0.17172354,0.94760084,0.031109445,-0.31793866,-0.02881932,0.99951375,0.011905156,0.31815442,-0.002118559,0.94803655,0.10505676,0.004638672,-0.06555176,9.660889,-0.018997192,1.684021,-0.017028809,0.018096924,0.007446289,-28.361511,24.00055,-1.3534546,0,0.0,0.0,0.0,0.0
0.070526123,0.17035574,0.14635783,-0.9744528,-0.023244226,0.9892297,0.14451365,0.9851084,-0.001968328,0.17192294,0.9404819,0.03341889,-0.33819664,-0.030731296,0.9994392,0.013299726,0.33845142,-0.0021149316,0.94098145,0.048034668,-0.038146973,-0.1776123,9.660446,-0.019302368,1.6859589,0.0095825195,0.031936646,0.007446289,-28.361511,24.00055,-1.3534546,0,0.0,0.0,0.0,0.0
0.074920654,0.17072615,0.14493191,-0.97460115,-0.023018727,0.9894397,0.14310622,0.98504966,-0.0019978955,0.17225936,0.93308175,0.03568674,-0.35788944,-0.032562967,0.9993608,0.0147532,0.35818717,-0.0021119996,0.9336474,-0.0758667,0.091415405,0.10159302,9.659851,-0.019592285,1.6892548,0.007461548,0.06283569,0.0021209717,-27.105713,21.669006,-1.5258789,0,0.0,0.0,0.0,0.0
0.079345703,0.171073,0.14537473,-0.9744743,-0.02307184,0.98937446,0.1435472,0.98498815,-0.0020741376,0.17260933,0.93308175,0.03568674,-0.35788944,-0.032562967,0.9993608,0.0147532,0.35818717,-0.0021119996,0.9336474,-0.07527161,0.092163086,0.09815979,9.659256,-0.020339966,1.692688,0.007461548,0.06283569,0.0021209717,-27.105713,21.669006,-1.5258789,0,0.0,0.0,0.0,0.0
0.083740234,0.17137523,0.1457606,-0.97436357,-0.023213984,0.9893178,0.1439147,0.9849323,-0.0020445546,0.17292824,0.93308175,0.03568674,-0.35788944,-0.032562967,0.9993608,0.0147532,0.35818717,-0.0021119996,0.9336474,-0.07481384,0.09187317,0.09501648,9.658798,-0.020050049,1.6958313,0.007461548,0.06283569,0.0021209717,-27.105713,21.669006,-1.5258789,0,0.0,0.0,0.0,0.0
0.088165283,0.1719664,0.13038935,-0.9764354,-0.020631079,0.9914609,0.1287623,0.9848868,-0.0019978746,0.17318803,0.9094646,0.04218521,-0.41363588,-0.03752654,0.9991076,0.019385424,0.41408452,-0.0021080335,0.910236,0.10758972,0.077041626,0.06852722,9.658356,-0.019592285,1.6983795,0.0095825195,0.06283569,0.004257202,-28.720093,22.566223,-2.0446777,0,0.0,0.0,0.0,0.0
0.092559814,0.1722028,0.1306977,-0.9763526,-0.020716649,0.99142027,0.12906083,0.9848437,-0.0019978818,0.17343293,0.9094646,0.04218521,-0.41363588,-0.03752654,0.9991076,0.019385424,0.41408452,-0.0021080335,0.910236,0.108047485,0.077041626,0.06613159,9.657898,-0.019592285,1.7007751,0.0095825195,0.06283569,0.004257202,-28.720093,22.566223,-2.0446777,0,0.0,0.0,0.0,0.0
0.096954345,0.17233779,0.13087378,-0.9763052,-0.02075012,0.9913971,0.12923403,0.98481935,-0.0020134524,0.17357078,0.89278215,0.045701254,-0.4481645,-0.039899085,0.9989529,0.02238511,0.44871828,-0.0021036717,0.8936708,0.07481384,-0.15742493,-0.0118255615,9.657608,-0.019744873,1.7021179,-0.008514404,0.053253174,0.0021209717,-28.720093,22.566223,-2.0446777,0,0.0,0.0,0.0,0.0
0.101379394,0.17142606,0.17506672,-0.9695178,-0.028422749,0.98455447,0.17275631,0.9847869,-0.0020585733,0.17375417,0.88421416,0.04741006,-0.46466944,-0.04098887,0.9988733,0.023917446,0.46527985,-0.0021018672,0.88516116,0.05117798,-0.051635742,0.1587677,9.657303,-0.020187378,1.7039185,-0.0063934326,0.03514099,-0.01171875,-27.464294,24.180603,-0.48980713,0,0.0,0.0,0.0,0.0
0.105773925,0.17157891,0.17524154,-0.9694592,-0.028526483,0.9845234,0.17291586,0.9847573,-0.0020134528,0.17392248,0.87548286,0.04997792,-0.48065796,-0.04279707,0.9987481,0.025896287,0.48135045,-0.0021010013,0.87652576,0.051483154,-0.013763428,0.14753723,9.656998,-0.019744873,1.7055664,-0.008514404,0.030883789,0.004257202,-27.464294,24.180603,-0.48980713,0,0.0,0.0,0.0,0.0
0.110198974,0.17163499,0.17530563,-0.9694376,-0.028548012,0.9845119,0.17297725,0.9847469,-0.0020134314,0.17398132,0.87548286,0.04997792,-0.48065796,-0.04279707,0.9987481,0.025896287,0.48135045,-0.0021010013,0.87652576,0.051483154,-0.013763428,0.14694214,9.656998,-0.019744873,1.7061615,-0.008514404,0.030883789,0.004257202,-27.464294,24.180603,-0.48980713,0,0.0,0.0,0.0,0.0
0.114593505,0.17175949,0.17544802,-0.9693898,-0.028550657,0.9844865,0.17312165,0.9847252,-0.002058571,0.17410408,0.85852444,0.05529704,-0.5097823,-0.046606097,0.9984683,0.029816378,0.5106502,-0.0018391256,0.8597866,-0.010482788,-0.061203003,0.006881714,9.656708,-0.020187378,1.7073517,0.0053253174,0.023422241,-0.0021362305,-27.464294,24.180603,-0.48980713,0,0.0,0.0,0.0,0.0
0.119018554,0.1719005,0.17560929,-0.9693356,-0.028634401,0.9844578,0.17327093,0.98469806,-0.0020290157,0.17425728,0.8495172,0.057713877,-0.52439445,-0.048140753,0.9983314,0.03188665,0.5253598,-0.0018435146,0.8508781,0.17178345,-0.06628418,0.13946533,9.656403,-0.019897461,1.708847,-0.023422241,0.030883789,-0.0021362305,-27.464294,24.180603,-0.48980713,0,0.0,0.0,0.0,0.0
0.123413086,0.17191228,0.17562276,-0.9693311,-0.028654495,0.9844555,0.17328107,0.9846955,-0.0020134503,0.17427237,0.84044564,0.060085323,-0.5385545,-0.04959133,0.99819154,0.033975855,0.53962195,-0.0018472247,0.8419054,0.032928467,0.048461914,0.062698364,9.656403,-0.019744873,1.7089996,0.008529663,0.024490356,-0.009597778,-27.464294,24.180603,-0.48980713,0,0.0,0.0,0.0,0.0
0.127807617,0.17339468,0.11229976,-0.97842884,-0.017585501,0.9936723,0.11093288,0.98469543,-0.00202901,0.17427236,0.83132213,0.062409285,-0.5522758,-0.05095746,0.9980489,0.03607882,0.5534499,-0.0018505491,0.8328804,-0.029327393,-0.02798462,0.010025024,9.656403,-0.019897461,1.7089996,0.01171875,0.0021362305,-0.01171875,-27.642822,21.84906,-2.3910522,0,0.0,0.0,0.0,0.0
0.132232666,0.17351139,0.112451546,-0.97839075,-0.01764097,0.99365515,0.11107746,0.98467386,-0.002013438,0.17439424,0.8222257,0.063409045,-0.56561846,-0.051188633,0.9979859,0.037468243,0.5668551,-0.0018541183,0.82381546,0.16236877,-0.032913208,0.13331604,9.65625,-0.019744873,1.7102051,0.01171875,0.012786865,0.0021209717,-27.642822,21.84906,-2.3910522,0,0.0,0.0,0.0,0.0
0.136627197,0.17352772,0.11247281,-0.97838545,-0.017631168,0.99365276,0.111100815,0.9846711,-0.0020289922,0.1744093,0.8131039,0.06439179,-0.57854617,-0.051387005,0.99792296,0.038847506,0.57984596,-0.0018573047,0.81472397,0.028289795,-0.03755188,0.061340332,9.65625,-0.019897461,1.7103577,0.018112183,0.018096924,-0.0010681152,-27.642822,21.84906,-2.3910522,0,0.0,0.0,0.0,0.0
0.141052246,0.17252374,0.16006704,-0.97191256,-0.02596768,0.98710406,0.15795945,0.984663,-0.0020134444,0.17445548,0.8039669,0.065355256,-0.59107184,-0.051551398,0.9978603,0.04021474,0.5924354,-0.0018607385,0.80561584,0.12898254,0.034103394,0.15666199,9.656113,-0.019744873,1.7108002,0.015975952,-0.0021362305,0.0053253174,-27.28424,23.283386,-1.008606,0,0.0,0.0,0.0,0.0
0.145446777,0.17255265,0.16010137,-0.9719019,-0.025978532,0.98709863,0.15799247,0.9846577,-0.0020134335,0.17448565,0.79477525,0.06725819,-0.6031656,-0.05244708,0.9977339,0.042147852,0.6046335,-0.0018637927,0.79650164,0.13856506,0.014968872,0.09890747,9.656113,-0.019744873,1.7111053,-0.012771606,-0.012786865,-0.0053253174,-27.28424,23.283386,-1.008606,0,0.0,0.0,0.0,0.0
0.149841308,0.17248645,0.16002275,-0.97192657,-0.02590869,0.9871113,0.15792486,0.9846711,-0.0020585556,0.1744093,0.7855885,0.06912352,-0.61487615,-0.05327939,0.9976064,0.0440778,0.6164512,-0.0018667855,0.7873909,0.18151855,-0.018112183,0.24330139,9.65625,-0.020187378,1.7103577,0.0010681152,-0.0095825195,-0.0053253174,-27.28424,23.283386,-1.008606,0,0.0,0.0,0.0,0.0
0.154266357,0.17249686,0.15262224,-0.97311413,-0.024572395,0.9882823,0.15064542,0.9847035,-0.002074118,0.17422591,0.7764146,0.070949726,-0.626216,-0.054048136,0.9974781,0.046001747,0.6279006,-0.0018706209,0.7782913,0.11418152,0.015563965,0.09187317,9.656555,-0.020339966,1.7085571,-0.018096924,-0.034088135,0.0053253174,-27.28424,22.207642,-1.3534546,0,0.0,0.0,0.0,0.0
0.158660888,0.17226699,0.15233459,-0.9732001,-0.024470033,0.98832685,0.1503709,0.9847463,-0.0020897025,0.17398368,0.76726884,0.07258971,-0.63720435,-0.054642152,0.99736017,0.047822755,0.6389936,-0.0018746909,0.7692098,0.032470703,0.010925293,-0.13078308,9.65686,-0.020492554,1.7061615,-0.015960693,-0.046875,0.0010681152,-27.28424,22.207642,-1.3534546,0,0.0,0.0,0.0,0.0
0.163085937,0.17196895,0.15196167,-0.97331095,-0.024388704,0.98838425,0.15000592,0.98480046,-0.002058569,0.17367756,0.75815034,0.0741909,-0.64784557,-0.055179164,0.9972423,0.04962943,0.64974105,-0.0018789911,0.7601533,0.10369873,0.029754639,-0.12779236,9.657455,-0.020187378,1.7031708,-0.017028809,-0.043670654,0.0,-27.28424,22.207642,-1.3534546,0,0.0,0.0,0.0,0.0
0.167480468,0.17141359,0.16702977,-0.9709369,-0.026967406,0.9859497,0.16485146,0.98483,-0.002074129,0.17350952,0.7490653,0.07575237,-0.658151,-0.05566071,0.99712485,0.05141839,0.66015375,-0.0018825826,0.7511281,0.17044067,0.0011901855,0.02229309,9.657745,-0.020339966,1.7015228,0.0010681152,-0.057525635,-0.0032043457,-27.105713,20.951843,-1.1810303,0,0.0,0.0,0.0,0.0
0.171905517,0.17117333,0.16671349,-0.97103363,-0.026915325,0.9860033,0.16453896,0.98487324,-0.0020289982,0.17326462,0.74000514,0.077586785,-0.6681114,-0.056320142,0.9969838,0.05339766,0.67023915,-0.0018864135,0.7421428,0.14604187,0.1060791,-0.13812256,9.658203,-0.019897461,1.6991272,0.0,-0.038345337,0.0021209717,-27.105713,20.951843,-1.1810303,0,0.0,0.0,0.0,0.0
0.176300048,0.1709979,0.16648258,-0.9711042,-0.026768327,0.9860422,0.16432998,0.9849077,-0.0021052484,0.1730676,0.729233,0.07942485,-0.6796403,-0.056774884,0.9968389,0.05557597,0.681906,-0.0019413357,0.73143727,0.088272095,-0.03201294,-0.13139343,9.658508,-0.020645142,1.6971893,-0.0010681152,-0.039413452,0.0,-27.105713,20.951843,-1.1810303,0,0.0,0.0,0.0,0.0
0.18069458,0.17145945,0.14114772,-0.9750277,-0.022366872,0.98998636,0.13937995,0.98493725,-0.0020896886,0.17289954,0.72028553,0.08117423,-0.68891186,-0.057313547,0.996698,0.05751691,0.691306,-0.0019446139,0.7225595,0.13108826,-0.027389526,0.080947876,9.658798,-0.020492554,1.6955414,-0.0053253174,-0.030899048,0.01171875,-27.105713,22.38617,-1.5258789,0,0.0,0.0,0.0,0.0
0.185119628,0.17130342,0.14095503,-0.975083,-0.022265717,0.9900137,0.1392017,0.98496664,-0.0021348083,0.1727312,0.7114276,0.08237732,-0.69791454,-0.05743677,0.9965993,0.059083275,0.7004083,-0.0019475154,0.71373975,0.030227661,-0.041305542,-0.065841675,9.659103,-0.020935059,1.6938934,-0.004257202,-0.043670654,-0.0063934326,-27.105713,22.38617,-1.5258789,0,0.0,0.0,0.0,0.0
0.18951416,0.17133316,0.14099173,-0.97507244,-0.02226096,0.9900084,0.13923988,0.9849616,-0.0021503572,0.17275988,0.7026346,0.08355236,-0.7066284,-0.05752415,0.99650145,0.060628183,0.70922184,-0.0019512612,0.70498264,0.07331848,-0.036361694,0.06794739,9.659103,-0.021087646,1.6941833,-0.004257202,-0.029830933,0.0063934326,-27.105713,22.38617,-1.5258789,0,0.0,0.0,0.0,0.0
0.193939209,0.17082238,0.1606983,-0.97210896,-0.025695957,0.9870013,0.15864474,0.98496664,-0.0021208045,0.1727312,0.6939133,0.08470453,-0.715059,-0.057581276,0.9964042,0.062153663,0.7177525,-0.0019552433,0.69629556,0.006286621,0.09262085,-0.080215454,9.659103,-0.02079773,1.6938934,0.0,-0.01171875,-0.0010681152,-27.105713,21.669006,-1.1810303,0,0.0,0.0,0.0,0.0
0.19833374,0.17080045,0.1606704,-0.97211736,-0.025642395,0.9870057,0.15862577,0.98497194,-0.0021659397,0.17270102,0.6852441,0.08623077,-0.72319067,-0.057882912,0.9962733,0.06394646,0.7260097,-0.0019585546,0.6876817,-0.0032958984,-0.13676453,-0.07991028,9.659103,-0.021240234,1.6935883,-0.010635376,0.0,-0.0021362305,-27.105713,21.669006,-1.1810303,0,0.0,0.0,0.0,0.0
0.202728271,0.17076576,0.16062626,-0.9721307,-0.025659984,0.987013,0.15857781,0.98497754,-0.002134798,0.1726697,0.67665386,0.08772572,-0.7310565,-0.058143597,0.99614275,0.06571891,0.73400193,-0.0019627023,0.67914456,0.1593628,0.08317566,-0.017364502,9.659256,-0.020935059,1.6932983,-0.014892578,-0.01171875,0.0,-27.105713,21.669006,-1.1810303,0,0.0,0.0,0.0,0.0
0.20715332,0.17073004,0.16241844,-0.9718392,-0.025985882,0.9867197,0.1603402,0.98497516,-0.0021207894,0.17268328,0.6681461,0.089189686,-0.73866504,-0.058366098,0.99601275,0.06746899,0.7417373,-0.0019661442,0.6706877,0.058807373,0.04473877,0.02558899,9.659256,-0.02079773,1.6934357,-0.003189087,0.003189087,0.0021209717,-26.38855,22.744751,-0.83465576,0,0.0,0.0,0.0,0.0
0.211547851,0.17074703,0.16243838,-0.97183293,-0.025992196,0.9867165,0.1603594,0.98497206,-0.0021208161,0.17270103,0.6597221,0.09066035,-0.74602103,-0.05857658,0.9958799,0.069224,0.74922323,-0.001969237,0.66231453,0.17866516,-0.017501831,0.06375122,9.659103,-0.02079773,1.6935883,0.0,0.01171875,-0.0053253174,-26.38855,22.744751,-0.83465576,0,0.0,0.0,0.0,0.0
0.2159729,0.1707492,0.16244093,-0.9718322,-0.025979029,0.98671615,0.16036429,0.98497206,-0.00213482,0.17270103,0.651387,0.09210182,-0.75313497,-0.058751803,0.9957476,0.07095676,0.7564676,-0.0019722688,0.6540282,0.12599182,-0.041305542,0.04937744,9.659103,-0.020935059,1.6935883,0.0063934326,0.012786865,0.0095825195,-26.38855,22.744751,-0.83465576,0,0.0,0.0,0.0,0.0
0.220367431,0.17178956,0.12502012,-0.9771685,-0.019541642,0.9921519,0.12350162,0.9849398,-0.0021208138,0.17288445,0.6431428,0.093514316,-0.7600147,-0.058892988,0.99561596,0.07266668,0.76347816,-0.0019755196,0.64583063,0.14065552,0.03515625,0.1912384,9.658798,-0.02079773,1.6953888,-0.003189087,0.012786865,0.0010681152,-27.464294,23.104858,-1.8722534,0,0.0,0.0,0.0,0.0
0.22479248,0.17183366,0.12507372,-0.97715396,-0.019542746,0.9921452,0.12355595,0.9849321,-0.002134801,0.17292821,0.6350392,0.09414546,-0.7667215,-0.058522206,0.9955565,0.073772855,0.77026,-0.0019784253,0.637727,0.22685242,-0.012573242,0.18121338,9.658798,-0.020935059,1.6958313,0.004257202,0.027679443,0.0,-27.464294,23.104858,-1.8722534,0,0.0,0.0,0.0,0.0
0.229187011,0.17183007,0.12506938,-0.977155,-0.019570883,0.9921457,0.1235466,0.9849322,-0.0021052377,0.17292823,0.62703013,0.094765015,-0.7732094,-0.058142986,0.9954977,0.074858055,0.7768221,-0.0019815527,0.629717,-0.017349243,0.04458618,-0.03425598,9.658798,-0.020645142,1.6958313,0.0,0.019165039,-0.008529663,-27.464294,23.104858,-1.8722534,0,0.0,0.0,0.0,0.0
0.233581543,0.17161797,0.13949192,-0.9752381,-0.022081776,0.99022096,0.13774912,0.9849161,-0.0021052363,0.17301993,0.6191167,0.095372066,-0.7794861,-0.05775599,0.9954397,0.075921096,0.7831722,-0.0019840263,0.6218017,-0.012420654,0.04458618,0.12763977,9.658646,-0.020645142,1.6967316,0.0053253174,0.022354126,-0.0053253174,-28.001404,22.566223,-1.6998291,0,0.0,0.0,0.0,0.0
0.238006591,0.17169978,0.13959563,-0.97520876,-0.022158075,0.99020636,0.13784121,0.9849001,-0.002058553,0.1731114,0.6112852,0.09625661,-0.7855349,-0.057539597,0.9953546,0.07719116,0.78931594,-0.0019864505,0.6139841,0.006881714,-0.018112183,-0.055221558,9.658508,-0.020187378,1.6976318,0.024505615,0.012786865,0.0053253174,-28.001404,22.566223,-1.6998291,0,0.0,0.0,0.0,0.0
0.242401123,0.17182447,0.13975371,-0.9751642,-0.022157187,0.99018407,0.13800216,0.9848784,-0.0021052524,0.17323442,0.6049317,0.09718168,-0.79032487,-0.058085214,0.9952659,0.07792242,0.794156,-0.0012315519,0.6077127,-0.0071868896,-0.0368042,-0.089920044,9.658203,-0.020645142,1.698822,0.0063934326,0.027679443,-0.009597778,-28.001404,22.566223,-1.6998291,0,0.0,0.0,0.0,0.0
0.246826171,0.17120078,0.170382,-0.9703918,-0.0275294,0.9853759,0.16815604,0.9848514,-0.0020741413,0.17338763,0.59728366,0.09803514,-0.7960159,-0.057834275,0.99518216,0.07916846,0.7999422,-0.0012490259,0.60007584,0.084106445,0.10652161,0.028289795,9.657898,-0.020339966,1.7003174,-0.0063934326,0.036209106,0.004257202,-26.92566,23.283386,-0.66223145,0,0.0,0.0,0.0,0.0
0.251220703,0.17118528,0.1703639,-0.9703978,-0.02752351,0.9853791,0.1681387,0.98485434,-0.0020741145,0.17337139,0.58970296,0.099488504,-0.8014689,-0.057936717,0.9950379,0.0808882,0.8055395,-0.0012655283,0.5925408,0.12225342,-0.022750854,0.004486084,9.658051,-0.020339966,1.70018,0.004257202,0.034072876,0.0021209717,-26.92566,23.283386,-0.66223145,0,0.0,0.0,0.0,0.0
0.255615234,0.17131028,0.1705098,-0.9703501,-0.027524563,0.98535365,0.1682869,0.98483247,-0.0021208138,0.1734944,0.58222413,0.10091221,-0.8067415,-0.058010295,0.9948945,0.08258162,0.8109562,-0.0012817,0.58510554,-0.0019378662,-0.07496643,0.008087158,9.657745,-0.02079773,1.7013702,-0.0063934326,0.023422241,-0.0021362305,-26.92566,23.283386,-0.66223145,0,0.0,0.0,0.0,0.0
0.260040283,0.17061982,0.1931255,-0.96622527,-0.03144056,0.98117167,0.19056104,0.9848352,-0.0021348237,0.17347932,0.57485,0.1023102,-0.81183743,-0.058057908,0.9947517,0.08425166,0.8161965,-0.0012984823,0.577773,0.117767334,-0.05088806,-0.0013427734,9.657745,-0.020935059,1.7012177,-0.004257202,0.027679443,0.0010681152,-26.92566,22.207642,-0.31585693,0,0.0,0.0,0.0,0.0
0.264434814,0.17070615,0.19323069,-0.9661891,-0.031476557,0.981151,0.19066168,0.98481905,-0.002134819,0.17357074,0.5675522,0.10413753,-0.81672513,-0.0583406,0.99456203,0.086271256,0.82126784,-0.0013152092,0.57054126,-0.020950317,0.1071167,-0.0692749,9.657608,-0.020935059,1.7021179,-0.0021362305,0.023422241,0.0053253174,-26.92566,22.207642,-0.31585693,0,0.0,0.0,0.0,0.0
0.268859863,0.17063408,0.19314288,-0.9662194,-0.031446505,0.9811683,0.19057766,0.98483247,-0.0021348177,0.1734944,0.56035966,0.105930105,-0.82144743,-0.05858852,0.99437267,0.08826294,0.8261746,-0.0013316014,0.56341267,0.15608215,-0.026947021,-0.15951538,9.657745,-0.020935059,1.7013702,0.0,0.024490356,0.007446289,-26.92566,22.207642,-0.31585693,0,0.0,0.0,0.0,0.0
0.273254394,0.17273016,0.10569608,-0.97928166,-0.01624549,0.99439615,0.104461975,0.9848352,-0.0021348237,0.17347932,0.55327,0.107684724,-0.8260123,-0.058800895,0.9941842,0.09022345,0.8309241,-0.0013476657,0.55638427,0.07467651,0.0017852783,-0.010925293,9.657745,-0.020935059,1.7012177,-0.010635376,0.012786865,0.0063934326,-26.92566,21.84906,-2.3910522,0,0.0,0.0,0.0,0.0
0.277679443,0.17283396,0.10582753,-0.97924924,-0.016279647,0.9943822,0.104589656,0.9848164,-0.0021348132,0.17358583,0.5463878,0.107644945,-0.83058584,-0.058013882,0.9941884,0.090684526,0.8355206,-0.0013634089,0.5494573,0.11790466,-0.017364502,0.2849121,9.657608,-0.020935059,1.7022705,0.004257202,0.012786865,-0.0021362305,-26.92566,21.84906,-2.3910522,0,0.0,0.0,0.0,0.0
0.282073974,0.17280456,0.105790295,-0.9792585,-0.01626996,0.9943863,0.1045535,0.9848218,-0.0021348249,0.17355566,0.53960824,0.10760861,-0.835011,-0.057240747,0.99419236,0.091131836,0.8399682,-0.0013788369,0.54263395,0.09875488,0.02571106,-0.035614014,9.657608,-0.020935059,1.7019653,0.010650635,-0.0032043457,0.0095825195,-26.92566,21.84906,-2.3910522,0,0.0,0.0,0.0,0.0
0.286468505,0.17203875,0.14702612,-0.9740565,-0.023446672,0.9891303,0.14516023,0.9848111,-0.0021348018,0.17361602,0.53292894,0.10757224,-0.8392944,-0.05647927,0.9941963,0.09156322,0.844273,-0.0013939567,0.53591156,0.16101074,0.0017852783,0.16488647,9.657608,-0.020935059,1.7025757,0.0095825195,-0.0138549805,-0.0032043457,-27.464294,22.027588,-1.5258789,0,0.0,0.0,0.0,0.0
0.290893554,0.17205179,0.14704272,-0.97405165,-0.023451567,0.9891279,0.14517626,0.98480874,-0.0021347967,0.17362961,0.5263049,0.108363196,-0.8433626,-0.05616763,0.99411035,0.09268098,0.8484388,-0.0014087736,0.5292916,0.031723022,-0.026947021,0.064193726,9.657608,-0.020935059,1.702713,0.004257202,-0.01171875,0.008514404,-27.464294,22.027588,-1.5258789,0,0.0,0.0,0.0,0.0
0.295288086,0.171893,0.14684069,-0.9741102,-0.023392048,0.9891579,0.14498124,0.9848379,-0.0021348293,0.17346422,0.519783,0.1091386,-0.8472983,-0.055848736,0.9940255,0.093777284,0.8524709,-0.0014232941,0.5227728,0.10820007,0.05444336,-0.039489746,9.657745,-0.020935059,1.7010651,-0.012771606,-0.008529663,0.008514404,-27.464294,22.027588,-1.5258789,0,0.0,0.0,0.0,0.0
0.299713134,0.17139784,0.16806245,-0.9707614,-0.027072929,0.985774,0.16588148,0.98482984,-0.0021503717,0.17350948,0.51336014,0.10989437,-0.85110784,-0.055520657,0.99394226,0.094848804,0.8563754,-0.0014375248,0.5163517,0.069885254,-0.0076293945,0.11328125,9.657745,-0.021087646,1.7015228,0.0010681152,-0.031951904,0.0053253174,-27.28424,24.00055,-0.66223145,0,0.0,0.0,0.0,0.0
0.304107666,0.17142195,0.1680901,-0.9707524,-0.027111534,0.9857693,0.16590282,0.98482454,-0.0021207968,0.17353968,0.50701547,0.111062124,-0.8547517,-0.05540428,0.9938124,0.09626666,0.86015445,-0.0014517817,0.5100316,-0.035461426,0.06388855,0.093811035,9.657745,-0.02079773,1.701828,-0.011703491,-0.010650635,-0.0010681152,-27.28424,24.00055,-0.66223145,0,0.0,0.0,0.0,0.0
0.308502197,0.17139784,0.16806245,-0.9707614,-0.027072929,0.985774,0.16588148,0.98482984,-0.0021503717,0.17350948,0.49998194,0.1119431,-0.8587706,-0.055257086,0.99371386,0.0973623,0.8642712,-0.0012262351,0.5030246,0.026794434,-0.093826294,-0.05911255,9.657745,-0.021087646,1.7015228,0.0053253174,-0.0138549805,-0.0010681152,-27.28424,24.00055,-0.66223145,0,0.0,0.0,0.0,0.0
0.312927246,0.17159402,0.16238502,-0.9716926,-0.026092965,0.98672515,0.16028935,0.9848222,-0.0021503551,0.17355326,0.49385142,0.11306962,-0.86216366,-0.05511291,0.9935863,0.0987363,0.86779803,-0.0012447179,0.49691558,0.089035034,0.006729126,0.098464966,9.657745,-0.021087646,1.7019653,-0.003189087,0.003189087,0.0095825195,-28.001404,21.490479,-1.3534546,0,0.0,0.0,0.0,0.0
0.317321777,0.17159635,0.16238809,-0.97169185,-0.02609386,0.98672485,0.16029233,0.9848218,-0.0021503847,0.17355566,0.48782766,0.11405909,-0.8654564,-0.054899305,0.9934732,0.09998569,0.871212,-0.0012628306,0.49090546,0.09396362,0.016311646,0.055374146,9.657608,-0.021087646,1.7019653,0.0010681152,-0.012786865,0.0,-28.001404,21.490479,-1.3534546,0,0.0,0.0,0.0,0.0
0.321746826,0.17162268,0.16242309,-0.97168124,-0.026119988,0.9867189,0.1603233,0.9848164,-0.0021348132,0.17358583,0.48190263,0.11502872,-0.8686415,-0.05467573,0.9933613,0.10121171,0.8745172,-0.0012805817,0.48499274,0.170578,0.006576538,0.10295105,9.657608,-0.020935059,1.7022705,-0.010635376,-0.0138549805,0.003189087,-28.001404,21.490479,-1.3534546,0,0.0,0.0,0.0,0.0
0.326141357,0.17162989,0.16243266,-0.9716783,-0.026076296,0.98671716,0.16034074,0.9848163,-0.0021814925,0.17358582,0.47607616,0.11597956,-0.8717226,-0.05444357,0.9932507,0.10241504,0.8777172,-0.0012976663,0.47917736,0.036514282,-0.10310364,-0.0023956299,9.657608,-0.021392822,1.7022705,0.010650635,0.0,0.0,-28.001404,21.490479,-1.3534546,0,0.0,0.0,0.0,0.0
0.330566406,0.17163232,0.16243586,-0.9716774,-0.026061736,0.98671675,0.16034657,0.9848163,-0.0021970524,0.17358582,0.4703468,0.11691147,-0.87470305,-0.054202113,0.9931414,0.103596106,0.8808155,-0.0013153428,0.47345778,0.031723022,0.0071868896,-0.05506897,9.657608,-0.02154541,1.7022705,0.0021362305,-0.015975952,-0.012786865,-28.001404,21.490479,-1.3534546,0,0.0,0.0,0.0,0.0
0.334960937,0.17160113,0.16239445,-0.97168976,-0.026064724,0.9867234,0.1603039,0.9848216,-0.0021815044,0.17355563,0.4703468,0.11691147,-0.87470305,-0.054202113,0.9931414,0.103596106,0.8808155,-0.0013153428,0.47345778,0.031723022,0.0070343018,-0.054763794,9.657608,-0.021392822,1.7019653,0.0021362305,-0.015975952,-0.012786865,-28.001404,21.490479,-1.3534546,0,0.0,0.0,0.0,0.0
0.339355468,0.1723923,0.12776528,-0.9767072,-0.020041678,0.99180204,0.12620245,0.9848245,-0.0021814797,0.17353967,0.45917442,0.118717946,-0.8803777,-0.053695265,0.99292713,0.10588952,0.8867219,-0.0013496429,0.4623013,0.0028533936,0.002243042,-0.049835205,9.657745,-0.021392822,1.701828,-0.008514404,-0.0021362305,-0.0010681152,-27.464294,22.744751,-1.8722534,0,0.0,0.0,0.0,0.0
0.343780517,0.17239422,0.12776764,-0.97670656,-0.02002689,0.9918018,0.12620746,0.9848245,-0.0021970395,0.17353967,0.45376712,0.11889899,-0.88315254,-0.05311392,0.9929054,0.10638491,0.889536,-0.0013662796,0.456863,0.093826294,-0.04069519,0.021987915,9.657745,-0.02154541,1.701828,0.0010681152,-0.004257202,-0.0021362305,-27.464294,22.744751,-1.8722534,0,0.0,0.0,0.0,0.0
0.348175048,0.17230909,0.12766248,-0.9767353,-0.019967992,0.99181515,0.12611084,0.9848405,-0.002226604,0.17344794,0.44845176,0.11907646,-0.88583964,-0.05254001,0.9928841,0.1068675,0.8922615,-0.0013828947,0.45151693,0.079315186,-0.06913757,-0.21174622,9.657898,-0.021835327,1.7009277,-0.0010681152,-0.0021362305,-0.0053253174,-27.464294,22.744751,-1.8722534,0,0.0,0.0,0.0,0.0
0.352600097,0.17079464,0.18587244,-0.9676159,-0.030046148,0.9825713,0.1834418,0.9848485,-0.0022577418,0.17340267,0.44322565,0.11924828,-0.88844293,-0.05197214,0.9928635,0.10733595,0.8949022,-0.001399769,0.44626018,0.122406006,-0.07841492,-0.09635925,9.657898,-0.022140503,1.70047,0.0053253174,-0.015975952,0.0010681152,-26.747131,22.027588,-0.48980713,0,0.0,0.0,0.0,0.0
0.356994628,0.17081168,0.18589328,-0.9676089,-0.03003753,0.9825672,0.1834645,0.98484564,-0.0022732953,0.17341773,0.43802774,0.12058709,-0.89083695,-0.051927835,0.9927017,0.10884279,0.8974604,-0.0014169285,0.44109273,0.13198853,-0.02558899,0.04234314,9.657898,-0.02229309,1.7006226,-0.0010681152,-0.0053253174,0.0,-26.747131,22.027588,-0.48980713,0,0.0,0.0,0.0,0.0
0.36138916,0.17088424,0.18598206,-0.96757907,-0.030067239,0.98255044,0.1835496,0.98483217,-0.0022733002,0.17349434,0.43292096,0.12189934,-0.8931517,-0.051869087,0.99254143,0.11032272,0.8999384,-0.0014340559,0.4360148,-0.049819946,-0.03515625,0.19961548,9.657745,-0.02229309,1.7013702,0.0053253174,-0.0138549805,-0.0053253174,-26.747131,22.027588,-0.48980713,0,0.0,0.0,0.0,0.0
0.365814209,0.17275988,0.10380677,-0.97947854,-0.015780097,0.99459493,0.10262555,0.9848376,-0.0022733125,0.17346418,0.4279051,0.123186916,-0.89538944,-0.05179774,0.9923824,0.11177709,0.9023382,-0.0014508407,0.4310263,0.045944214,0.01751709,-0.063446045,9.657745,-0.02229309,1.7010651,-0.0063934326,0.007461548,-0.0053253174,-26.029968,22.38617,-2.218628,0,0.0,0.0,0.0,0.0
0.37020874,0.17275415,0.10379994,-0.97948027,-0.015809147,0.9945957,0.10261348,0.9848381,-0.0022421584,0.17346153,0.42306253,0.12279974,-0.8977407,-0.051010694,0.9924304,0.11171319,0.9046635,-0.0014672901,0.42612422,0.041000366,0.074645996,-0.0011901855,9.657898,-0.021987915,1.7010651,0.0063934326,-0.0053253174,-0.0010681152,-26.029968,22.38617,-2.218628,0,0.0,0.0,0.0,0.0
0.374633789,0.17277148,0.10382061,-0.97947496,-0.015814558,0.99459344,0.10263355,0.98483497,-0.0022421868,0.17347927,0.4183041,0.12242016,-0.90001947,-0.050242044,0.9924773,0.11164512,0.9069165,-0.0014827875,0.42130792,0.13693237,-0.021102905,0.084854126,9.657745,-0.021987915,1.7012177,-0.011703491,0.0063934326,0.003189087,-26.029968,22.38617,-2.218628,0,0.0,0.0,0.0,0.0
0.37902832,0.17095223,0.18288049,-0.9681581,-0.029585315,0.9831326,0.18048508,0.98483497,-0.002211067,0.17347927,0.41386458,0.12229611,-0.9020863,-0.049660686,0.99249256,0.11176889,0.90898293,-0.0014589593,0.41683084,0.12734985,0.07913208,0.017807007,9.657745,-0.02168274,1.7012177,-0.003189087,0.004257202,-0.0021362305,-27.105713,22.744751,-0.48980713,0,0.0,0.0,0.0,0.0
0.383453369,0.17096032,0.18289022,-0.96815485,-0.029541813,0.98313075,0.18050265,0.9848349,-0.0022577464,0.17347926,0.409189,0.123513065,-0.9040514,-0.049576882,0.9923419,0.11313613,0.9111019,-0.0014740013,0.41217873,0.022003174,-0.0975647,-0.015701294,9.657745,-0.022140503,1.7012177,-0.012771606,0.013839722,-0.0032043457,-27.105713,22.744751,-0.48980713,0,0.0,0.0,0.0,0.0
0.3878479,0.1709433,0.18286979,-0.9681617,-0.029550552,0.98313457,0.18048033,0.9848376,-0.0022421926,0.17346418,0.40459746,0.12470569,-0.9059522,-0.049481623,0.9921926,0.11447837,0.9131552,-0.0014896763,0.40760928,0.14649963,0.0076293945,0.008392334,9.657745,-0.021987915,1.7010651,-0.019165039,0.013839722,-0.0021362305,-27.105713,22.744751,-0.48980713,0,0.0,0.0,0.0,0.0
0.392242431,0.17052472,0.19670556,-0.9655197,-0.031959463,0.9804601,0.19410487,0.98483497,-0.0022421868,0.17347927,0.40008843,0.12587388,-0.90779126,-0.049376424,0.9920451,0.115794934,0.91514546,-0.0015047267,0.403121,0.09861755,0.012420654,0.051330566,9.657745,-0.021987915,1.7012177,0.0063934326,0.007461548,-0.0032043457,-27.464294,23.104858,-0.14343262,0,0.0,0.0,0.0,0.0
0.39666748,0.17052762,0.196709,-0.9655184,-0.03194504,0.9804592,0.1941109,0.9848349,-0.0022577464,0.17347926,0.3956474,0.1272981,-0.9095374,-0.049373426,0.99186337,0.117343,0.9170744,-0.001519476,0.39871332,0.055526733,-0.035308838,0.027389526,9.657745,-0.022140503,1.7012177,0.0010681152,0.01171875,-0.0021362305,-27.464294,23.104858,-0.14343262,0,0.0,0.0,0.0,0.0
0.401062011,0.17055029,0.19673604,-0.965509,-0.031985752,0.980454,0.19413126,0.9848297,-0.0022266149,0.17350948,0.39128715,0.12869366,-0.91122574,-0.04935678,0.9916832,0.1188626,0.9189441,-0.0015342414,0.3943848,0.022003174,0.07449341,0.07496643,9.657745,-0.021835327,1.7015228,-0.009567261,-0.010650635,-0.008529663,-27.464294,23.104858,-0.14343262,0,0.0,0.0,0.0,0.0
0.40548706,0.17191502,0.14357476,-0.97459304,-0.022770176,0.9896371,0.14177443,0.98484856,-0.0021814986,0.17340268,0.38700703,0.13006161,-0.91285795,-0.049328398,0.9915047,0.12035417,0.9207564,-0.0015480887,0.390135,0.050582886,-0.0121154785,-5.950928E-4,9.657898,-0.021392822,1.70047,0.0021362305,-0.0095825195,0.003189087,-26.747131,21.669006,-1.5258789,0,0.0,0.0,0.0,0.0
0.409881591,0.17184539,0.14348707,-0.9746182,-0.02271511,0.9896497,0.14169493,0.984862,-0.0022110576,0.17332606,0.38285607,0.13033213,-0.9145681,-0.048875567,0.9914692,0.120830774,0.92251426,-0.001560757,0.38596004,0.021697998,-0.08843994,0.08634949,9.658051,-0.02168274,1.6997223,0.004257202,-0.02130127,-0.010650635,-26.747131,21.669006,-1.5258789,0,0.0,0.0,0.0,0.0
0.414276123,0.17174627,0.14336218,-0.974654,-0.02266312,0.9896678,0.14157702,0.9848805,-0.0022266242,0.17322078,0.3787795,0.13059545,-0.9162264,-0.04842718,0.99143445,0.12129491,0.9242191,-0.001573763,0.38185942,0.02154541,-0.006881714,-0.017959595,9.658203,-0.021835327,1.6986847,-0.017028809,-0.026626587,-0.0053253174,-26.747131,21.669006,-1.5258789,0,0.0,0.0,0.0,0.0
0.418701171,0.17178597,0.14152123,-0.9749161,-0.022358816,0.9899328,0.13976133,0.9848805,-0.0022110643,0.17322078,0.37477568,0.13085102,-0.9178351,-0.047983203,0.9914008,0.12174613,0.92587304,-0.0015868202,0.37783155,0.16519165,0.06956482,0.058654785,9.658203,-0.02168274,1.6986847,0.007461548,-0.02130127,0.0053253174,-26.567078,22.924805,-1.3534546,0,0.0,0.0,0.0,0.0
0.423095703,0.17172329,0.14144728,-0.97493786,-0.022350706,0.98994344,0.13968754,0.9848917,-0.0021970505,0.17315777,0.37084708,0.1310646,-0.919399,-0.04753168,0.9913726,0.122152455,0.9274768,-0.0015993051,0.37387732,0.15068054,0.04069519,-0.14663696,9.658356,-0.02154541,1.6980743,0.014907837,-0.007461548,0.0010681152,-26.567078,22.924805,-1.3534546,0,0.0,0.0,0.0,0.0
0.427520752,0.17176059,0.14149128,-0.9749248,-0.02241029,0.9899371,0.13972181,0.98488384,-0.002150354,0.17320307,0.36698967,0.13127236,-0.9209159,-0.047086217,0.991345,0.12254763,0.92903256,-0.00161126,0.3699945,0.050125122,-0.0028533936,-0.07527161,9.658356,-0.021087646,1.6985321,-0.0010681152,-0.008529663,0.003189087,-26.567078,22.924805,-1.3534546,0,0.0,0.0,0.0,0.0
0.431915283,0.16996467,0.20616275,-0.9636435,-0.033645403,0.97851527,0.20341015,0.9848756,-0.0021503698,0.17324948,0.3632039,0.13147688,-0.9223865,-0.046648543,0.9913179,0.12293379,0.9305412,-0.0016220419,0.36618373,0.15562439,0.025863647,0.18765259,9.658203,-0.021087646,1.6989746,0.019180298,0.017028809,-0.0053253174,-27.642822,22.924805,0.0289917,0,0.0,0.0,0.0,0.0
0.436340332,0.1699505,0.20614567,-0.9636497,-0.03363931,0.97851896,0.20339385,0.9848783,-0.0021503756,0.17323439,0.359428,0.13297942,-0.9236493,-0.046689652,0.9911175,0.12452417,0.9320041,-0.0016326085,0.36244413,0.14604187,0.06896973,-0.022888184,9.658203,-0.021087646,1.698822,0.0010681152,0.0021362305,-0.004272461,-27.642822,22.924805,0.0289917,0,0.0,0.0,0.0,0.0
0.440734863,0.16987549,0.20605527,-0.96368223,-0.033622794,0.978538,0.20330478,0.9848918,-0.0021348114,0.17315778,0.359428,0.13297942,-0.9236493,-0.046689652,0.9911175,0.12452417,0.9320041,-0.0016326085,0.36244413,0.14588928,0.06881714,-0.022140503,9.658356,-0.020935059,1.6980743,0.0010681152,0.0021362305,-0.004272461,-27.642822,22.924805,0.0289917,0,0.0,0.0,0.0,0.0
0.445129394,0.17154539,0.1517543,-0.9734181,-0.024224628,0.98841596,0.14982334,0.9848783,-0.002120812,0.17323439,0.35137084,0.13731426,-0.926112,-0.046628583,0.99052507,0.1291737,0.9350745,-0.0022045816,0.35444438,0.05986023,0.04951477,0.2021637,9.658203,-0.02079773,1.698822,-0.023422241,-0.01171875,0.0,-27.642822,22.566223,-1.3534546,0,0.0,0.0,0.0,0.0
0.449554443,0.17154314,0.1517515,-0.97341895,-0.02423929,0.9884165,0.14981793,0.9848784,-0.0021052524,0.17323442,0.34786862,0.13760334,-0.92739034,-0.046245106,0.99048495,0.12961839,0.9364021,-0.0022029062,0.3509221,0.06463623,0.035003662,0.015411377,9.658203,-0.020645142,1.698822,-0.0021362305,-0.0010681152,-0.0010681152,-27.642822,22.566223,-1.3534546,0,0.0,0.0,0.0,0.0
0.453948974,0.17155848,0.15177065,-0.9734133,-0.024139619,0.9884133,0.14985491,0.9848781,-0.002211059,0.17323436,0.34443197,0.1378866,-0.9286302,-0.045866974,0.99044555,0.130053,0.9376902,-0.0022009532,0.34746554,0.07421875,-0.12675476,0.115982056,9.658203,-0.02168274,1.698822,0.007461548,-0.008529663,0.0010681152,-27.642822,22.566223,-1.3534546,0,0.0,0.0,0.0,0.0
0.458374023,0.17153955,0.15137203,-0.9734787,-0.024050552,0.9884744,0.14946578,0.98488367,-0.002226596,0.17320304,0.34105998,0.13816456,-0.92983264,-0.045492064,0.9904068,0.130479,0.93894017,-0.0022011553,0.3440735,0.13632202,-0.040405273,-0.041748047,9.658356,-0.021835327,1.6985321,-0.020217896,-0.0095825195,0.007446289,-27.464294,21.310425,-1.5258789,0,0.0,0.0,0.0,0.0
0.462768554,0.1715718,0.15141448,-0.9734663,-0.024047507,0.9884678,0.1495095,0.9848781,-0.0022421787,0.17323436,0.337751,0.13842896,-0.93100035,-0.045119118,0.99036986,0.13088809,0.9401534,-0.002201664,0.3407442,0.10295105,-0.035461426,0.106399536,9.658203,-0.021987915,1.698822,0.0,-0.01171875,-0.0063934326,-27.464294,21.310425,-1.5258789,0,0.0,0.0,0.0,0.0
0.467163086,0.17161743,0.15147452,-0.973449,-0.024049673,0.98845863,0.14957018,0.9848701,-0.00225772,0.17327963,0.33450502,0.13868892,-0.93213296,-0.044751473,0.9903335,0.1312889,0.9413308,-0.0022024745,0.33747807,0.11730957,-0.06404114,0.13946533,9.658203,-0.022140503,1.6992798,-0.009567261,-0.0010681152,-0.009597778,-27.464294,21.310425,-1.5258789,0,0.0,0.0,0.0,0.0
0.471588134,0.17064935,0.18657629,-0.9675062,-0.030160569,0.98243797,0.18413603,0.98487014,-0.0022421605,0.17327964,0.33132103,0.13894488,-0.9332313,-0.044389226,0.9902976,0.13168193,0.9424733,-0.0022035795,0.33427408,0.06463623,0.045928955,0.024536133,9.658203,-0.021987915,1.6992798,0.0053253174,-0.012786865,-0.007461548,-27.642822,21.84906,-0.66223145,0,0.0,0.0,0.0,0.0
