Time,Rot1,Rot2,Rot3,Rot4,Rot5,Rot6,Rot7,Rot8,Rot9,FRot1,FRot2,FRot3,FRot4,FRot5,FRot6,FRot7,FRot8,FRot9,AccX,AccY,AccZ,GravX,GravY,GravZ,GyroX,GyroY,GyroZ,MagX,MagY,MagZ,Imid
0.0,0.0,0.0,0.0,0.0,0.0,0.0,0.0,0.0,0.0,0.0,0.0,0.0,0.0,0.0,0.0,0.0,0.0,0.0,9.823395,-0.03590393,0.07421875,9.806046,-0.031723022,0.0947113,0.0,0.0,0.0,0.0,0.0,0.0,0,0.0,0.0,0.0,0.0
0.004394532,0.0,0.0,0.0,0.0,0.0,0.0,0.0,0.0,0.0,1.0,0.0,0.0,0.0,1.0,0.0,0.0,0.0,1.0,9.737213,-0.002380371,0.14125061,9.806046,-0.03186035,0.09277344,0.0,0.0,0.0,0.0,0.0,0.0,0,0.0,0.0,0.0,0.0
0.00881958,0.0,0.0,0.0,0.0,0.0,0.0,0.0,0.0,0.0,1.0,0.0,0.0,0.0,1.0,0.0,0.0,0.0,1.0,9.708481,0.04548645,0.18913269,9.806046,-0.03186035,0.090530396,0.010650635,-0.04901123,0.006378174,0.0,0.0,0.0,0,0.0,0.0,0.0,0.0
0.013214112,0.0068736784,-0.40963712,-0.9122227,0.0066325176,0.9122428,-0.4095962,0.9999544,-0.0032349,0.0089873895,0.9999928,-2.7971022E-4,-0.0037832803,2.8024177E-4,0.99999994,1.3997365E-4,0.0037832411,-1.4103288E-4,0.99999285,9.876068,0.05984497,-0.10772705,9.806046,-0.031723022,0.088134766,-0.0021362305,-0.057525635,0.004257202,-27.464294,19.876099,-9.132385,0,0.0,0.0,0.0,0.0
0.017639161,0.006711122,-0.40982378,-0.9121401,0.006544397,0.912159,-0.40978414,0.999956,-0.003219295,0.00880366,0.9993515,-0.0087151695,-0.03493706,0.008716937,0.99996203,-1.0169986E-4,0.03493662,-2.0291028E-4,0.9993895,9.732422,-0.01675415,0.13166809,9.806198,-0.031570435,0.08633423,-0.0010681152,-0.039413452,0.004257202,-27.464294,19.876099,-9.132385,0,0.0,0.0,0.0,0.0
0.022064209,0.006542277,-0.4100176,-0.9120541,0.0064705564,0.9120719,-0.40997916,0.9999576,-0.0032193004,0.008620069,0.9977124,-0.01698541,-0.06543291,0.016966231,0.9998557,-8.4885367E-4,0.06543788,-2.6323803E-4,0.99785656,9.880859,-0.07421875,0.01675415,9.806198,-0.031570435,0.08453369,-0.015975952,-0.042617798,-0.0010681152,-27.464294,19.876099,-9.132385,0,0.0,0.0,0.0,0.0
0.026458741,0.0059704646,-0.45906,-0.8883852,0.006691157,0.8883995,-0.45902243,0.9999598,-0.0032037476,0.0083758,0.99513686,-0.025093375,-0.095251806,0.025009932,0.99968505,-0.0020699482,0.09527375,-3.2235932E-4,0.99545103,9.785095,-0.08378601,-0.05984497,9.806198,-0.031417847,0.08213806,-0.004272461,-0.03515625,-0.0063934326,-28.001404,18.980408,-9.996033,0,0.0,0.0,0.0,0.0
0.030883789,0.0058266097,-0.45922723,-0.88829976,0.006636088,0.888313,-0.45919055,0.99996096,-0.0032193111,0.008223325,0.9916482,-0.03412624,-0.12437549,0.033908263,0.9994175,-0.0038696886,0.1244351,-3.7998715E-4,0.9922277,9.799454,-0.11251831,0.04548645,9.806198,-0.031570435,0.0806427,0.010650635,-0.042617798,-0.008529663,-28.001404,18.980408,-9.996033,0,0.0,0.0,0.0,0.0
0.035308838,0.0058266097,-0.45922723,-0.88829976,0.006636088,0.888313,-0.45919055,0.99996096,-0.0032193111,0.008223325,0.98732364,-0.042979512,-0.15278974,0.042540792,0.99907583,-0.0061408663,0.15291247,-4.367737E-4,0.9882396,9.737213,-0.03590393,0.05027771,9.806198,-0.031570435,0.0806427,-0.008529663,-0.027694702,-0.0032043457,-28.001404,18.980408,-9.996033,0,0.0,0.0,0.0,0.0
0.03970337,0.005709135,-0.46771607,-0.88386035,0.0066632237,0.8838729,-0.46767968,0.9999615,-0.0032193128,0.008162647,0.9822212,-0.05165245,-0.18048161,0.050891053,0.998665,-0.008849814,0.1806978,-4.9242453E-4,0.98353857,9.794678,-0.03111267,-0.04548645,9.806198,-0.031570435,0.08004761,0.0053253174,-0.014923096,0.0021209717,-28.89862,19.517517,-10.514832,0,0.0,0.0,0.0,0.0
0.044128418,0.0056960713,-0.46773112,-0.88385236,0.0066212625,0.88386494,-0.46769512,0.99996185,-0.0031881945,0.008131529,0.9763844,-0.060339406,-0.2074432,0.05913587,0.99817777,-0.012003849,0.2077895,-5.469624E-4,0.9781734,9.823395,0.04548645,-0.002380371,9.806198,-0.03126526,0.07974243,0.0095825195,-0.015975952,-0.0021362305,-28.89862,19.517517,-10.514832,0,0.0,0.0,0.0,0.0
0.04852295,0.0056770556,-0.46775308,-0.8838409,0.0065938258,0.8838535,-0.46771738,0.99996215,-0.0031726356,0.008101968,0.96987516,-0.068848535,-0.23367085,0.06707412,0.99762696,-0.015541669,0.23418635,-5.99787E-4,0.9721915,9.68454,0.01675415,-0.002380371,9.806198,-0.03111267,0.079452515,0.0021209717,0.0,-0.0138549805,-28.89862,19.517517,-10.514832,0,0.0,0.0,0.0,0.0
0.053161621,0.005678745,-0.46292788,-0.8863777,0.0065273824,0.8863902,-0.46289262,0.99996257,-0.0031570771,0.008055293,0.9627447,-0.07718312,-0.25916284,0.074699745,0.99701667,-0.019432101,0.2598895,-6.51244E-4,0.9656381,9.804245,-0.02154541,-0.05027771,9.806198,-0.030960083,0.07899475,-0.0021362305,0.0010681152,0.0,-29.974365,18.441772,-9.823608,0,0.0,0.0,0.0,0.0
0.057800293,0.0056569306,-0.4629557,-0.8863634,0.0065689352,0.8863757,-0.46292022,0.99996245,-0.0032037562,0.008055291,0.95505095,-0.08523716,-0.28392276,0.081903756,0.9963604,-0.023614423,0.28490224,-7.013607E-4,0.9585563,9.928741,-0.13166809,0.08857727,9.806198,-0.031417847,0.07899475,-0.009597778,0.0095825195,-0.0021362305,-29.974365,18.441772,-9.823608,0,0.0,0.0,0.0,0.0
0.062438965,0.0058098203,-0.46276084,-0.88646406,0.0065431874,0.88647765,-0.46272504,0.99996173,-0.0031119513,0.008178208,0.9468336,-0.09312534,-0.30795085,0.08879245,0.9956541,-0.028085507,0.309228,-7.514087E-4,0.9509876,9.866501,0.03590393,0.09336853,9.806198,-0.030517578,0.080200195,0.0095825195,0.0063934326,-0.004272461,-29.974365,18.441772,-9.823608,0,0.0,0.0,0.0,0.0
0.067077637,0.0060240566,-0.4428241,-0.89658827,0.006513589,0.8966028,-0.44278756,0.9999606,-0.0031726307,0.008285561,0.93813854,-0.100845724,-0.33124942,0.095359266,0.9949018,-0.03281933,0.33287033,-7.986196E-4,0.9429723,9.823395,-0.007171631,0.08857727,9.806198,-0.03111267,0.08125305,0.01171875,0.026611328,-0.014923096,-28.54004,18.800354,-9.477234,0,0.0,0.0,0.0,0.0
0.071716309,0.0061189015,-0.44270855,-0.89664465,0.006526252,0.89666,-0.4426716,0.99995995,-0.0031430651,0.008375802,0.9290533,-0.107961215,-0.35384226,0.1011943,0.99415475,-0.03763048,0.3558366,-8.460998E-4,0.9345478,9.847351,-0.05027771,-0.05027771,9.806198,-0.030822754,0.08213806,0.0095825195,0.026611328,0.013824463,-28.54004,18.800354,-9.477234,0,0.0,0.0,0.0,0.0
0.076324463,0.006174674,-0.44264057,-0.8966778,0.0065860385,0.89669347,-0.44260293,0.99995923,-0.0031726263,0.008452038,0.9290533,-0.107961215,-0.35384226,0.1011943,0.99415475,-0.03763048,0.3558366,-8.460998E-4,0.9345478,9.847351,-0.05027771,-0.05027771,9.806198,-0.03111267,0.08288574,0.0095825195,0.026611328,0.013824463,-28.54004,18.800354,-9.477234,0,0.0,0.0,0.0,0.0
0.080963135,0.0063920915,-0.43929207,-0.89832157,0.006657266,0.8983387,-0.4392531,0.9999574,-0.0031726204,0.008666746,0.9104708,-0.12167439,-0.39526972,0.11227851,0.9925687,-0.046914455,0.39804065,-0.0016660541,0.91736627,9.832977,-0.05505371,-0.026321411,9.806198,-0.03111267,0.084991455,-0.010650635,0.028747559,0.003189087,-27.28424,19.33899,-9.651184,0,0.0,0.0,0.0,0.0
0.085601807,0.006523038,-0.4391432,-0.89839345,0.0067023477,0.8984116,-0.4391034,0.99995625,-0.003157057,0.008803662,0.9104708,-0.12167439,-0.39526972,0.11227851,0.9925687,-0.046914455,0.39804065,-0.0016660541,0.91736627,9.832977,-0.05505371,-0.026321411,9.806198,-0.030960083,0.08633423,-0.010650635,0.028747559,0.003189087,-27.28424,19.33899,-9.651184,0,0.0,0.0,0.0,0.0
0.090240479,0.0066684205,-0.43897784,-0.89847314,0.0067888806,0.8984923,-0.4389368,0.9999547,-0.003172612,0.008971692,0.88995725,-0.1347393,-0.43568507,0.12178105,0.9908796,-0.057680395,0.43948323,-0.001725098,0.89824915,9.670166,0.011962891,0.007171631,9.806198,-0.03111267,0.08798218,-0.007461548,0.043655396,-0.004272461,-27.28424,19.33899,-9.651184,0,0.0,0.0,0.0,0.0
0.094879151,0.006446759,-0.4781926,-0.8782313,0.007175617,0.878249,-0.47814956,0.9999534,-0.0032193367,0.009093187,0.87930644,-0.1410645,-0.45488563,0.1261057,0.9899988,-0.06324259,0.45925754,-0.0017540483,0.88830143,9.780304,-0.06942749,0.06463623,9.806046,-0.031570435,0.08917236,-0.017028809,0.04472351,0.0053253174,-27.642822,18.621826,-10.342407,0,0.0,0.0,0.0,0.0
0.099517823,0.0065552657,-0.47806853,-0.87829804,0.007266865,0.8783165,-0.47802433,0.99995214,-0.0032488964,0.009231659,0.8683188,-0.14813064,-0.47337073,0.13092238,0.98896617,-0.069319546,0.47841597,-0.0017833541,0.8781315,9.876068,-0.14125061,0.06463623,9.806046,-0.03186035,0.090530396,0.010650635,0.031936646,0.007446289,-27.642822,18.621826,-10.342407,0,0.0,0.0,0.0,0.0
0.104125977,0.0066803773,-0.47792554,-0.87837493,0.007386354,0.8783941,-0.47787982,0.9999504,-0.0032955701,0.009398133,0.8571337,-0.15504535,-0.49120545,0.13543339,0.9879056,-0.07549926,0.49697047,-0.0018126649,0.86776555,9.832977,-0.06463623,0.13645935,9.806046,-0.032318115,0.092163086,0.0,0.03514099,-0.004272461,-27.642822,18.621826,-10.342407,0,0.0,0.0,0.0,0.0
0.108764649,0.007056898,-0.44364175,-0.8961764,0.007170439,0.8961981,-0.44359607,0.9999494,-0.003295567,0.009505485,0.8457794,-0.1618112,-0.50840384,0.13964579,0.98682004,-0.08176378,0.5149334,-0.0018423231,0.8572283,9.713272,-0.03111267,0.12689209,9.806046,-0.032318115,0.09321594,-0.0063934326,0.036193848,0.007446289,-28.720093,21.131897,-10.687256,0,0.0,0.0,0.0,0.0
0.113403321,0.007201725,-0.44348392,-0.8962534,0.007222863,0.89627635,-0.44343722,0.99994797,-0.0032800026,0.0096579585,0.8343918,-0.16767266,-0.5250489,0.14292453,0.985841,-0.087693796,0.5323186,-0.001871388,0.84654206,9.818619,-0.05505371,0.15560913,9.806046,-0.032165527,0.0947113,-0.014907837,0.022354126,-0.0010681152,-28.720093,21.131897,-10.687256,0,0.0,0.0,0.0,0.0
0.118041993,0.007242941,-0.44343895,-0.8962753,0.0071750106,0.8962987,-0.44339257,0.99994797,-0.0032193193,0.009673518,0.82288855,-0.17340767,-0.5410953,0.1459497,0.98484826,-0.093661696,0.5491385,-0.0018995603,0.83572924,9.919174,0.11251831,0.12210083,9.806046,-0.031570435,0.09486389,-0.0010681152,0.028747559,-0.005340576,-28.720093,21.131897,-10.687256,0,0.0,0.0,0.0,0.0
0.122680664,0.0072297156,-0.4434534,-0.8962683,0.007201625,0.89629155,-0.44340682,0.9999479,-0.0032488827,0.009673517,0.81129044,-0.17902133,-0.55656004,0.14873025,0.9838433,-0.09965771,0.5654087,-0.0019259555,0.8248086,9.68454,-0.09336853,0.09815979,9.806046,-0.03186035,0.09486389,-0.0053253174,0.010650635,0.007446289,-28.720093,21.131897,-10.687256,0,0.0,0.0,0.0,0.0
0.127319336,0.0072227544,-0.44346094,-0.89626455,0.007215631,0.89628774,-0.44341427,0.9999479,-0.0032644426,0.009673517,0.79961777,-0.18451737,-0.5714586,0.15127581,0.98282737,-0.10566979,0.58114296,-0.0019524139,0.81379914,9.86171,-0.09815979,0.09815979,9.806046,-0.03201294,0.09486389,-0.004272461,0.0053253174,0.003189087,-28.720093,21.131897,-10.687256,0,0.0,0.0,0.0,0.0
0.131927491,0.007194617,-0.4434916,-0.8962496,0.0072020795,0.89627254,-0.44344515,0.9999482,-0.0032644435,0.009642401,0.7878897,-0.18989803,-0.58580595,0.1535938,0.98180187,-0.11168761,0.5963546,-0.0019786544,0.8027187,9.789886,-0.026321411,0.03111267,9.806046,-0.03201294,0.094558716,-0.017028809,-0.0010681152,-0.017044067,-28.720093,21.131897,-10.687256,0,0.0,0.0,0.0,0.0
0.136566162,0.007297271,-0.4279382,-0.90377855,0.00708409,0.9038021,-0.42789212,0.99994826,-0.0032800036,0.009626841,0.77612406,-0.19516623,-0.59961796,0.15569225,0.98076814,-0.117702186,0.61105764,-0.0020043703,0.79158354,9.880859,-0.08378601,0.04548645,9.806046,-0.032165527,0.09440613,0.0053253174,-0.014923096,-0.005340576,-28.54004,18.800354,-9.132385,0,0.0,0.0,0.0,0.0
0.141204834,0.007109482,-0.42817056,-0.90366995,0.006980652,0.90369207,-0.42812613,0.9999504,-0.0032644507,0.009413692,0.7643923,-0.199985,-0.6129522,0.15731445,0.9797968,-0.12349204,0.6252652,-0.002029883,0.7804097,9.775513,-0.026321411,-0.05505371,9.806046,-0.03201294,0.092315674,-0.011703491,-0.008529663,-0.007461548,-28.54004,18.800354,-9.132385,0,0.0,0.0,0.0,0.0
0.145843506,0.0070519643,-0.42824167,-0.9036367,0.006887071,0.90365857,-0.4281983,0.9999515,-0.0032037708,0.009321899,0.7526525,-0.20470774,-0.62578666,0.1587488,0.97882104,-0.12926058,0.6389938,-0.0020545742,0.7692092,9.785095,0.09815979,0.10293579,9.806046,-0.031417847,0.091415405,0.0095825195,-0.031967163,-0.0063934326,-28.54004,18.800354,-9.132385,0,0.0,0.0,0.0,0.0
0.150482178,0.0070056217,-0.41864115,-0.9081247,0.006705736,0.9081462,-0.41859934,0.999953,-0.003157096,0.009169427,0.7399625,-0.20865771,-0.63946646,0.15967001,0.97798496,-0.13435307,0.6534224,-0.002687369,0.75698864,9.765945,0.14604187,0.05505371,9.806046,-0.030960083,0.089920044,-0.013839722,-0.0234375,-0.0021362305,-29.078674,19.69757,-9.30481,0,0.0,0.0,0.0,0.0
0.154907227,0.0068501025,-0.41883013,-0.9080388,0.0065692402,0.90805936,-0.41879007,0.999955,-0.0030963705,0.008971695,0.7282851,-0.21299298,-0.6513332,0.16060197,0.97705,-0.1399296,0.6661891,-0.0026967637,0.745778,9.837769,0.13166809,0.08378601,9.806198,-0.03036499,0.08798218,-0.0021362305,-0.028762817,0.0053253174,-29.078674,19.69757,-9.30481,0,0.0,0.0,0.0,0.0
0.159301758,0.006654849,-0.41906735,-0.9079308,0.0064817155,0.9079499,-0.41902867,0.99995685,-0.0030963763,0.008758544,0.7166404,-0.21724153,-0.6627463,0.16137382,0.97611415,-0.14546368,0.6785168,-0.0027047559,0.7345799,9.84256,-0.026321411,0.02154541,9.806198,-0.03036499,0.08589172,-0.011703491,-0.043685913,0.0,-29.078674,19.69757,-9.30481,0,0.0,0.0,0.0,0.0
0.163696289,0.006405972,-0.42967752,-0.90295964,0.006494421,0.902977,-0.42963967,0.99995834,-0.0031119408,0.008574952,0.7050392,-0.22140619,-0.6737202,0.1619939,0.9751779,-0.15095045,0.6904184,-0.0027125883,0.7234051,9.818619,-0.04548645,0.05984497,9.806198,-0.030517578,0.08409119,-0.012771606,-0.040481567,-0.0010681152,-27.464294,20.23468,-9.823608,0,0.0,0.0,0.0,0.0
0.168090821,0.0063156798,-0.4297773,-0.9029128,0.006469731,0.90292954,-0.42973998,0.9999592,-0.003127503,0.0084831575,0.69345504,-0.22571197,-0.6842326,0.16262807,0.9741903,-0.15654203,0.70190614,-0.0027205753,0.71226424,9.708481,0.01675415,0.24180603,9.806198,-0.030670166,0.08319092,-0.007461548,-0.038360596,0.0021209717,-27.464294,20.23468,-9.823608,0,0.0,0.0,0.0,0.0
0.172485352,0.006211298,-0.4298927,-0.9028587,0.0063695405,0.9028748,-0.42985654,0.9999604,-0.0030808276,0.008346242,0.6819367,-0.22992954,-0.6943304,0.16311382,0.9732035,-0.16207688,0.71299106,-0.0027287137,0.7011679,9.742004,0.04069519,0.026321411,9.806198,-0.030212402,0.081848145,-0.015975952,-0.034088135,0.0053253174,-27.464294,20.23468,-9.823608,0,0.0,0.0,0.0,0.0
0.176879883,0.0057582324,-0.47702876,-0.8788688,0.0065970076,0.87888247,-0.4769929,0.99996173,-0.0030512682,0.008207771,0.6704926,-0.23406102,-0.7040277,0.16345719,0.97221804,-0.16755237,0.7236859,-0.0027357559,0.69012403,9.847351,-0.011962891,0.16998291,9.806198,-0.029922485,0.08049011,0.0053253174,-0.026641846,-0.0032043457,-29.078674,19.33899,-10.687256,0,0.0,0.0,0.0,0.0
0.181274414,0.005710739,-0.47708383,-0.8788392,0.006589518,0.8788524,-0.4770482,0.99996203,-0.0030668287,0.00816265,0.6589578,-0.23913315,-0.7131549,0.1643606,0.9709829,-0.17371751,0.7340029,-0.002742066,0.6791408,9.789886,-0.09815979,0.22744751,9.806198,-0.030075073,0.08004761,0.010650635,-0.036224365,-0.007461548,-29.078674,19.33899,-10.687256,0,0.0,0.0,0.0,0.0
0.185668946,0.0055842474,-0.4772305,-0.8787604,0.0064692665,0.8787729,-0.4771962,0.99996346,-0.0030201538,0.007994616,0.6475165,-0.24409874,-0.7218991,0.16509755,0.96974653,-0.17981812,0.74395245,-0.0027485613,0.66822696,9.785095,0.011962891,0.05984497,9.806198,-0.02961731,0.07839966,-0.011703491,-0.022369385,-0.0032043457,-29.078674,19.33899,-10.687256,0,0.0,0.0,0.0,0.0
0.190063477,0.0053739655,-0.49206525,-0.87054175,0.0065245302,0.8705531,-0.4920314,0.99996436,-0.0030357162,0.007888817,0.63617396,-0.24896204,-0.7302743,0.16567567,0.9685093,-0.1858528,0.7535478,-0.002753993,0.6573873,9.880859,-0.06463623,0.09815979,9.806198,-0.029769897,0.07736206,0.0010528564,-0.03515625,-0.005340576,-28.181458,19.517517,-11.206055,0,0.0,0.0,0.0,0.0
0.194458008,0.005325275,-0.49211845,-0.8705119,0.006515435,0.8705229,-0.4920848,0.99996465,-0.003051277,0.00784214,0.6248815,-0.25405008,-0.7382288,0.16631347,0.9671871,-0.19206484,0.76279944,-0.0027596275,0.6466293,9.770737,-0.06942749,-0.04548645,9.806198,-0.029922485,0.0769043,-0.0010681152,-0.026641846,0.0,-28.181458,19.517517,-11.206055,0,0.0,0.0,0.0,0.0
0.198852539,0.005289228,-0.49215785,-0.8704899,0.0065472983,0.87050056,-0.49212405,0.99996465,-0.0030964005,0.00782658,0.61370283,-0.25903073,-0.74583644,0.1667956,0.96586514,-0.1982014,0.77171767,-0.0027654606,0.6359593,9.890442,-0.13645935,0.04069519,9.806198,-0.03036499,0.07675171,-0.0021362305,-0.014923096,0.0021209717,-28.181458,19.517517,-11.206055,0,0.0,0.0,0.0,0.0
0.203247071,0.005417898,-0.45897567,-0.88843226,0.0062664887,0.8884434,-0.45894322,0.99996567,-0.0030808437,0.007689662,0.60264367,-0.26390597,-0.75310975,0.16713004,0.9645444,-0.20425865,0.7803129,-0.0027720795,0.6253832,9.900009,-0.08378601,-0.06463623,9.806198,-0.030212402,0.075408936,-0.0010681152,-0.019180298,-0.007461548,-27.28424,19.69757,-10.342407,0,0.0,0.0,0.0,0.0
0.207641602,0.005356371,-0.45904288,-0.888398,0.006252869,0.8884087,-0.4590107,0.999966,-0.0030964047,0.007628981,0.60264367,-0.26390597,-0.75310975,0.16713004,0.9645444,-0.20425865,0.7803129,-0.0027720795,0.6253832,9.900009,-0.08378601,-0.06463623,9.806198,-0.03036499,0.07481384,-0.0010681152,-0.019180298,-0.007461548,-27.28424,19.69757,-10.342407,0,0.0,0.0,0.0,0.0
0.212036133,0.0053424407,-0.45905805,-0.8883902,0.006245819,0.88840073,-0.45902598,0.99996614,-0.0030964052,0.0076134223,0.581147,-0.27191216,-0.767028,0.16651392,0.962318,-0.2149816,0.796581,-0.0027849227,0.60452545,9.785095,-0.01675415,0.04069519,9.806198,-0.03036499,0.074661255,0.0053253174,-0.008529663,-0.0021362305,-27.28424,19.69757,-10.342407,0,0.0,0.0,0.0,0.0
0.216430664,0.0054418026,-0.43678218,-0.89955086,0.006084278,0.89956194,-0.43675077,0.9999666,-0.0030964066,0.0075527425,0.5703943,-0.27528363,-0.7738665,0.16673608,0.96135443,-0.21908154,0.8042695,-0.004068611,0.59425074,9.837769,-0.06942749,0.08857727,9.806198,-0.03036499,0.07406616,-0.018096924,0.0,0.010650635,-28.54004,19.876099,-9.823608,0,0.0,0.0,0.0,0.0
0.220825196,0.005434952,-0.43679014,-0.89954704,0.0060983235,0.89955807,-0.43675864,0.9999666,-0.0031119664,0.0075527425,0.5600507,-0.27861086,-0.7802046,0.16589294,0.9603955,-0.22387484,0.81167895,-0.004049167,0.58408976,9.809036,-0.08857727,0.09336853,9.806198,-0.030517578,0.07406616,-0.018096924,-0.014923096,-0.004272461,-28.54004,19.876099,-9.823608,0,0.0,0.0,0.0,0.0
0.225219727,0.005428102,-0.43679807,-0.8995432,0.0061123683,0.8995542,-0.4367665,0.9999666,-0.0031275263,0.0075527425,0.5498406,-0.28186846,-0.7862732,0.16497348,0.95944464,-0.22858222,0.8188157,-0.0040304232,0.57404244,9.823395,-0.07899475,0.07421875,9.806198,-0.030670166,0.07406616,0.0053253174,-0.01171875,-0.0021362305,-28.54004,19.876099,-9.823608,0,0.0,0.0,0.0,0.0
0.229614258,0.0055566686,-0.42164814,-0.90674245,0.006032924,0.9067541,-0.42161658,0.9999663,-0.0031275253,0.007582304,0.5397662,-0.28505793,-0.79208237,0.16398256,0.95850194,-0.23320343,0.82568896,-0.004012365,0.5641114,9.718063,-0.026321411,0.12689209,9.806198,-0.030670166,0.07435608,-0.004272461,-0.018112183,-0.0010681152,-27.642822,21.131897,-9.996033,0,0.0,0.0,0.0,0.0
0.234008789,0.005550061,-0.42165524,-0.90673923,0.0060470765,0.90675074,-0.4216236,0.99996626,-0.003143085,0.0075823036,0.5298844,-0.2878593,-0.79772145,0.16274692,0.9576644,-0.23747076,0.8323076,-0.003994668,0.55429965,9.866501,-0.05505371,0.10293579,9.806198,-0.030822754,0.07435608,-0.0021362305,-0.007461548,-0.007461548,-27.642822,21.131897,-9.996033,0,0.0,0.0,0.0,0.0
0.238403321,0.0055566686,-0.42164814,-0.90674245,0.006032924,0.9067541,-0.42161658,0.9999663,-0.0031275253,0.007582304,0.5201399,-0.29060242,-0.8031219,0.16145916,0.9568356,-0.24165374,0.83868074,-0.0039776363,0.54460883,9.84256,-0.026321411,0.05984497,9.806198,-0.030670166,0.07435608,-0.011703491,-0.0138549805,0.011703491,-27.642822,21.131897,-9.996033,0,0.0,0.0,0.0,0.0
0.242797852,0.005580855,-0.42096624,-0.90705925,0.0059864046,0.9070711,-0.42093492,0.99996644,-0.0030808463,0.007582305,0.510534,-0.2932882,-0.8082927,0.16012245,0.9560159,-0.24575281,0.844817,-0.0039606346,0.5350406,9.789886,0.09815979,0.06942749,9.806198,-0.030212402,0.07435608,0.0021209717,-0.0063934326,0.0021209717,-28.720093,20.414734,-9.651184,0,0.0,0.0,0.0,0.0
0.247192383,0.005517111,-0.42103994,-0.9070254,0.0059420597,0.90703696,-0.42100915,0.9999671,-0.0030668445,0.007506067,0.5010703,-0.29590362,-0.8132463,0.15873264,0.9552097,-0.24975678,0.8507247,-0.0039430386,0.5255968,9.818619,0.03590393,0.20828247,9.806198,-0.030075073,0.0736084,0.004257202,-0.017044067,-0.0010681152,-28.720093,20.414734,-9.651184,0,0.0,0.0,0.0,0.0
0.251586914,0.0054880576,-0.42107347,-0.90700996,0.0058602635,0.9070215,-0.4210434,0.9999677,-0.0030046068,0.007445388,0.4917454,-0.29846618,-0.817988,0.1573023,0.95441216,-0.2536798,0.8564126,-0.003925515,0.5162772,9.919174,0.05027771,0.08378601,9.806198,-0.029464722,0.073013306,0.0,-0.02557373,0.003189087,-28.720093,20.414734,-9.651184,0,0.0,0.0,0.0,0.0
0.255981446,0.005223834,-0.44669306,-0.8946719,0.005933284,0.8946823,-0.44666362,0.9999688,-0.0029750464,0.007324029,0.48256043,-0.3009761,-0.82252586,0.15583363,0.9536237,-0.2575223,0.86188823,-0.003907097,0.50708324,9.828186,-0.06463623,0.04548645,9.806198,-0.029174805,0.07182312,-0.017028809,-0.015975952,-0.010665894,-27.642822,19.69757,-9.996033,0,0.0,0.0,0.0,0.0
0.260375977,0.005209809,-0.44670883,-0.8946642,0.0059264256,0.8946745,-0.44667944,0.9999689,-0.0029750466,0.0073084696,0.47342676,-0.30397564,-0.82672,0.154599,0.9526719,-0.2617546,0.8671599,-0.003888456,0.4980147,9.789886,-0.06463623,0.01675415,9.806198,-0.029174805,0.07167053,-0.0021362305,-0.0234375,-0.010665894,-27.642822,19.69757,-9.996033,0,0.0,0.0,0.0,0.0
0.264770508,0.005174757,-0.44674823,-0.89464486,0.005926674,0.89465475,-0.44671887,0.99996895,-0.0029906067,0.0072773504,0.46443737,-0.3069126,-0.8307242,0.15331808,0.95172983,-0.26590204,0.8722336,-0.003870188,0.48907414,9.809036,-0.03590393,0.026321411,9.806198,-0.029327393,0.07136536,-0.004272461,-0.020248413,-0.007461548,-27.642822,19.69757,-9.996033,0,0.0,0.0,0.0,0.0
0.269165039,0.00513508,-0.44664317,-0.89469737,0.0059059155,0.8947071,-0.44661415,0.99996936,-0.002990608,0.00723223,0.4555916,-0.30978888,-0.83454615,0.15199488,0.95079756,-0.26996583,0.87711674,-0.0038525963,0.48026165,9.871292,-0.03111267,-0.04069519,9.806198,-0.029327393,0.07092285,-0.008529663,-0.010650635,-0.0032043457,-28.361511,19.69757,-9.996033,0,0.0,0.0,0.0,0.0
0.273559571,0.0050943005,-0.44669017,-0.89467424,0.0058511496,0.8946839,-0.44666168,0.99996996,-0.002959444,0.007171439,0.44688946,-0.31260264,-0.83819413,0.1506311,0.94987625,-0.2739441,0.8818164,-0.0038353566,0.47157738,9.823395,-0.08378601,0.21307373,9.806351,-0.029022217,0.07032776,-0.008529663,-0.0138549805,-0.0021362305,-28.361511,19.69757,-9.996033,0,0.0,0.0,0.0,0.0
0.277954102,0.0050662295,-0.44672248,-0.89465827,0.0058026426,0.8946678,-0.44669437,0.9999703,-0.0029283257,0.007124763,0.43833005,-0.31535846,-0.84167445,0.149231,0.94896495,-0.27784103,0.88633907,-0.0038178382,0.46302113,9.742004,0.05027771,-0.07899475,9.806351,-0.028717041,0.069869995,-0.019165039,-0.02557373,-0.009597778,-28.361511,19.69757,-9.996033,0,0.0,0.0,0.0,0.0
0.282348633,0.0050693876,-0.42814967,-0.90369356,0.005726371,0.9037027,-0.4281219,0.9999707,-0.003004569,0.0070329634,0.4294308,-0.31743166,-0.845474,0.14727253,0.9482737,-0.28122538,0.89101064,-0.0037482402,0.45396695,9.823395,-0.07421875,0.13645935,9.806351,-0.029464722,0.06896973,-0.008529663,-0.010650635,-0.005340576,-26.567078,20.056152,-9.651184,0,0.0,0.0,0.0,0.0
0.286743164,0.00496641,-0.428261,-0.90364146,0.005695749,0.90365005,-0.4282338,0.99997145,-0.003020131,0.006927163,0.4212209,-0.3196957,-0.84874463,0.14564928,0.94751287,-0.28461477,0.89518666,-0.003733367,0.4456757,9.756363,-0.04069519,0.07421875,9.806351,-0.02961731,0.06793213,0.012771606,-0.0234375,0.011703491,-26.567078,20.056152,-9.651184,0,0.0,0.0,0.0,0.0
0.291137696,0.0048828893,-0.42835128,-0.90359914,0.005656927,0.9036073,-0.42832458,0.9999721,-0.003020133,0.006835365,0.41314772,-0.32191503,-0.85186833,0.14400959,0.94676125,-0.28793117,0.8992053,-0.0037191021,0.4375111,9.823395,-0.05027771,-0.04548645,9.806351,-0.02961731,0.06703186,0.007446289,-0.0234375,0.0010528564,-26.567078,20.056152,-9.651184,0,0.0,0.0,0.0,0.0
0.295532227,0.005094877,-0.38310277,-0.92369163,0.0053994455,0.9237007,-0.38307676,0.99997246,-0.0030356937,0.006774685,0.4052107,-0.32409012,-0.85485077,0.14235526,0.94601893,-0.2911754,0.9030721,-0.003705123,0.42947295,9.866501,-0.05505371,-0.08857727,9.806351,-0.029769897,0.06643677,-0.034072876,-0.010650635,-0.0010681152,-26.567078,20.414734,-8.613586,0,0.0,0.0,0.0,0.0
0.299926758,0.00504548,-0.3831576,-0.9236692,0.0053962367,0.923678,-0.38313174,0.9999727,-0.003051254,0.0067280075,0.3975488,-0.32528383,-0.85798913,0.14029457,0.9456092,-0.29349723,0.9067924,-0.0036917343,0.4215614,9.775513,-0.07899475,-0.04548645,9.806351,-0.029922485,0.065979004,-0.015975952,-0.004272461,0.0021209717,-26.567078,20.414734,-8.613586,0,0.0,0.0,0.0,0.0
0.304321289,0.005029998,-0.38317478,-0.9236622,0.0053562606,0.9236709,-0.3831492,0.99997294,-0.0030201357,0.006698446,0.39001524,-0.32645425,-0.86099696,0.13824642,0.9452058,-0.29575977,0.91037136,-0.0036789246,0.4137758,9.866501,0.04548645,-0.02154541,9.806351,-0.02961731,0.06568909,-0.0032043457,-0.009597778,-0.0021362305,-26.567078,20.414734,-8.613586,0,0.0,0.0,0.0,0.0
0.308715821,0.005064135,-0.3772624,-0.92609257,0.005323997,0.92610145,-0.3772369,0.99997294,-0.0030201357,0.006698446,0.38260978,-0.32760116,-0.86387914,0.13621084,0.94480896,-0.29796404,0.9138142,-0.003665749,0.40611598,9.718063,-0.026321411,0.08378601,9.806351,-0.02961731,0.06568909,-0.0053253174,-0.0053253174,-0.0010681152,-27.642822,20.773315,-8.613586,0,0.0,0.0,0.0,0.0
0.313110352,0.0050608567,-0.37726617,-0.9260911,0.00529077,0.9261,-0.3772409,0.9999732,-0.002990573,0.0066828877,0.3753488,-0.32860392,-0.86667913,0.1341413,0.94446075,-0.29999998,0.9171256,-0.0036528367,0.39858156,9.799454,0.026321411,0.002380371,9.806351,-0.029327393,0.0655365,0.003189087,0.01914978,-0.012786865,-27.642822,20.773315,-8.613586,0,0.0,0.0,0.0,0.0
0.317504883,0.0049785604,-0.37735996,-0.92605317,0.0052898927,0.92606163,-0.37733495,0.9999736,-0.0030201375,0.006606648,0.3682131,-0.32958633,-0.86936307,0.13208887,0.94411844,-0.30198166,0.9203107,-0.0036395912,0.39117143,9.789886,-0.09815979,-0.09815979,9.806351,-0.02961731,0.06478882,0.0053253174,0.008514404,-0.0063934326,-27.642822,20.773315,-8.613586,0,0.0,0.0,0.0,0.0
0.321899414,0.0045783445,-0.44409734,-0.8959668,0.005674729,0.8959734,-0.4440716,0.9999735,-0.0030512565,0.006622207,0.3611996,-0.33055064,-0.8719353,0.13005558,0.9437813,-0.30391186,0.9233745,-0.0036272022,0.3838834,9.847351,-0.09336853,0.08857727,9.806351,-0.029922485,0.064941406,0.003189087,0.004257202,0.0021209717,-29.257202,19.517517,-9.823608,0,0.0,0.0,0.0,0.0
0.326293946,0.004611998,-0.44405693,-0.8959867,0.0056737075,0.8959934,-0.44403103,0.99997324,-0.0030356962,0.006651769,0.354121,-0.33287662,-0.8739516,0.12856051,0.9429634,-0.3070702,0.9263209,-0.0036156832,0.37671793,9.933533,-0.01675415,0.16040039,9.806351,-0.029769897,0.06523132,-0.0032043457,0.01171875,-0.01171875,-29.257202,19.517517,-9.823608,0,0.0,0.0,0.0,0.0
0.330688477,0.0045851846,-0.44408914,-0.8959708,0.005625955,0.89597744,-0.44406366,0.9999736,-0.003004578,0.006606648,0.34717342,-0.33515328,-0.8758669,0.1270543,0.9421567,-0.3101579,0.92915434,-0.0036040833,0.36967444,9.856918,0.06942749,-0.05505371,9.806351,-0.029464722,0.06478882,-0.009597778,0.0053253174,-0.0138549805,-29.257202,19.517517,-9.823608,0,0.0,0.0,0.0,0.0
0.335083008,0.0046118745,-0.44405708,-0.8959866,0.005638918,0.8959934,-0.44403145,0.9999735,-0.0030045775,0.0066362107,0.340354,-0.33738318,-0.8776855,0.12553862,0.94136053,-0.31317785,0.9318794,-0.0035920932,0.36275044,9.737213,-0.05027771,0.15083313,9.806351,-0.029464722,0.065078735,0.008514404,0.0063934326,0.003189087,-29.257202,19.517517,-9.823608,0,0.0,0.0,0.0,0.0
0.339477539,0.0046540177,-0.4440064,-0.8960115,0.00565938,0.89601856,-0.44398052,0.9999732,-0.0030045765,0.0066828877,0.3336621,-0.339566,-0.87941146,0.12401571,0.94057536,-0.3161297,0.9344997,-0.0035803427,0.3559459,9.785095,-0.026321411,0.15560913,9.806351,-0.029464722,0.0655365,-0.004272461,0.02128601,0.0021209717,-29.257202,19.517517,-9.823608,0,0.0,0.0,0.0,0.0
0.343872071,0.004654144,-0.44400626,-0.89601165,0.0056941705,0.89601856,-0.44398013,0.99997294,-0.0030356953,0.006698446,0.32709664,-0.3417023,-0.88104904,0.122487284,0.93980145,-0.31901422,0.93701905,-0.0035688274,0.34926006,9.880859,-0.11251831,0.10293579,9.806351,-0.029769897,0.06568909,0.0021209717,0.01171875,-0.005340576,-29.257202,19.517517,-9.823608,0,0.0,0.0,0.0,0.0
0.348266602,0.0044753635,-0.46641088,-0.88455695,0.00577394,0.88456315,-0.46638492,0.99997336,-0.0030201366,0.0066517694,0.32071364,-0.34268433,-0.883012,0.1209864,0.9394421,-0.32064128,0.9394174,-0.003998419,0.34275204,9.780304,0.002380371,-0.04548645,9.806351,-0.02961731,0.06523132,-0.019165039,0.0010681152,0.0,-28.720093,19.33899,-10.342407,0,0.0,0.0,0.0,0.0
0.352661133,0.004489232,-0.46639478,-0.8845653,0.005781115,0.88457155,-0.46636873,0.99997324,-0.0030201364,0.0066673285,0.31432858,-0.34522817,-0.88431615,0.119617395,0.93851036,-0.32386726,0.94174796,-0.003978853,0.33629593,9.976624,-0.01675415,0.10293579,9.806351,-0.02961731,0.06538391,-0.0021362305,0.0021209717,0.0010528564,-28.720093,19.33899,-10.342407,0,0.0,0.0,0.0,0.0
0.357055664,0.00451697,-0.4663626,-0.88458216,0.005795463,0.8845885,-0.46633634,0.99997294,-0.0030201357,0.006698446,0.30806684,-0.3477183,-0.8855432,0.1182375,0.93759066,-0.3270223,0.9439887,-0.003959679,0.32995394,9.847351,-0.05984497,0.16998291,9.806351,-0.02961731,0.06568909,0.0010528564,0.0021209717,0.008514404,-28.720093,19.33899,-10.342407,0,0.0,0.0,0.0,0.0
0.361450196,0.0045089317,-0.47154865,-0.8818285,0.0058358237,0.8818348,-0.47152218,0.99997276,-0.003020135,0.006728008,0.30192667,-0.3501556,-0.8866969,0.11684843,0.93668324,-0.33010742,0.9461431,-0.003940888,0.32372484,9.909592,-0.026321411,0.12210083,9.806351,-0.02961731,0.065979004,-0.011703491,-0.0053253174,-0.007461548,-30.154419,19.69757,-10.687256,0,0.0,0.0,0.0,0.0
0.365844727,0.004482656,-0.47157985,-0.8818119,0.005822044,0.8818181,-0.47155356,0.99997294,-0.0030201357,0.006698446,0.29589275,-0.35265172,-0.88774115,0.115486875,0.93574643,-0.33322877,0.9482143,-0.003922473,0.31760722,9.789886,-0.01675415,0.002380371,9.806351,-0.02961731,0.06568909,-0.013839722,-0.010650635,-0.007461548,-30.154419,19.69757,-10.687256,0,0.0,0.0,0.0,0.0
0.370239258,0.0044951024,-0.4715651,-0.8818198,0.005828572,0.88182604,-0.47153872,0.9999729,-0.0030201355,0.0067124492,0.289976,-0.3550962,-0.88871855,0.11411738,0.9348216,-0.33628228,0.9502058,-0.0039044267,0.31159848,9.8138275,-0.04548645,0.09336853,9.806351,-0.02961731,0.065826416,0.0021209717,-0.0032043457,-0.007461548,-30.154419,19.69757,-10.687256,0,0.0,0.0,0.0,0.0
0.374633789,0.0042851293,-0.5000258,-0.8659999,0.0059435796,0.86600524,-0.49999952,0.9999732,-0.0030045765,0.0066828877,0.2841757,-0.35748905,-0.88963234,0.11274153,0.9339092,-0.33926818,0.95212054,-0.0038867411,0.30569816,9.799454,0.01675415,0.01675415,9.806351,-0.029464722,0.0655365,-0.015975952,-0.0138549805,-0.0032043457,-28.720093,18.263245,-10.687256,0,0.0,0.0,0.0,0.0
0.379028321,0.004331584,-0.49997106,-0.8660312,0.0059537385,0.8660369,-0.49994454,0.9999729,-0.002990572,0.006728009,0.27841648,-0.3604394,-0.89026266,0.11154169,0.93277454,-0.34276813,0.95396155,-0.003869098,0.29990384,9.866501,0.026321411,0.16998291,9.806351,-0.029327393,0.065979004,0.0095825195,0.0,-0.0021362305,-28.720093,18.263245,-10.687256,0,0.0,0.0,0.0,0.0
0.383422852,0.004355111,-0.49994338,-0.86604714,0.0059131747,0.86605316,-0.4999171,0.99997306,-0.0029438934,0.00672801,0.2727737,-0.36332607,-0.890836,0.11032724,0.9316541,-0.3461915,0.95573133,-0.0038515273,0.2942155,9.732422,0.05984497,0.06942749,9.806351,-0.028869629,0.065979004,0.004257202,-0.009597778,-0.010665894,-28.720093,18.263245,-10.687256,0,0.0,0.0,0.0,0.0
0.387817383,0.0044652647,-0.47463477,-0.88017154,0.005701194,0.8801781,-0.47460938,0.9999738,-0.0028987722,0.0066362126,0.2672448,-0.36615103,-0.891355,0.10909938,0.9305476,-0.34954053,0.9574328,-0.003833375,0.28863084,9.756363,0.002380371,0.12689209,9.806351,-0.028427124,0.065078735,-0.012771606,-0.0021362305,-0.0138549805,-28.181458,19.876099,-10.861206,0,0.0,0.0,0.0,0.0
0.392211914,0.0044390582,-0.47466353,-0.88015616,0.0056873094,0.88016266,-0.47463834,0.9999741,-0.0028987732,0.006606651,0.2618885,-0.36837733,-0.8920272,0.10770756,0.92966855,-0.3523003,0.9590691,-0.0038146828,0.28314653,9.718063,-0.026321411,-0.007171631,9.806351,-0.028427124,0.06478882,0.027694702,-0.026641846,-0.007461548,-28.181458,19.876099,-10.861206,0,0.0,0.0,0.0,0.0
0.396606446,0.00440512,-0.47470072,-0.8801362,0.0056516454,0.88014257,-0.47467586,0.99997437,-0.0028832143,0.006559974,0.25663844,-0.37055764,-0.8926498,0.106315784,0.9288017,-0.35499907,0.96064234,-0.0037963649,0.27776235,9.732422,0.03590393,-0.04069519,9.806351,-0.028274536,0.064331055,0.0095825195,-0.014923096,0.006378174,-28.181458,19.876099,-10.861206,0,0.0,0.0,0.0,0.0
0.401000977,0.0044125086,-0.4694646,-0.88294035,0.0056115035,0.8829466,-0.4694399,0.9999745,-0.0028832147,0.0065304115,0.25149253,-0.3726932,-0.8932252,0.104924835,0.9279469,-0.35763848,0.96215504,-0.0037781016,0.27247652,9.74678,-0.05984497,-0.01675415,9.806351,-0.028274536,0.06404114,-0.0010681152,0.004257202,-0.012786865,-27.464294,19.517517,-10.514832,0,0.0,0.0,0.0,0.0
0.405395508,0.0044125086,-0.4694646,-0.88294035,0.0056115035,0.8829466,-0.4694399,0.9999745,-0.0028832147,0.0065304115,0.24646153,-0.374674,-0.8937987,0.10350666,0.927149,-0.36011264,0.96360934,-0.003760204,0.2672878,9.8138275,-0.03111267,0.08378601,9.806351,-0.028274536,0.06404114,-0.0010681152,-0.0138549805,-0.004272461,-27.464294,19.517517,-10.514832,0,0.0,0.0,0.0,0.0
0.409790039,0.004438795,-0.46943575,-0.88295555,0.0056252363,0.88296205,-0.46941093,0.99997437,-0.0028832143,0.006559974,0.24153121,-0.3766135,-0.89432937,0.10209347,0.92636293,-0.36253092,0.96500754,-0.003742664,0.26219532,9.761154,-0.02154541,0.11251831,9.806351,-0.028274536,0.064331055,-0.010650635,-0.019180298,-0.0032043457,-27.464294,19.517517,-10.514832,0,0.0,0.0,0.0,0.0
0.414184571,0.004587046,-0.43464437,-0.9005905,0.0053806035,0.9005977,-0.43462044,0.999975,-0.0028520967,0.0064697317,0.23670037,-0.37851202,-0.89481926,0.10068623,0.9255889,-0.36489385,0.9663515,-0.003725475,0.25719818,9.775513,0.05505371,-0.15083313,9.806351,-0.02796936,0.063446045,-0.004272461,-0.008529663,-0.0063934326,-28.361511,18.980408,-9.30481,0,0.0,0.0,0.0,0.0
0.418579102,0.004531564,-0.4347115,-0.90055835,0.005423468,0.9005651,-0.43468744,0.999975,-0.0029143356,0.0064386125,0.23195226,-0.37910113,-0.89581275,0.09914476,0.9253469,-0.36592823,0.9676613,-0.0039372453,0.25222218,9.871292,-0.18913269,-0.02154541,9.806351,-0.028579712,0.06314087,-0.009597778,-0.0010681152,0.0010528564,-28.361511,18.980408,-9.30481,0,0.0,0.0,0.0,0.0
0.422973633,0.004552493,-0.43468618,-0.9005705,0.0054160915,0.9005774,-0.43466213,0.999975,-0.002898776,0.006454172,0.22738536,-0.3802278,-0.89650583,0.09758323,0.92488456,-0.36751333,0.9689032,-0.003916787,0.24740906,9.885651,0.002380371,0.11251831,9.806351,-0.028427124,0.06329346,-0.007461548,-0.017044067,-0.005340576,-28.361511,18.980408,-9.30481,0,0.0,0.0,0.0,0.0
0.427368164,0.004038692,-0.518283,-0.8551997,0.0058188774,0.8552044,-0.5182584,0.99997497,-0.0028832161,0.006469731,0.22290878,-0.38133088,-0.8971613,0.09603958,0.92443043,-0.36905935,0.97009695,-0.003896427,0.24268652,9.794678,0.03111267,0.09336853,9.806351,-0.028274536,0.063446045,0.0063934326,-0.015975952,0.0053253174,-28.001404,19.69757,-12.069702,0,0.0,0.0,0.0,0.0
0.431762696,0.004046813,-0.51827455,-0.8552047,0.00580553,0.85520947,-0.5182499,0.99997497,-0.0028676563,0.006469731,0.21834077,-0.38416904,-0.8970738,0.0949299,0.92325467,-0.3722757,0.9712444,-0.0038761627,0.23805326,9.789886,-0.01675415,0.08857727,9.806351,-0.028121948,0.063446045,-0.0053253174,0.013824463,-0.0010681152,-28.001404,19.69757,-12.069702,0,0.0,0.0,0.0,0.0
0.436157227,0.00397981,-0.51834416,-0.85516286,0.0057655377,0.8551674,-0.5183201,0.9999755,-0.002867658,0.0063919364,0.21386807,-0.38694674,-0.89695746,0.09381355,0.922094,-0.375422,0.9723474,-0.0038559928,0.2335073,9.74678,0.002380371,-0.15560913,9.806351,-0.028121948,0.062683105,0.0021209717,0.003189087,0.0010528564,-28.001404,19.69757,-12.069702,0,0.0,0.0,0.0,0.0
0.440551758,0.0047543934,-0.39994162,-0.9165282,0.005203358,0.91653603,-0.39991805,0.9999751,-0.0028676568,0.006438613,0.20948724,-0.38966703,-0.89681363,0.092691995,0.92094785,-0.3785014,0.9734081,-0.0038362262,0.22904584,9.799454,-0.05505371,0.18434143,9.806351,-0.028121948,0.06314087,0.007446289,-0.008529663,0.0053253174,-28.181458,20.593262,-9.132385,0,0.0,0.0,0.0,0.0
0.444946289,0.004719421,-0.39998183,-0.9165109,0.005205381,0.9165185,-0.39995834,0.9999753,-0.002883217,0.0064074947,0.20544267,-0.38987303,-0.89765936,0.091018975,0.92086077,-0.37911883,0.97442746,-0.0038168547,0.22466992,9.775513,-0.04548645,-0.01675415,9.806351,-0.028274536,0.06283569,-0.0010681152,-0.0063934326,-0.010665894,-28.181458,20.593262,-9.132385,0,0.0,0.0,0.0,0.0
0.449340821,0.004719421,-0.39998183,-0.9165109,0.005205381,0.9165185,-0.39995834,0.9999753,-0.002883217,0.0064074947,0.20147489,-0.39007565,-0.8984703,0.08937604,0.920775,-0.37971747,0.9754075,-0.0037981821,0.22037645,9.804245,-0.06463623,0.08378601,9.806351,-0.028274536,0.06283569,0.02130127,0.0021209717,-0.007461548,-28.181458,20.593262,-9.132385,0,0.0,0.0,0.0,0.0
0.453735352,0.0045931684,-0.41944423,-0.9077695,0.0052983575,0.90777653,-0.4194207,0.9999754,-0.0028832173,0.0063919355,0.1975833,-0.39027423,-0.8992479,0.08776252,0.9206909,-0.38029724,0.9763496,-0.0037798828,0.21616459,9.856918,-0.02154541,0.19871521,9.806351,-0.028274536,0.062683105,0.010650635,0.0,-0.0138549805,-28.181458,20.951843,-9.823608,0,0.0,0.0,0.0,0.0
0.458129883,0.004635819,-0.419397,-0.90779114,0.005317693,0.9077984,-0.41937318,0.9999751,-0.0028832164,0.006438613,0.1975833,-0.39027423,-0.8992479,0.08776252,0.9206909,-0.38029724,0.9763496,-0.0037798828,0.21616459,9.856918,-0.02154541,0.19871521,9.806351,-0.028274536,0.06314087,0.010650635,0.0,-0.0138549805,-28.181458,20.951843,-9.823608,0,0.0,0.0,0.0,0.0
0.462524414,0.0044757165,-0.41957426,-0.9077099,0.005262222,0.90771633,-0.41955128,0.99997616,-0.0028987792,0.006270575,0.18995358,-0.3914352,-0.90038663,0.08478282,0.920198,-0.3821615,0.9781255,-0.003744375,0.2079819,9.737213,0.01675415,-0.10772705,9.806351,-0.028427124,0.06149292,0.0010528564,-0.018112183,-0.0063934326,-28.181458,20.951843,-9.823608,0,0.0,0.0,0.0,0.0
0.466918946,0.004404118,-0.43181574,-0.9019511,0.0053222897,0.90195715,-0.4317927,0.99997616,-0.0028987792,0.006270575,0.18624724,-0.3920017,-0.90091425,0.08332813,0.91995686,-0.3830609,0.97896284,-0.003727463,0.20400421,9.832977,-0.007171631,0.05505371,9.806351,-0.028427124,0.06149292,-0.0063934326,-0.021316528,0.0095825195,-28.181458,20.951843,-10.168457,0,0.0,0.0,0.0,0.0
0.471313477,0.0044108806,-0.43180835,-0.9019546,0.0053082197,0.90196073,-0.43178535,0.99997616,-0.0028832196,0.006270575,0.18259169,-0.39280555,-0.9013125,0.081946164,0.919614,-0.3841807,0.97976786,-0.0037108893,0.20010279,9.794678,-0.011962891,0.04069519,9.806351,-0.028274536,0.06149292,0.007446289,-0.0138549805,-0.009597778,-28.181458,20.951843,-10.168457,0,0.0,0.0,0.0,0.0
0.475708008,0.00433431,-0.43189207,-0.90191483,0.005254951,0.9019206,-0.4318696,0.99997675,-0.0028676616,0.006178776,0.17900915,-0.39359292,-0.90168744,0.080584146,0.9192774,-0.38527292,0.98054165,-0.0036943362,0.19627641,9.828186,-0.04069519,0.11251831,9.806351,-0.028121948,0.06059265,0.003189087,-0.01171875,-0.008529663,-28.181458,20.951843,-10.168457,0,0.0,0.0,0.0,0.0
