Time,Rot1,Rot2,Rot3,Rot4,Rot5,Rot6,Rot7,Rot8,Rot9,FRot1,FRot2,FRot3,FRot4,FRot5,FRot6,FRot7,FRot8,FRot9,AccX,AccY,AccZ,GravX,GravY,GravZ,GyroX,GyroY,GyroZ,MagX,MagY,MagZ,Imid
0.0,0.0,0.0,0.0,0.0,0.0,0.0,0.0,0.0,0.0,0.0,0.0,0.0,0.0,0.0,0.0,0.0,0.0,0.0,-0.13961792,-0.011230469,0.108795166,9.795425,0.12374878,0.45144653,0.0,0.0,0.0,0.0,0.0,0.0,0,0.0,0.0,0.0,0.0
0.004394531,0.0,0.0,0.0,0.0,0.0,0.0,0.0,0.0,0.0,1.0,0.0,0.0,0.0,1.0,0.0,0.0,0.0,1.0,0.00881958,-0.06359863,-0.0013427734,9.795425,0.1234436,0.45144653,0.0,0.0,0.0,0.0,0.0,0.0,0,0.0,0.0,0.0,0.0
0.00881958,0.0,0.0,0.0,0.0,0.0,0.0,0.0,0.0,0.0,1.0,0.0,0.0,0.0,1.0,0.0,0.0,0.0,1.0,-0.0103302,0.027236938,-0.053863525,9.795425,0.12359619,0.45129395,-0.004272461,-0.004257202,0.018096924,0.0,0.0,0.0,0,0.0,0.0,0.0,0.0
0.013214111,0.037344806,0.3944461,-0.91815984,-0.029715937,0.91883284,0.39352658,0.9988606,0.012587809,0.046034973,1.0,0.0,0.0,0.0,1.0,0.0,0.0,0.0,1.0,0.0040283203,-0.049224854,0.036956787,9.795425,0.1234436,0.45144653,-0.006378174,0.007461548,0.01171875,-27.642822,10.733032,3.4866333,0,0.0,0.0,0.0,0.0
0.01763916,0.037344806,0.3944461,-0.91815984,-0.029715937,0.91883284,0.39352658,0.9988606,0.012587809,0.046034973,0.9994852,0.008319523,-0.03098446,-0.008334182,0.9999652,-3.4399042E-4,0.03098052,6.020435E-4,0.9995198,0.0040283203,0.013015747,0.0034484863,9.795425,0.1234436,0.45144653,0.0053253174,-0.007461548,-0.003189087,-27.642822,10.733032,3.4866333,0,0.0,0.0,0.0,0.0
0.022033691,0.037391532,0.39455116,-0.9181129,-0.029758781,0.91878754,0.3936291,0.9988575,0.012603527,0.04609623,0.9980157,0.01626248,-0.06082863,-0.016283566,0.9998674,1.4903763E-4,0.060822986,8.417652E-4,0.9981482,0.023345947,0.017654419,0.17044067,9.795273,0.12359619,0.45204163,0.022369385,-0.008529663,0.0021362305,-27.642822,10.733032,3.4866333,0,0.0,0.0,0.0,0.0
0.026428223,0.03435589,0.48217002,-0.8754038,-0.033281833,0.87598705,0.48118508,0.9988553,0.012603499,0.04614281,0.99565005,0.024047865,-0.090014696,-0.024047174,0.9997102,0.001092344,0.09001488,0.0010770068,0.9959398,-0.010177612,-0.0014953613,0.11251831,9.795273,0.12359619,0.4524994,0.006378174,0.004257202,0.004272461,-26.567078,10.733032,4.8690796,0,0.0,0.0,0.0,0.0
0.030853272,0.034398306,0.48225337,-0.87535614,-0.033327866,0.87594086,0.48126584,0.9988524,0.012619022,0.04620336,0.9923817,0.03362629,-0.11852403,-0.03354412,0.99943364,0.0026887245,0.11854731,0.001307543,0.9929476,0.028121948,0.04144287,0.15023804,9.795273,0.12374878,0.45309448,-0.0095825195,-0.0010681152,-0.0063934326,-26.567078,10.733032,4.8690796,0,0.0,0.0,0.0,0.0
0.035369873,0.03439262,0.48224223,-0.87536263,-0.033306338,0.87594736,0.48125574,0.99885327,0.012603473,0.04618784,0.98829836,0.04301205,-0.1463433,-0.04277294,0.9990734,0.004781708,0.14641336,0.0015337788,0.9892223,-0.06764221,-0.04460144,-0.036361694,9.795273,0.12359619,0.4529419,0.0021209717,0.003189087,-0.0063934326,-26.567078,10.733032,4.8690796,0,0.0,0.0,0.0,0.0
0.039855957,0.037657794,0.38973114,-0.92015845,-0.029575452,0.9208429,0.38881066,0.99885297,0.01257235,0.046203386,0.9834555,0.052206155,-0.17346399,-0.051717754,0.99863476,0.007337382,0.17361023,0.0017551788,0.98481286,0.013763428,-0.053863525,0.030532837,9.795273,0.123291016,0.45309448,-0.0021362305,0.014892578,-0.0021209717,-26.92566,10.015869,3.1402588,0,0.0,0.0,0.0,0.0
0.045257568,0.037673123,0.38976738,-0.9201425,-0.029617634,0.92082703,0.38884476,0.99885106,0.012603446,0.046234418,0.9780289,0.05915816,-0.19989926,-0.058355283,0.99824667,0.009911412,0.2001351,0.0019715284,0.9797663,0.004180908,0.07511902,0.087677,9.795273,0.12359619,0.45339966,0.0010528564,-0.004257202,-0.0063934326,-26.92566,10.015869,3.1402588,0,0.0,0.0,0.0,0.0
0.050689697,0.03771168,0.38985845,-0.9201023,-0.029638872,0.92078865,0.38893446,0.9988491,0.012603421,0.04627945,0.9719755,0.065969124,-0.22563599,-0.06475518,0.99781924,0.012785227,0.22598739,0.0021841726,0.97412777,-0.0053863525,-0.01586914,0.13511658,9.795273,0.12359619,0.45384216,0.004257202,0.0021362305,0.0032043457,-26.92566,10.015869,3.1402588,0,0.0,0.0,0.0,0.0
0.056091309,0.037736244,0.38991645,-0.9200767,-0.029618654,0.92076445,0.3889931,0.9988487,0.012572296,0.046294987,0.96534234,0.072642855,-0.2506737,-0.07091371,0.99735516,0.015935943,0.25116834,0.0023925633,0.9679405,-5.950928E-4,-0.073013306,0.03919983,9.795273,0.123291016,0.45399475,-0.004272461,0.004257202,0.0021362305,-26.92566,10.015869,3.1402588,0,0.0,0.0,0.0,0.0
0.06149292,0.037743904,0.38993454,-0.9200687,-0.029639747,0.9207565,0.38901013,0.9988478,0.012587844,0.046310507,0.95817393,0.0791812,-0.27501455,-0.07682656,0.9968568,0.019341227,0.2756816,0.0025961634,0.9612455,-0.034118652,0.032165527,0.03904724,9.795273,0.1234436,0.45414734,0.015975952,0.0021362305,-0.0021209717,-26.92566,10.015869,3.1402588,0,0.0,0.0,0.0,0.0
0.066925049,0.037743904,0.38993454,-0.9200687,-0.029639747,0.9207565,0.38901013,0.9988478,0.012587844,0.046310507,0.95051354,0.08558587,-0.29866213,-0.08249102,0.99632686,0.022978041,0.29953167,0.0027960027,0.95408225,-0.0053863525,0.0034484863,-0.14768982,9.795273,0.1234436,0.45414734,-0.0021362305,-0.0021362305,0.0010681152,-26.92566,10.015869,3.1402588,0,0.0,0.0,0.0,0.0
0.07232666,0.03770402,0.38984033,-0.9201103,-0.029617777,0.92079645,0.38891742,0.99885,0.012587872,0.04626393,0.95051354,0.08558587,-0.29866213,-0.08249102,0.99632686,0.022978041,0.29953167,0.0027960027,0.95408225,-0.0053863525,0.0034484863,-0.14723206,9.795273,0.1234436,0.45368958,-0.0021362305,-0.0021362305,0.0010681152,-26.92566,10.015869,3.1402588,0,0.0,0.0,0.0,0.0
0.076660156,0.030909508,0.56688136,-0.8232194,-0.036536854,0.82370335,0.56584275,0.9988542,0.012587925,0.046172325,0.9338779,0.09799909,-0.3439015,-0.09306689,0.9951814,0.030862786,0.3452689,0.0031837716,0.9384984,0.09037781,0.051330566,-0.021835327,9.795273,0.1234436,0.4527893,0.003189087,-0.02130127,-0.003189087,-26.38855,8.760071,5.041504,0,0.0,0.0,0.0,0.0
0.08102417,0.030882886,0.5668244,-0.82325965,-0.036552418,0.82374203,0.56578535,0.9988544,0.012619047,0.04615833,0.9338779,0.09799909,-0.3439015,-0.09306689,0.9951814,0.030862786,0.3452689,0.0031837716,0.9384984,0.09037781,0.05102539,-0.021697998,9.795273,0.12374878,0.45265198,0.003189087,-0.02130127,-0.003189087,-26.38855,8.760071,5.041504,0,0.0,0.0,0.0,0.0
0.085357666,0.03330329,0.50926405,-0.85996574,-0.034391247,0.8605174,0.5082589,0.9988534,0.012648598,0.046172287,0.9148142,0.11779682,-0.38631448,-0.10990057,0.99303144,0.042549144,0.38863456,0.0035316197,0.92138517,0.09037781,0.089035034,0.021255493,9.795273,0.1240387,0.4527893,0.0,-0.003189087,0.0010681152,-27.105713,9.118652,4.350281,0,0.0,0.0,0.0,0.0
0.089691162,0.033329315,0.509324,-0.85992926,-0.034376044,0.86048234,0.50831926,0.998853,0.012619031,0.04618783,0.90494,0.12606065,-0.40643856,-0.11652775,0.9920156,0.048232373,0.40927356,0.0037139645,0.9124041,0.1478424,-0.05432129,0.054626465,9.795273,0.12374878,0.4529419,-0.004272461,-0.010650635,-0.010650635,-27.105713,9.118652,4.350281,0,0.0,0.0,0.0,0.0
0.094024658,0.03330329,0.50926405,-0.85996574,-0.034391247,0.8605174,0.5082589,0.9988534,0.012648598,0.046172287,0.89477295,0.13415208,-0.42589256,-0.122817636,0.9909531,0.05410875,0.42929837,0.0038920708,0.9031543,-0.07720947,0.060302734,-0.045776367,9.795273,0.1240387,0.4527893,0.013839722,-0.0138549805,0.004272461,-27.105713,9.118652,4.350281,0,0.0,0.0,0.0,0.0
0.098358154,0.03298615,0.51671743,-0.85552037,-0.034650624,0.85606277,0.51570904,0.9988549,0.012633057,0.04614279,0.8843459,0.14207162,-0.44468865,-0.1287728,0.98984796,0.06015361,0.4487203,0.0040672063,0.893663,-0.0053863525,-0.035308838,-0.08380127,9.795273,0.12388611,0.4524994,0.0,-0.014907837,0.0010681152,-28.361511,9.298706,4.522705,0,0.0,0.0,0.0,0.0
0.10269165,0.03301584,0.51678693,-0.85547715,-0.034656547,0.85602105,0.515778,0.99885386,0.01261904,0.046172306,0.8736659,0.14999565,-0.4628274,-0.13455127,0.98867756,0.06642756,0.46755093,0.0042385287,0.883956,0.042495728,-0.030380249,0.08351135,9.795273,0.12374878,0.4527893,0.0,-0.008529663,0.0021362305,-28.361511,9.298706,4.522705,0,0.0,0.0,0.0,0.0
0.107055664,0.03303533,0.51683265,-0.85544884,-0.03465301,0.8559937,0.51582366,0.99885327,0.012603473,0.04618784,0.86278445,0.15775345,-0.48032996,-0.14000215,0.98746866,0.07283521,0.48580083,0.0044061434,0.8740585,0.08079529,-0.04460144,0.040252686,9.795273,0.12359619,0.4529419,-0.0010681152,-0.004257202,-0.0053253174,-28.361511,9.298706,4.522705,0,0.0,0.0,0.0,0.0
0.11138916,0.035577573,0.45016634,-0.8922357,-0.032037478,0.89285576,0.4492017,0.99885327,0.012603473,0.04618784,0.85172904,0.16534771,-0.49720997,-0.14513163,0.9862247,0.07935716,0.50348234,0.004570095,0.86399347,0.10473633,-0.0206604,0.030685425,9.795273,0.12359619,0.4529419,0.01171875,0.004257202,0.012786865,-28.54004,10.194397,4.005432,0,0.0,0.0,0.0,0.0
0.115722656,0.035571113,0.45015135,-0.8922435,-0.032050762,0.8928631,0.44918615,0.998853,0.012619031,0.04618783,0.84075326,0.17127924,-0.5136121,-0.14866504,0.98521113,0.085191935,0.52060795,0.0047307666,0.8537827,0.13825989,0.03186035,-0.017211914,9.795273,0.12374878,0.4529419,0.0010528564,0.003189087,0.019165039,-28.54004,10.194397,4.005432,0,0.0,0.0,0.0,0.0
0.120056152,0.03557811,0.45016763,-0.89223504,-0.032070875,0.8928547,0.44920143,0.99885213,0.012633023,0.04620335,0.82966113,0.17708579,-0.52943647,-0.15195063,0.9841833,0.09107294,0.5371903,0.0048885364,0.8434469,0.047286987,0.06524658,0.054473877,9.795273,0.12388611,0.45309448,0.012771606,0.0010681152,-0.008514404,-28.54004,10.194397,4.005432,0,0.0,0.0,0.0,0.0
0.124389649,0.037551954,0.39381084,-0.91842407,-0.02983595,0.9191044,0.39288265,0.99884915,0.012648545,0.046263892,0.81847405,0.18277057,-0.5446972,-0.15499604,0.9831427,0.09698839,0.5532417,0.0050434303,0.83300555,-0.08200073,0.036361694,0.14485168,9.795273,0.1240387,0.45368958,0.013839722,0.011703491,-0.0021209717,-27.28424,10.733032,3.4866333,0,0.0,0.0,0.0,0.0
0.128753662,0.037551954,0.39381084,-0.91842407,-0.02983595,0.9191044,0.39288265,0.99884915,0.012648545,0.046263892,0.80740833,0.18711415,-0.55953556,-0.1568042,0.9823245,0.102230795,0.5687743,0.005195537,0.8224772,-0.010177612,-0.035461426,0.005996704,9.795273,0.1240387,0.45368958,0.0095825195,0.008514404,0.0010681152,-27.28424,10.733032,3.4866333,0,0.0,0.0,0.0,0.0
0.133087158,0.03757613,0.39386454,-0.91840017,-0.0298171,0.919082,0.39293697,0.99884886,0.012618978,0.046279438,0.7962876,0.19136728,-0.57385075,-0.15843399,0.9815039,0.10746476,0.583802,0.0053446013,0.81187844,0.06643677,-0.05432129,0.044143677,9.795273,0.12374878,0.45384216,0.0021209717,0.007461548,-0.010650635,-27.28424,10.733032,3.4866333,0,0.0,0.0,0.0,0.0
0.137420654,0.036287162,0.43200904,-0.90113896,-0.031343874,0.9017812,0.43105477,0.99884975,0.012603429,0.046263922,0.78512853,0.19553304,-0.5876563,-0.15989235,0.9806817,0.112684295,0.59833735,0.005490093,0.8012255,0.023345947,-0.03501892,-0.032318115,9.795273,0.12359619,0.45368958,-0.0021362305,0.0010681152,-0.004257202,-28.361511,10.374451,3.831482,0,0.0,0.0,0.0,0.0
0.14175415,0.036236577,0.4318922,-0.901197,-0.031313077,0.90183717,0.43093988,0.99885255,0.012603464,0.046203364,0.7738114,0.20043291,-0.6008682,-0.16183312,0.9796912,0.118385464,0.6123937,0.0056323633,0.79053295,-0.053268433,-0.006286621,-0.165802,9.795273,0.12359619,0.45309448,0.004257202,0.007461548,0.0032043457,-28.361511,10.374451,3.831482,0,0.0,0.0,0.0,0.0
0.146087647,0.036223065,0.43186095,-0.9012125,-0.031270403,0.9018526,0.4309108,0.9988544,0.012572369,0.046172332,0.7624859,0.20522739,-0.61359346,-0.16358075,0.97869736,0.124068245,0.62598443,0.005771789,0.7798142,0.06643677,-0.082595825,-0.060150146,9.795273,0.123291016,0.4527893,0.013839722,0.0053253174,0.008529663,-28.361511,10.374451,3.831482,0,0.0,0.0,0.0,0.0
0.15045166,0.037119374,0.40581283,-0.9132021,-0.03022473,0.9138697,0.40488094,0.9988536,0.012572358,0.046187855,0.75128347,0.20961125,-0.6258085,-0.16481148,0.9777679,0.12964194,0.63906986,0.005742574,0.7691272,0.07122803,-0.015563965,0.045043945,9.795273,0.123291016,0.4529419,0.0010528564,0.0010681152,0.0053253174,-27.642822,10.374451,3.4866333,0,0.0,0.0,0.0,0.0
0.154785156,0.037187833,0.4059707,-0.91312915,-0.030214466,0.9138002,0.4050385,0.99885136,0.012527206,0.046248436,0.74007785,0.21365182,-0.6376815,-0.16578169,0.9768922,0.13490032,0.65176773,0.005879173,0.75839585,-0.07720947,-0.12046814,0.14500427,9.795273,0.12284851,0.453537,0.012771606,-0.004257202,-0.004257202,-27.642822,10.374451,3.4866333,0,0.0,0.0,0.0,0.0
0.159118652,0.037220076,0.40604508,-0.91309476,-0.030215867,0.91376734,0.40511248,0.9988501,0.012511631,0.046279497,0.7289025,0.21761137,-0.64911205,-0.16660544,0.976017,0.14011952,0.664036,0.006012137,0.74767643,0.004180908,-0.053268433,0.07287598,9.795273,0.12269592,0.45384216,0.007446289,0.008514404,0.0053253174,-27.642822,10.374451,3.4866333,0,0.0,0.0,0.0,0.0
0.163452149,0.030026173,0.58822405,-0.80814034,-0.037298277,0.80860114,0.58717364,0.99885297,0.012511667,0.046218947,0.7177681,0.22148983,-0.6601145,-0.16728793,0.9751434,0.14529355,0.67588735,0.00614213,0.73697937,0.09516907,0.008972168,-0.15158081,9.795273,0.12269592,0.45324707,-0.007446289,0.0,0.009597778,-28.89862,8.401489,5.041504,0,0.0,0.0,0.0,0.0
0.167785645,0.030061405,0.5883078,-0.808078,-0.03727405,0.80854076,0.5872581,0.9988527,0.012466541,0.046234496,0.7059699,0.22939208,-0.67006403,-0.17081147,0.9733139,0.15324321,0.6873354,0.006269524,0.7263131,-0.0053863525,-0.10549927,0.030227661,9.795273,0.12225342,0.45339966,0.014907837,-0.003189087,-0.0010681152,-28.89862,8.401489,5.041504,0,0.0,0.0,0.0,0.0
0.172119141,0.03010557,0.5884129,-0.80799997,-0.037313543,0.8084645,0.5873609,0.99885005,0.012466506,0.046295054,0.6942306,0.23712364,-0.6795706,-0.17405131,0.97145844,0.16116646,0.69839096,0.0063934666,0.7156879,-0.11552429,-0.028884888,0.16848755,9.795273,0.12225342,0.45399475,0.010650635,0.0021362305,-0.0010681152,-28.89862,8.401489,5.041504,0,0.0,0.0,0.0,0.0
0.176483154,0.03450691,0.48326507,-0.8747937,-0.033290647,0.87538505,0.48227856,0.9988498,0.012480508,0.046295043,0.68256176,0.24468854,-0.6886487,-0.17701949,0.9695799,0.1690533,0.7090653,0.0065149306,0.70511276,-0.024536133,0.061950684,-0.023040771,9.795273,0.12239075,0.45399475,0.003189087,-0.012786865,-0.010650635,-27.464294,9.835815,4.350281,0,0.0,0.0,0.0,0.0
0.18081665,0.034494374,0.48323718,-0.8748098,-0.033282064,0.8754007,0.48225126,0.99885064,0.012480518,0.04627952,0.6714191,0.24967296,-0.6977533,-0.17805055,0.9683075,0.17515309,0.71937084,0.0066342447,0.69459456,-0.0053863525,-0.024230957,-0.027679443,9.795273,0.12239075,0.45384216,-0.0032043457,-0.0063934326,0.012786865,-27.464294,9.835815,4.350281,0,0.0,0.0,0.0,0.0
0.185150147,0.034530733,0.4833182,-0.8747634,-0.033306975,0.8753557,0.4823307,0.9988485,0.012480491,0.046324547,0.66036505,0.2545507,-0.70648557,-0.178918,0.9670359,0.18119042,0.72931904,0.0067511736,0.68414044,-0.029327393,0.004501343,0.10595703,9.795273,0.12239075,0.45428467,0.003189087,-0.012786865,-0.0010681152,-27.464294,9.835815,4.350281,0,0.0,0.0,0.0,0.0
0.189483643,0.033957087,0.49552184,-0.8679315,-0.03369375,0.8685063,0.49453175,0.9988552,0.012451011,0.046187926,0.6494069,0.25932634,-0.714857,-0.17963119,0.9657654,0.18716282,0.73892033,0.006865762,0.67375785,-0.07243347,-0.05267334,-0.079452515,9.795273,0.12210083,0.4529419,0.004257202,-0.017044067,0.0053253174,-27.105713,9.477234,4.350281,0,0.0,0.0,0.0,0.0
0.193817139,0.033908192,0.49541172,-0.8679962,-0.03365898,0.8685691,0.4944238,0.99885803,0.012450852,0.046126656,0.63849825,0.26427028,-0.7228286,-0.18037365,0.9644235,0.19326876,0.7481881,0.0069774697,0.66345006,0.01361084,-0.0287323,0.1126709,9.795425,0.12210083,0.4523468,0.008514404,-0.024505615,0.0010681152,-27.105713,9.477234,4.350281,0,0.0,0.0,0.0,0.0
0.198181152,0.033786517,0.4951377,-0.8681573,-0.03357308,0.8687253,0.49415505,0.998865,0.012450939,0.045974493,0.6276972,0.26910615,-0.7304643,-0.18096331,0.9630845,0.19930035,0.7571317,0.00708694,0.6532238,-0.0103302,0.0047912598,-0.13961792,9.795425,0.12210083,0.45085144,0.024490356,-0.020233154,0.0,-27.105713,9.477234,4.350281,0,0.0,0.0,0.0,0.0
0.202514649,0.031049132,0.5584456,-0.8289598,-0.03587996,0.8294479,0.5574305,0.9988737,0.012435313,0.045790646,0.6170085,0.27383265,-0.7377778,-0.18140481,0.9617505,0.20525198,0.76576287,0.0071942224,0.6430828,-0.0056762695,-0.014221191,-0.118652344,9.795563,0.12194824,0.4490509,-0.0053253174,-0.0234375,0.0010681152,-28.001404,9.298706,5.215454,0,0.0,0.0,0.0,0.0
0.206848145,0.031060917,0.5584712,-0.82894224,-0.035889573,0.82943076,0.55745554,0.998873,0.012435304,0.04580617,0.6061636,0.27988943,-0.74446464,-0.1826126,0.9600045,0.21223573,0.7740919,0.0072990465,0.63303113,0.01826477,0.03366089,0.024841309,9.795563,0.12194824,0.4492035,0.0010528564,-0.030899048,0.0021362305,-28.001404,9.298706,5.215454,0,0.0,0.0,0.0,0.0
0.211181641,0.031076944,0.558506,-0.8289181,-0.035921592,0.82940704,0.5574887,0.9988713,0.012451017,0.045837857,0.5954445,0.28581488,-0.7508367,-0.18364191,0.95825624,0.21913598,0.78212625,0.007401774,0.62307596,0.11416626,0.0335083,0.11073303,9.795425,0.12210083,0.44950867,0.0095825195,-0.0138549805,-0.010650635,-28.001404,9.298706,5.215454,0,0.0,0.0,0.0,0.0
0.215515137,0.037857343,0.3743802,-0.92650217,-0.028716315,0.92719144,0.37348536,0.99887043,0.012466567,0.04585182,0.5848557,0.29161203,-0.7569058,-0.18450166,0.9565073,0.22594911,0.7898753,0.007502761,0.6132216,-0.05342102,0.042938232,0.024398804,9.795425,0.12225342,0.449646,0.012771606,-0.0053253174,0.0063934326,-28.181458,10.194397,2.9678345,0,0.0,0.0,0.0,0.0
0.21987915,0.037865855,0.37440112,-0.9264933,-0.02873594,0.92718273,0.3735053,0.99886954,0.01248056,0.04586734,0.5747805,0.2928922,-0.76409525,-0.18254031,0.95611405,0.22918312,0.7976881,0.007748176,0.60302037,0.0471344,0.004501343,0.043395996,9.795425,0.12239075,0.44979858,0.006378174,-0.008529663,0.0021362305,-28.181458,10.194397,2.9678345,0,0.0,0.0,0.0,0.0
0.224212647,0.037865855,0.37440112,-0.9264933,-0.02873594,0.92718273,0.3735053,0.99886954,0.01248056,0.04586734,0.56521404,0.29454607,-0.77056843,-0.18082167,0.9556051,0.23264225,0.804883,0.007842826,0.5933817,-7.4768066E-4,-0.0050811768,-0.009277344,9.795425,0.12239075,0.44979858,0.0010528564,0.0053253174,0.0021362305,-28.181458,10.194397,2.9678345,0,0.0,0.0,0.0,0.0
0.228546143,0.033545196,0.49922475,-0.86582303,-0.03375423,0.86638224,0.49823943,0.99886703,0.012511648,0.045913905,0.5557666,0.29616597,-0.7767942,-0.17908156,0.9551036,0.23602341,0.811821,0.007935583,0.5838525,-7.4768066E-4,0.08558655,0.11476135,9.795425,0.12269592,0.45025635,0.006378174,0.004257202,0.004272461,-28.720093,10.374451,4.8690796,0,0.0,0.0,0.0,0.0
0.232879639,0.033507943,0.49914408,-0.8658709,-0.0337279,0.8664287,0.4981604,0.9988692,0.012511674,0.045867324,0.5459458,0.30040464,-0.78211266,-0.17884132,0.953778,0.2415019,0.8185102,0.008027105,0.5744359,0.03276062,0.023345947,-0.09068298,9.795425,0.12269592,0.44979858,-0.0010681152,-0.0010681152,0.0,-28.720093,10.374451,4.8690796,0,0.0,0.0,0.0,0.0
0.237213135,0.033530876,0.49919373,-0.8658414,-0.033779968,0.8663996,0.4982074,0.9988666,0.012542762,0.045913886,0.5362629,0.30455104,-0.78719157,-0.17850117,0.95246136,0.24688974,0.8249602,0.0081167985,0.5651325,-0.04864502,0.056549072,0.10519409,9.795425,0.1230011,0.45025635,0.0053253174,0.0053253174,0.0032043457,-28.720093,10.374451,4.8690796,0,0.0,0.0,0.0,0.0
0.241546631,0.032671083,0.52105826,-0.8528957,-0.034662038,0.8534286,0.52005607,0.99886495,0.012572304,0.045943372,0.5267203,0.30861002,-0.79203886,-0.17806935,0.9511533,0.252188,0.83117807,0.00820532,0.5559457,-0.01512146,0.065841675,0.071380615,9.795425,0.123291016,0.45054626,0.007446289,-0.0053253174,0.0053253174,-28.54004,9.477234,4.6966553,0,0.0,0.0,0.0,0.0
0.245910645,0.032700058,0.5211248,-0.85285383,-0.03470208,0.8533877,0.52012044,0.9988626,0.012587835,0.04598994,0.5172285,0.31306532,-0.79653305,-0.1778135,0.9496954,0.25780037,0.8371721,0.008292661,0.54687667,0.02319336,0.036956787,0.11401367,9.795425,0.1234436,0.45100403,0.0021209717,0.004257202,0.0,-28.54004,9.477234,4.6966553,0,0.0,0.0,0.0,0.0
0.250244141,0.032687932,0.52109694,-0.8528713,-0.03469294,0.8534047,0.5200932,0.99886334,0.012587844,0.04597442,0.50788105,0.3174263,-0.80081046,-0.17746189,0.9482459,0.26331908,0.8429496,0.008378567,0.5379272,0.0184021,-0.0013427734,-0.019897461,9.795425,0.1234436,0.45085144,0.0095825195,0.0010681152,0.0032043457,-28.54004,9.477234,4.6966553,0,0.0,0.0,0.0,0.0
0.254577637,0.033290982,0.5067359,-0.8614583,-0.03415651,0.8620094,0.5057401,0.9988619,0.012587826,0.04600547,0.49867824,0.32169294,-0.80488116,-0.17701836,0.9468062,0.2687424,0.848519,0.008462755,0.5290972,-0.03427124,-0.006134033,0.089920044,9.795425,0.1234436,0.45115662,0.008514404,0.0010681152,0.004272461,-28.181458,9.835815,4.6966553,0,0.0,0.0,0.0,0.0
0.258911133,0.03331944,0.5067992,-0.86142004,-0.03419514,0.86197215,0.5058014,0.9988597,0.012603358,0.046050493,0.4896801,0.32555133,-0.8088447,-0.17632492,0.9454857,0.2737996,0.85388696,0.008545257,0.52038836,-0.0390625,0.04638672,0.08947754,9.795425,0.12359619,0.45159912,0.012771606,-0.0138549805,0.0138549805,-28.181458,9.835815,4.6966553,0,0.0,0.0,0.0,0.0
0.263244629,0.033328857,0.50682014,-0.86140734,-0.03414789,0.8619605,0.5058244,0.99886096,0.012556694,0.046034988,0.48082608,0.3293287,-0.81261855,-0.17556097,0.94417596,0.27876538,0.85906035,0.008626421,0.5118017,-0.04864502,-0.09681702,-0.034866333,9.795425,0.12313843,0.45144653,-0.008514404,0.0021362305,-0.0010681152,-28.181458,9.835815,4.6966553,0,0.0,0.0,0.0,0.0
0.267608643,0.033353478,0.5068748,-0.86137414,-0.03416571,0.8619282,0.5058779,0.99885947,0.012556676,0.046066042,0.47211555,0.33302578,-0.81621116,-0.17472917,0.9428775,0.28364003,0.8640466,0.008705028,0.5033365,0.09022522,-0.034561157,0.08932495,9.795425,0.12313843,0.4517517,-0.0032043457,0.0063934326,0.0063934326,-28.181458,9.835815,4.6966553,0,0.0,0.0,0.0,0.0
0.271942139,0.033365786,0.50690216,-0.8613576,-0.03417463,0.8619122,0.50590473,0.9988588,0.012556668,0.046081573,0.46354884,0.33664522,-0.81962943,-0.17383544,0.9415906,0.28842396,0.86885196,0.008782063,0.49499407,-0.02947998,0.013320923,0.031723022,9.795425,0.12313843,0.4519043,-0.008514404,0.007461548,-0.01171875,-28.181458,9.835815,4.6966553,0,0.0,0.0,0.0,0.0
0.276275635,0.033433095,0.5070517,-0.8612669,-0.034207396,0.8618243,0.506052,0.99885535,0.012542817,0.046158373,0.45512524,0.340188,-0.82288104,-0.17288348,0.9403157,0.2931171,0.8734829,0.008857556,0.4867743,-0.014968872,-0.039215088,0.21292114,9.795273,0.1230011,0.45265198,0.006378174,-0.003189087,-0.0063934326,-28.181458,9.835815,4.6966553,0,0.0,0.0,0.0,0.0
0.280609131,0.037739333,0.38737506,-0.92114955,-0.029464725,0.92183673,0.38645688,0.9988531,0.012556792,0.046203393,0.4468448,0.34365854,-0.82597125,-0.17187881,0.9390522,0.2977224,0.877945,0.008931262,0.47867823,0.07601929,0.046844482,0.10235596,9.795273,0.12313843,0.45309448,0.012771606,0.0010681152,-0.004257202,-27.464294,10.5529785,3.312683,0,0.0,0.0,0.0,0.0
0.284942627,0.037763342,0.38742995,-0.9211255,-0.029445745,0.9218141,0.38651237,0.9988527,0.012527224,0.046218935,0.4397095,0.34462523,-0.82939076,-0.16976926,0.93869835,0.30003956,0.88194895,0.008874822,0.47126138,0.023345947,-0.1013031,0.05909729,9.795273,0.12284851,0.45324707,-0.0021362305,0.009567261,0.0010681152,-27.464294,10.5529785,3.312683,0,0.0,0.0,0.0,0.0
0.289306641,0.037755605,0.38741225,-0.92113316,-0.02942469,0.9218217,0.38649577,0.9988537,0.012511675,0.04620342,0.43214256,0.34548888,-0.83300066,-0.16755383,0.9383801,0.30227196,0.886103,0.008947872,0.463402,-0.019760132,-0.024536133,-0.050872803,9.795273,0.12269592,0.45309448,-0.015975952,-0.004257202,0.0,-27.464294,10.5529785,3.312683,0,0.0,0.0,0.0,0.0
0.293640137,0.031710453,0.54864043,-0.8354569,-0.035815023,0.83596414,0.54761416,0.9988552,0.012556817,0.046158362,0.42469785,0.3463346,-0.8364712,-0.16535644,0.93806773,0.30444413,0.8901062,0.0090191495,0.45566395,0.008972168,-0.044143677,0.13153076,9.795273,0.12313843,0.45265198,0.020233154,-0.012786865,0.0,-27.822876,8.760071,4.6966553,0,0.0,0.0,0.0,0.0
0.297973633,0.031763487,0.5487642,-0.8353735,-0.0358412,0.835883,0.54773617,0.99885255,0.0125427805,0.046218924,0.42469785,0.3463346,-0.8364712,-0.16535644,0.93806773,0.30444413,0.8901062,0.0090191495,0.45566395,0.008972168,-0.044006348,0.13093567,9.795273,0.1230011,0.45324707,0.020233154,-0.012786865,0.0,-27.822876,8.760071,4.6966553,0,0.0,0.0,0.0,0.0
0.302307129,0.0317753,0.54879177,-0.835355,-0.035850756,0.835865,0.5477631,0.9988519,0.012542772,0.046234455,0.40899444,0.35476217,-0.84075403,-0.16399124,0.9349117,0.3147173,0.8976806,0.009158688,0.44055158,0.018554688,0.023040771,0.06373596,9.795273,0.1230011,0.45339966,0.0021209717,-0.019180298,-0.0021209717,-27.822876,8.760071,4.6966553,0,0.0,0.0,0.0,0.0
0.306640625,0.035640527,0.4512623,-0.89167935,-0.032047424,0.8923034,0.4502972,0.9988507,0.012527198,0.046263963,0.40135658,0.3588403,-0.842702,-0.16321607,0.9333534,0.31970608,0.9012621,0.00922637,0.43317598,0.056854248,-0.0390625,0.082611084,9.795273,0.12284851,0.45368958,-0.013839722,-0.018112183,-0.003189087,-27.28424,11.091614,4.522705,0,0.0,0.0,0.0,0.0
0.310974121,0.03552729,0.45103294,-0.8918,-0.03201012,0.89241904,0.45007083,0.99885595,0.012556828,0.04614284,0.39422515,0.360728,-0.8452585,-0.1614958,0.9326248,0.322692,0.90471303,0.009292387,0.42592022,-0.024536133,0.003753662,-0.07901001,9.795273,0.12313843,0.4524994,-0.0095825195,-0.008529663,-0.004257202,-27.28424,11.091614,4.522705,0,0.0,0.0,0.0,0.0
0.315338135,0.035520747,0.4510197,-0.89180696,-0.032023467,0.8924255,0.45005703,0.9988557,0.012572384,0.04614283,0.38721848,0.36257175,-0.8477049,-0.15977058,0.93190885,0.3256059,0.9080392,0.009357678,0.4187806,-0.06285095,0.032318115,-0.0071868896,9.795273,0.123291016,0.4524994,0.007446289,-0.022369385,-0.0063934326,-27.28424,11.091614,4.522705,0,0.0,0.0,0.0,0.0
0.319671631,0.036767956,0.41253418,-0.9101998,-0.030557368,0.9108539,0.41159627,0.99885654,0.0126797585,0.046096187,0.3803366,0.36437696,-0.85004324,-0.15804447,0.93120384,0.3284529,0.9112442,0.0094219735,0.41175866,-5.950928E-4,0.15098572,0.055526733,9.795273,0.12434387,0.45204163,-0.004272461,-0.019180298,0.0032043457,-27.822876,10.5529785,3.6590576,0,0.0,0.0,0.0,0.0
0.324005127,0.03674243,0.4124763,-0.91022706,-0.030542416,0.9108801,0.41153935,0.9988579,0.012679579,0.04606597,0.37370992,0.3653504,-0.8525608,-0.15600137,0.9308217,0.3305064,0.9143328,0.009487131,0.40485248,-0.01512146,-0.016616821,-0.07347107,9.795425,0.12434387,0.4517517,0.018096924,-0.0138549805,-0.0095825195,-27.822876,10.5529785,3.6590576,0,0.0,0.0,0.0,0.0
0.328338623,0.036731634,0.4124518,-0.91023856,-0.030568806,0.91089076,0.41151375,0.9988575,0.012709334,0.046066668,0.3671991,0.3663028,-0.85497785,-0.15397684,0.9304467,0.33250573,0.9173091,0.009550981,0.39806134,-0.024536133,0.08364868,0.0031433105,9.795273,0.12463379,0.4517517,-0.0010681152,0.0063934326,0.0053253174,-27.822876,10.5529785,3.6590576,0,0.0,0.0,0.0,0.0
0.332672119,0.037243057,0.39782676,-0.9167044,-0.029988978,0.9173726,0.3968984,0.9988562,0.012709317,0.046096172,0.36080307,0.36723524,-0.8572978,-0.15197246,0.93007845,0.33445257,0.9201769,0.009614149,0.39138478,0.037704468,-0.016906738,0.089035034,9.795273,0.12463379,0.45204163,0.01171875,-0.012786865,-0.0021209717,-28.001404,11.450195,3.831482,0,0.0,0.0,0.0,0.0
0.337036133,0.037283037,0.39791164,-0.91666585,-0.030010909,0.9173357,0.3969818,0.998854,0.01270929,0.04614275,0.35456905,0.36785117,-0.8596315,-0.14987515,0.92983437,0.33607373,0.92293996,0.009676054,0.38482225,0.028121948,0.02619934,0.09815979,9.795273,0.12463379,0.4524994,0.012771606,-0.004257202,0.0063934326,-28.001404,11.450195,3.831482,0,0.0,0.0,0.0,0.0
0.341369629,0.037283037,0.39791164,-0.91666585,-0.030010909,0.9173357,0.3969818,0.998854,0.01270929,0.04614275,0.34844562,0.36845633,-0.86187327,-0.14780572,0.9295941,0.3376512,0.925602,0.00973672,0.37837294,0.09037781,-0.026473999,0.02154541,9.795273,0.12463379,0.4524994,-0.006378174,-0.0063934326,0.0,-28.001404,11.450195,3.831482,0,0.0,0.0,0.0,0.0
0.345703125,0.036584593,0.4192709,-0.9071238,-0.030881712,0.90777224,0.41832513,0.99885327,0.0127092805,0.046158276,0.3424308,0.36904925,-0.86402774,-0.1457633,0.92935824,0.33918488,0.92816716,0.009796171,0.3720347,-5.950928E-4,0.021408081,0.045333862,9.795273,0.12463379,0.45265198,-0.008514404,-0.0138549805,-0.003189087,-28.001404,10.733032,3.831482,0,0.0,0.0,0.0,0.0
0.350036621,0.036467355,0.41900977,-0.90724903,-0.030812943,0.9078927,0.41806853,0.9988597,0.012709164,0.04601937,0.33645636,0.37006506,-0.86593825,-0.14390564,0.9289536,0.34108126,0.9306386,0.009854435,0.36580676,0.0184021,0.04055786,-0.111328125,9.795425,0.12463379,0.45129395,0.004257202,-0.014907837,0.004272461,-28.001404,10.733032,3.831482,0,0.0,0.0,0.0,0.0
0.354370117,0.03645294,0.4189777,-0.90726453,-0.03073779,0.9079084,0.41804004,0.99886245,0.012648516,0.045974378,0.3295609,0.36990649,-0.8686534,-0.14129001,0.929015,0.34200636,0.93350244,0.010020122,0.3584311,0.0806427,0.0076293945,0.12374878,9.795425,0.1240387,0.45085144,0.018096924,-0.020233154,0.0053253174,-28.001404,10.733032,3.831482,0,0.0,0.0,0.0,0.0
0.358734131,0.031957738,0.53748196,-0.84266955,-0.035373688,0.8431802,0.5364662,0.99886304,0.012664083,0.045958843,0.3238171,0.37089878,-0.8703888,-0.13948588,0.9286187,0.3438183,0.93578106,0.01007269,0.35243773,0.109375,0.026641846,-0.019744873,9.795425,0.124191284,0.45069885,0.003189087,-0.022369385,0.012786865,-28.001404,9.298706,4.8690796,0,0.0,0.0,0.0,0.0
0.363067627,0.031962074,0.5374917,-0.8426631,-0.035395492,0.8431737,0.5364748,0.9988621,0.012679631,0.04597436,0.31780547,0.37437832,-0.87111455,-0.13856037,0.9272208,0.3479406,0.9379769,0.010124519,0.34654984,-0.02468872,0.0121154785,0.03755188,9.795425,0.12434387,0.45085144,0.013839722,-0.003189087,-0.0010681152,-28.001404,9.298706,4.8690796,0,0.0,0.0,0.0,0.0
0.367401123,0.031923003,0.53740406,-0.8427205,-0.035346575,0.8432298,0.5363898,0.99886507,0.0126641095,0.045913815,0.31191334,0.37778336,-0.87177396,-0.13760689,0.92583805,0.3519775,0.94009274,0.010175621,0.34076685,-0.0055389404,-0.016464233,-0.1869049,9.795425,0.124191284,0.45025635,0.013839722,-0.007461548,-0.004257202,-28.001404,9.298706,4.8690796,0,0.0,0.0,0.0,0.0
0.371734619,0.033851787,0.48935348,-0.8714282,-0.033503946,0.8719934,0.48836938,0.99886507,0.0126641095,0.045913815,0.30613786,0.38111344,-0.87237155,-0.13662606,0.92447174,0.35592884,0.9421321,0.010225393,0.33508584,-0.02468872,-0.006881714,0.009429932,9.795425,0.124191284,0.45025635,0.0021209717,0.007461548,-0.0010681152,-28.361511,10.015869,4.522705,0,0.0,0.0,0.0,0.0
0.376068115,0.033843953,0.48933592,-0.8714385,-0.033550166,0.8720029,0.48834985,0.9988639,0.012709217,0.045929316,0.30062953,0.38333774,-0.8733121,-0.13528484,0.9235511,0.35881945,0.94409734,0.010274168,0.32950652,0.0806427,0.11238098,0.066726685,9.795425,0.12463379,0.45040894,0.0021209717,0.0,0.0010681152,-28.361511,10.015869,4.522705,0,0.0,0.0,0.0,0.0
0.380401611,0.033925377,0.4895187,-0.8713326,-0.03355512,0.87190086,0.4885315,0.99886096,0.012664056,0.046005424,0.29522914,0.38551503,-0.8741956,-0.13394183,0.9226438,0.3616462,0.94599116,0.010322869,0.32402793,0.01361084,-0.11222839,0.19047546,9.795425,0.124191284,0.45115662,0.018096924,0.009567261,0.0063934326,-28.361511,10.015869,4.522705,0,0.0,0.0,0.0,0.0
0.384765625,0.03256142,0.5235478,-0.85137385,-0.034859765,0.8519022,0.5225395,0.9988616,0.012664065,0.045989897,0.28993595,0.38765058,-0.87502235,-0.13259849,0.9217481,0.36441478,0.9478158,0.010369693,0.3186498,-0.01512146,-0.006881714,-0.05836487,9.795425,0.124191284,0.45100403,-0.006378174,-0.007461548,0.014923096,-27.105713,8.760071,4.350281,0,0.0,0.0,0.0,0.0
0.389099121,0.032525193,0.5234624,-0.8514277,-0.03483216,0.8519545,0.5224557,0.99886376,0.012664093,0.04594332,0.28464314,0.39046827,-0.8755072,-0.13147956,0.92055744,0.36781394,0.94957435,0.010415582,0.31336898,0.01361084,0.0027008057,-0.124938965,9.795425,0.124191284,0.45054626,0.017044067,0.0010681152,0.007461548,-27.105713,8.760071,4.350281,0,0.0,0.0,0.0,0.0
0.393432617,0.032541923,0.5235019,-0.8514029,-0.034863137,0.85193014,0.52249354,0.9988621,0.012679631,0.04597436,0.27945638,0.39322424,-0.87594455,-0.13034807,0.9193831,0.37113893,0.95126945,0.010460552,0.30818346,0.06149292,0.03126526,0.104599,9.795425,0.12434387,0.45085144,-0.0053253174,-0.007461548,-0.003189087,-27.105713,8.760071,4.350281,0,0.0,0.0,0.0,0.0
0.397766113,0.036458373,0.4190417,-0.9072348,-0.030760966,0.90787876,0.41810295,0.9988616,0.012664065,0.045989897,0.2743746,0.3959225,-0.87633556,-0.12920734,0.91822386,0.37439343,0.952903,0.010504934,0.3030934,-0.0677948,-0.059555054,0.018249512,9.795425,0.124191284,0.45100403,-0.0010681152,0.0053253174,0.0021362305,-27.642822,11.450195,4.1778564,0,0.0,0.0,0.0,0.0
0.402099609,0.036430683,0.41898477,-0.9072621,-0.030678323,0.9079058,0.41805017,0.99886525,0.012603428,0.04592938,0.26969898,0.39638746,-0.8775759,-0.12741868,0.9180227,0.37549803,0.9544773,0.010548117,0.29809698,0.05670166,-0.1451416,-0.14874268,9.795425,0.12359619,0.45040894,-0.0010681152,0.019165039,-0.0010681152,-27.642822,11.450195,4.1778564,0,0.0,0.0,0.0,0.0
0.406982422,0.036436465,0.4189967,-0.9072564,-0.030698758,0.9079001,0.41806108,0.99886435,0.012618977,0.045943346,0.26511097,0.39684185,-0.8787677,-0.12565605,0.9178259,0.37657157,0.9559951,0.010589222,0.29319128,0.06149292,0.03186035,0.033081055,9.795425,0.12374878,0.45054626,0.008514404,0.017028809,0.007461548,-27.642822,11.450195,4.1778564,0,0.0,0.0,0.0,0.0
0.411834717,0.032294407,0.5308923,-0.8468238,-0.035053983,0.8473461,0.52988297,0.9988636,0.012572288,0.045974426,0.26060984,0.3972873,-0.8799121,-0.12392167,0.9176327,0.3776157,0.957458,0.010629818,0.2883766,-0.02947998,-0.116119385,0.104599,9.795425,0.123291016,0.45085144,-0.011703491,0.019165039,-0.0010681152,-26.747131,9.118652,4.6966553,0,0.0,0.0,0.0,0.0
0.416687012,0.032306477,0.53091884,-0.84680665,-0.03506322,0.8473294,0.5299089,0.99886274,0.012572277,0.04598995,0.2558828,0.40005878,-0.88004375,-0.12286625,0.9164274,0.38087365,0.958868,0.010668668,0.2836517,0.09980774,0.008377075,0.04219055,9.795425,0.123291016,0.45100403,-0.014907837,0.007461548,-0.0010681152,-26.747131,9.118652,4.6966553,0,0.0,0.0,0.0,0.0
0.421569824,0.03235354,0.5310225,-0.8467399,-0.035099275,0.8472645,0.5300104,0.99886006,0.012572243,0.046050508,0.25193512,0.40231538,-0.88015395,-0.12225534,0.9154351,0.3834479,0.9599908,0.010999538,0.27981544,-0.0055389404,-0.010772705,0.12779236,9.795425,0.123291016,0.45159912,0.008514404,0.012771606,-0.0021209717,-26.747131,9.118652,4.6966553,0,0.0,0.0,0.0,0.0
0.426422119,0.035442892,0.45089376,-0.8918736,-0.031976737,0.8924891,0.44993415,0.99886006,0.012572243,0.046050508,0.24738623,0.40498266,-0.880221,-0.12118172,0.91425776,0.38658455,0.96130896,0.0110309925,0.2752513,0.04234314,0.013168335,0.012863159,9.795425,0.123291016,0.45159912,0.010650635,0.015960693,0.0032043457,-28.89862,10.194397,4.005432,0,0.0,0.0,0.0,0.0
0.431304932,0.03543047,0.45086458,-0.891889,-0.032036677,0.892503,0.44990233,0.9988585,0.012632906,0.046065997,0.2431518,0.40591156,-0.88097274,-0.11965482,0.9138454,0.3880326,0.96257985,0.011061818,0.27077243,0.0471344,0.165802,0.03187561,9.795425,0.12388611,0.4517517,-0.0021362305,0.0,0.0010681152,-28.89862,10.194397,4.005432,0,0.0,0.0,0.0,0.0
0.436157227,0.035442337,0.4508924,-0.8918743,-0.0320793,0.8924885,0.44992808,0.9988568,0.012664201,0.0460962,0.23899995,0.40682086,-0.88168913,-0.118148774,0.9134406,0.38944465,0.9638049,0.011093241,0.26637766,-0.010177612,0.041000366,0.093826294,9.795273,0.124191284,0.45204163,-0.011703491,-0.012786865,-0.010650635,-28.89862,10.194397,4.005432,0,0.0,0.0,0.0,0.0
0.441009522,0.036994983,0.40441304,-0.91382796,-0.030175665,0.91448903,0.403484,0.99885976,0.012648482,0.046034936,0.23492971,0.40771222,-0.8823712,-0.1166636,0.9130427,0.390823,0.96498585,0.011124661,0.26206604,0.08543396,-0.006729126,-0.1306305,9.795425,0.1240387,0.45144653,0.012771606,0.010635376,0.01171875,-27.28424,10.374451,3.4866333,0,0.0,0.0,0.0,0.0
0.445892334,0.036975916,0.4043696,-0.91384786,-0.030181859,0.9145079,0.40344048,0.9988603,0.012664048,0.046019398,0.23105675,0.4076463,-0.8834236,-0.114959955,0.9130718,0.3912597,0.9661247,0.011155138,0.2578344,0.09980774,0.017059326,-0.063446045,9.795425,0.124191284,0.45129395,-0.013839722,-0.007461548,0.0010681152,-27.28424,10.374451,3.4866333,0,0.0,0.0,0.0,0.0
0.450744629,0.03696987,0.40435585,-0.91385424,-0.030161452,0.9145143,0.40342772,0.99886113,0.0126485,0.046005435,0.22725633,0.4075808,-0.88443905,-0.11328873,0.9131006,0.39167958,0.96722287,0.011185316,0.2536822,0.02796936,-0.021102905,-0.010635376,9.795425,0.1240387,0.45115662,0.004257202,-0.012786865,-0.0095825195,-27.28424,10.374451,3.4866333,0,0.0,0.0,0.0,0.0
0.455596924,0.03407006,0.48594415,-0.8733256,-0.03340233,0.8738984,0.48495978,0.99886113,0.0126485,0.046005435,0.22352758,0.40751636,-0.8854185,-0.11164908,0.9131291,0.39208394,0.9682819,0.011214579,0.24960835,0.0758667,-0.030670166,-0.029785156,9.795425,0.1240387,0.45115662,-0.010650635,-0.010650635,-0.003189087,-26.92566,10.015869,4.522705,0,0.0,0.0,0.0,0.0
0.460479736,0.034081366,0.4859683,-0.87331176,-0.033410046,0.8738849,0.4849834,0.9988604,0.01264849,0.046019405,0.21966827,0.40911773,-0.88564587,-0.110441625,0.9124124,0.39408925,0.9693031,0.011243258,0.24561167,-0.03427124,-0.0019378662,0.041900635,9.795425,0.1240387,0.45129395,0.012771606,0.0,-0.0021209717,-26.92566,10.015869,4.522705,0,0.0,0.0,0.0,0.0
0.465087891,0.034058217,0.48591882,-0.87334,-0.033360466,0.8739128,0.48493654,0.998863,0.012618959,0.0459744,0.2158874,0.41068628,-0.8858496,-0.10924393,0.91170704,0.39605057,0.9702878,0.011271362,0.24169104,0.0758667,-0.05911255,-0.1013031,9.795425,0.12374878,0.45085144,0.003189087,0.0021362305,0.0010681152,-26.92566,10.015869,4.522705,0,0.0,0.0,0.0,0.0
0.469665527,0.035711344,0.43987584,-0.89734834,-0.03161501,0.8979689,0.43892187,0.9988619,0.012695188,0.04597435,0.21218295,0.4122213,-0.88603157,-0.1080551,0.91101366,0.39796755,0.9712376,0.011298314,0.23784418,0.00881958,0.17956543,-7.4768066E-4,9.795425,0.12449646,0.45085144,-0.006378174,0.010635376,-0.0010681152,-26.92566,9.298706,3.4866333,0,0.0,0.0,0.0,0.0
0.474273682,0.035730492,0.43992245,-0.8973246,-0.03160972,0.8979462,0.4389685,0.99886143,0.0126796225,0.04598989,0.20866418,0.41277832,-0.8866077,-0.10666124,0.9107611,0.3989205,0.9721536,0.011326252,0.23407066,-7.4768066E-4,-0.050125122,0.03262329,9.795425,0.12434387,0.45100403,-0.0021362305,-0.003189087,-0.0095825195,-26.92566,9.298706,3.4866333,0,0.0,0.0,0.0,0.0
0.478881836,0.035767764,0.44001314,-0.8972787,-0.0316331,0.8979019,0.43905774,0.9988594,0.012679596,0.046034917,0.20521484,0.41332492,-0.88715804,-0.10528968,0.91051286,0.39985058,0.973037,0.0113533195,0.2303696,-0.0103302,0.026489258,0.11836243,9.795425,0.12434387,0.45144653,0.0010528564,-0.0021362305,0.0010681152,-26.92566,9.298706,3.4866333,0,0.0,0.0,0.0,0.0
0.482879639,0.035793215,0.44007504,-0.89724725,-0.031614468,0.8978719,0.43912023,0.9988591,0.0126484735,0.046050467,0.20183374,0.41386232,-0.887683,-0.10394086,0.91026837,0.40075904,0.9738888,0.0113798445,0.22674008,-0.01512146,-0.088134766,0.0368042,9.795425,0.1240387,0.45159912,0.008514404,-0.012786865,-0.003189087,-26.92566,9.298706,3.4866333,0,0.0,0.0,0.0,0.0
0.486846924,0.035793465,0.44007567,-0.8972471,-0.03164923,0.8978712,0.4391192,0.9988579,0.012679579,0.04606597,0.1975855,0.41401774,-0.8885659,-0.10219319,0.91019624,0.401372,0.9749444,0.011500109,0.22215134,0.0184021,0.0552063,0.06059265,9.795425,0.12434387,0.4517517,0.006378174,-0.015975952,0.0,-26.92566,9.298706,3.4866333,0,0.0,0.0,0.0,0.0
