Time,Rot1,Rot2,Rot3,Rot4,Rot5,Rot6,Rot7,Rot8,Rot9,FRot1,FRot2,FRot3,FRot4,FRot5,FRot6,FRot7,FRot8,FRot9,AccX,AccY,AccZ,GravX,GravY,GravZ,GyroX,GyroY,GyroZ,MagX,MagY,MagZ,Imid
0.0,0.0,0.0,0.0,0.0,0.0,0.0,0.0,0.0,0.0,0.0,0.0,0.0,0.0,0.0,0.0,0.0,0.0,0.0,0.0032806396,0.012268066,0.051330566,9.7435,0.009277344,1.109848,0.0,0.0,0.0,0.0,0.0,0.0,0,0.0,0.0,0.0,0.0
0.004425049,0.10287572,0.41011375,-0.9062137,-0.04729068,0.91203386,0.40737915,0.99356943,9.460343E-4,0.11322071,1.0,0.0,0.0,0.0,1.0,0.0,0.0,0.0,1.0,-0.18824768,-0.0068969727,0.07481384,9.7435,0.009277344,1.1103058,0.0,0.0,0.0,-28.361511,12.52594,2.4490356,0,0.0,0.0,0.0,0.0
0.008850098,0.10295807,0.4102834,-0.9061275,-0.04736606,0.91195744,0.40754116,0.9935572,9.6004136E-4,0.11332689,0.99953955,0.008451471,-0.02914161,-0.008448433,0.9999643,2.2738497E-4,0.029142492,1.8920671E-5,0.99957526,-0.12106323,-0.030960083,0.0115356445,9.743347,0.009414673,1.1113434,0.0021362305,0.011703491,-0.007461548,-28.361511,12.52594,2.4490356,0,0.0,0.0,0.0,0.0
0.013275147,0.10301872,0.4104083,-0.90606403,-0.047493454,0.9119012,0.4076523,0.9935449,0.0010362879,0.11343462,0.99819547,0.016737051,-0.05766869,-0.016711367,0.9998599,9.276536E-4,0.05767614,3.774307E-5,0.99833536,0.041900635,0.13108826,0.029632568,9.743195,0.0101623535,1.1123962,-0.007461548,0.025543213,-0.007461548,-28.361511,12.52594,2.4490356,0,0.0,0.0,0.0,0.0
0.017669678,0.107828096,0.30790925,-0.9452856,-0.036011353,0.9514151,0.30579802,0.99351716,0.0010673946,0.113677524,0.9960223,0.02485855,-0.08556644,-0.024772264,0.99969095,0.002070195,0.08559146,5.771395E-5,0.9963303,-0.010620117,0.07810974,0.26664734,9.743042,0.010467529,1.1147919,-0.010635376,0.02128601,-0.007461548,-27.464294,13.421631,1.2390137,0,0.0,0.0,0.0,0.0
0.022094727,0.107951716,0.30815357,-0.9451919,-0.036177944,0.95133585,0.3060247,0.9934976,0.0011592084,0.11384671,0.9931426,0.030618994,-0.112828165,-0.03043209,0.99953115,0.0033788595,0.11287872,7.790755E-5,0.9936088,-0.0677948,0.034118652,-0.02708435,9.742752,0.011367798,1.1164398,-0.004257202,0.03300476,-0.0021362305,-27.464294,13.421631,1.2390137,0,0.0,0.0,0.0,0.0
0.026519776,0.10808275,0.30841252,-0.94509256,-0.036316354,0.9512519,0.3062693,0.9934783,0.0012198872,0.11401433,0.98956525,0.036268376,-0.13944641,-0.035927452,0.9993421,0.0049622,0.13953464,9.953355E-5,0.9902172,0.15263367,0.0574646,-0.0287323,9.7425995,0.011962891,1.1180878,-0.0063934326,0.039398193,-0.020248413,-27.464294,13.421631,1.2390137,0,0.0,0.0,0.0,0.0
0.030944824,0.10858142,0.30033925,-0.94763196,-0.035492733,0.9538316,0.29823732,0.9934538,0.0012510151,0.114228256,0.98533714,0.041809093,-0.16541673,-0.04125231,0.9991256,0.0068016136,0.16555648,1.2194061E-4,0.98620033,0.1289978,-3.0517578E-4,0.050582886,9.742294,0.012268066,1.1201782,0.0095825195,0.04258728,-0.0063934326,-28.361511,12.52594,0.72021484,0,0.0,0.0,0.0,0.0
0.035369873,0.108738765,0.30068815,-0.9475034,-0.035600703,0.95372176,0.29857588,0.9934327,0.001265012,0.11441123,0.98051196,0.047068425,-0.19073746,-0.04622999,0.99889165,0.008845652,0.1909424,1.4452208E-4,0.98160124,0.09562683,-0.081832886,0.03919983,9.742142,0.0124053955,1.1219788,0.0095825195,0.04685974,-0.0053253174,-28.361511,12.52594,0.72021484,0,0.0,0.0,0.0,0.0
0.039794922,0.10890334,0.30105302,-0.9473686,-0.03573094,0.9536066,0.29892793,0.99341,0.0012961202,0.11460783,0.97512645,0.05222861,-0.21540795,-0.051035162,0.9986352,0.011102609,0.21569383,1.6693187E-4,0.97646105,0.1771698,0.004043579,0.22880554,9.742004,0.012710571,1.1239166,-0.0021362305,0.039398193,-0.0138549805,-28.361511,12.52594,0.72021484,0,0.0,0.0,0.0,0.0
0.044219971,0.10995837,0.27405852,-0.95540625,-0.03272021,0.96171206,0.27210152,0.9933974,0.0013412472,0.11471554,0.96922195,0.05729188,-0.23942938,-0.05566543,0.9983575,0.01355564,0.23981275,1.8951563E-4,0.9708192,0.16773987,0.085006714,0.0026855469,9.741852,0.013153076,1.1249695,0.010650635,0.028747559,-0.0032043457,-27.642822,13.601685,0.72021484,0,0.0,0.0,0.0,0.0
0.04864502,0.1100336,0.27420866,-0.95535445,-0.032792427,0.96166915,0.27224422,0.9933867,0.0013723734,0.114807904,0.9628719,0.061689824,-0.26281568,-0.059568815,0.9980954,0.01603855,0.26330453,2.1255025E-4,0.96471274,0.057754517,0.08947754,0.24121094,9.741699,0.013458252,1.1258698,-0.0053253174,0.027679443,-0.004257202,-27.642822,13.601685,0.72021484,0,0.0,0.0,0.0,0.0
0.053070068,0.11009149,0.2743242,-0.95531464,-0.032807186,0.96163625,0.27235878,0.99337983,0.0013568042,0.114867784,0.9560838,0.06600176,-0.2855652,-0.06330872,0.9978195,0.018662611,0.2861743,2.357467E-4,0.95817757,0.048187256,-0.044418335,0.14006042,9.741699,0.013305664,1.1264648,0.0063934326,0.023422241,0.0021362305,-27.642822,13.601685,0.72021484,0,0.0,0.0,0.0,0.0
0.057495117,0.106226124,0.37080315,-0.9226164,-0.04381558,0.9287106,0.36820766,0.99337614,0.0013116968,0.11490028,0.94889325,0.07022866,-0.30768427,-0.06688427,0.9975309,0.02141555,0.30842853,2.5816786E-4,0.95124745,0.14889526,-0.10623169,0.10144043,9.741547,0.012863159,1.12677,-0.0021362305,-0.007461548,0.0,-26.208496,13.601685,2.4490356,0,0.0,0.0,0.0,0.0
0.061920166,0.106267385,0.3708765,-0.92258215,-0.043873437,0.9286812,0.36827472,0.99336916,0.0013412512,0.114960164,0.9411886,0.07640372,-0.32912993,-0.072213575,0.9970769,0.024956115,0.33007458,2.7923845E-4,0.94395477,0.057907104,0.085006714,0.19662476,9.741547,0.013153076,1.1273651,0.004257202,-0.0010681152,-0.004257202,-26.208496,13.601685,2.4490356,0,0.0,0.0,0.0,0.0
0.066345215,0.10629715,0.37092936,-0.9225575,-0.04387738,0.92866015,0.36832747,0.9933658,0.0013272429,0.11498934,0.93313354,0.082454026,-0.34994715,-0.07730938,0.9965948,0.028670836,0.35111955,3.0047868E-4,0.93633056,0.072280884,-0.06329346,0.07183838,9.741547,0.013015747,1.127655,0.007461548,-0.0138549805,0.0,-26.208496,13.601685,2.4490356,0,0.0,0.0,0.0,0.0
0.070770264,0.11063666,0.2625591,-0.9585521,-0.03148569,0.964915,0.26066786,0.99336207,0.0013412625,0.11502182,0.92461085,0.08838172,-0.37051773,-0.082383364,0.99608624,0.032018058,0.37189746,9.2025974E-4,0.9282734,0.14425659,0.061065674,0.09068298,9.741394,0.013153076,1.1279602,0.008529663,-0.0053253174,-0.0032043457,-27.105713,13.421631,0.5477905,0,0.0,0.0,0.0,0.0
0.075164795,0.11064676,0.26257926,-0.9585455,-0.031506952,0.96490955,0.26068568,0.9933603,0.00135682,0.11503718,0.9161403,0.09191082,-0.3901785,-0.08492653,0.9957668,0.035156,0.39175805,9.286798E-4,0.92006785,0.22566223,0.046539307,0.090530396,9.741394,0.013305664,1.1281128,-0.004257202,-0.0032043457,0.0021362305,-27.105713,13.421631,0.5477905,0,0.0,0.0,0.0,0.0
0.079589844,0.11066067,0.26260695,-0.95853627,-0.031514153,0.9649019,0.2607127,0.9933585,0.0013568175,0.11505253,0.9074229,0.09536863,-0.40925378,-0.08732298,0.9954416,0.03835038,0.41104564,9.372425E-4,0.91161436,0.41241455,-0.015686035,0.07122803,9.741394,0.013305664,1.1282654,0.014907837,0.004257202,-0.0053253174,-27.105713,13.421631,0.5477905,0,0.0,0.0,0.0,0.0
0.084014893,0.10725635,0.35042033,-0.9304308,-0.041568413,0.9365915,0.34794873,0.99336207,0.0013568224,0.11502182,0.89848405,0.09875673,-0.42775398,-0.08957568,0.9951111,0.04159308,0.42977035,9.4563403E-4,0.9029377,0.41241455,0.0034484863,0.038009644,9.741394,0.013305664,1.1279602,0.008529663,-0.004257202,0.003189087,-27.105713,13.421631,1.9302368,0,0.0,0.0,0.0,0.0
0.088439942,0.1072431,0.35039517,-0.930442,-0.041560154,0.936601,0.34792435,0.9933638,0.0013568248,0.11500646,0.89848405,0.09875673,-0.42775398,-0.08957568,0.9951111,0.04159308,0.42977035,9.4563403E-4,0.9029377,0.41241455,0.0034484863,0.03816223,9.741394,0.013305664,1.1278076,0.008529663,-0.004257202,0.003189087,-27.105713,13.421631,1.9302368,0,0.0,0.0,0.0,0.0
0.09286499,0.1072031,0.35031912,-0.9304751,-0.04153522,0.93662935,0.34785074,0.99336916,0.0013568109,0.114960164,0.8796896,0.10896056,-0.46289727,-0.09687615,0.9940456,0.04988327,0.46557632,9.619171E-4,0.8850072,0.15368652,-0.039627075,0.0769043,9.741547,0.013305664,1.1273651,0.003189087,-0.012786865,-0.0053253174,-27.105713,13.421631,1.9302368,0,0.0,0.0,0.0,0.0
0.097290039,0.107137784,0.350195,-0.9305294,-0.04144669,0.93667597,0.34773615,0.99337995,0.0013116812,0.11486781,0.8796896,0.10896056,-0.46289727,-0.09687615,0.9940456,0.04988327,0.46557632,9.619171E-4,0.8850072,0.15353394,-0.03918457,0.077804565,9.741699,0.012863159,1.1264648,0.003189087,-0.012786865,-0.0053253174,-27.105713,13.421631,1.9302368,0,0.0,0.0,0.0,0.0
0.101715088,0.10980992,0.2764672,-0.95472914,-0.032897796,0.9610226,0.27450585,0.9934081,0.0012650182,0.11462497,0.8602602,0.11874113,-0.4958355,-0.103366785,0.99292475,0.058444124,0.49926707,9.7576773E-4,0.86644757,0.11027527,-0.048309326,-0.049087524,9.741852,0.0124053955,1.1240692,0.0010681152,-0.0234375,0.004257202,-27.822876,14.138794,0.89416504,0,0.0,0.0,0.0,0.0
0.106140137,0.10963864,0.27613744,-0.95484424,-0.032777123,0.96111745,0.27418804,0.993431,0.0012354462,0.11442658,0.85052276,0.1219396,-0.51160693,-0.105001874,0.992537,0.06200673,0.5153499,9.815528E-4,0.85697925,0.13392639,-0.009735107,0.05342102,9.742142,0.0121154785,1.1221313,0.0,-0.050064087,0.0063934326,-27.822876,14.138794,0.89416504,0,0.0,0.0,0.0,0.0
0.110565186,0.10364955,0.4124006,-0.905087,-0.048202097,0.9110018,0.4095756,0.99344516,0.0011747614,0.11430351,0.84068996,0.12506607,-0.5268765,-0.10650189,0.9921479,0.065573186,0.5309405,9.866306E-4,0.84740853,0.033218384,0.067474365,0.116867065,9.742294,0.011520386,1.1209259,-0.008514404,-0.046875,0.004257202,-26.38855,11.628723,2.2766113,0,0.0,0.0,0.0,0.0
0.114990234,0.10350498,0.41210237,-0.90523946,-0.048078705,0.91113687,0.4092898,0.9934662,0.0011592081,0.114120536,0.8304616,0.13101059,-0.5414515,-0.11029073,0.9913805,0.07071571,0.54604894,9.903932E-4,0.8377527,-0.0052337646,0.09635925,-0.09202576,9.742447,0.011367798,1.1191254,0.008529663,-0.03729248,0.022354126,-26.38855,11.628723,2.2766113,0,0.0,0.0,0.0,0.0
0.119415283,0.10334752,0.4117775,-0.9054052,-0.04794596,0.91128373,0.40897825,0.9934891,0.0011436387,0.11392198,0.82016337,0.13682517,-0.5555276,-0.11384694,0.99059474,0.075901166,0.56068796,9.937695E-4,0.8280266,0.13331604,-0.0231781,-0.18106079,9.742752,0.01121521,1.1171875,0.018112183,-0.036224365,0.01171875,-26.38855,11.628723,2.2766113,0,0.0,0.0,0.0,0.0
0.123840332,0.103305146,0.4116901,-0.9054497,-0.047931813,0.9113231,0.40889195,0.99349415,0.0011592044,0.11387744,0.8098115,0.14251184,-0.5691183,-0.117176816,0.9897926,0.08111852,0.57486945,9.96767E-4,0.8182445,-0.01991272,0.058059692,-0.14231873,9.742752,0.011367798,1.116745,-0.003189087,-0.024505615,0.003189087,-26.38855,11.628723,2.2766113,0,0.0,0.0,0.0,0.0
0.128265381,0.1032367,0.4115489,-0.9055218,-0.047930736,0.9113869,0.40875006,0.9935013,0.0012043194,0.11381441,0.7994229,0.1480783,-0.5822335,-0.120291986,0.98897517,0.086359814,0.5886025,0.0010000158,0.808422,0.06135559,0.11985779,-0.16085815,9.742889,0.011810303,1.1161346,0.0095825195,-0.007461548,-0.004257202,-26.38855,11.628723,2.2766113,0,0.0,0.0,0.0,0.0
0.132659912,0.103167914,0.41140693,-0.9055941,-0.0478633,0.9114509,0.40861493,0.9935116,0.0011887721,0.11372379,0.7890118,0.15352581,-0.5948867,-0.123198666,0.98814416,0.0916148,0.6018991,0.0010041018,0.7985716,0.19543457,-0.028411865,-0.19825745,9.742889,0.011657715,1.1152344,0.0063934326,0.0063934326,-0.008529663,-26.38855,11.628723,2.2766113,0,0.0,0.0,0.0,0.0
0.137084961,0.10696322,0.33282313,-0.9369032,-0.039004583,0.94298846,0.3305318,0.9934976,0.0011887721,0.11384671,0.77923155,0.15833172,-0.60640687,-0.12544034,0.9873857,0.09661401,0.6140545,7.831934E-4,0.78926325,0.05192566,3.0517578E-4,0.06388855,9.742752,0.011657715,1.1164398,0.0021362305,0.013824463,0.008514404,-26.92566,13.601685,1.7578125,0,0.0,0.0,0.0,0.0
0.14151001,0.10707823,0.3330392,-0.9368133,-0.039089244,0.9429122,0.33073944,0.9934819,0.0012043318,0.113983616,0.7690326,0.1618911,-0.61836886,-0.12666626,0.9868083,0.10082169,0.6265337,7.91305E-4,0.779394,0.09037781,0.019302368,0.067337036,9.7425995,0.011810303,1.1177826,0.0,0.024490356,0.0,-26.92566,13.601685,1.7578125,0,0.0,0.0,0.0,0.0
0.145935059,0.10722395,0.33331293,-0.9366993,-0.03922502,0.9428154,0.3309992,0.99346083,0.0012510044,0.114166595,0.75885147,0.16538179,-0.6299153,-0.12777029,0.9862293,0.10500725,0.63860726,7.995655E-4,0.76953244,0.114471436,-0.009887695,0.17088318,9.742447,0.012268066,1.1195831,0.0053253174,0.024490356,-0.0021362305,-26.92566,13.601685,1.7578125,0,0.0,0.0,0.0,0.0
0.150360108,0.10505394,0.38499758,-0.916919,-0.04521876,0.92291665,0.38233504,0.99343795,0.0012961384,0.11436515,0.7486984,0.16880637,-0.6410578,-0.1287587,0.98564893,0.10916702,0.650286,8.085943E-4,0.75968903,0.06689453,-0.0103302,0.08274841,9.742142,0.012710571,1.121521,0.0053253174,0.027679443,-0.010650635,-28.54004,14.855957,2.9678345,0,0.0,0.0,0.0,0.0
0.154785156,0.105216876,0.38528296,-0.91678053,-0.045341816,0.9227976,0.3826079,0.9934151,0.0013116867,0.1145633,0.73843974,0.17325161,-0.6516829,-0.13045004,0.9848772,0.11401569,0.66158104,8.183451E-4,0.7498732,0.16279602,-0.05834961,0.1478424,9.742004,0.012863159,1.1234741,-0.007461548,0.04258728,-0.01171875,-28.54004,14.855957,2.9678345,0,0.0,0.0,0.0,0.0
0.159210205,0.10539655,0.38559756,-0.9166276,-0.045425706,0.92266625,0.38291463,0.9933922,0.0012805777,0.11476186,0.72822785,0.17761062,-0.66192037,-0.13199668,0.98410046,0.11884064,0.67250353,8.2821195E-4,0.74009347,-0.0140686035,-5.950928E-4,0.20814514,9.741699,0.012557983,1.125412,0.003189087,0.03300476,-0.008529663,-28.54004,14.855957,2.9678345,0,0.0,0.0,0.0,0.0
0.163635254,0.104625285,0.40510833,-0.90826243,-0.047767315,0.91426766,0.40228438,0.99336386,0.0012961412,0.11500647,0.7180713,0.1818858,-0.6717821,-0.13340415,0.9833193,0.123638496,0.6830644,8.372593E-4,0.7303577,0.06764221,0.09980774,0.16744995,9.741394,0.012710571,1.1278076,0.0063934326,0.027679443,0.007461548,-27.822876,13.063049,2.62146,0,0.0,0.0,0.0,0.0
0.168060303,0.10489067,0.40562147,-0.90800285,-0.04795565,0.9140403,0.40277874,0.9933269,0.0012961315,0.115326144,0.70792174,0.18648954,-0.68122566,-0.13497472,0.98245656,0.12868908,0.6932738,8.464369E-4,0.7206738,9.0026855E-4,0.0184021,0.2888031,9.741104,0.012710571,1.1309509,0.0021362305,0.043655396,0.004257202,-27.822876,13.063049,2.62146,0,0.0,0.0,0.0,0.0
0.172485352,0.10504953,0.40592858,-0.9078472,-0.048085477,0.9139039,0.4030726,0.9933038,0.0013116813,0.11552443,0.6978435,0.19100824,-0.69031173,-0.13640687,0.98158807,0.13370882,0.7031413,8.554308E-4,0.71104974,0.024993896,0.08529663,0.114471436,9.740952,0.012863159,1.132904,0.012786865,0.045791626,0.004257202,-27.822876,13.063049,2.62146,0,0.0,0.0,0.0,0.0
0.176910401,0.10495218,0.41079795,-0.90566546,-0.048734497,0.91172534,0.40789908,0.9932824,0.0013272541,0.11570761,0.687842,0.19543923,-0.6990543,-0.13770302,0.98071545,0.13869075,0.71267897,8.6455577E-4,0.70148987,0.034866333,-0.0010528564,0.32815552,9.740646,0.013015747,1.1346893,0.0063934326,0.036193848,0.004257202,-27.105713,12.704468,2.62146,0,0.0,0.0,0.0,0.0
0.181335449,0.105159916,0.41119868,-0.9054595,-0.048867006,0.91154474,0.40828678,0.99325395,0.0013116957,0.11595203,0.687842,0.19543923,-0.6990543,-0.13770302,0.98071545,0.13869075,0.71267897,8.6455577E-4,0.70148987,0.03515625,-9.0026855E-4,0.3257599,9.740356,0.012863159,1.137085,0.0063934326,0.036193848,0.004257202,-27.105713,12.704468,2.62146,0,0.0,0.0,0.0,0.0
0.185760498,0.10531796,0.41150352,-0.90530276,-0.04899782,0.9114073,0.4085782,0.99323076,0.0013272454,0.116150305,0.66806775,0.20424952,-0.71551925,-0.14004974,0.97891843,0.14867656,0.73080206,8.822625E-4,0.6825889,0.16938782,-0.015396118,0.1083374,9.740204,0.013015747,1.1390381,0.007461548,0.025543213,0.003189087,-27.105713,12.704468,2.62146,0,0.0,0.0,0.0,0.0
0.190185547,0.11026813,0.30761275,-0.94510067,-0.037048474,0.9515106,0.30537647,0.9932111,0.0013412436,0.116317876,0.6583175,0.20852359,-0.7232814,-0.14103402,0.9780169,0.1535978,0.7394102,8.9116214E-4,0.67325455,0.083343506,-0.0011901855,0.10668945,9.740051,0.013153076,1.140686,0.012786865,0.039398193,-0.0032043457,-27.822876,13.780212,1.2390137,0,0.0,0.0,0.0,0.0
0.194580078,0.11035758,0.30778733,-0.94503343,-0.037116077,0.9514542,0.30554426,0.9931987,0.0013568075,0.11642405,0.6489806,0.21053039,-0.73109585,-0.14045116,0.97758687,0.15683535,0.74772835,9.001637E-4,0.66400415,-0.012268066,0.060913086,0.29718018,9.739899,0.013305664,1.1417236,0.0010681152,0.029815674,-0.004257202,-27.822876,13.780212,1.2390137,0,0.0,0.0,0.0,0.0
0.199005127,0.110412255,0.30789405,-0.9449923,-0.037196215,0.95141965,0.30564222,0.99318963,0.0014034937,0.11650087,0.63973904,0.21249978,-0.73863244,-0.13982512,0.9771607,0.16001849,0.75576645,9.0929656E-4,0.6548406,0.17941284,0.09396362,0.20066833,9.739761,0.013763428,1.1424713,0.003189087,0.01914978,-0.0053253174,-27.822876,13.780212,1.2390137,0,0.0,0.0,0.0,0.0
0.203430176,0.10507009,0.42303607,-0.9000004,-0.050558288,0.90611184,0.4200063,0.99317884,0.0013723806,0.116593234,0.6307119,0.21439303,-0.7458138,-0.14012638,0.9767451,0.16227639,0.76326084,0.002158527,0.6460869,0.15083313,-0.058944702,0.27638245,9.739609,0.013458252,1.1433716,0.012786865,0.0063934326,-0.0138549805,-26.567078,11.808777,2.4490356,0,0.0,0.0,0.0,0.0
0.207855225,0.10507672,0.4230495,-0.8999934,-0.050580334,0.90610564,0.42001718,0.993177,0.001387938,0.116608575,0.6213205,0.21870272,-0.7524161,-0.14094858,0.9757891,0.16723925,0.77077514,0.0021428042,0.6371036,0.13168335,0.02229309,0.04638672,9.739609,0.01361084,1.1435242,0.014907837,0.007446289,-0.007461548,-26.567078,11.808777,2.4490356,0,0.0,0.0,0.0,0.0
0.212280274,0.10497862,0.42285058,-0.90009826,-0.05057284,0.90619826,0.41981792,0.9931877,0.0014486143,0.1165162,0.61203957,0.22292238,-0.75875765,-0.14165772,0.97483385,0.1721395,0.7780364,0.002127707,0.62821555,0.13153076,0.08395386,0.205307,9.739761,0.014205933,1.1426239,-0.003189087,-0.015975952,-0.0021362305,-26.567078,11.808777,2.4490356,0,0.0,0.0,0.0,0.0
0.216705322,0.10578696,0.4046892,-0.9083148,-0.048422966,0.9144531,0.40178442,0.99320906,0.0014797448,0.116333455,0.6028706,0.22704934,-0.76485014,-0.14225666,0.973881,0.1769715,0.78505427,0.002114125,0.61942345,0.14575195,0.13153076,-0.080200195,9.739899,0.014511108,1.1408234,-0.0021362305,-0.03515625,-0.007461548,-27.464294,13.063049,2.62146,0,0.0,0.0,0.0,0.0
0.221130371,0.10555386,0.40424433,-0.90854007,-0.048275024,0.91464984,0.40135425,0.9932411,0.001495306,0.116059706,0.5938709,0.23070157,-0.77077496,-0.14251569,0.9730223,0.18143016,0.7918375,0.0021014374,0.6107282,0.126297,0.049972534,-0.10145569,9.740204,0.014663696,1.1381378,-0.0053253174,-0.03302002,0.004257202,-27.464294,13.063049,2.62146,0,0.0,0.0,0.0,0.0
0.22555542,0.10537097,0.40389523,-0.9087165,-0.048161097,0.914804,0.40101635,0.993266,0.0015093005,0.115845814,0.5849848,0.23426816,-0.77647364,-0.14268228,0.97216976,0.18581633,0.798395,0.0020893149,0.6021304,0.12120056,0.049835205,-0.15682983,9.740509,0.014801025,1.1360474,0.007461548,-0.052200317,0.0010681152,-27.464294,13.063049,2.62146,0,0.0,0.0,0.0,0.0
0.229980469,0.10775066,0.3513594,-0.93001956,-0.04202393,0.93623954,0.34884045,0.9932894,0.0014952874,0.11564593,0.5762145,0.23775296,-0.781953,-0.14276263,0.97132343,0.19013052,0.80473334,0.0020777148,0.5936329,0.14964294,0.049972534,0.02229309,9.740799,0.014663696,1.1340942,0.0053253174,-0.03302002,0.0,-27.105713,13.421631,1.9302368,0,0.0,0.0,0.0,0.0
0.234405518,0.10756639,0.35100934,-0.9301731,-0.041956596,0.93637073,0.34849614,0.9933122,0.0015404217,0.11544917,0.56772214,0.24006346,-0.7874396,-0.14212096,0.970755,0.19348481,0.81085956,0.0020660663,0.58523715,0.10160828,0.08305359,-0.0140686035,9.740952,0.015106201,1.1321564,0.007461548,-0.046875,0.007461548,-27.105713,13.421631,1.9302368,0,0.0,0.0,0.0,0.0
0.238830567,0.107525386,0.35093147,-0.93020725,-0.04197886,0.9363999,0.34841523,0.9933157,0.0015855508,0.11541846,0.5593441,0.2423192,-0.79272664,-0.1414343,0.9701944,0.19677185,0.81678057,0.0020555533,0.5769448,0.09681702,0.13528442,-0.08081055,9.740952,0.015548706,1.1318512,0.012786865,-0.040481567,-0.0010681152,-27.105713,13.421631,1.9302368,0,0.0,0.0,0.0,0.0
0.243255615,0.10899984,0.31385162,-0.94319457,-0.03770543,0.9494705,0.31158257,0.99332637,0.0016011029,0.115326084,0.55108315,0.24452692,-0.79781824,-0.1407095,0.9696404,0.19999608,0.8225012,0.0020461532,0.5687597,0.15412903,-0.051605225,0.030227661,9.741104,0.015701294,1.1309509,0.0010681152,-0.018112183,-0.0053253174,-27.105713,15.214539,1.9302368,0,0.0,0.0,0.0,0.0
0.247680664,0.1088644,0.31362203,-0.9432867,-0.03763136,0.9495466,0.31136027,0.99334407,0.0016011063,0.11517385,0.54304844,0.24592713,-0.80288124,-0.13952252,0.96928614,0.20252845,0.8280289,0.0020372523,0.5606817,0.09651184,-0.032455444,-0.07362366,9.741257,0.015701294,1.1294556,0.0138549805,-0.0234375,-0.004257202,-27.105713,15.214539,1.9302368,0,0.0,0.0,0.0,0.0
0.252075195,0.108818814,0.3135447,-0.9433176,-0.0376227,0.9495721,0.31128353,0.99334943,0.001616652,0.11512772,0.5351267,0.24729414,-0.8077655,-0.13832068,0.9689383,0.2050022,0.83337075,0.0020285293,0.55271065,0.010177612,0.03919983,-0.10668945,9.741394,0.015853882,1.1290131,0.0138549805,-0.02557373,-0.0021362305,-27.105713,15.214539,1.9302368,0,0.0,0.0,0.0,0.0
0.256500244,0.10486326,0.39974278,-0.91060925,-0.047548864,0.9166257,0.3969083,0.99334925,0.0016773345,0.115127705,0.5273193,0.24863178,-0.8124756,-0.13710816,0.968596,0.20742032,0.83853185,0.0020202918,0.5448488,0.0053863525,0.1583252,0.0034332275,9.741394,0.016448975,1.1290131,-0.009567261,-0.007461548,-0.007461548,-26.208496,13.243103,2.7954102,0,0.0,0.0,0.0,0.0
0.260925293,0.10490762,0.39982212,-0.9105694,-0.04756222,0.9165912,0.3969865,0.9933439,0.0016617894,0.115173824,0.51937515,0.2517294,-0.8166283,-0.13684745,0.96779555,0.2112925,0.8435178,0.0020134326,0.5370975,0.04862976,-0.037841797,0.09875488,9.741257,0.016296387,1.1294556,-0.0053253174,0.004257202,0.0053253174,-26.208496,13.243103,2.7954102,0,0.0,0.0,0.0,0.0
0.265350342,0.104903534,0.39981484,-0.9105731,-0.047610022,0.9165944,0.3969737,0.9933421,0.0017084657,0.11518917,0.51155454,0.25476426,-0.82061386,-0.13653336,0.9670011,0.21509878,0.84833395,0.0020064,0.5294576,0.04862976,0.12928772,0.055511475,9.741257,0.01675415,1.1296082,0.007461548,0.013824463,-0.01171875,-26.208496,13.243103,2.7954102,0,0.0,0.0,0.0,0.0
0.269775391,0.10470133,0.4035672,-0.9089396,-0.048053607,0.91494846,0.40069976,0.9933421,0.0017240255,0.11518917,0.5045781,0.25830984,-0.82381856,-0.13693781,0.9660594,0.21903713,0.8524371,0.0022905793,0.5228248,-0.0423584,-0.07675171,0.021987915,9.741257,0.016906738,1.1296082,-0.0053253174,0.015960693,-0.008529663,-27.822876,12.345886,2.2766113,0,0.0,0.0,0.0,0.0
0.27420044,0.10471258,0.40359038,-0.908928,-0.048027977,0.9149383,0.40072608,0.99334216,0.001692906,0.11518919,0.5045781,0.25830984,-0.82381856,-0.13693781,0.9660594,0.21903713,0.8524371,0.0022905793,0.5228248,-0.0423584,-0.07644653,0.021987915,9.741257,0.016601563,1.1296082,-0.0053253174,0.015960693,-0.008529663,-27.822876,12.345886,2.2766113,0,0.0,0.0,0.0,0.0
0.278625488,0.104875,0.40392548,-0.9087603,-0.04814576,0.9147903,0.40104946,0.99331933,0.0016928937,0.11538595,0.4895056,0.26420274,-0.8310122,-0.13611826,0.96446455,0.226451,0.8613107,0.0022669116,0.50807357,-0.0038909912,-0.004638672,0.10624695,9.741104,0.016601563,1.131546,-0.008514404,0.020217896,-0.0053253174,-27.822876,12.345886,2.2766113,0,0.0,0.0,0.0,0.0
0.283050537,0.10903443,0.31770408,-0.9419,-0.03840316,0.94818825,0.31537953,0.99329585,0.0017847095,0.115586,0.482155,0.2670646,-0.83438784,-0.13564587,0.963676,0.23006257,0.8655211,0.0022554311,0.50086737,-0.017959595,0.04234314,0.16654968,9.740799,0.017501831,1.1334991,0.003189087,0.034072876,0.0010681152,-27.28424,12.52594,1.0665894,0,0.0,0.0,0.0,0.0
0.287475586,0.10924819,0.3181546,-0.94172317,-0.03858006,0.9480371,0.3158121,0.99326557,0.0018298315,0.11584576,0.47517797,0.2680852,-0.83805496,-0.13425606,0.9633926,0.23205611,0.86958677,0.0022460166,0.49377504,0.06852722,-0.029907227,0.1879425,9.740509,0.017944336,1.1360474,-0.0021362305,0.03086853,-0.018112183,-27.28424,12.52594,1.0665894,0,0.0,0.0,0.0,0.0
0.291900635,0.109367505,0.3184061,-0.9416243,-0.03870143,0.94795257,0.31605092,0.9932477,0.0018765066,0.11599798,0.4683161,0.26909426,-0.8415868,-0.13287751,0.9631113,0.23400918,0.8735122,0.002237693,0.48679706,0.01600647,0.02708435,0.13856506,9.740356,0.0184021,1.1375427,-0.0021362305,0.043655396,-0.0138549805,-27.28424,12.52594,1.0665894,0,0.0,0.0,0.0,0.0
0.296325684,0.1106241,0.29060188,-0.9504278,-0.03554542,0.95684224,0.2884259,0.99322647,0.0018764959,0.11617937,0.4615673,0.27008793,-0.84499,-0.13150832,0.9628331,0.23591955,0.8773033,0.0022304694,0.4799311,-0.055664063,-0.06388855,0.098464966,9.740204,0.0184021,1.139328,0.01171875,0.023422241,-0.007461548,-26.567078,13.601685,1.0665894,0,0.0,0.0,0.0,0.0
0.300750733,0.11080443,0.29094428,-0.950302,-0.035690524,0.9567381,0.28875324,0.99320114,0.0019216301,0.11639477,0.45500818,0.27049944,-0.8484088,-0.12988044,0.9627176,0.23728876,0.88096464,0.00222339,0.47317696,-0.261261,-0.030807495,0.14424133,9.739899,0.018844604,1.1414337,0.0063934326,0.03514099,-0.0063934326,-26.567078,13.601685,1.0665894,0,0.0,0.0,0.0,0.0
0.305175781,0.11087308,0.29107457,-0.950254,-0.035727963,0.95669836,0.2888799,0.9931921,0.0019216397,0.11647159,0.44855824,0.27090958,-0.8517062,-0.12827726,0.96260226,0.23862493,0.88450015,0.0022173547,0.46653473,0.16503906,-0.011672974,-0.07197571,9.739761,0.018844604,1.1421814,0.015975952,0.03514099,-0.0095825195,-26.567078,13.601685,1.0665894,0,0.0,0.0,0.0,0.0
0.30960083,0.10571819,0.40850067,-0.9066151,-0.049421635,0.91275597,0.40550467,0.9931672,0.0019371813,0.11668367,0.44221503,0.27131408,-0.8548887,-0.12669529,0.96248835,0.23992608,0.8879157,0.0022114406,0.46000102,0.18435669,-0.026168823,0.23716736,9.739609,0.018997192,1.1442719,-0.017028809,0.025543213,-0.0032043457,-28.181458,12.345886,2.2766113,0,0.0,0.0,0.0,0.0
0.313995361,0.10590736,0.40889558,-0.9064149,-0.049595535,0.912579,0.40588143,0.9931384,0.0019683053,0.11692822,0.44221503,0.27131408,-0.8548887,-0.12669529,0.96248835,0.23992608,0.8879157,0.0022114406,0.46000102,0.18466187,-0.026473999,0.23477173,9.739304,0.019302368,1.1466675,-0.017028809,0.025543213,-0.0032043457,-28.181458,12.345886,2.2766113,0,0.0,0.0,0.0,0.0
0.31842041,0.10597615,0.40903917,-0.9063421,-0.04962959,0.9125147,0.40602183,0.9931293,0.0019527583,0.11700524,0.42923617,0.27689272,-0.8597016,-0.12573825,0.96089834,0.24670696,0.8943971,0.0022018123,0.4472683,0.21832275,-0.03111267,0.21966553,9.739151,0.01914978,1.1474152,0.0021362305,0.036193848,-0.010650635,-28.181458,12.345886,2.2766113,0,0.0,0.0,0.0,0.0
0.322845459,0.111750335,0.2774198,-0.9542275,-0.03436581,0.96074665,0.2752905,0.9931419,0.0020289954,0.11689752,0.42291954,0.27959836,-0.8619535,-0.1252134,0.9601146,0.25000334,0.89747465,0.0021968314,0.4410607,0.122406006,0.01600647,-0.042648315,9.739304,0.019897461,1.1463623,0.0095825195,0.013824463,0.015960693,-27.464294,14.138794,0.89416504,0,0.0,0.0,0.0,0.0
0.327270508,0.111694954,0.27731454,-0.9542646,-0.034225516,0.9607773,0.27520114,0.993153,0.0019216242,0.11680519,0.41706163,0.27955478,-0.8648172,-0.12349059,0.9601273,0.2508102,0.90044975,0.0021934747,0.4349546,0.13183594,-0.016464233,0.19288635,9.739456,0.018844604,1.145462,0.027694702,-0.019180298,-0.012786865,-27.464294,14.138794,0.89416504,0,0.0,0.0,0.0,0.0
0.331695557,0.11156375,0.27706522,-0.9543524,-0.034188338,0.96084905,0.2749547,0.99316895,0.0019527446,0.116668314,0.41130129,0.27951002,-0.86758596,-0.121794,0.96014035,0.25158864,0.9033258,0.0021880378,0.42894956,0.06942749,0.05984497,0.079315186,9.739609,0.01914978,1.1441193,-0.012771606,-0.034088135,0.020217896,-27.464294,14.138794,0.89416504,0,0.0,0.0,0.0,0.0
0.336120606,0.111432925,0.2768166,-0.9544397,-0.034149833,0.9609207,0.27470922,0.99318504,0.001982309,0.11653145,0.40354216,0.27942896,-0.8712481,-0.1195908,0.9601637,0.2525545,0.9071118,0.002276879,0.42088366,-0.060012817,0.049987793,0.17163086,9.739761,0.019439697,1.1427765,0.0010681152,-0.036224365,-0.0010681152,-27.464294,14.138794,0.89416504,0,0.0,0.0,0.0,0.0
0.340545654,0.1112684,0.27650398,-0.95454955,-0.03406311,0.9610107,0.27440497,0.99320644,0.0019823238,0.11634871,0.39800742,0.27937672,-0.8738071,-0.11795726,0.9601789,0.25326386,0.90976715,0.0022709877,0.41511282,0.09307861,0.12181091,0.14949036,9.739899,0.019439697,1.140976,0.004257202,-0.04901123,-0.0021362305,-27.464294,14.138794,0.89416504,0,0.0,0.0,0.0,0.0
0.344970703,0.1111079,0.27619898,-0.95465666,-0.03401074,0.96109843,0.27410436,0.9932262,0.0020134205,0.11617933,0.39256516,0.2793193,-0.87628376,-0.11634885,0.9601956,0.25394356,0.9123352,0.0022652145,0.40943784,0.054473877,0.07841492,0.079315186,9.740204,0.019744873,1.139328,0.0021362305,-0.053268433,0.01171875,-27.464294,14.138794,0.89416504,0,0.0,0.0,0.0,0.0
0.349395752,0.1063192,0.38435403,-0.91704327,-0.046430685,0.9231837,0.3815446,0.99324745,0.0020134319,0.115997955,0.38721436,0.2792569,-0.8786812,-0.114766054,0.9602138,0.25459436,0.914819,0.0022601786,0.40385777,-0.04145813,-0.026916504,-0.124801636,9.740356,0.019744873,1.1375427,0.0138549805,-0.043685913,-0.0010681152,-25.849915,12.167358,2.1026611,0,0.0,0.0,0.0,0.0
0.353820801,0.1062388,0.38419622,-0.9171186,-0.046424307,0.9232491,0.38138664,0.99325633,0.0020585414,0.11592093,0.38169256,0.28139725,-0.88041264,-0.11408617,0.9595887,0.25724277,0.9172214,0.0022552435,0.39837143,0.0062713623,0.12585449,-0.19587708,9.740509,0.020187378,1.136795,0.0,-0.031967163,-0.0010681152,-25.849915,12.167358,2.1026611,0,0.0,0.0,0.0,0.0
0.35824585,0.10617638,0.38407373,-0.91717714,-0.0464152,0.9233,0.38126448,0.99326336,0.0020896755,0.115859516,0.37627152,0.28349015,-0.8820732,-0.113391615,0.9589725,0.2598347,0.91954446,0.0022513093,0.3929794,0.19302368,0.08244324,-0.09950256,9.740509,0.020492554,1.1361847,0.004257202,-0.019180298,-0.01171875,-25.849915,12.167358,2.1026611,0,0.0,0.0,0.0,0.0
0.362670899,0.110323004,0.2845393,-0.95229524,-0.0350051,0.9586619,0.2823863,0.99327916,0.0021814818,0.11572279,0.37094998,0.28553736,-0.8836654,-0.11268394,0.95836496,0.26237184,0.9217909,0.0022480767,0.38768092,0.14979553,0.07676697,-0.12210083,9.740646,0.021392822,1.1348419,-0.012771606,-0.018112183,-0.0063934326,-27.822876,13.780212,0.89416504,0,0.0,0.0,0.0,0.0
0.367095947,0.110246345,0.28438807,-0.9523493,-0.03499395,0.95870674,0.2822355,0.99328804,0.0022110306,0.11564577,0.36596054,0.28551742,-0.8857498,-0.11119288,0.9583709,0.26298553,0.9239638,0.002246745,0.38247344,0.1257019,0.08125305,-0.18360901,9.740799,0.02168274,1.1340942,-0.019165039,-0.019180298,-0.014907837,-27.822876,13.780212,0.89416504,0,0.0,0.0,0.0,0.0
0.371490479,0.110263094,0.28442112,-0.95233744,-0.03505146,0.9586967,0.28226206,0.99328417,0.0022577362,0.11567825,0.36105838,0.28549483,-0.88776666,-0.10972738,0.95837766,0.26357585,0.9260652,0.0022460306,0.37735686,0.17852783,0.12869263,0.108184814,9.740646,0.022140503,1.1343994,0.008529663,-0.004257202,-0.017044067,-27.822876,13.780212,0.89416504,0,0.0,0.0,0.0,0.0
0.375915527,0.11019638,0.28608066,-0.95184803,-0.035208326,0.958203,0.28391457,0.9932861,0.002226621,0.11566292,0.3562438,0.28547335,-0.88971645,-0.10828943,0.95838404,0.2641467,0.9280969,0.0022462646,0.37233213,0.24555969,-0.06253052,-0.035308838,9.740646,0.021835327,1.1342468,0.0063934326,0.0021209717,-0.004257202,-26.38855,11.987305,0.5477905,0,0.0,0.0,0.0,0.0
0.380340576,0.11014574,0.28597096,-0.9518868,-0.035163265,0.9582357,0.28380948,0.9932932,0.0022110422,0.11560126,0.3562438,0.28547335,-0.88971645,-0.10828943,0.95838404,0.2641467,0.9280969,0.0022462646,0.37233213,0.2454071,-0.06237793,-0.034713745,9.740799,0.02168274,1.1336517,0.0063934326,0.0021209717,-0.004257202,-26.38855,11.987305,0.5477905,0,0.0,0.0,0.0,0.0
0.384765625,0.110167556,0.28601822,-0.95187014,-0.03519184,0.9582217,0.2838537,0.9932899,0.0022265946,0.11563043,0.34686255,0.28549302,-0.89340925,-0.1055105,0.9583782,0.26529008,0.93196243,0.0022448697,0.36254802,0.19273376,0.033218384,0.1182251,9.740799,0.021835327,1.1339417,-0.02128601,-0.010650635,-0.0063934326,-26.38855,11.987305,0.5477905,0,0.0,0.0,0.0,0.0
0.389190674,0.10599342,0.3830627,-0.9176211,-0.046349343,0.9237197,0.38025483,0.9932861,0.002226621,0.11566292,0.34229857,0.2855035,-0.89516443,-0.104158975,0.95837504,0.2658349,0.9338001,0.0022445042,0.35778818,0.19288635,0.004486084,0.11312866,9.740646,0.021835327,1.1342468,0.0021362305,-0.012786865,-0.0095825195,-28.361511,12.8845215,2.1026611,0,0.0,0.0,0.0,0.0
0.393615723,0.105864346,0.382799,-0.91774595,-0.046260137,0.92382896,0.38000008,0.993304,0.0022265913,0.1155089,0.33760527,0.28748822,-0.89631087,-0.1035279,0.95778155,0.2682098,0.9355772,0.0022441465,0.35311517,0.14949036,-0.052947998,-0.120010376,9.740952,0.021835327,1.1327515,-0.004257202,-0.015975952,0.003189087,-28.361511,12.8845215,2.1026611,0,0.0,0.0,0.0,0.0
0.398040772,0.10585629,0.38278252,-0.9177538,-0.046319805,0.9238357,0.37997654,0.99330205,0.0022872696,0.11552423,0.33299953,0.2894266,-0.8974094,-0.10288577,0.9571976,0.27053154,0.93729717,0.0022437954,0.3485242,0.15905762,0.14755249,0.052215576,9.740952,0.02243042,1.132904,0.022369385,-0.024505615,-0.0021362305,-28.361511,12.8845215,2.1026611,0,0.0,0.0,0.0,0.0
0.40246582,0.105369054,0.3918171,-0.9139895,-0.04734288,0.9200402,0.38895306,0.9933055,0.0022872775,0.11549351,0.3284819,0.29132468,-0.89845955,-0.102237426,0.95662165,0.27280506,0.93896073,0.0022446648,0.34401718,0.12075806,0.0038909912,-0.04324341,9.740952,0.02243042,1.1325989,0.0,-0.0063934326,0.004257202,-28.001404,13.243103,2.4490356,0,0.0,0.0,0.0,0.0
0.406890869,0.10535381,0.39178753,-0.91400385,-0.04730046,0.92005295,0.38892832,0.99330926,0.0022577227,0.115462825,0.32369736,0.29384652,-0.8993744,-0.10205554,0.9558491,0.27556694,0.94064057,0.0025858532,0.3393945,0.034561157,-0.058044434,-0.09082031,9.740952,0.022140503,1.1322937,-0.0053253174,-0.0032043457,-0.007461548,-28.001404,13.243103,2.4490356,0,0.0,0.0,0.0,0.0
0.411315918,0.105323896,0.39172956,-0.9140322,-0.047296632,0.9200776,0.38887048,0.9933126,0.00227329,0.11543365,0.31933776,0.29584026,-0.90027887,-0.10144443,0.955234,0.27791572,0.94219553,0.0025792907,0.3350536,0.12075806,0.0184021,-0.061798096,9.740952,0.02229309,1.1320038,-0.013839722,0.010635376,-0.007461548,-28.001404,13.243103,2.4490356,0,0.0,0.0,0.0,0.0
0.415740967,0.10341828,0.42586523,-0.8988567,-0.05115575,0.9047838,0.42278764,0.9933216,0.0022577152,0.11535665,0.31506205,0.2977917,-0.9011415,-0.10082589,0.9546274,0.28021535,0.94370013,0.0025731707,0.33079198,0.07751465,-0.038894653,-0.17118835,9.741104,0.022140503,1.1312561,0.01171875,0.003189087,-0.0032043457,-27.28424,12.52594,2.7954102,0,0.0,0.0,0.0,0.0
0.420166016,0.10341235,0.4258537,-0.8988629,-0.051168416,0.9047892,0.42277458,0.9933216,0.002273275,0.11535665,0.310793,0.30041653,-0.9017525,-0.10043298,0.9538047,0.2831429,0.9451566,0.0025668615,0.32660756,0.12539673,0.06149292,0.0059814453,9.741104,0.02229309,1.1312561,-0.0021362305,0.0021209717,0.0,-27.28424,12.52594,2.7954102,0,0.0,0.0,0.0,0.0
0.424591065,0.10343883,0.42590526,-0.8988354,-0.05122061,0.9047648,0.42282033,0.99331605,0.0023028618,0.11540294,0.3066079,0.30298647,-0.90232515,-0.10002418,0.9529914,0.28601137,0.94656575,0.0025609897,0.32250068,0.1734314,0.07557678,0.13482666,9.740952,0.022583008,1.1316986,0.003189087,0.0084991455,-0.014907837,-27.28424,12.52594,2.7954102,0,0.0,0.0,0.0,0.0
0.429016113,0.10761102,0.3429076,-0.933185,-0.041701116,0.93936634,0.3403702,0.99331814,0.0022872707,0.11538581,0.30250576,0.30550393,-0.9028608,-0.09960166,0.9521874,0.28882298,0.9479292,0.0025558271,0.31847087,0.08708191,-0.05354309,-0.037399292,9.741104,0.02243042,1.131546,0.003189087,0.0063934326,-0.004257202,-26.029968,13.421631,1.9302368,0,0.0,0.0,0.0,0.0
0.433410645,0.10758654,0.3428629,-0.9332042,-0.041638643,0.9393827,0.3403325,0.9933234,0.0022421596,0.1153413,0.29866236,0.30625683,-0.9038847,-0.09862792,0.9519455,0.28995222,0.9492488,0.002550456,0.31451574,0.15890503,-0.100982666,-0.080062866,9.741104,0.021987915,1.1311035,-0.014892578,0.017028809,0.0053253174,-26.029968,13.421631,1.9302368,0,0.0,0.0,0.0,0.0
0.437835693,0.10758654,0.3428629,-0.9332042,-0.041638643,0.9393827,0.3403325,0.9933234,0.0022421596,0.1153413,0.29489198,0.30699363,-0.9048722,-0.09766479,0.9517082,0.29105523,0.95052636,0.00254429,0.31063357,0.12539673,-0.033950806,0.010925293,9.741104,0.021987915,1.1311035,0.012786865,0.007446289,-0.0138549805,-26.029968,13.421631,1.9302368,0,0.0,0.0,0.0,0.0
0.442260742,0.10752446,0.3457327,-0.93215203,-0.041877836,0.93833077,0.3431937,0.99332017,0.0021347904,0.11537204,0.29119396,0.3077155,-0.9058242,-0.09671374,0.9514751,0.29213306,0.9517629,0.0025382473,0.3068241,0.029632568,-0.09992981,-0.07078552,9.741104,0.020935059,1.1314087,0.003189087,0.0063934326,0.007461548,-27.105713,12.704468,1.5853882,0,0.0,0.0,0.0,0.0
0.446685791,0.10756431,0.34581342,-0.93211746,-0.04190311,0.93830085,0.3432719,0.9933147,0.002134812,0.11541834,0.2875622,0.30848092,-0.90672356,-0.09579058,0.9512272,0.2932423,0.9529597,0.002530178,0.30308652,0.13511658,0.15861511,-0.10475159,9.740952,0.020935059,1.1318512,0.017044067,0.012771606,0.015960693,-27.105713,12.704468,1.5853882,0,0.0,0.0,0.0,0.0
0.45111084,0.10750486,0.345693,-0.9321691,-0.041931298,0.9383452,0.34314755,0.9933199,0.0021970286,0.11537202,0.2875622,0.30848092,-0.90672356,-0.09579058,0.9512272,0.2932423,0.9529597,0.002530178,0.30308652,0.13496399,0.15800476,-0.10430908,9.741104,0.02154541,1.1314087,0.017044067,0.012771606,0.015960693,-27.105713,12.704468,1.5853882,0,0.0,0.0,0.0,0.0
0.455535889,0.10825297,0.3294162,-0.9379586,-0.040094536,0.9441823,0.32697454,0.9933145,0.002211055,0.115418315,0.28050682,0.30996397,-0.9084262,-0.093980335,0.950745,0.295384,0.9552401,0.0025169854,0.29582098,0.08244324,0.019012451,0.11073303,9.740952,0.02168274,1.1318512,0.0,0.0084991455,-0.0021362305,-27.105713,13.421631,1.5853882,0,0.0,0.0,0.0,0.0
0.459960938,0.10825721,0.32942438,-0.93795526,-0.040082343,0.9441794,0.32698417,0.9933145,0.0021970512,0.115418315,0.27711397,0.3103543,-0.9093338,-0.092997134,0.9506177,0.29610407,0.95632595,0.0025108668,0.2922915,0.09202576,-0.05265808,0.038909912,9.740952,0.02154541,1.1318512,-0.009567261,0.0021209717,-0.0010681152,-27.105713,13.421631,1.5853882,0,0.0,0.0,0.0,0.0
0.464385986,0.10828943,0.3294864,-0.93792963,-0.040036127,0.9441578,0.3270519,0.99331284,0.002134808,0.115433685,0.2737863,0.31073692,-0.9102107,-0.09202948,0.9504927,0.2968068,0.95737743,0.0025045904,0.2888288,0.058502197,-0.14782715,0.014816284,9.740952,0.020935059,1.1320038,0.0053253174,0.0021209717,0.0010681152,-27.105713,13.421631,1.5853882,0,0.0,0.0,0.0,0.0
0.468811035,0.09895773,0.49938294,-0.86071134,-0.059471015,0.86637866,0.4958336,0.99331284,0.0021208043,0.115433685,0.27052295,0.31111315,-0.9110576,-0.09107671,0.95036966,0.29749393,0.9583957,0.0024971948,0.28543192,0.06329346,-0.04711914,0.043548584,9.740952,0.02079773,1.1320038,0.014907837,0.0,-0.0063934326,-27.464294,12.345886,4.005432,0,0.0,0.0,0.0,0.0
0.473236084,0.09897896,0.499422,-0.8606862,-0.05952314,0.8663561,0.49586686,0.99330765,0.0021503568,0.1154782,0.26709136,0.31499797,-0.91073513,-0.09102678,0.94908935,0.30156824,0.95936245,0.0023550207,0.2821668,0.0872345,-0.013916016,-0.0335083,9.740952,0.021087646,1.1324463,0.0,0.0010681152,0.0021362305,-27.464294,12.345886,4.005432,0,0.0,0.0,0.0,0.0
0.477661133,0.09891423,0.49930283,-0.8607628,-0.059485387,0.8664248,0.49575144,0.9933164,0.0021659355,0.115402974,0.26362222,0.3188388,-0.91040933,-0.09106359,0.94780606,0.3055669,0.9603181,0.0023509273,0.27889732,0.029785156,0.052978516,-0.17163086,9.740952,0.021240234,1.1316986,0.0234375,0.011703491,-0.007461548,-27.464294,12.345886,4.005432,0,0.0,0.0,0.0,0.0
0.482086182,0.11085503,0.26193148,-0.95869863,-0.032316204,0.9650841,0.2599393,0.99331105,0.0021659238,0.11544903,0.2602222,0.32259512,-0.9100641,-0.0910719,0.9465341,0.3094819,0.96124417,0.0023472274,0.27568856,0.024993896,-0.004486084,0.120010376,9.740952,0.021240234,1.1321564,0.004257202,-0.0010681152,-0.0010681152,-27.822876,13.780212,0.5477905,0,0.0,0.0,0.0,0.0
