Time,Rot1,Rot2,Rot3,Rot4,Rot5,Rot6,Rot7,Rot8,Rot9,FRot1,FRot2,FRot3,FRot4,FRot5,FRot6,FRot7,FRot8,FRot9,AccX,AccY,AccZ,GravX,GravY,GravZ,GyroX,GyroY,GyroZ,MagX,MagY,MagZ,Imid
0.0,0.0,0.0,0.0,0.0,0.0,0.0,0.0,0.0,0.0,0.0,0.0,0.0,0.0,0.0,0.0,0.0,0.0,0.0,9.574402,0.02154541,2.0494232,9.586075,0.034713745,2.067093,0.0,0.0,0.0,0.0,0.0,0.0,0,0.0,0.0,0.0,0.0
0.004394532,0.0,0.0,0.0,0.0,0.0,0.0,0.0,0.0,0.0,1.0,0.0,0.0,0.0,1.0,0.0,0.0,0.0,1.0,9.497787,0.01675415,2.173935,9.586075,0.034561157,2.0675354,0.0,0.0,0.0,0.0,0.0,0.0,0,0.0,0.0,0.0,0.0
0.008789063,0.10969705,0.84533733,-0.5228493,-0.1799735,0.53422153,0.8259643,0.9775357,0.0034931828,0.21074083,1.0,0.0,0.0,0.0,1.0,0.0,0.0,0.0,1.0,9.627075,-0.04548645,1.8148041,9.586227,0.03425598,2.0666351,-0.012786865,0.014892578,-0.008529663,-19.754028,6.4300537,6.251526,0,0.0,0.0,0.0,0.0
0.013183594,0.10964171,0.8452756,-0.52296066,-0.18006551,0.5343183,0.82588154,0.977525,0.0036161235,0.21078856,0.99942803,0.020142736,-0.027161771,-0.0201372,0.9997971,4.773713E-4,0.027165877,6.986374E-5,0.9996309,9.574402,0.3184204,2.1930847,9.586075,0.035461426,2.067093,0.0063934326,-0.007461548,0.007446289,-19.754028,6.4300537,6.251526,0,0.0,0.0,0.0,0.0
0.017578125,0.10963827,0.84527177,-0.5229675,-0.18002875,0.53432447,0.8258856,0.9775322,0.0036005327,0.21075565,0.99775904,0.039872445,-0.053730983,-0.03982233,0.99920475,0.0020033936,0.053768136,1.4078902E-4,0.99855345,9.445114,0.02154541,1.9488678,9.586227,0.035308838,2.0667877,0.007461548,-0.012786865,0.0095825195,-19.754028,6.4300537,6.251526,0,0.0,0.0,0.0,0.0
0.021972657,0.10306621,0.8639369,-0.49294037,-0.1838364,0.50358695,0.8441589,0.9775385,0.003616116,0.21072589,0.99506193,0.0591924,-0.07967463,-0.059020348,0.9982466,0.0045147343,0.07980216,2.0998398E-4,0.99681073,9.631866,0.07421875,1.9680328,9.586227,0.035461426,2.0664825,0.010650635,0.0021209717,0.0,-19.036865,6.4300537,7.2891235,0,0.0,0.0,0.0,0.0
0.026367188,0.10304122,0.86391413,-0.49298558,-0.18383195,0.5036258,0.84413666,0.9775419,0.0036456343,0.21070926,0.9913481,0.07882155,-0.10495783,-0.07841284,0.9968887,0.008021333,0.10526352,2.7810672E-4,0.9944443,9.627075,0.08378601,2.063797,9.58638,0.035751343,2.0663452,0.0053253174,0.011703491,0.003189087,-19.036865,6.4300537,7.2891235,0,0.0,0.0,0.0,0.0
0.030761719,0.10308173,0.86395115,-0.49291238,-0.18384446,0.50356275,0.8441715,0.97753525,0.003600544,0.21074075,0.98671466,0.09802766,-0.12955606,-0.09723864,0.99518365,0.012417365,0.1301493,3.4545737E-4,0.99149436,9.588776,-0.06942749,2.1452026,9.586227,0.035308838,2.0666351,0.0010681152,0.020217896,0.007446289,-19.036865,6.4300537,7.2891235,0,0.0,0.0,0.0,0.0
0.03515625,0.12396444,0.7988786,-0.58857954,-0.17049925,0.60148156,0.7804806,0.9775289,0.0036005208,0.2107705,0.98122776,0.11681579,-0.15344746,-0.11547692,0.9931535,0.017640227,0.15445754,4.105592E-4,0.9879994,9.579193,0.03111267,2.1308289,9.586227,0.035308838,2.0669403,-0.003189087,0.017028809,0.003189087,-18.319702,6.4300537,4.8690796,0,0.0,0.0,0.0,0.0
0.039550782,0.12397818,0.7988968,-0.5885519,-0.17052813,0.60145736,0.78049296,0.9775222,0.0036005534,0.21080197,0.9752623,0.1328562,-0.17667119,-0.1308138,0.9911352,0.023210855,0.17818874,4.743585E-4,0.9839962,9.622284,0.04069519,2.1499786,9.586075,0.035308838,2.0672302,-0.003189087,0.014892578,0.0,-18.319702,6.4300537,4.8690796,0,0.0,0.0,0.0,0.0
0.043945313,0.12402327,0.7989566,-0.5884612,-0.17057219,0.6013781,0.78054434,0.9775087,0.0035694411,0.21086466,0.9686629,0.14841928,-0.1991579,-0.14562798,0.9889237,0.028675426,0.20120797,0.0012261381,0.97954774,9.670166,-0.04069519,2.2840576,9.585922,0.035003662,2.0678406,0.010650635,0.0021209717,0.0,-18.319702,6.4300537,4.8690796,0,0.0,0.0,0.0,0.0
0.048339844,0.09117629,0.89453965,-0.43759078,-0.19021438,0.44697455,0.8740893,0.9774995,0.003539844,0.21090779,0.9614322,0.16376063,-0.22097644,-0.15988825,0.98649925,0.035424788,0.22379428,0.0012730042,0.97463554,9.469055,-0.05984497,2.1691437,9.585922,0.034713745,2.068283,-0.008514404,-0.014923096,0.0,-19.934082,5.1742554,6.42395,0,0.0,0.0,0.0,0.0
0.052734375,0.09122461,0.8945887,-0.4374803,-0.19022666,0.44687682,0.8741367,0.97749275,0.0034776363,0.21094081,0.9530093,0.18233402,-0.24192469,-0.17705834,0.9832357,0.04356352,0.2458121,0.0013183411,0.96931654,9.66539,-0.11251831,2.1595612,9.58577,0.034103394,2.0685883,0.014907837,-0.0053253174,-0.012786865,-19.934082,5.1742554,6.42395,0,0.0,0.0,0.0,0.0
0.057128907,0.09122789,0.8945921,-0.43747288,-0.19006991,0.44687074,0.87417394,0.97752285,0.003401389,0.21080211,0.94398683,0.20047522,-0.26210403,-0.19353914,0.97969776,0.052295074,0.2672666,0.001361527,0.9636217,9.617508,0.04069519,2.1068878,9.586075,0.033355713,2.0672302,-0.0010681152,-0.019180298,-0.0010681152,-19.934082,5.1742554,6.42395,0,0.0,0.0,0.0,0.0
0.061523438,0.1234449,0.80099976,-0.5857992,-0.17070043,0.5986551,0.7826069,0.9775596,0.0033873508,0.21063192,0.9344208,0.21818732,-0.28151748,-0.2093264,0.9759059,0.06156404,0.2881671,0.0014023244,0.9575792,9.583984,0.002380371,2.1212616,9.586533,0.033218384,2.0655823,-0.012786865,-0.03515625,0.015960693,-19.036865,7.5057983,6.251526,0,0.0,0.0,0.0,0.0
0.065917969,0.1233281,0.80087084,-0.5860001,-0.17046884,0.5988275,0.7825253,0.97761464,0.0033873853,0.21037577,0.9251603,0.23200352,-0.3004211,-0.22111882,0.9727139,0.07024375,0.3085206,0.0014420251,0.95121664,9.756363,0.04069519,1.9871826,9.586975,0.033218384,2.0630493,-0.015960693,-0.043685913,-0.0032043457,-19.036865,7.5057983,6.251526,0,0.0,0.0,0.0,0.0
0.0703125,0.123315506,0.80085695,-0.5860217,-0.17034225,0.5988465,0.78253853,0.9776384,0.0033251208,0.21026683,0.91553605,0.24549398,-0.31863192,-0.23235562,0.969397,0.07924864,0.32833588,0.0014809322,0.9445599,9.593552,-0.01675415,1.9440765,9.58728,0.032608032,2.0619965,0.014907837,-0.046875,0.0053253174,-19.036865,7.5057983,6.251526,0,0.0,0.0,0.0,0.0
0.074707032,0.123213075,0.8007438,-0.58619785,-0.17011644,0.5989978,0.78247166,0.9776905,0.0033111407,0.21002404,0.91553605,0.24549398,-0.31863192,-0.23235562,0.969397,0.07924864,0.32833588,0.0014809322,0.9445599,9.593552,-0.01675415,1.9440765,9.587723,0.032470703,2.0596008,0.014907837,-0.046875,0.0053253174,-19.036865,7.5057983,6.251526,0,0.0,0.0,0.0,0.0
0.080322266,0.11531472,0.8268633,-0.550454,-0.17527184,0.5623933,0.80808014,0.97774345,0.0032955545,0.20977807,0.89535344,0.27152526,-0.35301015,-0.25319266,0.96243006,0.09809106,0.36638176,0.0015534086,0.9304633,9.598343,-0.08378601,2.0302734,9.588318,0.032318115,2.0572052,-0.025543213,-0.043685913,-0.0063934326,-19.754028,7.147217,6.5979004,0,0.0,0.0,0.0,0.0
0.0859375,0.11524806,0.8267914,-0.5505758,-0.17509943,0.5624989,0.80804384,0.97778213,0.0032800203,0.20959765,0.8846309,0.28494418,-0.36910033,-0.26360983,0.9585428,0.10819227,0.38462722,0.0015882514,0.92307067,9.646225,0.07421875,2.0446472,9.588623,0.032165527,2.05542,-0.017028809,-0.055389404,-0.01171875,-19.754028,7.147217,6.5979004,0,0.0,0.0,0.0,0.0
0.091583252,0.10449313,0.8586409,-0.5018137,-0.18138817,0.51256686,0.83926976,0.97784436,0.0033251492,0.20930701,0.87367886,0.29803833,-0.38452357,-0.27347106,0.95455253,0.11850346,0.4023665,0.001622087,0.9154773,9.50737,-0.07899475,1.9584503,9.589218,0.032608032,2.0525665,-0.008514404,-0.03729248,0.004257202,-19.216919,5.8914185,6.0791016,0,0.0,0.0,0.0,0.0
0.097198487,0.104467124,0.85861224,-0.50186825,-0.18120602,0.51261526,0.8392795,0.97788084,0.0032644367,0.20913713,0.87367886,0.29803833,-0.38452357,-0.27347106,0.95455253,0.11850346,0.4023665,0.001622087,0.9154773,9.50737,-0.07899475,1.9584503,9.589661,0.03201294,2.0509186,-0.008514404,-0.03729248,0.004257202,-19.216919,5.8914185,6.0791016,0,0.0,0.0,0.0,0.0
0.102844239,0.104444504,0.85858727,-0.5019155,-0.1811484,0.512657,0.8392664,0.977894,0.0032644286,0.20907591,0.8505267,0.3255014,-0.4131019,-0.29357177,0.94554,0.14060456,0.4363714,0.001687124,0.899765,9.564835,0.03590393,1.8578949,9.589813,0.03201294,2.0503235,-0.010650635,-0.030899048,0.003189087,-19.216919,5.8914185,6.0791016,0,0.0,0.0,0.0,0.0
0.106842041,0.12612052,0.78816557,-0.60240227,-0.16665289,0.6154547,0.770352,0.97791636,0.0032348877,0.20897156,0.83871293,0.33872494,-0.4264105,-0.30276954,0.9408838,0.15188204,0.452649,0.0017186701,0.8916871,9.631866,-0.03590393,1.7860718,9.589966,0.031723022,2.049286,0.0010681152,-0.022369385,-0.0021362305,-19.754028,7.147217,5.215454,0,0.0,0.0,0.0,0.0
0.110809326,0.1261138,0.78815657,-0.6024155,-0.16663934,0.61546624,0.77034575,0.9779196,0.0032348982,0.20895669,0.82802826,0.34919757,-0.43866876,-0.30930278,0.93704796,0.16208915,0.46765482,0.001467082,0.88390994,9.660599,0.03111267,2.0063324,9.589966,0.031723022,2.0491333,-0.003189087,0.013824463,0.003189087,-19.754028,7.147217,5.215454,0,0.0,0.0,0.0,0.0
0.114807129,0.1261138,0.78815657,-0.6024155,-0.16663934,0.61546624,0.77034575,0.9779196,0.0032348982,0.20895669,0.81680405,0.35950425,-0.45120704,-0.3154613,0.9331422,0.17242314,0.48302722,0.0015024383,0.87560403,9.679749,0.002380371,2.0733643,9.589966,0.031723022,2.0491333,-0.003189087,0.0053253174,0.0,-19.754028,7.147217,5.215454,0,0.0,0.0,0.0,0.0
0.118804932,0.10644795,0.8529054,-0.51109815,-0.17990996,0.5220558,0.83372074,0.9779066,0.003203787,0.20901793,0.80552983,0.36956245,-0.4631903,-0.32119834,0.9292046,0.18278512,0.49794906,0.0015370876,0.8672049,9.550461,0.09336853,2.0254822,9.589813,0.031417847,2.0497284,0.0032043457,0.022354126,0.0063934326,-19.395447,6.7886353,7.2891235,0,0.0,0.0,0.0,0.0
0.122772217,0.106449895,0.8529072,-0.5110947,-0.17994367,0.5220527,0.83371544,0.9779002,0.003219326,0.20904769,0.7934817,0.38148102,-0.47419304,-0.328333,0.92437536,0.19423611,0.5124297,0.0015704216,0.8587277,9.646225,0.07899475,2.1260376,9.589813,0.031570435,2.0500336,0.015975952,0.018096924,0.015960693,-19.395447,6.7886353,7.2891235,0,0.0,0.0,0.0,0.0
0.12677002,0.10643422,0.8528924,-0.5111226,-0.17993592,0.5220767,0.8337021,0.97790337,0.003234896,0.2090328,0.7814111,0.39310005,-0.48463285,-0.3349851,0.9194943,0.20570657,0.5264804,0.0016033998,0.8501857,9.70369,0.06463623,2.0542145,9.589813,0.031723022,2.049881,-0.008514404,0.017028809,-0.010650635,-19.395447,6.7886353,7.2891235,0,0.0,0.0,0.0,0.0
0.130767823,0.12007404,0.8099302,-0.57410395,-0.1712288,0.58651733,0.79163,0.9778869,0.0032488971,0.20910886,0.7693384,0.40442568,-0.49452826,-0.34117025,0.91456944,0.21717657,0.5401122,0.0016360297,0.8415914,9.612717,0.08378601,1.9776001,9.589661,0.03186035,2.0506287,0.0095825195,0.018096924,0.0,-18.319702,7.147217,6.251526,0,0.0,0.0,0.0,0.0
0.134735108,0.12007404,0.8099302,-0.57410395,-0.1712288,0.58651733,0.79163,0.9778869,0.0032488971,0.20910886,0.75781995,0.4140551,-0.5042492,-0.34573165,0.9102503,0.2278465,0.553334,0.001668287,0.8329578,9.617508,-0.026321411,2.2649078,9.589661,0.03186035,2.0506287,0.0095825195,0.025543213,0.0010681152,-18.319702,7.147217,6.251526,0,0.0,0.0,0.0,0.0
0.13873291,0.12012585,0.80998534,-0.5740152,-0.17128444,0.58644116,0.79167426,0.97787076,0.0032193265,0.20918465,0.75781995,0.4140551,-0.5042492,-0.34573165,0.9102503,0.2278465,0.553334,0.001668287,0.8329578,9.617508,-0.026321411,2.2649078,9.589523,0.031570435,2.0513763,0.0095825195,0.025543213,0.0010681152,-18.319702,7.147217,6.251526,0,0.0,0.0,0.0,0.0
0.142730713,0.12015052,0.8100117,-0.573973,-0.17136037,0.58640486,0.79168487,0.9778545,0.0032348838,0.20926073,0.7349118,0.43261087,-0.522257,-0.3537478,0.9015791,0.24903339,0.5785906,0.0017297083,0.8156163,9.622284,0.05505371,2.2601166,9.589371,0.031723022,2.052124,0.0,0.0063934326,-0.0010681152,-18.319702,7.147217,6.251526,0,0.0,0.0,0.0,0.0
0.146697998,0.12015052,0.8100117,-0.573973,-0.17136037,0.58640486,0.79168487,0.9778545,0.0032348838,0.20926073,0.72354925,0.44154727,-0.5305776,-0.35723102,0.8972363,0.2595248,0.5906459,0.0017598118,0.806929,9.679749,0.026321411,2.0829468,9.589371,0.031723022,2.052124,-0.0095825195,0.0,0.0,-18.319702,7.147217,6.251526,0,0.0,0.0,0.0,0.0
0.150695801,0.12018064,0.8100437,-0.5739214,-0.17139553,0.58636063,0.79171,0.97784466,0.0032193428,0.20930707,0.71226317,0.45026267,-0.5384651,-0.36038226,0.8928943,0.26993385,0.60233355,0.0017893133,0.79824245,9.631866,0.002380371,2.1930847,9.589218,0.031570435,2.0525665,-0.0010681152,0.0021209717,0.007446289,-18.319702,7.147217,6.251526,0,0.0,0.0,0.0,0.0
0.154693604,0.11309203,0.83333004,-0.5410835,-0.17613316,0.5527667,0.8145098,0.9778483,0.0031881842,0.20929052,0.70106477,0.45876327,-0.54593456,-0.36321637,0.88855666,0.2802515,0.61366284,0.0018179137,0.78956604,9.622284,-0.05505371,1.9967499,9.589371,0.03126526,2.0524292,0.004257202,0.0063934326,0.0021209717,-20.11261,6.7886353,6.251526,0,0.0,0.0,0.0,0.0
0.158660889,0.11309203,0.83333004,-0.5410835,-0.17613316,0.5527667,0.8145098,0.9778483,0.0031881842,0.20929052,0.68966395,0.46777612,-0.5527651,-0.36630967,0.88384503,0.2909212,0.62464464,0.0018453192,0.7809069,9.631866,0.03590393,2.0590057,9.589371,0.03126526,2.0524292,-0.0010681152,0.0084991455,0.0095825195,-20.11261,6.7886353,6.251526,0,0.0,0.0,0.0,0.0
0.162658692,0.11310477,0.83334464,-0.54105836,-0.17616235,0.5527447,0.81451845,0.9778416,0.003188213,0.20932198,0.67837065,0.4765618,-0.55919766,-0.36908266,0.879139,0.30148408,0.6352883,0.0018721765,0.7722729,9.660599,0.026321411,2.15477,9.589218,0.03126526,2.052719,-0.004257202,0.010635376,0.007446289,-20.11261,6.7886353,6.251526,0,0.0,0.0,0.0,0.0
0.166931153,0.10511148,0.85721385,-0.50411904,-0.18102817,0.5149507,0.8378869,0.9778447,0.0031882233,0.20930709,0.6671939,0.48512632,-0.5652475,-0.37155005,0.87444204,0.31193218,0.6456027,0.0018984972,0.7636711,9.631866,0.03111267,2.039856,9.589218,0.03126526,2.0525665,0.0010681152,-0.0053253174,-0.0053253174,-18.499756,6.25,6.7703247,0,0.0,0.0,0.0,0.0
0.171203614,0.10511722,0.85721934,-0.5041084,-0.18104206,0.5149415,0.8378896,0.9778416,0.003188213,0.20932198,0.65580636,0.49425203,-0.5706426,-0.37431154,0.8693165,0.32276875,0.65559816,0.0019242918,0.7551076,9.588776,-0.002380371,2.1020966,9.589218,0.03126526,2.052719,-0.01171875,0.0053253174,-0.0010681152,-18.499756,6.25,6.7703247,0,0.0,0.0,0.0,0.0
0.175506592,0.10511722,0.85721934,-0.5041084,-0.18104206,0.5149415,0.8378896,0.9778416,0.003188213,0.20932198,0.6445524,0.5031429,-0.57567304,-0.37676305,0.864201,0.33347595,0.66528326,0.0019495701,0.7465885,9.617508,0.06463623,2.039856,9.589218,0.03126526,2.052719,-0.0021362305,-0.0053253174,0.0053253174,-18.499756,6.25,6.7703247,0,0.0,0.0,0.0,0.0
0.179779053,0.10506081,0.8573644,-0.5038734,-0.18109225,0.5146999,0.83802724,0.9778384,0.0032037625,0.20933685,0.63316697,0.51205146,-0.58043337,-0.3781734,0.8589543,0.3452281,0.67534024,9.1743877E-4,0.73750573,9.588776,0.05505371,2.0829468,9.589218,0.031417847,2.0528717,-0.014892578,-0.0138549805,0.007446289,-20.829773,6.4300537,6.5979004,0,0.0,0.0,0.0,0.0
0.184173584,0.10503092,0.8573315,-0.5039357,-0.18107574,0.51475453,0.8379973,0.97784466,0.0032349029,0.20930707,0.62220937,0.52048826,-0.58476275,-0.38004908,0.85386825,0.35562852,0.68441087,9.6316525E-4,0.7290959,9.708481,0.09336853,2.0111237,9.589218,0.031723022,2.0525665,-0.014892578,-0.0053253174,-0.010650635,-20.829773,6.4300537,6.5979004,0,0.0,0.0,0.0,0.0
0.188598633,0.105040334,0.8573419,-0.5039161,-0.18107,0.51473737,0.83800906,0.97784466,0.0032193428,0.20930707,0.6114029,0.5287062,-0.58877516,-0.38165653,0.84880424,0.36588192,0.6931989,0.0010086001,0.7207456,9.765945,0.01675415,2.0925293,9.589218,0.031570435,2.0525665,-0.004257202,-0.012786865,-0.008529663,-20.829773,6.4300537,6.5979004,0,0.0,0.0,0.0,0.0
0.193023682,0.122155145,0.8032929,-0.5829226,-0.16999339,0.5955757,0.78510624,0.9778447,0.0031882233,0.20930709,0.60075235,0.5367124,-0.5924833,-0.38300967,0.8437646,0.37598523,0.70171237,0.0010528149,0.7124596,9.627075,-0.05027771,2.0590057,9.589218,0.03126526,2.0525665,-0.013839722,-0.0010681152,-0.0032043457,-19.754028,6.7886353,5.215454,0,0.0,0.0,0.0,0.0
0.197448731,0.12215028,0.8032864,-0.58293253,-0.17003408,0.59558433,0.785091,0.97783834,0.003219322,0.20933683,0.5910079,0.5428789,-0.5966508,-0.38297158,0.8398103,0.38477454,0.70995945,0.0010955231,0.7042417,9.574402,0.07899475,2.1164703,9.589218,0.031570435,2.0528717,0.0021362305,-0.010650635,0.0021209717,-19.754028,6.7886353,5.215454,0,0.0,0.0,0.0,0.0
0.202850342,0.12216156,0.8033014,-0.58290935,-0.17000708,0.5955641,0.7851121,0.9778416,0.003188213,0.20932198,0.5814129,0.54889363,-0.60056204,-0.3827661,0.8358914,0.39341536,0.71794784,0.0011379992,0.69609594,9.603134,-0.02154541,2.039856,9.589218,0.03126526,2.052719,-0.004257202,0.007446289,-0.0021362305,-19.754028,6.7886353,5.215454,0,0.0,0.0,0.0,0.0
0.208221436,0.11527242,0.82645243,-0.5510796,-0.17475162,0.5629976,0.80777204,0.9778416,0.003188213,0.20932198,0.57196915,0.554761,-0.6042281,-0.38240188,0.8320089,0.40190795,0.72568595,0.0011790035,0.68802506,9.636658,0.02154541,2.0494232,9.589218,0.03126526,2.052719,-0.014892578,0.0053253174,-0.0032043457,-18.499756,7.3257446,7.116699,0,0.0,0.0,0.0,0.0
0.213623047,0.115268454,0.8264486,-0.551086,-0.17471625,0.5630031,0.8077757,0.9778483,0.0031726244,0.20929052,0.56237257,0.56114614,-0.60733193,-0.3823378,0.8277159,0.41073623,0.73318136,0.0012191876,0.6800321,9.68454,-0.011962891,1.9919739,9.589371,0.03111267,2.0524292,0.007461548,0.004257202,0.0021209717,-18.499756,7.3257446,7.116699,0,0.0,0.0,0.0,0.0
0.218994141,0.11532011,0.82649744,-0.55100197,-0.1747728,0.5629316,0.8078132,0.9778321,0.0031430589,0.20936662,0.5529364,0.56737125,-0.6102059,-0.3821089,0.8234612,0.4194097,0.74044186,0.0012582564,0.6721192,9.583984,-0.007171631,2.1452026,9.589218,0.030822754,2.0531769,0.0021362305,0.0063934326,-0.0010681152,-18.499756,7.3257446,7.116699,0,0.0,0.0,0.0,0.0
0.224395752,0.11372313,0.8315654,-0.54365987,-0.17579843,0.55541795,0.8127765,0.9778353,0.0031430693,0.20935175,0.54366225,0.5734419,-0.61285853,-0.38172632,0.8192452,0.42792794,0.7474733,0.0012959525,0.6642906,9.579193,0.03590393,2.0254822,9.589218,0.030822754,2.0530243,-0.024490356,0.010635376,0.0,-19.754028,6.7886353,6.251526,0,0.0,0.0,0.0,0.0
0.229766846,0.11377619,0.8316253,-0.5435573,-0.1758362,0.55532867,0.81282943,0.9778223,0.0030963982,0.20941299,0.53448117,0.57950854,-0.61522335,-0.3812946,0.81496507,0.43640167,0.754284,0.0013328949,0.65654695,9.536102,0.01675415,1.9345093,9.589066,0.03036499,2.0536194,-0.0021362305,0.004257202,-0.004272461,-19.754028,6.7886353,6.251526,0,0.0,0.0,0.0,0.0
0.234558106,0.113772966,0.83162165,-0.54356354,-0.17585628,0.5553341,0.81282145,0.9778191,0.0031119478,0.20942786,0.5254645,0.58542454,-0.6173858,-0.3807216,0.81072575,0.44471878,0.7608798,0.001368165,0.6488914,9.631866,0.05505371,2.1020966,9.589066,0.030517578,2.053772,-0.0095825195,0.023422241,0.0053253174,-19.754028,6.7886353,6.251526,0,0.0,0.0,0.0,0.0
0.238983155,0.10605723,0.85503644,-0.5076068,-0.18082772,0.5185584,0.8357024,0.9777797,0.0031570895,0.20961113,0.5166121,0.59119207,-0.61935765,-0.3800152,0.8065295,0.45287803,0.7672681,0.0014030407,0.6413249,9.540894,0.14604187,2.173935,9.588623,0.030960083,2.0555573,-0.007461548,0.022354126,0.0053253174,-19.216919,6.6085815,7.116699,0,0.0,0.0,0.0,0.0
0.243377686,0.10601565,0.85499674,-0.50768214,-0.1808164,0.51862335,0.83566445,0.9777863,0.0032037396,0.20957966,0.5089815,0.59716934,-0.6199409,-0.38066515,0.8021132,0.4601179,0.772031,0.0017983756,0.6355823,9.631866,0.15083313,1.953659,9.588776,0.031417847,2.0552673,0.008529663,0.034072876,0.0,-19.216919,6.6085815,7.116699,0,0.0,0.0,0.0,0.0
0.247772217,0.10606334,0.8550422,-0.50759566,-0.18093032,0.5185485,0.8356863,0.9777601,0.0032037557,0.20970206,0.5001069,0.60333705,-0.6211904,-0.3801381,0.7974842,0.4685232,0.77806693,0.0018264829,0.6281787,9.516937,-0.026321411,2.0446472,9.58847,0.031417847,2.0564575,-0.0063934326,0.02128601,-0.008529663,-19.216919,6.6085815,7.116699,0,0.0,0.0,0.0,0.0
0.252166748,0.13992666,0.7352473,-0.66319823,-0.15640965,0.6777914,0.71842533,0.9777304,0.0032037604,0.20984085,0.49140394,0.60934806,-0.6222677,-0.37947935,0.7929007,0.47676402,0.7839117,0.0018540284,0.6208695,9.598343,0.002380371,2.1643524,9.588165,0.031417847,2.0578156,0.010650635,0.029815674,0.0,-19.395447,7.147217,3.831482,0,0.0,0.0,0.0,0.0
0.25656128,0.13995428,0.73529243,-0.66314244,-0.15657015,0.67774206,0.71843684,0.97770065,0.0032800029,0.20997775,0.48438072,0.612053,-0.62511307,-0.3767658,0.79081446,0.4823483,0.7895712,0.0018810229,0.613656,9.765945,0.07421875,2.197876,9.587875,0.032165527,2.0591583,-0.012786865,0.022354126,-0.008529663,-19.395447,7.147217,3.831482,0,0.0,0.0,0.0,0.0
0.260955811,0.13997635,0.7353283,-0.66309786,-0.15658802,0.67770314,0.7184697,0.9776947,0.003264423,0.21000603,0.4774826,0.61469793,-0.62781906,-0.37403676,0.7887603,0.487805,0.79505146,0.0019090027,0.6065389,9.641449,0.011962891,2.1643524,9.587875,0.03201294,2.0594482,0.0010681152,0.025543213,-0.010650635,-19.395447,7.147217,3.831482,0,0.0,0.0,0.0,0.0
0.265350342,0.11301284,0.8346605,-0.5390455,-0.17709167,0.55075514,0.8156637,0.97768426,0.0032799998,0.2100538,0.47070813,0.6172841,-0.6303921,-0.37129292,0.786738,0.49313787,0.80035955,0.0019361111,0.59951717,9.651016,0.02154541,2.1020966,9.587723,0.032165527,2.059906,-0.007461548,0.011703491,-0.0021362305,-18.319702,6.071472,5.5603027,0,0.0,0.0,0.0,0.0
0.269744873,0.1130188,0.8346674,-0.5390335,-0.1771055,0.55074453,0.81566787,0.9776811,0.0032799894,0.21006869,0.47070813,0.6172841,-0.6303921,-0.37129292,0.786738,0.49313787,0.80035955,0.0019361111,0.59951717,9.651016,0.02154541,2.1020966,9.587723,0.032165527,2.0600586,-0.007461548,0.011703491,-0.0021362305,-18.319702,6.071472,5.5603027,0,0.0,0.0,0.0,0.0
0.274139405,0.11303341,0.8346845,-0.53900397,-0.17711179,0.5507188,0.81568384,0.97767824,0.0032644202,0.21008208,0.45518005,0.6272731,-0.63193315,-0.3686899,0.7787968,0.5074871,0.8104806,0.0019893288,0.5857621,9.631866,0.04548645,2.1452026,9.587723,0.03201294,2.060196,0.007461548,0.011703491,-0.007461548,-18.319702,6.071472,5.5603027,0,0.0,0.0,0.0,0.0
0.278533936,0.11304064,0.83469296,-0.5389894,-0.17712864,0.550706,0.81568897,0.9776744,0.0032644593,0.21010016,0.45518005,0.6272731,-0.63193315,-0.3686899,0.7787968,0.5074871,0.8104806,0.0019893288,0.5857621,9.631866,0.04548645,2.1452026,9.58757,0.03201294,2.0603485,0.007461548,0.011703491,-0.007461548,-18.319702,6.071472,5.5603027,0,0.0,0.0,0.0,0.0
0.282928467,0.102016725,0.86675924,-0.48818117,-0.18373327,0.49871585,0.84706813,0.977668,0.0032799975,0.2101299,0.44027936,0.6367719,-0.6329895,-0.3657743,0.77104956,0.5212406,0.8199776,0.002039824,0.572392,9.564835,0.04069519,2.1308289,9.58757,0.032165527,2.0606537,-0.0053253174,0.0063934326,0.0010681152,-19.5755,5.532837,5.732727,0,0.0,0.0,0.0,0.0
0.287322998,0.10202366,0.8667674,-0.48816535,-0.18378268,0.4987017,0.84706587,0.977658,0.003295576,0.21017621,0.43261442,0.6422819,-0.6327075,-0.36474258,0.7664657,0.5286711,0.82450444,0.0020646276,0.5658517,9.627075,0.06942749,2.197876,9.587418,0.032318115,2.0610962,-0.0010681152,-0.007461548,0.0021209717,-19.5755,5.532837,5.732727,0,0.0,0.0,0.0,0.0
0.29171753,0.10505113,0.85854197,-0.50186634,-0.18215628,0.5127327,0.83900183,0.9776417,0.0032800084,0.21025197,0.42511305,0.64764994,-0.63231987,-0.3636218,0.7619351,0.53594226,0.82888967,0.0020892464,0.5594082,9.6558075,0.007171631,2.2553253,9.58728,0.032165527,2.0618439,-0.0021362305,0.0063934326,-0.0021362305,-19.754028,6.071472,6.251526,0,0.0,0.0,0.0,0.0
0.296112061,0.10504357,0.8585336,-0.50188226,-0.18210725,0.5127468,0.8390039,0.97765166,0.003264435,0.21020597,0.41789192,0.6526332,-0.63200974,-0.36228198,0.7576711,0.5428501,0.8331375,0.0021130617,0.5530619,9.502579,0.007171631,1.9201355,9.587418,0.03201294,2.0614014,-0.0010681152,0.0084991455,0.003189087,-19.754028,6.071472,6.251526,0,0.0,0.0,0.0,0.0
0.300506592,0.10503966,0.8585294,-0.5018904,-0.18212697,0.5127539,0.8389954,0.97764844,0.003279984,0.21022084,0.41082624,0.6574893,-0.6316088,-0.36087117,0.7534609,0.5496078,0.83725375,0.0021360891,0.5468104,9.6558075,0.05027771,2.1212616,9.587418,0.032165527,2.061554,-0.008514404,-0.010650635,-0.0032043457,-19.754028,6.071472,6.251526,0,0.0,0.0,0.0,0.0
0.304901123,0.15337053,0.6727889,-0.72376263,-0.14378694,0.7398271,0.65725255,0.97765166,0.003264435,0.21020597,0.40391412,0.6622218,-0.6311225,-0.35939574,0.7493048,0.5562167,0.84124196,0.002158967,0.5406545,9.612717,0.011962891,2.0254822,9.587418,0.03201294,2.0614014,-0.004257202,-0.0053253174,0.0,-17.782593,9.477234,5.041504,0,0.0,0.0,0.0,0.0
0.309295655,0.15344094,0.67287207,-0.72367054,-0.1438437,0.7397518,0.6573251,0.9776323,0.003234854,0.21029662,0.39925364,0.66243446,-0.633859,-0.35551548,0.7491167,0.558957,0.84510666,0.0021810764,0.5345933,9.603134,-0.06463623,2.3175812,9.58728,0.031723022,2.0623016,0.004257202,-0.0053253174,0.0053253174,-17.782593,9.477234,5.041504,0,0.0,0.0,0.0,0.0
0.313690186,0.15345183,0.6728849,-0.72365636,-0.14385854,0.7397402,0.657335,0.9776284,0.0032348926,0.2103147,0.39463633,0.66315323,-0.6359953,-0.35128248,0.7484823,0.56247216,0.84903646,0.0014420578,0.5283324,9.512161,0.04548645,2.0781555,9.587128,0.031723022,2.0624542,-0.014892578,-0.0053253174,0.004257202,-17.782593,9.477234,5.041504,0,0.0,0.0,0.0,0.0
0.318084717,0.12453068,0.796711,-0.5913914,-0.16947351,0.60435164,0.77848434,0.9776353,0.0032799873,0.21028171,0.39013073,0.663349,-0.6385657,-0.34752095,0.7483088,0.5650338,0.8526589,0.0014779145,0.52246594,9.674957,0.12689209,2.0254822,9.58728,0.032165527,2.062149,-0.008514404,-0.008529663,0.0010681152,-20.292664,7.684326,6.0791016,0,0.0,0.0,0.0,0.0
0.322479248,0.12451251,0.7966892,-0.5914245,-0.16948743,0.6043802,0.7784592,0.97763526,0.0033111065,0.2102817,0.38443205,0.66628546,-0.63896453,-0.34523177,0.7456953,0.5698716,0.85617,0.001513956,0.51669204,9.674957,0.11730957,2.0542145,9.58728,0.032470703,2.062149,-0.014892578,-0.0138549805,0.007446289,-20.292664,7.684326,6.0791016,0,0.0,0.0,0.0,0.0
0.32687378,0.12450342,0.79667836,-0.59144104,-0.16951708,0.6043942,0.7784417,0.9776312,0.003340709,0.21029975,0.3788535,0.6691527,-0.6393002,-0.3429351,0.74312335,0.57459825,0.8595729,0.001549899,0.5110108,9.646225,0.12210083,2.1499786,9.587128,0.03276062,2.0623016,-0.0010681152,0.0063934326,-0.0053253174,-20.292664,7.684326,6.0791016,0,0.0,0.0,0.0,0.0
0.331268311,0.11621006,0.8247835,-0.553378,-0.17534092,0.5654384,0.8059372,0.977625,0.0033718075,0.21032797,0.37339306,0.67195266,-0.63957584,-0.3406337,0.74059236,0.57921636,0.862871,0.0015857152,0.50542176,9.708481,0.10293579,2.1452026,9.587128,0.033065796,2.0625916,-0.010650635,0.0010681152,-0.0138549805,-18.858337,6.967163,6.42395,0,0.0,0.0,0.0,0.0
0.335662842,0.11620695,0.8247802,-0.5533836,-0.17536113,0.56544316,0.8059295,0.9776218,0.0033873562,0.21034284,0.36772338,0.67539626,-0.6392334,-0.33868355,0.7374532,0.58434254,0.8660675,0.0016214371,0.49992436,9.646225,0.06463623,2.221817,9.587128,0.033218384,2.0627441,-0.007461548,-0.0021362305,-0.014923096,-18.858337,6.967163,6.42395,0,0.0,0.0,0.0,0.0
0.340057373,0.116218805,0.8247928,-0.5533624,-0.17541088,0.5654248,0.80593157,0.9776114,0.003401378,0.21039064,0.36772338,0.67539626,-0.6392334,-0.33868355,0.7374532,0.58434254,0.8660675,0.0016214371,0.49992436,9.646225,0.06463623,2.221817,9.586975,0.033355713,2.063202,-0.007461548,-0.0021362305,-0.014923096,-18.858337,6.967163,6.42395,0,0.0,0.0,0.0,0.0
0.344451905,0.09944267,0.8737793,-0.47604707,-0.18545185,0.4863109,0.853879,0.97760874,0.003371805,0.21040405,0.35675576,0.68203676,-0.63839734,-0.33473384,0.7313159,0.59424764,0.8721689,0.0016919229,0.489202,9.607925,-0.03111267,2.1212616,9.586975,0.033065796,2.0633392,0.0021362305,-0.015975952,0.0,-20.11261,6.071472,6.942749,0,0.0,0.0,0.0,0.0
0.348846436,0.09946921,0.87380564,-0.47599322,-0.18549159,0.4862637,0.85389715,0.9775984,0.0033562633,0.21045187,0.3508333,0.68659246,-0.63679415,-0.33339196,0.72704047,0.60021824,0.8750804,0.0017255206,0.48397443,9.617508,-0.03111267,2.1691437,9.5868225,0.032913208,2.063797,-0.0021362305,-0.017044067,0.01171875,-20.11261,6.071472,6.942749,0,0.0,0.0,0.0,0.0
0.353240967,0.099437945,0.8737747,-0.47605672,-0.1854392,0.48631936,0.85387695,0.97761154,0.0033718147,0.21039066,0.3450474,0.69103175,-0.63515145,-0.3320072,0.72282225,0.60605216,0.87790287,0.0017581354,0.47883546,9.674957,0.08378601,1.9440765,9.586975,0.033065796,2.063202,-0.004257202,-0.004257202,-0.0021362305,-20.11261,6.071472,6.942749,0,0.0,0.0,0.0,0.0
0.357635498,0.099421054,0.8737579,-0.47609094,-0.18539402,0.4863494,0.8538696,0.97762185,0.0033717966,0.21034285,0.33939442,0.69535625,-0.63347536,-0.33058158,0.718663,0.611751,0.8806402,0.0017904091,0.47378215,9.612717,0.03111267,1.9440765,9.587128,0.033065796,2.0627441,0.0032043457,-0.017044067,0.004257202,-20.11261,6.071472,6.942749,0,0.0,0.0,0.0,0.0
0.36203003,0.09942432,0.8737611,-0.47608432,-0.18546219,0.48634338,0.8538582,0.97760856,0.0034013682,0.21040402,0.33387193,0.6995694,-0.63176906,-0.32911897,0.7145623,0.6173179,0.88329506,0.0018220368,0.4688139,9.52652,0.10772705,2.2074432,9.586975,0.033355713,2.0633392,-0.0063934326,-0.010650635,0.0063934326,-20.11261,6.071472,6.942749,0,0.0,0.0,0.0,0.0
0.366424561,0.099428274,0.87376505,-0.47607628,-0.18544464,0.48633638,0.85386586,0.9776114,0.003387374,0.21039064,0.32847822,0.70367503,-0.63003457,-0.327625,0.71051955,0.622755,0.88586897,0.0018536235,0.4639317,9.574402,0.002380371,1.9919739,9.586975,0.033218384,2.063202,-0.0053253174,-0.007461548,0.003189087,-20.11261,6.071472,6.942749,0,0.0,0.0,0.0,0.0
0.370819092,0.105728865,0.85649276,-0.50521433,-0.18188825,0.5161478,0.83696365,0.9776186,0.0034013486,0.2103577,0.32321012,0.70767593,-0.62827545,-0.32610142,0.7065347,0.6280658,0.8883654,0.0018842985,0.45913324,9.674957,0.06942749,2.0015411,9.587128,0.033355713,2.0628967,0.0010681152,-0.0053253174,0.0063934326,-19.934082,6.25,6.42395,0,0.0,0.0,0.0,0.0
0.375213623,0.10570328,0.856465,-0.5052667,-0.18185352,0.51619375,0.8369428,0.9776278,0.0034169406,0.21031456,0.318288,0.7110906,-0.62693137,-0.32433206,0.70309776,0.6328209,0.89078695,0.0019146396,0.45441705,9.674957,0.04548645,1.9871826,9.587128,0.0335083,2.0624542,-0.0021362305,0.0,0.0021209717,-19.934082,6.25,6.42395,0,0.0,0.0,0.0,0.0
0.379608155,0.10572329,0.85648674,-0.5052258,-0.18187432,0.51615787,0.8369605,0.9776218,0.00340136,0.21034284,0.31337744,0.7142021,-0.6258673,-0.32264975,0.69993585,0.63717103,0.8931359,0.0022609055,0.44978124,9.569611,0.02154541,2.1212616,9.587128,0.033355713,2.0627441,0.0063934326,0.0,-0.0021362305,-19.934082,6.25,6.42395,0,0.0,0.0,0.0,0.0
0.384002686,0.115931325,0.82568854,-0.5520855,-0.17563549,0.5641159,0.80679953,0.9776053,0.0034324762,0.21041888,0.30868047,0.71745527,-0.62447923,-0.32085708,0.6966008,0.641715,0.89541453,0.0022837145,0.44522765,9.469055,0.09336853,2.2313843,9.586975,0.03366089,2.0634918,0.0010681152,0.0053253174,0.0,-19.934082,7.3257446,6.7703247,0,0.0,0.0,0.0,0.0
0.388397217,0.115947835,0.82570595,-0.5520559,-0.17569816,0.5640902,0.8068038,0.9775921,0.0034480442,0.21048006,0.30445662,0.7198374,-0.62381107,-0.31871116,0.6941389,0.6454413,0.8976243,0.0023066897,0.44075537,9.670166,0.07421875,2.2505493,9.5868225,0.033813477,2.064087,-0.004257202,-0.0053253174,-0.0138549805,-19.934082,7.3257446,6.7703247,0,0.0,0.0,0.0,0.0
0.392791748,0.1159447,0.8257026,-0.5520615,-0.17571834,0.56409496,0.80679613,0.9775889,0.0034635926,0.21049494,0.30032802,0.7221641,-0.6231228,-0.3165773,0.6917178,0.6490803,0.8997677,0.002329517,0.436363,9.603134,0.08378601,2.1068878,9.5868225,0.033966064,2.0642395,0.0010681152,-0.0063934326,0.0,-19.934082,7.3257446,6.7703247,0,0.0,0.0,0.0,0.0
0.39718628,0.12552528,0.7932463,-0.595822,-0.16906668,0.60889125,0.7750278,0.9775785,0.0034480512,0.21054274,0.29629233,0.72443634,-0.622417,-0.3144558,0.68933773,0.6526339,0.90184724,0.0023521986,0.4320487,9.660599,-0.011962891,2.2361755,9.58667,0.033813477,2.0646973,-0.007461548,0.0,0.003189087,-19.395447,7.5057983,5.9066772,0,0.0,0.0,0.0,0.0
0.401580811,0.12554961,0.793275,-0.5957785,-0.16906464,0.60885394,0.77505744,0.9775758,0.003416922,0.21055613,0.29269367,0.72589487,-0.6224204,-0.31202415,0.68780166,0.65541583,0.90386474,0.0023741156,0.4278119,9.622284,-0.05027771,2.0829468,9.58667,0.0335083,2.0648346,-0.0063934326,-0.008529663,0.0,-19.395447,7.5057983,5.9066772,0,0.0,0.0,0.0,0.0
0.405975342,0.12554574,0.79327047,-0.59578544,-0.16903207,0.60886,0.7750599,0.977582,0.0034013838,0.21052791,0.2891722,0.7273216,-0.62240076,-0.30962104,0.6862926,0.65813166,0.90582246,0.002394972,0.4236508,9.627075,-0.01675415,1.9919739,9.58667,0.033355713,2.0645447,-0.013839722,-0.014923096,0.0053253174,-19.395447,7.5057983,5.9066772,0,0.0,0.0,0.0,0.0
0.410369873,0.119303316,0.8148475,-0.5672656,-0.17341982,0.5796654,0.7961868,0.9775951,0.0033873715,0.21046671,0.28572613,0.72871673,-0.62236035,-0.30724633,0.68481094,0.6607826,0.9077226,0.0024151,0.41956392,9.564835,0.007171631,2.178711,9.5868225,0.033218384,2.0639496,0.0021362305,-0.01171875,0.0021209717,-20.292664,7.684326,6.7703247,0,0.0,0.0,0.0,0.0
0.414764405,0.11929138,0.8148346,-0.5672867,-0.17344482,0.5796835,0.79616827,0.9775922,0.003416925,0.21048008,0.2821317,0.730577,-0.62181896,-0.3051046,0.6828259,0.6638222,0.9095674,0.0024345454,0.41554925,9.54567,0.09336853,2.0781555,9.5868225,0.0335083,2.064087,-0.019165039,-0.02130127,-0.0032043457,-20.292664,7.684326,6.7703247,0,0.0,0.0,0.0,0.0
0.419158936,0.11927898,0.8148211,-0.56730855,-0.17341906,0.5797023,0.7961601,0.97759825,0.0034169462,0.21045183,0.27861705,0.7323946,-0.6212654,-0.3029836,0.68087596,0.66678995,0.91135806,0.0024541928,0.4116072,9.564835,0.04548645,1.9823914,9.5868225,0.0335083,2.063797,-0.008514404,-0.019180298,0.0010681152,-20.292664,7.684326,6.7703247,0,0.0,0.0,0.0,0.0
0.423553467,0.11079713,0.84179306,-0.5283072,-0.1789746,0.5397896,0.8225541,0.97759503,0.003416935,0.2104667,0.27518028,0.7341705,-0.62070084,-0.30088302,0.6789607,0.6696878,0.9130965,0.002473448,0.40773603,9.641449,0.026321411,2.1404114,9.5868225,0.0335083,2.0639496,-0.015960693,-0.010650635,0.003189087,-20.651245,6.967163,6.7703247,0,0.0,0.0,0.0,0.0
0.427947998,0.11083269,0.8418316,-0.5282383,-0.17905776,0.5397295,0.82257545,0.9775758,0.003416922,0.21055613,0.2715322,0.736558,-0.61947775,-0.2990659,0.67636985,0.6731148,0.9147841,0.0024923177,0.40393552,9.641449,0.04069519,2.2840576,9.58667,0.0335083,2.0648346,0.0010681152,-0.010650635,0.0053253174,-20.651245,6.967163,6.7703247,0,0.0,0.0,0.0,0.0
0.43234253,0.11081552,0.84181297,-0.5282715,-0.1790177,0.5397585,0.8225652,0.97758514,0.0034169545,0.21051304,0.26796883,0.7388898,-0.6182512,-0.29726028,0.67382157,0.67646194,0.91642183,0.00251081,0.4002058,9.411606,0.02154541,1.9440765,9.58667,0.0335083,2.064392,0.0053253174,-0.015975952,0.0053253174,-20.651245,6.967163,6.7703247,0,0.0,0.0,0.0,0.0
0.436737061,0.11063096,0.8426132,-0.5270329,-0.17925522,0.53850853,0.82333237,0.9775625,0.0033873608,0.21061854,0.26448742,0.741166,-0.6170246,-0.29546496,0.67131704,0.6797307,0.9180124,0.0025289326,0.39654347,9.603134,-0.026321411,2.3511047,9.586533,0.033218384,2.065445,-0.008514404,-0.015975952,0.0010681152,-20.292664,6.25,5.732727,0,0.0,0.0,0.0,0.0
0.441131592,0.11060801,0.84258485,-0.5270832,-0.17925245,0.5385528,0.82330394,0.9775655,0.0034169352,0.21060364,0.2610793,0.7434083,-0.6157774,-0.29369035,0.6688331,0.68294096,0.9195562,0.002546101,0.39295033,9.612717,0.07899475,2.0302734,9.586533,0.0335083,2.0652924,-0.0010681152,-0.014923096,-0.0021362305,-20.292664,6.25,5.732727,0,0.0,0.0,0.0,0.0
0.445526123,0.11059552,0.84256935,-0.5271105,-0.17927817,0.5385768,0.82328266,0.97756225,0.0034480433,0.21061848,0.25784522,0.74557865,-0.6145147,-0.2919293,0.66641295,0.6860547,0.9210283,0.002498923,0.38948765,9.603134,0.11251831,2.0925293,9.586533,0.033813477,2.065445,0.0,0.0010681152,0.0010681152,-20.292664,6.25,5.732727,0,0.0,0.0,0.0,0.0
0.449920655,0.105686426,0.8569771,-0.5044012,-0.1822302,0.51534307,0.83738494,0.97755945,0.0034169138,0.21063189,0.25459042,0.7477158,-0.61327386,-0.2901806,0.66401416,0.6891157,0.9224852,0.0025179056,0.38602427,9.583984,-0.03590393,2.0973206,9.586533,0.0335083,2.0655823,-0.01171875,-0.0063934326,-0.0021362305,-19.395447,6.071472,6.251526,0,0.0,0.0,0.0,0.0
0.454315186,0.10569314,0.85698444,-0.5043875,-0.18224722,0.5153311,0.8373888,0.97755563,0.0034169548,0.21064998,0.25125355,0.75016433,-0.6116577,-0.28858274,0.66124654,0.6924399,0.92390025,0.0025358857,0.38262504,9.674957,0.026321411,2.1595612,9.58638,0.0335083,2.0657349,-0.007461548,-0.0063934326,0.0095825195,-19.395447,6.071472,6.251526,0,0.0,0.0,0.0,0.0
0.458709717,0.105671994,0.8569615,-0.5044308,-0.18222341,0.515369,0.8373706,0.9775623,0.0034324836,0.21061851,0.24799505,0.75255424,-0.61004966,-0.2869934,0.65852535,0.69568616,0.92527467,0.002553507,0.3792891,9.531311,0.07421875,1.953659,9.586533,0.03366089,2.065445,0.004257202,-0.0138549805,0.0,-19.395447,6.071472,6.251526,0,0.0,0.0,0.0,0.0
0.463104248,0.119748585,0.81335425,-0.56931114,-0.17318791,0.5817586,0.7947092,0.97758174,0.0034325027,0.21052787,0.24481262,0.75488615,-0.60845184,-0.28541255,0.6558508,0.69885576,0.92661023,0.0025710864,0.37601456,9.627075,0.03111267,1.8435211,9.58667,0.03366089,2.0645447,0.0032043457,-0.012786865,-0.0053253174,-19.216919,7.3257446,6.42395,0,0.0,0.0,0.0,0.0
0.46749878,0.119775735,0.8133836,-0.56926334,-0.17316826,0.5817177,0.7947434,0.977582,0.00338738,0.21052791,0.2421545,0.75612324,-0.60797936,-0.28345585,0.65442413,0.7009863,0.9279084,0.0025883147,0.3727993,9.636658,-0.06463623,2.0590057,9.58667,0.033218384,2.0645447,0.0053253174,-0.0010681152,0.0063934326,-19.216919,7.3257446,6.42395,0,0.0,0.0,0.0,0.0
0.471893311,0.119782306,0.8133908,-0.5692519,-0.17318183,0.5817079,0.7947478,0.97757876,0.0033873687,0.21054278,0.23955496,0.75733364,-0.6075024,-0.28152588,0.65302294,0.7030677,0.92916983,0.0026042957,0.36964393,9.607925,0.03590393,2.1068878,9.58667,0.033218384,2.0646973,0.0,-0.007461548,0.0,-19.216919,7.3257446,6.42395,0,0.0,0.0,0.0,0.0
0.476287842,0.0971393,0.87985206,-0.46521428,-0.18684065,0.47523555,0.85979176,0.9775759,0.0034013626,0.21055618,0.23701267,0.75851744,-0.60702246,-0.27962333,0.65164745,0.7051003,0.9303955,0.0026199573,0.36654785,9.550461,0.05505371,2.111679,9.58667,0.033355713,2.0648346,0.0010681152,-0.0021362305,0.0063934326,-19.216919,6.25,7.8079224,0,0.0,0.0,0.0,0.0
0.480682373,0.09712072,0.87983644,-0.46524757,-0.18688786,0.47526398,0.8597657,0.9775687,0.0034480658,0.21058875,0.23382752,0.76130635,-0.60476226,-0.2783363,0.648387,0.7086065,0.9315866,0.0026355854,0.36350992,9.622284,0.12689209,2.13562,9.586533,0.033813477,2.0651398,0.0021362305,-0.015975952,-0.010650635,-19.216919,6.25,7.8079224,0,0.0,0.0,0.0,0.0
0.485076905,0.09713138,0.8798454,-0.46522847,-0.18691583,0.47524744,0.8597687,0.97756225,0.0034480433,0.21061848,0.23071866,0.7640254,-0.60252315,-0.27705163,0.64518076,0.7120282,0.93274397,0.002651835,0.3605297,9.569611,0.05984497,2.1499786,9.586533,0.033813477,2.065445,-0.003189087,-0.0032043457,-0.0010681152,-19.216919,6.25,7.8079224,0,0.0,0.0,0.0,0.0
0.489471436,0.12122363,0.8084955,-0.5758819,-0.17226976,0.58849233,0.7899367,0.97756225,0.0034480433,0.21061848,0.22768436,0.7666772,-0.60030484,-0.27576986,0.6420272,0.71536845,0.9338687,0.002667759,0.357606,9.617508,0.03590393,2.0781555,9.586533,0.033813477,2.065445,-0.013839722,0.0021209717,-0.0063934326,-19.754028,6.4300537,4.8690796,0,0.0,0.0,0.0,0.0
0.493865967,0.12121742,0.80848676,-0.5758955,-0.17225596,0.5885044,0.78993076,0.97756547,0.0034480544,0.21060362,0.22545727,0.767549,-0.6000314,-0.27388847,0.6409848,0.7170242,0.93496215,0.0026833648,0.35473746,9.583984,0.026321411,2.0350647,9.586533,0.033813477,2.0652924,-0.017028809,0.003189087,0.0063934326,-19.754028,6.4300537,4.8690796,0,0.0,0.0,0.0,0.0
0.498260498,0.12122363,0.8084955,-0.5758819,-0.17226976,0.58849233,0.7899367,0.97756225,0.0034480433,0.21061848,0.22327793,0.7684017,-0.59975487,-0.2720366,0.6399622,0.71864074,0.93602514,0.0026986587,0.3519228,9.646225,0.026321411,2.0973206,9.586533,0.033813477,2.065445,-0.0010681152,-0.009597778,-0.0010681152,-19.754028,6.4300537,4.8690796,0,0.0,0.0,0.0,0.0
