Time,Rot1,Rot2,Rot3,Rot4,Rot5,Rot6,Rot7,Rot8,Rot9,FRot1,FRot2,FRot3,FRot4,FRot5,FRot6,FRot7,FRot8,FRot9,AccX,AccY,AccZ,GravX,GravY,GravZ,GyroX,GyroY,GyroZ,MagX,MagY,MagZ,Imid
0.0,0.18681799,-0.42111126,-0.88756084,0.09219984,0.9069948,-0.4109252,0.9780584,-0.0050647496,0.20826936,1.0,0.0,0.0,0.0,1.0,0.0,0.0,0.0,1.0,9.619888,-0.08378601,1.8435211,9.591309,-0.04966736,2.042389,0.0,0.0,0.0,-25.671387,19.517517,-14.663696,0,0.0,0.0,0.0,0.0
0.004425049,0.18690409,-0.42101783,-0.88758713,0.092266336,0.90703803,-0.41081515,0.97803575,-0.005111384,0.20837487,0.99959177,-0.0086934045,-0.027216235,0.008692941,0.9999622,-1.3534904E-4,0.027216382,-1.01295336E-4,0.99962956,9.629471,-0.11730957,1.9632416,9.591171,-0.050125122,2.0434418,0.007446289,0.020217896,0.006378174,-25.671387,19.517517,-14.663696,0,0.0,0.0,0.0,0.0
0.00881958,0.18702973,-0.4208812,-0.88762546,0.09225638,0.9071016,-0.41067696,0.97801256,-0.005080306,0.20848393,0.9984001,-0.017210249,-0.053862333,0.017196113,0.9998519,-7.258868E-4,0.05386685,-2.0149746E-4,0.99854815,9.634262,-0.007171631,1.9105682,9.590866,-0.049819946,2.0444946,-0.011703491,0.03086853,0.0010528564,-25.671387,19.517517,-14.663696,0,0.0,0.0,0.0,0.0
0.013244629,0.1821694,-0.4670531,-0.86526054,0.10186033,0.8842146,-0.4558388,0.97797686,-0.005095842,0.208651,0.99647325,-0.025552535,-0.07992653,0.025494652,0.9996734,-0.0017447787,0.07994501,-2.99074E-4,0.99679923,9.60553,-0.04069519,1.9919739,9.590561,-0.049972534,2.0461426,-0.0063934326,0.04046631,-0.005340576,-26.208496,17.904663,-15.182495,0,0.0,0.0,0.0,0.0
0.01763916,0.18238488,-0.46681032,-0.8653462,0.10194343,0.88434273,-0.45557186,0.9779281,-0.0051269424,0.20887895,0.9938229,-0.034756437,-0.1053953,0.034604304,0.9993957,-0.0032723353,0.105445355,-3.950097E-4,0.99442506,9.600739,-0.07421875,2.087738,9.590118,-0.05027771,2.0483856,-0.009597778,0.04472351,0.0021209717,-26.208496,17.904663,-15.182495,0,0.0,0.0,0.0,0.0
0.022033692,0.18256426,-0.466608,-0.86541736,0.10199936,0.88444924,-0.45535213,0.9778887,-0.0051409844,0.20906256,0.99051327,-0.04376792,-0.13026041,0.04345819,0.9990416,-0.00522076,0.13036406,-4.896487E-4,0.99146605,9.696503,-0.007171631,2.0063324,9.589661,-0.05041504,2.050171,0.004257202,0.048980713,0.003189087,-26.208496,17.904663,-15.182495,0,0.0,0.0,0.0,0.0
0.02645874,0.18474007,-0.44912082,-0.8741633,0.098458946,0.89345646,-0.4382254,0.97784305,-0.0051114177,0.20927717,0.9865893,-0.052591156,-0.15451737,0.052048054,0.9986159,-0.0075610513,0.15470114,-5.8267574E-4,0.9879611,9.682144,-0.026321411,2.1068878,9.589218,-0.050125122,2.0522766,-0.0053253174,0.05218506,0.007446289,-25.312805,18.800354,-15.008545,0,0.0,0.0,0.0,0.0
0.030853272,0.18484946,-0.4490033,-0.8742006,0.09851536,0.8935153,-0.43809262,0.9778167,-0.005141007,0.20939955,0.98211765,-0.060841262,-0.17816629,0.059984565,0.9981472,-0.01019631,0.17845653,-6.7325094E-4,0.9839476,9.706085,-0.08378601,2.1068878,9.588913,-0.05041504,2.0534668,-0.008529663,0.045791626,-0.007461548,-25.312805,18.800354,-15.008545,0,0.0,0.0,0.0,0.0
0.035278321,0.18484905,-0.44900376,-0.87420046,0.09854931,0.89351493,-0.43808582,0.97781336,-0.0051721088,0.2094144,0.97712135,-0.06891971,-0.20120603,0.06765759,0.9976219,-0.013151394,0.20163393,-7.6260645E-4,0.97946066,9.533707,-0.12210083,2.0973206,9.588913,-0.050720215,2.0536194,0.017044067,0.027679443,0.007446289,-25.312805,18.800354,-15.008545,0,0.0,0.0,0.0,0.0
0.039672852,0.18809521,-0.4194664,-0.8880698,0.09243967,0.9077563,-0.40918612,0.97779095,-0.0051269415,0.20951997,0.9716389,-0.07683223,-0.22363949,0.07506589,0.99704367,-0.01640208,0.22423856,-8.507968E-4,0.9745339,9.60553,0.07899475,2.0063324,9.588776,-0.05027771,2.0546722,-0.009597778,0.018096924,0.0,-25.671387,18.800354,-14.317322,0,0.0,0.0,0.0,0.0
0.044067383,0.18810964,-0.41945028,-0.8880745,0.09240869,0.9077641,-0.40917617,0.9777911,-0.0050958223,0.20951998,0.96576166,-0.08392827,-0.24548,0.081573136,0.9964714,-0.019764973,0.24627262,-9.363201E-4,0.96920013,9.662994,0.002380371,2.0829468,9.588776,-0.049972534,2.0546722,0.0,0.028747559,-0.0010681152,-25.671387,18.800354,-14.317322,0,0.0,0.0,0.0,0.0
0.048492432,0.18813466,-0.41942218,-0.8880824,0.092429884,0.9077769,-0.4091428,0.9777843,-0.005111428,0.20955142,0.95980895,-0.0908452,-0.2655447,0.087710656,0.99586487,-0.02366481,0.26659647,-5.7740655E-4,0.96380806,9.634262,-0.06942749,2.1260376,9.588623,-0.050125122,2.0549622,0.0063934326,0.018096924,-0.0021362305,-25.671387,18.800354,-14.317322,0,0.0,0.0,0.0,0.0
0.052886963,0.18194686,-0.47648883,-0.8601475,0.104295895,0.87916565,-0.46496245,0.97776157,-0.0051113907,0.20965727,0.9531726,-0.09765162,-0.28622723,0.093718894,0.9952204,-0.02744184,0.28753892,-6.6808733E-4,0.9577687,9.548065,-0.04069519,1.8243713,9.58847,-0.050125122,2.056015,0.0,0.017028809,-0.0010681152,-23.698425,18.980408,-15.527344,0,0.0,0.0,0.0,0.0
0.057312012,0.18198124,-0.47645518,-0.8601589,0.10427081,0.8791841,-0.46493328,0.9777579,-0.0050803325,0.20967537,0.9531726,-0.09765162,-0.28622723,0.093718894,0.9952204,-0.02744184,0.28753892,-6.6808733E-4,0.9577687,9.548065,-0.04069519,1.8243713,9.588318,-0.049819946,2.0561676,0.0,0.017028809,-0.0010681152,-23.698425,18.980408,-15.527344,0,0.0,0.0,0.0,0.0
0.061706543,0.1820901,-0.47634864,-0.8601948,0.104352586,0.8792414,-0.46480623,0.9777288,-0.005126942,0.2098094,0.9386358,-0.11335646,-0.32575008,0.10736878,0.993554,-0.036364026,0.3277724,-8.428129E-4,0.9447563,9.524124,-0.09336853,2.0494232,9.588165,-0.05027771,2.0575104,-0.0010681152,0.025543213,-0.008529663,-23.698425,18.980408,-15.527344,0,0.0,0.0,0.0,0.0
0.066101074,0.18683766,-0.43349677,-0.8815738,0.0954248,0.9011408,-0.42289448,0.97774535,-0.0051113875,0.20973337,0.9309107,-0.12096176,-0.34463537,0.11376225,0.99265677,-0.041118875,0.34707844,-9.2849584E-4,0.93783563,9.519333,-0.011962891,1.8291626,9.588318,-0.050125122,2.0567627,-0.0063934326,0.03086853,0.0053253174,-25.132751,19.33899,-14.836121,0,0.0,0.0,0.0,0.0
0.070526123,0.18694755,-0.43338013,-0.8816078,0.09547947,0.90119654,-0.42276284,0.9777189,-0.005140967,0.2098554,0.9230333,-0.1274534,-0.3629947,0.11898448,0.991844,-0.04569562,0.36585817,-0.001012154,0.9306701,9.504974,-0.05984497,1.8339539,9.588028,-0.05041504,2.057953,-0.0010681152,0.024475098,-0.0032043457,-25.132751,19.33899,-14.836121,0,0.0,0.0,0.0,0.0
0.074920655,0.18707342,-0.4332464,-0.88164675,0.095505305,0.90126073,-0.4226199,0.97769225,-0.0051409905,0.20997928,0.9149254,-0.13380738,-0.38079792,0.123959064,0.99100673,-0.050396048,0.38411668,-0.0010947306,0.92328393,9.643829,0.03590393,1.8578949,9.587723,-0.05041504,2.0591583,-0.020233154,0.04685974,0.0010528564,-25.132751,19.33899,-14.836121,0,0.0,0.0,0.0,0.0
0.079345703,0.18721345,-0.4330977,-0.88169014,0.09560146,0.90133196,-0.42244646,0.97765607,-0.0052032033,0.21014623,0.9066118,-0.14002599,-0.39805493,0.12868963,0.9901471,-0.055205427,0.40186313,-0.0011756562,0.91569895,9.490601,-0.04069519,2.1260376,9.587418,-0.05102539,2.0608063,0.004257202,0.04685974,0.0095825195,-25.132751,19.33899,-14.836121,0,0.0,0.0,0.0,0.0
0.083740235,0.18746296,-0.43283266,-0.8817673,0.095684506,0.9014591,-0.42215633,0.97760016,-0.0052327923,0.21040556,0.9066118,-0.14002599,-0.39805493,0.12868963,0.9901471,-0.055205427,0.40186313,-0.0011756562,0.91569895,9.490601,-0.04069519,2.1260376,9.5868225,-0.051315308,2.0633392,0.004257202,0.04685974,0.0095825195,-25.132751,19.33899,-14.836121,0,0.0,0.0,0.0,0.0
0.088134766,0.1878724,-0.43239748,-0.8818936,0.09571876,0.90166813,-0.4217018,0.9775182,-0.0051876386,0.2107871,0.9066118,-0.14002599,-0.39805493,0.12868963,0.9901471,-0.055205427,0.40186313,-0.0011756562,0.91569895,9.490601,-0.04069519,2.1260376,9.586075,-0.050872803,2.067093,0.004257202,0.04685974,0.0095825195,-25.132751,19.33899,-14.836121,0,0.0,0.0,0.0,0.0
0.092559815,0.18358116,-0.47261155,-0.8619375,0.104207404,0.88125557,-0.4610091,0.97746545,-0.0051876805,0.21103154,0.88068354,-0.15785909,-0.44662845,0.1414356,0.9874606,-0.07012459,0.45209783,-0.0014115939,0.89196724,9.619888,-0.17477417,1.8387451,9.58548,-0.050872803,2.0694733,0.0063934326,0.07987976,-0.009597778,-25.312805,18.800354,-15.699768,0,0.0,0.0,0.0,0.0
0.096954346,0.18394335,-0.47223285,-0.8620679,0.104280844,0.8814587,-0.46060407,0.9773896,-0.0051721227,0.21138328,0.8716424,-0.16444653,-0.4617323,0.1460225,0.9863848,-0.075645916,0.46788546,-0.0014871159,0.8837878,9.643829,-0.07899475,2.0542145,9.584732,-0.050720215,2.0729218,-0.0021362305,0.07987976,-0.010665894,-25.312805,18.800354,-15.699768,0,0.0,0.0,0.0,0.0
0.101379395,0.18430267,-0.47185683,-0.862197,0.104387686,0.8816599,-0.46019453,0.9773105,-0.0051876674,0.21174832,0.8624985,-0.17088667,-0.476334,0.1503555,0.98528945,-0.081227526,0.48320758,-0.0015608164,0.87550443,9.557648,-0.05505371,2.1260376,9.583984,-0.050872803,2.0765076,0.0063934326,0.08413696,-0.005340576,-25.312805,18.800354,-15.699768,0,0.0,0.0,0.0,0.0
0.105773926,0.1856861,-0.4608239,-0.867849,0.10219736,0.8874761,-0.4493795,0.97728014,-0.005248355,0.21188697,0.8532699,-0.17718251,-0.49044555,0.15444182,0.98417664,-0.0868564,0.49807453,-0.0016333538,0.8671327,9.62468,-0.11730957,1.9345093,9.583679,-0.051467896,2.0778656,0.0010528564,0.08200073,0.0021209717,-24.415588,20.056152,-15.873718,0,0.0,0.0,0.0,0.0
0.110168457,0.18593684,-0.46057913,-0.8679253,0.10224413,0.8876032,-0.44911766,0.97722757,-0.0052327556,0.21212965,0.84400934,-0.18310018,-0.50410575,0.1580852,0.9830928,-0.092399456,0.5125011,-0.0017056541,0.8586849,9.610321,-0.05984497,2.226593,9.583237,-0.051315308,2.0802612,0.013839722,0.047912598,0.010650635,-24.415588,20.056152,-15.873718,0,0.0,0.0,0.0,0.0
0.114593506,0.1861056,-0.4604142,-0.86797655,0.10228711,0.8876887,-0.44893873,0.9771909,-0.005232809,0.21229832,0.83623284,-0.18896708,-0.5147875,0.16150199,0.9819828,-0.098116554,0.5240533,-0.0010909197,0.85168475,9.600739,-0.04548645,2.1499786,9.582779,-0.051315308,2.081894,0.0095825195,0.043655396,-0.004272461,-24.415588,20.056152,-15.873718,0,0.0,0.0,0.0,0.0
0.118988037,0.18883045,-0.43726063,-0.87928736,0.097465366,0.8993199,-0.42629153,0.97716105,-0.0052032433,0.21243674,0.8268892,-0.19462715,-0.527612,0.16471617,0.98087656,-0.103680715,0.53770137,-0.001173758,0.8431345,9.653412,-0.01675415,2.1452026,9.582489,-0.05102539,2.083252,-0.0021362305,0.034072876,-0.0010681152,-25.132751,18.980408,-14.836121,0,0.0,0.0,0.0,0.0
0.123413086,0.18885921,-0.43722966,-0.87929654,0.09747114,0.89933485,-0.42625841,0.97715485,-0.0052032103,0.21246494,0.817604,-0.19965997,-0.54005516,0.16730258,0.9798644,-0.10897485,0.5509388,-0.001254348,0.8345447,9.58638,-0.03111267,2.173935,9.582489,-0.05102539,2.0835419,-0.0032043457,0.029815674,-0.0032043457,-25.132751,18.980408,-14.836121,0,0.0,0.0,0.0,0.0
0.127807617,0.1889456,-0.43713692,-0.87932414,0.09743796,0.89938027,-0.42617032,0.9771415,-0.0051565426,0.21252766,0.80830276,-0.20458636,-0.55207884,0.16970918,0.97884756,-0.11426352,0.56377786,-0.0013333256,0.8259254,9.62468,0.04548645,2.2361755,9.582336,-0.050567627,2.0841522,-0.0063934326,0.018096924,0.0053253174,-25.132751,18.980408,-14.836121,0,0.0,0.0,0.0,0.0
0.132202149,0.19220072,-0.4060891,-0.8933927,0.0909586,0.9138187,-0.39580527,0.9771312,-0.0051876903,0.21257395,0.79899776,-0.20940717,-0.5636943,0.17194057,0.9778275,-0.11953991,0.57622826,-0.0014097902,0.81728756,9.60553,-0.10293579,2.245758,9.582184,-0.050872803,2.0845947,-0.0021362305,0.008514404,-0.0032043457,-25.312805,19.517517,-14.317322,0,0.0,0.0,0.0,0.0
0.136627197,0.19213127,-0.40616485,-0.89337325,0.090882145,0.9137855,-0.39589974,0.977152,-0.005126952,0.21247989,0.789818,-0.2134576,-0.5749985,0.17346463,0.9769511,-0.124404065,0.5883005,-0.0014853486,0.80864096,9.58638,-0.07421875,2.1452026,9.582489,-0.05027771,2.0836945,-0.007461548,-0.0032043457,0.008514404,-25.312805,19.517517,-14.317322,0,0.0,0.0,0.0,0.0
0.141021729,0.19198465,-0.4063248,-0.893332,0.09087281,0.91371423,-0.39606616,0.9771817,-0.005140957,0.21234299,0.7806526,-0.2174251,-0.58592486,0.17485155,0.97607577,-0.1292402,0.6000071,-0.001558181,0.79999316,9.581589,-0.05027771,2.1882935,9.582779,-0.05041504,2.0823517,-0.008529663,-0.027694702,-0.015991211,-25.312805,19.517517,-14.317322,0,0.0,0.0,0.0,0.0
0.145446778,0.18670498,-0.4545137,-0.8709526,0.10089555,0.89072496,-0.44320318,0.97722125,-0.0051269974,0.21216121,0.77150923,-0.22131315,-0.59648466,0.17610879,0.9752015,-0.13404422,0.61135846,-0.0016298369,0.79135215,9.548065,-0.10772705,2.178711,9.583084,-0.05027771,2.0805511,-0.019165039,-0.039413452,-0.0021362305,-25.491333,18.621826,-15.182495,0,0.0,0.0,0.0,0.0
0.149841309,0.18652025,-0.45471376,-0.8708879,0.10078667,0.89062333,-0.44343245,0.9772678,-0.005064765,0.21194835,0.76220673,-0.22616045,-0.6065413,0.1780525,0.9740886,-0.13945878,0.622365,-0.0016997802,0.78272533,9.557648,0.03111267,2.1499786,9.583527,-0.04966736,2.0784607,-0.012771606,-0.051132202,-0.012786865,-25.491333,18.621826,-15.182495,0,0.0,0.0,0.0,0.0
0.15423584,0.18638799,-0.45485696,-0.8708413,0.10074217,0.89055014,-0.4435892,0.97729754,-0.005050754,0.21181113,0.7529421,-0.23090975,-0.6162457,0.17984076,0.9729736,-0.14484382,0.6330367,-0.0017670802,0.7741198,9.509766,-0.04069519,2.178711,9.583832,-0.04953003,2.077118,0.0063934326,-0.053268433,-0.004272461,-25.491333,18.621826,-15.182495,0,0.0,0.0,0.0,0.0
0.158660889,0.17797577,-0.5217171,-0.83434755,0.11452244,0.8531041,-0.50901663,0.9773481,-0.0049588988,0.2115802,0.743724,-0.23556188,-0.62560797,0.18147942,0.97185767,-0.15019311,0.64338166,-0.0018327539,0.76554346,9.567215,-0.06942749,2.15477,9.584427,-0.04862976,2.0748749,-0.027694702,-0.042617798,-0.009597778,-22.981262,17.546082,-15.873718,0,0.0,0.0,0.0,0.0
0.16305542,0.17779817,-0.52188754,-0.8342789,0.11442788,0.8530001,-0.50921226,0.9773914,-0.0049277623,0.21138032,0.73427725,-0.2416036,-0.634401,0.1840966,0.9703732,-0.15647468,0.65341055,-0.001895277,0.75700134,9.768341,-0.04069519,2.063797,9.584885,-0.048324585,2.0729218,-0.0010681152,-0.057525635,-0.02557373,-22.981262,17.546082,-15.873718,0,0.0,0.0,0.0,0.0
0.167480469,0.17748958,-0.5221836,-0.8341593,0.114289775,0.8528191,-0.5095464,0.9774637,-0.0048967013,0.21104674,0.7248891,-0.2475193,-0.64286083,0.18652557,0.968881,-0.16272014,0.663132,-0.001955927,0.74849993,9.648621,0.04548645,2.015915,9.58548,-0.04801941,2.0696259,-0.0021362305,-0.042617798,-0.007461548,-22.981262,17.546082,-15.873718,0,0.0,0.0,0.0,0.0
0.171875,0.18322513,-0.47414005,-0.86117345,0.10414333,0.8804356,-0.46258757,0.9775391,-0.004927817,0.21069646,0.71556365,-0.2533145,-0.6509996,0.18877517,0.9673819,-0.16892669,0.67255676,-0.0020147425,0.7400428,9.552856,-0.10772705,2.087738,9.586227,-0.048324585,2.0661926,-0.019165039,-0.0703125,-0.004272461,-25.491333,18.980408,-15.873718,0,0.0,0.0,0.0,0.0
0.176300049,0.18292484,-0.47445276,-0.8610651,0.104049526,0.8802672,-0.46292895,0.9776053,-0.0049122064,0.21038932,0.7065189,-0.25791416,-0.65902305,0.19006513,0.9661656,-0.17435385,0.6816937,-0.0020730044,0.7316348,9.610321,-0.08378601,2.202652,9.586975,-0.048171997,2.063202,-0.0021362305,-0.08203125,0.0021209717,-25.491333,18.980408,-15.873718,0,0.0,0.0,0.0,0.0
0.18069458,0.18254392,-0.47484922,-0.8609274,0.103919335,0.88005364,-0.4633642,0.97769034,-0.004882687,0.20999444,0.6975478,-0.26242304,-0.66675425,0.1912257,0.96495056,-0.1797307,0.6905504,-0.0021297885,0.7232812,9.696503,0.007171631,2.0254822,9.587723,-0.04788208,2.059311,0.004257202,-0.08203125,-0.005340576,-25.491333,18.980408,-15.873718,0,0.0,0.0,0.0,0.0
0.185089112,0.18076803,-0.4869125,-0.8545403,0.10622071,0.8734372,-0.4752101,0.9777731,-0.0048670815,0.20960972,0.68491924,-0.2666046,-0.6780911,0.19102179,0.9638036,-0.18599264,0.70313317,-0.0021402233,0.711055,9.562439,-0.08857727,2.1020966,9.588623,-0.047729492,2.0555573,-0.0021362305,-0.08522034,-0.0032043457,-23.878479,18.08319,-15.354919,0,0.0,0.0,0.0,0.0
0.18951416,0.18034528,-0.48733974,-0.8543861,0.10606787,0.8731991,-0.47568166,0.9778677,-0.0048359763,0.20916842,0.6760902,-0.27120247,-0.68509215,0.1921192,0.9625198,-0.19143097,0.71133137,-0.0021947604,0.70285344,9.504974,0.03111267,2.0925293,9.589523,-0.047424316,2.0512238,-0.007461548,-0.09375,-0.010665894,-23.878479,18.08319,-15.354919,0,0.0,0.0,0.0,0.0
0.193908692,0.18001789,-0.48767042,-0.8542663,0.105840236,0.873015,-0.47606987,0.97795266,-0.004714652,0.20877351,0.6673465,-0.27571183,-0.6918321,0.19309683,0.9612377,-0.1968138,0.71927905,-0.002247585,0.6947177,9.567215,-0.007171631,1.929718,9.590271,-0.04623413,2.0473328,-0.015975952,-0.10333252,-0.0063934326,-23.878479,18.08319,-15.354919,0,0.0,0.0,0.0,0.0
0.19833374,0.17837481,-0.49780345,-0.8487487,0.10770112,0.8672771,-0.48603594,0.9780505,-0.004714614,0.20831434,0.65869284,-0.28013235,-0.69831914,0.19395733,0.9599587,-0.20213848,0.726983,-0.0022969265,0.68665165,9.667786,-0.05984497,1.6902924,9.591309,-0.04623413,2.0428467,0.003189087,-0.08415222,-0.0234375,-24.23706,18.08319,-15.699768,0,0.0,0.0,0.0,0.0
0.202728272,0.17818043,-0.49799958,-0.84867436,0.10760895,0.8671647,-0.486257,0.9780962,-0.0046834894,0.20810096,0.6500869,-0.284682,-0.7045163,0.19485375,0.9586192,-0.2075605,0.73445153,-0.0023452805,0.6786571,9.567215,-0.04069519,1.953659,9.591766,-0.045928955,2.0407562,0.003189087,-0.071380615,0.0,-24.23706,18.08319,-15.699768,0,0.0,0.0,0.0,0.0
0.207122803,0.17801058,-0.49817085,-0.84860945,0.107508145,0.86706644,-0.48645422,0.97813815,-0.004638425,0.20790444,0.64158,-0.28913873,-0.71047443,0.19563654,0.9572842,-0.21291612,0.74168825,-0.0023920448,0.6707405,9.60553,-0.011962891,1.8626862,9.592056,-0.04548645,2.038803,0.0063934326,-0.043685913,-0.0063934326,-24.23706,18.08319,-15.699768,0,0.0,0.0,0.0,0.0
0.211547852,0.17743133,-0.5020014,-0.84647083,0.108253,0.8648544,-0.49021256,0.9781613,-0.004653947,0.20779538,0.63317466,-0.29350406,-0.7162019,0.19631045,0.9559547,-0.21820351,0.74870026,-0.0024369727,0.66290426,9.629471,-0.05027771,1.7429657,9.592361,-0.045639038,2.0377502,-0.0010681152,-0.026641846,-0.007461548,-24.057007,18.263245,-15.873718,0,0.0,0.0,0.0,0.0
0.215942383,0.17735437,-0.50207746,-0.8464418,0.10817679,0.8648104,-0.49030682,0.9781836,-0.0046072993,0.20769101,0.6248576,-0.29786062,-0.72168696,0.1969347,0.9546061,-0.22348116,0.75549304,-0.0024813123,0.65515196,9.60553,0.02154541,1.8387451,9.592514,-0.045181274,2.0367126,-0.010650635,-0.0032043457,-0.0010681152,-24.057007,18.263245,-15.873718,0,0.0,0.0,0.0,0.0
0.220367432,0.17729388,-0.5021372,-0.8464189,0.10815833,0.8647756,-0.49037203,0.9781966,-0.0046072872,0.20762978,0.61664796,-0.30212572,-0.7269562,0.19745673,0.9532648,-0.22868569,0.7620736,-0.002523832,0.64748555,9.591171,-0.05984497,1.8818359,9.592667,-0.045181274,2.0361176,0.025558472,-0.0063934326,0.0021209717,-24.057007,18.263245,-15.873718,0,0.0,0.0,0.0,0.0
0.224761963,0.18208958,-0.4617543,-0.86811656,0.09987361,0.8869959,-0.45084757,0.9781966,-0.0046072872,0.20762978,0.608548,-0.30630094,-0.7320171,0.1978822,0.9519313,-0.23381506,0.7684478,-0.0025655013,0.63990736,9.58638,-0.03111267,2.0302734,9.592667,-0.045181274,2.0361176,0.0021209717,-0.004272461,-0.015991211,-23.878479,18.800354,-15.008545,0,0.0,0.0,0.0,0.0
0.229156494,0.18210189,-0.46174183,-0.8681206,0.09994359,0.8870021,-0.4508199,0.9781872,-0.0046679256,0.20767291,0.60074246,-0.30951044,-0.73709685,0.19766165,0.9508925,-0.23818767,0.7746214,-0.002606337,0.6324198,9.667786,0.007171631,1.9440765,9.592667,-0.045776367,2.03656,-0.0063934326,0.0095825195,-0.010665894,-23.878479,18.800354,-15.008545,0,0.0,0.0,0.0,0.0
0.233581543,0.18219614,-0.4616467,-0.8681514,0.099967495,0.88705164,-0.45071718,0.97816724,-0.0046679787,0.20776707,0.5930467,-0.31265205,-0.7419867,0.19737981,0.94986403,-0.24248613,0.78060025,-0.002647569,0.625025,9.730026,-0.03111267,1.9680328,9.592361,-0.045776367,2.0374603,-0.014907837,0.01914978,0.015960693,-23.878479,18.800354,-15.008545,0,0.0,0.0,0.0,0.0
0.237976074,0.18737406,-0.4129568,-0.89126736,0.090024754,0.9107383,-0.4030522,0.9781546,-0.004714598,0.20782508,0.5854629,-0.31572548,-0.7466931,0.19703853,0.94884676,-0.24670961,0.7863898,-0.0026879772,0.61772466,9.634262,-0.06463623,1.8483124,9.592361,-0.04623413,2.0380554,-0.0063934326,0.03086853,0.0,-24.23706,19.158936,-13.972473,0,0.0,0.0,0.0,0.0
0.242401123,0.18736593,-0.41296545,-0.89126515,0.09000654,0.91073453,-0.40306494,0.9781578,-0.0046990537,0.20781021,0.57820284,-0.31770748,-0.75149405,0.19601698,0.94818485,-0.25004563,0.7919967,-0.0027285095,0.6105193,9.615112,-0.01675415,1.9967499,9.592361,-0.046081543,2.0379028,0.007446289,0.034072876,0.008514404,-24.23706,19.158936,-13.972473,0,0.0,0.0,0.0,0.0
0.246795655,0.1875349,-0.41278633,-0.8913126,0.09000465,0.910816,-0.40288153,0.97812575,-0.0046679294,0.20796248,0.5710476,-0.31964868,-0.75612783,0.19497158,0.94753206,-0.25331604,0.79742754,-0.0027679207,0.60340834,9.485825,0.09336853,2.0590057,9.592056,-0.045776367,2.0393982,0.0053253174,0.023422241,-0.004272461,-24.23706,19.158936,-13.972473,0,0.0,0.0,0.0,0.0
0.251190186,0.18337253,-0.45223635,-0.87284404,0.09811665,0.8918859,-0.44148928,0.9781348,-0.0046835328,0.20791928,0.5655293,-0.32155988,-0.7594576,0.19464071,0.94688433,-0.25597867,0.80143094,-0.0030579288,0.59807944,9.552856,-0.08378601,1.9249268,9.592056,-0.045928955,2.0389557,-0.0021362305,0.031936646,0.003189087,-24.954224,19.517517,-15.354919,0,0.0,0.0,0.0,0.0
0.255615235,0.1834185,-0.4521892,-0.8728589,0.098194115,0.8919094,-0.4414244,0.97811836,-0.0047442047,0.20799501,0.55839497,-0.32424578,-0.7635834,0.19403392,0.9459678,-0.25979936,0.8065642,-0.003090441,0.59113836,9.639053,-0.07899475,1.9201355,9.591919,-0.046524048,2.0397034,0.007446289,0.017028809,-0.0010681152,-24.954224,19.517517,-15.354919,0,0.0,0.0,0.0,0.0
0.260009766,0.18352303,-0.45208204,-0.87289244,0.09825303,0.8919636,-0.44130185,0.97809285,-0.004775276,0.20811427,0.5513718,-0.32687443,-0.7675561,0.19338846,0.94506264,-0.26354805,0.8115356,-0.0031235162,0.5842946,9.691727,-0.08857727,1.9201355,9.591766,-0.046829224,2.0408936,0.004257202,0.03086853,0.010650635,-24.954224,19.517517,-15.354919,0,0.0,0.0,0.0,0.0
0.264434815,0.17727502,-0.50552815,-0.844402,0.10933311,0.86279666,-0.4935871,0.9780695,-0.004820437,0.20822327,0.54446054,-0.32944578,-0.7713807,0.192706,0.9441692,-0.2672244,0.8163498,-0.0031565514,0.57754904,9.533707,-0.06942749,1.9153595,9.591461,-0.04727173,2.0419464,-0.014907837,0.039398193,0.0021209717,-24.23706,17.72461,-15.699768,0,0.0,0.0,0.0,0.0
0.268829346,0.1774452,-0.50535536,-0.84446967,0.109315485,0.8628981,-0.49341345,0.9780406,-0.004759757,0.20836034,0.5374262,-0.33311194,-0.77473205,0.1926455,0.94288194,-0.27177465,0.82101214,-0.0031898294,0.5709019,9.581589,0.002380371,1.9105682,9.591171,-0.046676636,2.0432892,0.01171875,0.03514099,0.007446289,-24.23706,17.72461,-15.699768,0,0.0,0.0,0.0,0.0
0.273223877,0.17770302,-0.50509363,-0.8445721,0.109359294,0.86305153,-0.49313533,0.9779888,-0.0047301687,0.20860355,0.5305097,-0.33669612,-0.77794284,0.19252154,0.94160783,-0.27624285,0.825527,-0.003221228,0.5643534,9.639053,-0.06463623,1.9823914,9.5907135,-0.04638672,2.0456848,0.013839722,0.04685974,-0.004272461,-24.23706,17.72461,-15.699768,0,0.0,0.0,0.0,0.0
0.277648926,0.17383672,-0.53614783,-0.8260305,0.115876675,0.84411097,-0.52349716,0.97793317,-0.0047146333,0.20886448,0.5237129,-0.3401982,-0.7810186,0.19233783,0.9403481,-0.28062707,0.8298982,-0.0032514068,0.5579054,9.706085,-0.08378601,1.9776001,9.590118,-0.04623413,2.048233,0.0021209717,0.06390381,-0.010665894,-24.057007,17.1875,-16.218567,0,0.0,0.0,0.0,0.0
0.282043457,0.17404199,-0.5359443,-0.82611936,0.11598132,0.84424,-0.5232658,0.97788423,-0.004744186,0.20909272,0.51689386,-0.34430882,-0.7837552,0.1924775,0.93885076,-0.2855026,0.83413017,-0.0032806715,0.5515579,9.629471,-0.09815979,1.9345093,9.589661,-0.046524048,2.050476,-0.004272461,0.069229126,-0.009597778,-24.057007,17.1875,-16.218567,0,0.0,0.0,0.0,0.0
0.286468506,0.17435735,-0.53563154,-0.8262556,0.116055004,0.8444386,-0.5229289,0.9778194,-0.004714602,0.20939681,0.51019514,-0.34832633,-0.7863648,0.1925487,0.9373675,-0.2902881,0.8382278,-0.0033099419,0.54531014,9.538498,0.007171631,1.9967499,9.589066,-0.04623413,2.0534668,0.003189087,0.06390381,0.003189087,-24.057007,17.1875,-16.218567,0,0.0,0.0,0.0,0.0
0.290863037,0.17469476,-0.53529674,-0.8264013,0.116099946,0.8446512,-0.52257544,0.9777538,-0.00465397,0.20970406,0.503618,-0.35225034,-0.7888527,0.1925536,0.9358999,-0.29498228,0.8421948,-0.003338035,0.5391631,9.58638,0.05505371,1.9776001,9.588318,-0.045639038,2.0564575,0.0021209717,0.07455444,-0.0021362305,-24.057007,17.1875,-16.218567,0,0.0,0.0,0.0,0.0
0.295257569,0.17495644,-0.535037,-0.8265142,0.11617097,0.84481597,-0.5222934,0.9776986,-0.004638362,0.20996174,0.4971618,-0.35608244,-0.791224,0.19249532,0.9344485,-0.29958567,0.8460353,-0.003364354,0.5331163,9.643829,-0.03590393,1.9393005,9.587875,-0.04548645,2.0590057,0.0053253174,0.07987976,-0.005340576,-24.057007,17.1875,-16.218567,0,0.0,0.0,0.0,0.0
0.299682617,0.175217,-0.5347782,-0.8266264,0.116277464,0.84497964,-0.5220047,0.9776393,-0.004653929,0.21023746,0.49082416,-0.3598264,-0.79348385,0.19237886,0.93301314,-0.30410013,0.8497541,-0.003389834,0.52716833,9.562439,-0.09336853,1.953659,9.58728,-0.045639038,2.0617065,0.008514404,0.07241821,0.0,-24.057007,17.1875,-16.218567,0,0.0,0.0,0.0,0.0
0.304077149,0.18742144,-0.43674508,-0.87984484,0.0960341,0.8995734,-0.42608124,0.9775739,-0.004638354,0.21054174,0.48460403,-0.3634841,-0.79563695,0.19220835,0.93159413,-0.30852604,0.85335505,-0.0034151159,0.521319,9.60553,-0.08378601,2.0302734,9.58667,-0.04548645,2.0646973,0.003189087,0.0713501,0.0,-26.208496,19.33899,-15.182495,0,0.0,0.0,0.0,0.0
0.308502197,0.18757942,-0.43657193,-0.8798972,0.0960656,0.8996574,-0.42589664,0.97754043,-0.004638409,0.21069673,0.48460403,-0.3634841,-0.79563695,0.19220835,0.93159413,-0.30852604,0.85335505,-0.0034151159,0.521319,9.60553,-0.08378601,2.0302734,9.586227,-0.04548645,2.0661926,0.003189087,0.0713501,0.0,-26.208496,19.33899,-15.182495,0,0.0,0.0,0.0,0.0
0.312896729,0.18765695,-0.4364869,-0.8799227,0.09608101,0.8996987,-0.42580605,0.97752416,-0.0046384055,0.21077283,0.47335976,-0.36642548,-0.8010386,0.1896203,0.9304409,-0.3135662,0.86021775,-0.0034635582,0.509915,9.58638,-0.05984497,2.2744904,9.586075,-0.04548645,2.0669403,-0.008529663,0.041519165,-0.0063934326,-26.208496,19.33899,-15.182495,0,0.0,0.0,0.0,0.0
0.31729126,0.17845538,-0.5139343,-0.83906204,0.11225314,0.8578167,-0.50154734,0.9775239,-0.004683528,0.21077278,0.46882927,-0.36824888,-0.8028648,0.18922411,0.9297195,-0.31593657,0.86278236,-0.003801064,0.5055613,9.60553,-0.15083313,2.0733643,9.586075,-0.045928955,2.0669403,0.003189087,0.02128601,0.007446289,-23.519897,19.158936,-16.737366,0,0.0,0.0,0.0,0.0
0.321716309,0.1784741,-0.51391715,-0.8390687,0.11227709,0.8578271,-0.5015245,0.9775178,-0.004699059,0.21080102,0.4631019,-0.37127113,-0.8047946,0.18873468,0.9285167,-0.31974372,0.8659768,-0.0038187134,0.50006956,9.600739,-0.09336853,2.1308289,9.586075,-0.046081543,2.0672302,0.0053253174,0.007446289,-0.004272461,-23.519897,19.158936,-16.737366,0,0.0,0.0,0.0,0.0
0.32611084,0.17852329,-0.51387185,-0.83908594,0.11222435,0.8578545,-0.5014893,0.9775148,-0.0046383613,0.21081592,0.45747924,-0.3742288,-0.8066384,0.18821372,0.9273285,-0.3234772,0.8690733,-0.0038363205,0.4946685,9.706085,0.10772705,2.1404114,9.586075,-0.04548645,2.0673828,-0.009597778,-0.010650635,0.0010528564,-23.519897,19.158936,-16.737366,0,0.0,0.0,0.0,0.0
0.330535889,0.18510129,-0.458709,-0.86909354,0.100690246,0.8885743,-0.4475458,0.97754747,-0.004667932,0.21066378,0.4519605,-0.3771226,-0.8083998,0.1876619,0.9261553,-0.32713807,0.87207496,-0.003852361,0.4893572,9.619888,-0.13166809,2.0829468,9.58638,-0.045776367,2.0658875,-0.0063934326,-0.018112183,-0.0021362305,-23.878479,18.800354,-15.008545,0,0.0,0.0,0.0,0.0
0.33493042,0.18493389,-0.45887864,-0.86903965,0.10064925,0.8884866,-0.4477288,0.9775832,-0.004667962,0.21049707,0.44677675,-0.3787864,-0.81050074,0.18651806,0.925476,-0.3297046,0.8749866,-0.0038686725,0.48413163,9.648621,0.007171631,2.1260376,9.58667,-0.045776367,2.0642395,-0.007461548,-0.03515625,-0.0010681152,-23.878479,18.800354,-15.008545,0,0.0,0.0,0.0,0.0
0.339324951,0.18488036,-0.45893285,-0.86902237,0.1005865,0.88845897,-0.44779807,0.9776,-0.0046228436,0.21042107,0.441683,-0.38041928,-0.8125252,0.18537374,0.92480594,-0.33222058,0.8778113,-0.0038846582,0.4789908,9.610321,-0.011962891,2.2553253,9.5868225,-0.045333862,2.0634918,0.0010528564,-0.040481567,0.0021209717,-23.878479,18.800354,-15.008545,0,0.0,0.0,0.0,0.0
0.34375,0.18216746,-0.48061132,-0.85780406,0.104993716,0.87692165,-0.46902558,0.97764593,-0.0046228403,0.21020775,0.43668047,-0.38201946,-0.8144761,0.18422855,0.92414606,-0.33468482,0.8805509,-0.003899422,0.47393543,9.715668,-0.05027771,2.0733643,9.58728,-0.045333862,2.0614014,0.019165039,-0.03302002,-0.0032043457,-24.595642,18.08319,-15.354919,0,0.0,0.0,0.0,0.0
0.348144531,0.18198222,-0.48080465,-0.857735,0.10494517,0.87681556,-0.4692345,0.9776856,-0.0046228142,0.21002297,0.43167567,-0.38404006,-0.816192,0.18329474,0.92330813,-0.3374983,0.8832095,-0.0039138906,0.46896216,9.619888,0.007171631,2.1643524,9.587723,-0.045333862,2.0596008,-0.0063934326,-0.046875,-0.0010681152,-24.595642,18.08319,-15.354919,0,0.0,0.0,0.0,0.0
0.35256958,0.18170114,-0.48109794,-0.85763013,0.10492175,0.8766544,-0.46954066,0.9777403,-0.004667984,0.20976675,0.4267597,-0.38602254,-0.8178403,0.18235423,0.922481,-0.3402584,0.8857896,-0.0039280686,0.46407056,9.557648,0.04548645,2.15477,9.588165,-0.045776367,2.0570679,-0.0053253174,-0.04901123,0.0010528564,-24.595642,18.08319,-15.354919,0,0.0,0.0,0.0,0.0
0.356964112,0.18238755,-0.4730042,-0.8619756,0.103167266,0.8810476,-0.46164042,0.97779924,-0.0047302074,0.20949063,0.42192942,-0.38796982,-0.81942356,0.18140925,0.92166364,-0.34296766,0.88829404,-0.003942867,0.45925835,9.485825,-0.10772705,2.3032074,9.588776,-0.04638672,2.054367,-0.0063934326,-0.0703125,0.015960693,-25.671387,18.08319,-15.354919,0,0.0,0.0,0.0,0.0
0.361358643,0.18201101,-0.47341475,-0.8618297,0.10309173,0.88082683,-0.46207806,0.9778773,-0.00474422,0.20912535,0.4172176,-0.38970685,-0.8210103,0.18038127,0.92093045,-0.34547025,0.89072555,-0.0039586136,0.45452425,9.509766,-0.07421875,2.1499786,9.589523,-0.046524048,2.0507813,0.0021209717,-0.08628845,0.0095825195,-25.671387,18.08319,-15.354919,0,0.0,0.0,0.0,0.0
0.365783692,0.18150902,-0.47396198,-0.86163485,0.10298694,0.8805325,-0.4626622,0.9779817,-0.004759773,0.20863646,0.41258588,-0.39141634,-0.8225364,0.17935379,0.9202051,-0.34792927,0.8930874,-0.003974326,0.4498656,9.610321,-0.11251831,2.1835022,9.590561,-0.046676636,2.04599,-0.0063934326,-0.09161377,-0.0021362305,-25.671387,18.08319,-15.354919,0,0.0,0.0,0.0,0.0
0.370178223,0.18068226,-0.47699204,-0.86013514,0.103391185,0.8788946,-0.46567655,0.9780922,-0.004790908,0.20811743,0.40803027,-0.39310178,-0.8240038,0.17832789,0.9194863,-0.35034856,0.8953828,-0.0039900346,0.44527927,9.600739,-0.04069519,1.9009857,9.591614,-0.04698181,2.0408936,0.0010528564,-0.1257019,-0.0032043457,-25.312805,20.593262,-16.737366,0,0.0,0.0,0.0,0.0
0.374603272,0.18021832,-0.47743958,-0.8599842,0.103277534,0.87865144,-0.46616027,0.9781897,-0.00480642,0.20765787,0.4035393,-0.39481553,-0.8253949,0.17732699,0.91875166,-0.35277545,0.8976142,-0.0040060524,0.44076383,9.710876,-0.09815979,2.0350647,9.592667,-0.0471344,2.0364075,-0.012771606,-0.104400635,0.0053253174,-25.312805,20.593262,-16.737366,0,0.0,0.0,0.0,0.0
0.378997803,0.17979573,-0.477847,-0.85984635,0.103157766,0.8784299,-0.46660402,0.97828007,-0.0048064203,0.20723157,0.3991235,-0.396503,-0.82673204,0.17632712,0.9180246,-0.3551613,0.8997829,-0.00402206,0.43631938,9.581589,-0.05984497,1.8818359,9.593552,-0.0471344,2.0322266,0.003189087,-0.10333252,-0.0021362305,-25.312805,20.593262,-16.737366,0,0.0,0.0,0.0,0.0
0.383422852,0.18147835,-0.4614531,-0.8684046,0.099662334,0.8871518,-0.45058763,0.9783318,-0.004775326,0.20698835,0.39004713,-0.39819342,-0.8302441,0.17320678,0.917293,-0.35857072,0.9043576,-0.003944422,0.42675728,9.701294,0.01675415,1.8866272,9.594009,-0.046829224,2.029831,0.0010528564,-0.08735657,-0.0010681152,-25.671387,18.800354,-15.354919,0,0.0,0.0,0.0,0.0
0.387817383,0.18123806,-0.46171054,-0.86831796,0.09958802,0.88701785,-0.4508675,0.97838384,-0.004759724,0.20674223,0.38593695,-0.39947885,-0.83154637,0.1720932,0.91673386,-0.3605315,0.90633136,-0.00396104,0.422549,9.653412,-0.05027771,1.8243713,9.5946045,-0.046676636,2.0274353,-0.004272461,-0.040481567,-0.0021362305,-25.671387,18.800354,-15.354919,0,0.0,0.0,0.0,0.0
0.392211914,0.18112415,-0.4618325,-0.86827695,0.09954379,0.88695455,-0.451002,0.97840947,-0.004744213,0.20662144,0.38189945,-0.40074307,-0.8328011,0.17098756,0.9161818,-0.36245564,0.90824884,-0.0039770138,0.41841143,9.648621,0.002380371,1.7046661,9.594757,-0.046524048,2.0262299,-0.02130127,-0.03515625,-0.008529663,-25.671387,18.800354,-15.354919,0,0.0,0.0,0.0,0.0
0.396636963,0.17896537,-0.48037094,-0.8586124,0.10328072,0.87705284,-0.4691605,0.9784194,-0.0047146217,0.20657513,0.37793648,-0.40198383,-0.83401024,0.16989009,0.915638,-0.3643409,0.91011065,-0.0039923578,0.41434607,9.634262,0.04069519,1.8866272,9.59491,-0.04623413,2.0257874,-0.011703491,0.0010681152,0.0,-24.595642,19.517517,-16.046143,0,0.0,0.0,0.0,0.0
0.401031494,0.17892945,-0.48040614,-0.85860014,0.10321844,0.8770337,-0.46920976,0.97843254,-0.004667931,0.20651393,0.37397733,-0.40358368,-0.8350217,0.16895758,0.9149339,-0.36653674,0.9119179,-0.004006803,0.4103531,9.595947,0.04069519,1.8866272,9.595062,-0.045776367,2.0251923,-0.007461548,-0.008529663,-0.0010681152,-24.595642,19.517517,-16.046143,0,0.0,0.0,0.0,0.0
0.405456543,0.17895234,-0.48038372,-0.85860795,0.103242345,0.877046,-0.4691817,0.9784258,-0.0046835328,0.20654535,0.3700938,-0.40515107,-0.8359923,0.16802672,0.9142409,-0.36868763,0.91367257,-0.004020026,0.40643108,9.60553,-0.06942749,2.087738,9.59491,-0.045928955,2.0254822,0.0053253174,0.010650635,-0.005340576,-24.595642,19.517517,-16.046143,0,0.0,0.0,0.0,0.0
0.409851074,0.18376257,-0.43675488,-0.88061136,0.09431381,0.8995683,-0.42647588,0.97843564,-0.0046835053,0.20649903,0.36628604,-0.40668547,-0.83692384,0.16709937,0.9135594,-0.37079257,0.9153756,-0.0040332964,0.40258092,9.634262,-0.05027771,1.9393005,9.595062,-0.045928955,2.0250397,0.0010528564,0.012771606,0.010650635,-25.132751,19.33899,-14.836121,0,0.0,0.0,0.0,0.0
0.414245606,0.18377018,-0.43674684,-0.8806138,0.09433234,0.8995722,-0.42646372,0.9784324,-0.0046990495,0.2065139,0.36271438,-0.40729132,-0.8381838,0.1658193,0.91328937,-0.37203032,0.917029,-0.0040463004,0.39879996,9.667786,-0.07899475,2.0829468,9.595062,-0.046081543,2.0251923,-0.0021362305,0.0010681152,-0.0010681152,-25.132751,19.33899,-14.836121,0,0.0,0.0,0.0,0.0
0.418670655,0.18388654,-0.43662378,-0.8806505,0.094340414,0.899632,-0.42633575,0.97840977,-0.004683531,0.2066215,0.3592101,-0.40788472,-0.8394034,0.1645579,0.9130244,-0.37323868,0.9186342,-0.0040593552,0.39508826,9.643829,-0.09815979,2.0207062,9.594757,-0.045928955,2.0262299,0.010650635,0.0010681152,-0.005340576,-25.132751,19.33899,-14.836121,0,0.0,0.0,0.0,0.0
0.423065186,0.18528707,-0.4244516,-0.8862897,0.09193651,0.90543836,-0.4144019,0.97837436,-0.00469907,0.20678864,0.35577434,-0.4084636,-0.84058434,0.1633144,0.9127655,-0.3744162,0.9201918,-0.004071839,0.39144656,9.725235,-0.07899475,2.2122345,9.594452,-0.046081543,2.0278778,-0.017028809,0.027679443,-0.010665894,-24.595642,19.158936,-14.317322,0,0.0,0.0,0.0,0.0
0.427490235,0.18531463,-0.4244224,-0.886298,0.091990806,0.90545195,-0.41436046,0.97836405,-0.0047442187,0.20683642,0.35245004,-0.40878466,-0.8418278,0.16199565,0.91262174,-0.3753385,0.921703,-0.004084384,0.38787487,9.62468,-0.04548645,1.8243713,9.594299,-0.046524048,2.0283356,0.01171875,0.023422241,0.0010528564,-24.595642,19.158936,-14.317322,0,0.0,0.0,0.0,0.0
0.431884766,0.18539399,-0.42433822,-0.8863217,0.09192424,0.9054917,-0.4142881,0.97835517,-0.004667933,0.20687968,0.34918848,-0.40909863,-0.8430336,0.16069956,0.91248095,-0.3762368,0.9231701,-0.0040975804,0.38436982,9.591171,-0.026321411,1.8435211,9.594299,-0.045776367,2.028778,-0.0010681152,0.031936646,0.008514404,-24.595642,19.158936,-14.317322,0,0.0,0.0,0.0,0.0
0.436279297,0.18034507,-0.4718394,-0.863043,0.10169396,0.88167214,-0.46077386,0.9783323,-0.0046679648,0.20698844,0.34598985,-0.40940458,-0.84420305,0.15942346,0.9123436,-0.37711158,0.9245946,-0.0041089877,0.38093036,9.677353,0.007171631,1.905777,9.594009,-0.045776367,2.029831,-0.0032043457,0.026611328,-0.014923096,-26.38855,17.366028,-15.008545,0,0.0,0.0,0.0,0.0
0.440704346,0.18049571,-0.47166538,-0.86310667,0.10179706,0.88176495,-0.46057352,0.9782938,-0.0047301687,0.20716894,0.34268498,-0.41067374,-0.84493434,0.15853387,0.9117731,-0.37886265,0.9259774,-0.0041201673,0.37755665,9.58638,-0.02154541,2.0829468,9.593704,-0.04638672,2.0316162,0.008514404,0.039398193,0.004257202,-26.38855,17.366028,-15.008545,0,0.0,0.0,0.0,0.0
0.445098877,0.18070735,-0.4714209,-0.8631959,0.10182758,0.88189566,-0.46031624,0.97825146,-0.004714622,0.20736869,0.33944803,-0.41191313,-0.84563744,0.15765248,0.9112138,-0.3805722,0.9273191,-0.0041323677,0.37424883,9.600739,-0.10772705,2.0781555,9.593262,-0.04623413,2.0335693,0.007446289,0.039398193,0.018081665,-26.38855,17.366028,-15.008545,0,0.0,0.0,0.0,0.0
0.449523926,0.17897186,-0.4871015,-0.8548106,0.105119914,0.8733325,-0.47564694,0.97822225,-0.0047301915,0.20750603,0.3362791,-0.4131219,-0.84631354,0.15677802,0.91066635,-0.38224012,0.928621,-0.004144013,0.37100646,9.658203,-0.04548645,2.039856,9.592957,-0.04638672,2.034912,0.007446289,0.04258728,-0.008529663,-23.519897,19.517517,-16.046143,0,0.0,0.0,0.0,0.0
0.453918457,0.17907774,-0.4870022,-0.854845,0.10518496,0.8733877,-0.4755312,0.9781959,-0.004759771,0.20762964,0.33495724,-0.41420376,-0.84630895,0.15702032,0.9101731,-0.38331392,0.9290577,-0.004493927,0.3699075,9.490601,-0.01675415,2.015915,9.592667,-0.046676636,2.0361176,-0.008529663,0.034072876,0.0021209717,-23.519897,19.517517,-16.046143,0,0.0,0.0,0.0,0.0
0.458312989,0.17935368,-0.48674342,-0.85493463,0.10525047,0.8735321,-0.47525147,0.97813827,-0.0047441577,0.20790116,0.33182535,-0.4156884,-0.84681463,0.15626417,0.90949595,-0.3852254,0.9303082,-0.0044992436,0.36675102,9.600739,-0.08857727,2.2792664,9.592209,-0.046524048,2.038803,0.0021209717,0.026611328,0.010650635,-23.519897,19.517517,-16.046143,0,0.0,0.0,0.0,0.0
0.462738037,0.18004784,-0.4822608,-0.8573257,0.104366034,0.87601507,-0.4708559,0.97810555,-0.004699094,0.20805627,0.32876134,-0.41713688,-0.8472974,0.15551181,0.9088325,-0.38709113,0.9315214,-0.004504142,0.36365873,9.528915,0.01675415,2.0781555,9.591766,-0.046081543,2.0402985,0.007446289,0.043655396,-0.007461548,-24.057007,18.621826,-15.527344,0,0.0,0.0,0.0,0.0
0.467132569,0.1801668,-0.48214206,-0.85736746,0.104466915,0.8760801,-0.4707125,0.9780729,-0.0047597704,0.20820844,0.32577717,-0.4184623,-0.84779626,0.15473086,0.90822303,-0.38883078,0.9326991,-0.004508041,0.36062735,9.658203,-0.17477417,2.13562,9.591461,-0.046676636,2.0417938,0.004257202,0.03514099,-0.004272461,-24.057007,18.621826,-15.527344,0,0.0,0.0,0.0,0.0
0.471557617,0.180319,-0.48199007,-0.8574209,0.104476236,0.87616396,-0.4705545,0.9780439,-0.0047302092,0.20834549,0.32285488,-0.41975784,-0.84827363,0.15395717,0.9076249,-0.39053068,0.93384254,-0.0045130756,0.35765585,9.5767975,-0.03590393,1.9967499,9.591171,-0.04638672,2.0431366,0.003189087,0.028747559,0.0021209717,-24.057007,18.621826,-15.527344,0,0.0,0.0,0.0,0.0
0.475952149,0.18425561,-0.44933245,-0.8741569,0.0978864,0.8933519,-0.43856645,0.9779918,-0.0047597466,0.20858863,0.31999367,-0.42102355,-0.84873044,0.15318915,0.9070385,-0.39219168,0.93495303,-0.004517418,0.35474283,9.533707,-0.011962891,2.1068878,9.5907135,-0.046676636,2.0455322,0.0010528564,0.037261963,-0.007461548,-24.595642,18.441772,-14.663696,0,0.0,0.0,0.0,0.0
