Time,Rot1,Rot2,Rot3,Rot4,Rot5,Rot6,Rot7,Rot8,Rot9,FRot1,FRot2,FRot3,FRot4,FRot5,FRot6,FRot7,FRot8,FRot9,AccX,AccY,AccZ,GravX,GravY,GravZ,GyroX,GyroY,GyroZ,MagX,MagY,MagZ,Imid
0.0,0.0,0.0,0.0,0.0,0.0,0.0,0.0,0.0,0.0,0.0,0.0,0.0,0.0,0.0,0.0,0.0,0.0,0.0,0.08604431,-0.0062713623,-0.041305542,9.758911,0.0062713623,0.9654541,0.0,0.0,0.0,0.0,0.0,0.0,0,0.0,0.0,0.0,0.0
0.004425049,0.0,0.0,0.0,0.0,0.0,0.0,0.0,0.0,0.0,1.0,0.0,0.0,0.0,1.0,0.0,0.0,0.0,1.0,-0.009887695,0.12313843,-0.16415405,9.759064,0.006134033,0.96380615,0.0,0.0,0.0,0.0,0.0,0.0,0,0.0,0.0,0.0,0.0
0.008850098,0.097375356,0.12927268,-0.98681635,-0.013214491,0.991609,0.12859656,0.99516004,5.181423E-4,0.09826655,1.0,0.0,0.0,0.0,1.0,0.0,0.0,0.0,1.0,0.095458984,-0.0769043,-0.17835999,9.759064,0.0050811768,0.96365356,-0.012756348,-0.0234375,0.010650635,-27.28424,20.773315,0.0289917,0,0.0,0.0,0.0,0.0
0.013275147,0.09731938,0.12919919,-0.98683155,-0.013168623,0.9916186,0.12852725,0.9951661,4.8701878E-4,0.09820508,0.9995631,0.0025927045,-0.029443063,-0.0025918854,0.99999666,6.597904E-5,0.029443135,1.0362836E-5,0.99956644,0.061813354,-0.057434082,-0.17297363,9.759201,0.004776001,0.9630585,0.009597778,0.014907837,0.019165039,-27.28424,20.773315,0.0289917,0,0.0,0.0,0.0,0.0
0.017700196,0.0974736,0.12940168,-0.98678976,-0.013163678,0.9915921,0.12873115,0.99515104,4.4189516E-4,0.09835746,0.9983622,0.005472031,-0.056946747,-0.005484851,0.999985,-6.882494E-5,0.056945514,3.8105669E-4,0.9983772,0.033218384,-0.028274536,-0.11701965,9.759064,0.004333496,0.96455383,0.005340576,0.020233154,-0.0053253174,-27.28424,20.773315,0.0289917,0,0.0,0.0,0.0,0.0
0.022125244,0.096744336,0.18399873,-0.97815394,-0.018573176,0.9829265,0.1830595,0.99513596,4.5745508E-4,0.09851,0.9963339,0.007957841,-0.08517937,-0.007961482,0.9999683,2.9696926E-4,0.08517903,3.8227346E-4,0.9963656,0.08125305,0.11042786,-0.24301147,9.758911,0.004486084,0.9660492,-0.011703491,0.04685974,0.0053253174,-27.28424,21.84906,1.411438,0,0.0,0.0,0.0,0.0
0.026550293,0.09697851,0.18428616,-0.97807664,-0.018569192,0.98287255,0.18334863,0.9951132,3.8121577E-4,0.09873956,0.99355394,0.011499572,-0.112775706,-0.011469486,0.99993384,9.1560424E-4,0.11277877,3.8377708E-4,0.99362004,0.028884888,-0.018096924,-0.024978638,9.758606,0.0037384033,0.96829224,-0.004257202,0.05644226,0.0053253174,-27.28424,21.84906,1.411438,0,0.0,0.0,0.0,0.0
0.030975342,0.09712251,0.18446292,-0.97802895,-0.01862846,0.98283935,0.1835203,0.99509805,3.952198E-4,0.098892085,0.99007666,0.0149761755,-0.13972794,-0.014882853,0.99988776,0.0017128214,0.1397379,3.8372586E-4,0.9901885,0.072128296,0.010482788,0.05014038,9.758453,0.0038757324,0.9697876,-0.020217896,0.053253174,0.012786865,-27.28424,21.84906,1.411438,0,0.0,0.0,0.0,0.0
0.035400391,0.09817497,0.12625453,-0.98712796,-0.012877424,0.9919979,0.12559667,0.9950859,3.8121664E-4,0.099015184,0.9859486,0.01838667,-0.16603373,-0.018195149,0.9998309,0.0026746346,0.16605483,3.8395575E-4,0.98611647,-0.009140015,0.06329346,0.09681702,9.758316,0.0037384033,0.97099304,-0.025543213,0.034072876,-0.0032043457,-27.464294,20.23468,-0.14343262,0,0.0,0.0,0.0,0.0
0.039794922,0.09824682,0.12635219,-0.98710823,-0.012910447,0.9919853,0.12569149,0.9950783,3.952175E-4,0.09909068,0.9812392,0.02055035,-0.19169614,-0.02024269,0.99978876,0.0035633964,0.19172886,3.8390097E-4,0.9814479,0.053115845,0.06315613,0.20141602,9.758316,0.0038757324,0.9717407,-0.015960693,0.019165039,0.0063934326,-27.464294,20.23468,-0.14343262,0,0.0,0.0,0.0,0.0
0.044219971,0.098275356,0.12639098,-0.9871004,-0.012917985,0.9919804,0.1257297,0.99507535,3.9521634E-4,0.09911995,0.97597176,0.02267263,-0.21671417,-0.022216825,0.99974287,0.004539653,0.21676138,3.841273E-4,0.97622454,0.15367126,-0.027816772,0.11013794,9.758316,0.0038757324,0.97203064,-0.018081665,-0.003189087,-0.0010681152,-27.464294,20.23468,-0.14343262,0,0.0,0.0,0.0,0.0
0.04864502,0.09831247,0.12644142,-0.9870903,-0.012882534,0.99197394,0.1257839,0.9950721,3.5009754E-4,0.0991523,0.9701869,0.024753151,-0.24109061,-0.02411526,0.9996935,0.005596462,0.24115525,3.8434908E-4,0.97048646,0.024536133,-0.11355591,0.06674194,9.758163,0.0034332275,0.9723358,-0.017028809,-0.0021209717,0.010650635,-27.464294,20.23468,-0.14343262,0,0.0,0.0,0.0,0.0
0.053070069,0.09829788,0.12642159,-0.9870943,-0.012863065,0.9919766,0.12576593,0.9950739,3.3453302E-4,0.09913536,0.96392316,0.026792973,-0.26482865,-0.025937319,0.99964094,0.006728006,0.2649138,3.8366407E-4,0.964272,0.096206665,-0.03678894,-0.03366089,9.758316,0.0032806396,0.9721832,-0.011703491,0.009597778,0.004257202,-27.464294,20.23468,-0.14343262,0,0.0,0.0,0.0,0.0
0.057495117,0.09829403,0.12641636,-0.9870953,-0.012893265,0.9919772,0.12575768,0.9950739,3.6565238E-4,0.09913536,0.95721745,0.02879149,-0.28793377,-0.027681421,0.9995854,0.007926866,0.2880426,3.8268144E-4,0.9576175,-0.013916016,0.087387085,-0.004928589,9.758316,0.0035858154,0.9721832,-0.0021209717,0.0063934326,0.008514404,-27.464294,20.23468,-0.14343262,0,0.0,0.0,0.0,0.0
0.061920166,0.09783492,0.1607411,-0.9821358,-0.016301926,0.98699653,0.15991272,0.9950691,3.656563E-4,0.09918311,0.95010483,0.030749818,-0.3104114,-0.029348167,0.99952704,0.0091860015,0.31054705,3.8234086E-4,0.95055795,0.019744873,0.010772705,0.1478424,9.758163,0.0035858154,0.972641,0.0021362305,0.004272461,0.004257202,-25.132751,19.69757,0.72021484,0,0.0,0.0,0.0,0.0
0.066345215,0.09781758,0.16071919,-0.9821411,-0.016312562,0.9870001,0.15988965,0.99507064,3.8121676E-4,0.099167705,0.9425976,0.03336221,-0.33225995,-0.03159172,0.9994433,0.01073062,0.33243296,3.820072E-4,0.9431268,5.950928E-4,0.029769897,-0.053115845,9.758163,0.0037384033,0.9724884,0.0010681152,0.018096924,-0.0010681152,-25.132751,19.69757,0.72021484,0,0.0,0.0,0.0,0.0
0.070770264,0.09783029,0.16073525,-0.9821372,-0.016330382,0.9869975,0.159904,0.9950691,3.9522003E-4,0.09918311,0.9347469,0.03592168,-0.3534938,-0.03373457,0.99935454,0.0123487655,0.35370922,3.8199138E-4,0.93535537,-0.032928467,0.020065308,0.023345947,9.758163,0.0038757324,0.972641,-0.013824463,0.0053253174,0.0021362305,-25.132751,19.69757,0.72021484,0,0.0,0.0,0.0,0.0
0.075592041,0.09862711,0.10738488,-0.98931354,-0.011048213,0.99421746,0.10681575,0.99506307,3.9521762E-4,0.099243194,0.9265834,0.03843007,-0.37412077,-0.03577821,0.99926126,0.014033399,0.37438366,3.8225597E-4,0.9272738,0.029327393,-0.061325073,-0.0012054443,9.758163,0.0038757324,0.9732361,0.015991211,-0.010650635,-0.0032043457,-26.567078,21.490479,-0.31585693,0,0.0,0.0,0.0,0.0
0.080413819,0.09861346,0.10736797,-0.98931664,-0.011031029,0.99421924,0.10680048,0.9950647,3.8121446E-4,0.09922779,0.9265834,0.03843007,-0.37412077,-0.03577821,0.99926126,0.014033399,0.37438366,3.8225597E-4,0.9272738,0.029327393,-0.061187744,-0.0010528564,9.758163,0.0037384033,0.9730835,0.015991211,-0.010650635,-0.0032043457,-26.567078,21.490479,-0.31585693,0,0.0,0.0,0.0,0.0
0.085266114,0.09863023,0.10738874,-0.98931277,-0.011019348,0.994217,0.106822506,0.99506307,3.656541E-4,0.099243194,0.9096623,0.040769838,-0.41334277,-0.037584376,0.9991679,0.01583873,0.41364458,0.0011273335,0.9104377,0.06285095,-0.008361816,0.017959595,9.758163,0.0035858154,0.9732361,0.012786865,0.0053253174,0.0010681152,-26.567078,21.490479,-0.31585693,0,0.0,0.0,0.0,0.0
0.090087891,0.098901145,0.07735307,-0.99208623,-0.008053772,0.9970037,0.07693361,0.9950647,3.8121446E-4,0.09922779,0.9007757,0.04210499,-0.43223876,-0.038442336,0.9991126,0.017212018,0.43257987,0.0011121,0.90159494,0.24002075,0.020202637,-0.0010528564,9.758163,0.0037384033,0.9730835,-0.007446289,-0.0010528564,-0.0032043457,-26.92566,21.490479,-1.008606,0,0.0,0.0,0.0,0.0
0.094909668,0.098901145,0.07735307,-0.99208623,-0.008053772,0.9970037,0.07693361,0.9950647,3.8121446E-4,0.09922779,0.8917079,0.04281061,-0.45058224,-0.03870498,0.9990826,0.01832696,0.45095345,0.0010974823,0.8925468,0.12509155,0.015411377,0.018112183,9.758163,0.0037384033,0.9730835,0.004272461,-0.0063934326,-0.0095825195,-26.92566,21.490479,-1.008606,0,0.0,0.0,0.0,0.0
0.099731446,0.098901145,0.07735307,-0.99208623,-0.008053772,0.9970037,0.07693361,0.9950647,3.8121446E-4,0.09922779,0.88245857,0.0435021,-0.46837425,-0.038933437,0.99905276,0.019436903,0.4687761,0.0010831569,0.88331634,0.13946533,0.0010375977,0.008529663,9.758163,0.0037384033,0.9730835,0.005340576,-0.0063934326,0.0,-26.92566,21.490479,-1.008606,0,0.0,0.0,0.0,0.0
0.10458374,0.09822056,0.12483767,-0.9873035,-0.012754681,0.992177,0.12418501,0.9950829,3.9521934E-4,0.09904446,0.8730495,0.044179738,-0.48562613,-0.03912898,0.999023,0.020540573,0.48605913,0.001069118,0.8739252,0.14888,-0.06611633,0.02947998,9.758316,0.0038757324,0.97128296,0.007461548,0.0,-0.004257202,-26.567078,21.131897,0.0289917,0,0.0,0.0,0.0,0.0
0.109405518,0.09807539,0.12465521,-0.98734105,-0.012688441,0.9922,0.1240083,0.99509805,3.656561E-4,0.098892085,0.86346126,0.045797497,-0.50233173,-0.04011728,0.9989502,0.02211627,0.5028173,0.00105564,0.8643921,0.043395996,-0.104141235,-0.10308838,9.758453,0.0035858154,0.9697876,-0.015960693,-0.043670654,-0.01171875,-26.567078,21.131897,0.0289917,0,0.0,0.0,0.0,0.0
0.114227295,0.09797537,0.12452951,-0.98736674,-0.012632054,0.9922159,0.12388763,0.9951087,3.3453476E-4,0.09878579,0.8537512,0.04737911,-0.51852113,-0.041036855,0.99887645,0.023703204,0.51906157,0.0010418404,0.8547362,0.11985779,0.04460144,-0.025436401,9.758606,0.0032806396,0.96875,-0.006378174,-0.0234375,-0.0010681152,-26.567078,21.131897,0.0289917,0,0.0,0.0,0.0,0.0
0.11907959,0.09785494,0.12192138,-0.98770416,-0.012371292,0.99253964,0.121292606,0.99512374,3.5009434E-4,0.09863325,0.84393775,0.048926443,-0.53420526,-0.041890677,0.9988018,0.025298698,0.534803,0.0010276943,0.8449761,0.0574646,0.13542175,-0.13407898,9.758759,0.0034332275,0.96725464,-0.012756348,-0.020233154,0.007461548,-27.105713,20.593262,-0.14343262,0,0.0,0.0,0.0,0.0
0.123901367,0.09773646,0.12176521,-0.9877353,-0.012325522,0.99255896,0.12114026,0.995136,3.345335E-4,0.098510005,0.8340397,0.05039022,-0.54939836,-0.04263947,0.99872905,0.026871517,0.5500542,0.0010141425,0.8351283,0.004638672,0.0541687,-0.065841675,9.758911,0.0032806396,0.9660492,-0.004257202,-0.022369385,0.008514404,-27.105713,20.593262,-0.14343262,0,0.0,0.0,0.0,0.0
0.128112793,0.09776804,0.12180683,-0.987727,-0.012333563,0.9925539,0.12118127,0.99513286,3.3453765E-4,0.09854235,0.82407147,0.051821478,-0.5641107,-0.043327976,0.9986559,0.02844562,0.5648265,0.0010005503,0.8252091,0.07661438,0.0014953613,0.09666443,9.758759,0.0032806396,0.96635437,0.0,-0.0234375,0.0053253174,-27.105713,20.593262,-0.14343262,0,0.0,0.0,0.0,0.0
0.132293701,0.095824905,0.22660756,-0.9692609,-0.022652317,0.973986,0.2254728,0.9951404,3.5009475E-4,0.09846531,0.8140494,0.053224843,-0.5783517,-0.043961722,0.99858207,0.030020418,0.5791294,9.872301E-4,0.815235,0.10998535,0.006134033,-0.18510437,9.758911,0.0034332275,0.9656067,-0.007446289,-0.0021209717,0.007461548,-25.671387,20.593262,2.2766113,0,0.0,0.0,0.0,0.0
0.136505127,0.095799126,0.2265765,-0.9692707,-0.0226272,0.97399336,0.22544408,0.9951435,3.34536E-4,0.09843449,0.80389005,0.056726396,-0.59206665,-0.046254132,0.9983893,0.032854047,0.5929766,9.744874E-4,0.80521905,0.13392639,-0.008056641,-0.065093994,9.758911,0.0032806396,0.9653015,0.012786865,-0.015975952,-0.0010681152,-25.671387,20.593262,2.2766113,0,0.0,0.0,0.0,0.0
0.140716553,0.09581372,0.22659408,-0.96926504,-0.02263242,0.9739893,0.22546126,0.9951421,3.3453552E-4,0.098449916,0.7937,0.060156602,-0.6053276,-0.048417155,0.9981885,0.035714436,0.60637945,9.616884E-4,0.79517484,0.023788452,0.0014953613,0.035308838,9.758911,0.0032806396,0.9654541,-0.004257202,-0.0053253174,0.013839722,-25.671387,20.593262,2.2766113,0,0.0,0.0,0.0,0.0
0.144897461,0.096435934,0.1941736,-0.9762155,-0.019427992,0.9809671,0.19319952,0.99514955,3.3453282E-4,0.09837288,0.7834929,0.063517876,-0.61814594,-0.050455566,0.99798024,0.038596082,0.61934894,9.491454E-4,0.78511524,0.052368164,-0.0128479,-0.20335388,9.759064,0.0032806396,0.9647064,-0.018081665,-0.0063934326,0.0095825195,-27.642822,22.566223,1.7578125,0,0.0,0.0,0.0,0.0
0.149108887,0.096435934,0.1941736,-0.9762155,-0.019427992,0.9809671,0.19319952,0.99514955,3.3453282E-4,0.09837288,0.77331424,0.066149406,-0.6305627,-0.051859885,0.9978093,0.041075226,0.63189846,9.368531E-4,0.7750507,0.14334106,0.011077881,0.026489258,9.759064,0.0032806396,0.9647064,-0.007446289,0.008529663,-0.004257202,-27.642822,22.566223,1.7578125,0,0.0,0.0,0.0,0.0
0.153320313,0.09643299,0.19417007,-0.9762165,-0.019442834,0.98096776,0.1931945,0.99514955,3.5009248E-4,0.09837288,0.7634566,0.06828414,-0.64223933,-0.05255914,0.9976658,0.04359454,0.643717,4.7300625E-4,0.76526344,-0.0050964355,0.010925293,0.021697998,9.759064,0.0034332275,0.9647064,-0.0010528564,0.0063934326,0.0095825195,-27.642822,22.566223,1.7578125,0,0.0,0.0,0.0,0.0
0.157531739,0.097732075,0.107741386,-0.9893635,-0.010941879,0.9941788,0.1071849,0.99515253,3.5009353E-4,0.09834205,0.75330365,0.07081947,-0.65384877,-0.053792063,0.99748904,0.046065524,0.65546936,4.7054797E-4,0.7552216,0.047576904,-0.0034332275,-0.07376099,9.759064,0.0034332275,0.96440125,-0.011703491,0.009597778,-0.0021362305,-27.28424,21.84906,-0.31585693,0,0.0,0.0,0.0,0.0
0.161712647,0.09777413,0.10779405,-0.9893537,-0.010996848,0.99417317,0.10723237,0.9951478,3.95221E-4,0.098389804,0.74327236,0.07155902,-0.6651507,-0.053637527,0.9974362,0.047370117,0.6668352,4.6813887E-4,0.7452051,0.18180847,9.0026855E-4,-0.04548645,9.758911,0.0038757324,0.964859,0.004272461,0.008529663,-0.0053253174,-27.28424,21.84906,-0.31585693,0,0.0,0.0,0.0,0.0
0.165924073,0.09773747,0.10774815,-0.98936224,-0.011035029,0.99417806,0.107182495,0.99515104,4.4189516E-4,0.09835746,0.73327744,0.0722848,-0.6760762,-0.053461,0.9973839,0.048654202,0.6778245,4.6668053E-4,0.7352236,0.08589172,0.12973022,-0.078704834,9.759064,0.004333496,0.96455383,-0.015960693,0.014907837,-0.0138549805,-27.28424,21.84906,-0.31585693,0,0.0,0.0,0.0,0.0
0.170135498,0.096619256,0.18267676,-0.9784139,-0.018415203,0.98317283,0.18174678,0.99515104,4.5745485E-4,0.09835746,0.7233258,0.072995126,-0.68663776,-0.053262297,0.99733216,0.049916264,0.6884496,4.6618484E-4,0.72528404,-3.0517578E-4,0.038604736,0.012268066,9.759064,0.004486084,0.96455383,0.0,-0.004257202,-0.004257202,-26.38855,20.593262,1.2390137,0,0.0,0.0,0.0,0.0
0.174316407,0.09658838,0.18263781,-0.9784243,-0.018421255,0.9831801,0.18170704,0.9951539,4.730159E-4,0.09832819,0.7133441,0.07520201,-0.6967674,-0.05412379,0.9971682,0.052212782,0.6987208,4.6601024E-4,0.7153943,-0.029037476,0.02407837,-0.10235596,9.759064,0.004638672,0.9642639,-0.0021209717,0.0063934326,-0.0021362305,-26.38855,20.593262,1.2390137,0,0.0,0.0,0.0,0.0
0.178527832,0.09657633,0.18262263,-0.9784283,-0.018401725,0.9831829,0.18169372,0.99515545,4.574569E-4,0.09831277,0.70342076,0.07736361,-0.70655084,-0.05491409,0.99700284,0.054495756,0.70864916,4.6615035E-4,0.70556086,0.047576904,-0.037994385,-0.030380249,9.759064,0.004486084,0.9641113,0.008529663,0.007461548,0.0063934326,-26.38855,20.593262,1.2390137,0,0.0,0.0,0.0,0.0
0.182739258,0.09703467,0.15621662,-0.98294485,-0.015807744,0.98772264,0.15541543,0.99515545,4.574569E-4,0.09831277,0.69356245,0.07948131,-0.7159986,-0.05563595,0.99683625,0.056763873,0.718245,4.6597648E-4,0.6957902,-3.0517578E-4,0.0098724365,0.017501831,9.759064,0.004486084,0.9641113,-0.0053253174,-0.004257202,-0.0063934326,-28.181458,20.951843,0.5477905,0,0.0,0.0,0.0,0.0
0.186950684,0.097042695,0.15622737,-0.9829423,-0.01585556,0.9877209,0.1554215,0.9951539,5.0257944E-4,0.09832819,0.68380517,0.0810222,-0.72515225,-0.05592616,0.99671215,0.058626603,0.7275182,4.658061E-4,0.68608826,0.061950684,0.12434387,0.026931763,9.759064,0.004928589,0.9642639,-0.010650635,0.0032043457,0.008514404,-28.181458,20.951843,0.5477905,0,0.0,0.0,0.0,0.0
0.191131592,0.09698074,0.15614451,-0.98296165,-0.015853096,0.98773414,0.15533854,0.99516004,5.181423E-4,0.09826655,0.6741246,0.08253231,-0.7339921,-0.0561723,0.9965883,0.060468767,0.73647857,4.665416E-4,0.67646074,0.081100464,0.038009644,-0.116119385,9.759064,0.0050811768,0.96365356,-0.0053253174,-0.017044067,-0.008529663,-28.181458,20.951843,0.5477905,0,0.0,0.0,0.0,0.0
0.195343018,0.09682017,0.16163775,-0.98208916,-0.016349455,0.9868501,0.16080952,0.9951676,4.8701954E-4,0.098189674,0.6645245,0.08401035,-0.74252915,-0.056374636,0.9964648,0.0622885,0.745137,4.6757358E-4,0.6669113,-0.067474365,0.019165039,-0.124938965,9.759201,0.004776001,0.9629059,0.0,-0.004257202,0.0063934326,-27.105713,21.669006,0.89416504,0,0.0,0.0,0.0,0.0
0.199554444,0.09693388,0.16177858,-0.98205477,-0.016321097,0.9868271,0.16095378,0.99515706,4.2633805E-4,0.09829737,0.6550027,0.08556953,-0.75076586,-0.056608517,0.9963321,0.06417039,0.7535031,4.679625E-4,0.6574442,-0.033828735,-0.06163025,0.08470154,9.759064,0.004180908,0.96395874,-0.022354126,-0.0095825195,0.0063934326,-27.105713,21.669006,0.89416504,0,0.0,0.0,0.0,0.0
0.203735352,0.09691652,0.16175708,-0.98205996,-0.016331773,0.9868304,0.16093111,0.9951585,4.4189848E-4,0.09828196,0.64557236,0.08710016,-0.7587159,-0.05680109,0.9961994,0.066032514,0.7615838,4.6713E-4,0.6480662,0.042785645,0.033966064,-0.025283813,9.759064,0.004333496,0.96380615,-0.020217896,0.017028809,0.004257202,-27.105713,21.669006,0.89416504,0,0.0,0.0,0.0,0.0
0.207946778,0.09715514,0.1456149,-0.9845594,-0.01474415,0.9893413,0.14486721,0.99516004,4.4189917E-4,0.09826655,0.63623536,0.088599555,-0.7663907,-0.05695317,0.9960672,0.06787072,0.7693899,4.6662538E-4,0.6387792,0.071517944,-0.028274536,-0.034713745,9.759064,0.004333496,0.96365356,0.0032043457,-0.007446289,-0.014907837,-26.38855,21.310425,0.5477905,0,0.0,0.0,0.0,0.0
0.212158203,0.097167894,0.14563061,-0.9845558,-0.014763255,0.9893389,0.14488108,0.9951585,4.5745829E-4,0.09828196,0.6270136,0.089743346,-0.7738217,-0.056861896,0.9959648,0.06943205,0.7769302,4.6613088E-4,0.62958646,0.052368164,0.06254578,0.060897827,9.759064,0.004486084,0.96380615,0.0,0.0010681152,-0.0053253174,-26.38855,21.310425,0.5477905,0,0.0,0.0,0.0,0.0
0.216369629,0.09721059,0.14568317,-0.98454386,-0.014790467,0.98933125,0.1449312,0.9951539,4.730159E-4,0.09832819,0.61789155,0.090864465,-0.7809953,-0.056744535,0.99586314,0.07096919,0.784213,4.6595745E-4,0.6204915,0.08589172,0.014511108,0.11790466,9.759064,0.004638672,0.9642639,-0.0021209717,-0.0010528564,0.003189087,-26.38855,21.310425,0.5477905,0,0.0,0.0,0.0,0.0
0.220550537,0.09628061,0.20037916,-0.97497606,-0.020186704,0.9797183,0.19936033,0.9951495,4.870175E-4,0.09837287,0.60815424,0.091580756,-0.7885185,-0.056542866,0.99579734,0.072045356,0.7918026,7.704082E-4,0.6107766,0.033218384,0.04310608,0.1414032,9.759064,0.004776001,0.9647064,0.007461548,-0.013839722,0.0,-26.92566,21.490479,1.7578125,0,0.0,0.0,0.0,0.0
0.224761963,0.09629678,0.20039895,-0.9749703,-0.020192048,0.9797142,0.19937968,0.9951478,4.870243E-4,0.098389804,0.5991849,0.093771994,-0.7951001,-0.05704886,0.99559337,0.0744258,0.7985755,7.647404E-4,0.60189414,0.08125305,0.019165039,0.03112793,9.758911,0.004776001,0.964859,-0.0095825195,0.0,-0.008529663,-26.92566,21.490479,1.7578125,0,0.0,0.0,0.0,0.0
0.228973389,0.09632749,0.20043655,-0.9749595,-0.020187953,0.97970647,0.19941784,0.9951449,4.7301903E-4,0.09841908,0.59032345,0.09591937,-0.8014473,-0.05749983,0.9953888,0.07677807,0.8051161,7.5918605E-4,0.5931167,-0.08634949,-0.057296753,0.08828735,9.758911,0.004638672,0.9651489,-0.007446289,-0.0095825195,-0.0032043457,-26.92566,21.490479,1.7578125,0,0.0,0.0,0.0,0.0
0.233642578,0.09773229,0.10942992,-0.9891782,-0.011217439,0.9939944,0.10885441,0.9951495,4.5745415E-4,0.09837287,0.58157194,0.09802413,-0.8075676,-0.057898317,0.99518377,0.07910173,0.811432,7.534627E-4,0.5844463,-3.0517578E-4,-0.033203125,-0.12194824,9.759064,0.004486084,0.9647064,0.009597778,-0.012771606,0.0021362305,-25.312805,21.310425,-0.14343262,0,0.0,0.0,0.0,0.0
0.238342285,0.09764812,0.109329805,-0.98919755,-0.011151489,0.9940054,0.10876037,0.9951585,4.1077888E-4,0.09828196,0.5730371,0.09825237,-0.8136185,-0.05719012,0.99516124,0.07989604,0.8175315,7.4754254E-4,0.5758833,-3.0517578E-4,-0.008804321,-0.020492554,9.759064,0.0040283203,0.96380615,0.012786865,-0.012771606,0.007461548,-25.312805,21.310425,-0.14343262,0,0.0,0.0,0.0,0.0
0.243011475,0.097629264,0.109307386,-0.98920196,-0.011055278,0.99400806,0.108747356,0.9951615,3.1897696E-4,0.09825269,0.56461054,0.09847405,-0.8194619,-0.056484032,0.9951393,0.08066747,0.82342243,7.4080727E-4,0.56742835,0.028427124,-0.11804199,0.07556152,9.759064,0.0031280518,0.96351624,-0.013824463,-0.019165039,0.0063934326,-25.312805,21.310425,-0.14343262,0,0.0,0.0,0.0,0.0
0.247711182,0.09785746,0.082589,-0.99176764,-0.008443711,0.9965837,0.08215691,0.99516463,3.345332E-4,0.0982205,0.55629444,0.098690845,-0.825104,-0.05578071,0.9951179,0.081418246,0.82911104,7.323707E-4,0.5590836,-0.0052337646,0.030227661,-0.0725708,9.759201,0.0032806396,0.96321106,-0.01914978,-0.013839722,0.008514404,-26.747131,21.669006,-0.83465576,0,0.0,0.0,0.0,0.0
0.252380371,0.097782984,0.0824965,-0.9917826,-0.008428404,0.99659127,0.0820655,0.9951721,3.3453567E-4,0.098144986,0.5481188,0.09836905,-0.8305958,-0.05478826,0.9951498,0.08170214,0.83460414,7.24414E-4,0.5508498,0.100112915,0.030227661,-0.18196106,9.759201,0.0032806396,0.9624634,0.0,-0.0021209717,0.0,-26.747131,21.669006,-0.83465576,0,0.0,0.0,0.0,0.0
0.257080078,0.097767785,0.08247762,-0.99178565,-0.008425282,0.99659276,0.082046844,0.9951736,3.345362E-4,0.09812958,0.54005295,0.09805183,-0.8358999,-0.0538144,0.9951811,0.081967585,0.83990884,7.166164E-4,0.54272705,0.109695435,-0.0032806396,-0.03816223,9.759201,0.0032806396,0.9623108,0.0063934326,-0.018096924,-0.010650635,-26.747131,21.669006,-0.83465576,0,0.0,0.0,0.0,0.0
0.261749268,0.09773612,0.0824383,-0.991792,-0.008434318,0.99659604,0.08200645,0.9951767,3.5009708E-4,0.09809876,0.53209823,0.09774057,-0.8410222,-0.052859794,0.99521166,0.08221657,0.845031,7.0897484E-4,0.5347169,0.061813354,0.025283813,-0.052215576,9.759201,0.0034332275,0.9620056,0.004272461,-0.003189087,0.003189087,-26.747131,21.669006,-0.83465576,0,0.0,0.0,0.0,0.0
0.266448975,0.0977045,0.08239902,-0.9917986,-0.008443357,0.9965995,0.0819661,0.9951797,3.6565238E-4,0.09806796,0.52425486,0.09743474,-0.8459689,-0.051924214,0.9952417,0.082449354,0.84997696,7.0179725E-4,0.52681947,0.047286987,0.053863525,-0.08065796,9.759354,0.0035858154,0.9617157,-0.0010528564,0.017028809,-0.0053253174,-26.747131,21.669006,-0.83465576,0,0.0,0.0,0.0,0.0
0.271118164,0.09767535,0.082362816,-0.9918043,-0.008421839,0.99660224,0.08193185,0.9951827,3.5009373E-4,0.09803714,0.5165231,0.097134225,-0.850746,-0.051007405,0.995271,0.08266671,0.85475266,6.950744E-4,0.5190351,0.047286987,-0.06088257,-0.07077026,9.759354,0.0034332275,0.9614105,0.0010681152,0.0053253174,0.0063934326,-26.747131,21.669006,-0.83465576,0,0.0,0.0,0.0,0.0
0.275817871,0.095978454,0.20406716,-0.97424066,-0.020362956,0.9789568,0.20304894,0.99517506,3.5009652E-4,0.09811416,0.50890344,0.096839,-0.85535926,-0.050108615,0.9952998,0.08286974,0.859364,6.8817474E-4,0.511364,0.033081055,-0.0082092285,0.17747498,9.759201,0.0034332275,0.9621582,0.010665894,0.020233154,0.0010681152,-24.954224,20.951843,1.9302368,0,0.0,0.0,0.0,0.0
0.280487061,0.09590173,0.20397818,-0.9742667,-0.02035368,0.9789753,0.20296049,0.9951827,3.6565345E-4,0.09803714,0.50127465,0.098998964,-0.8596062,-0.050462194,0.99508727,0.08517526,0.86381555,6.8141316E-4,0.5038078,-5.950928E-4,0.044296265,-0.19526672,9.759354,0.0035858154,0.9614105,-0.007446289,0.011703491,0.007461548,-24.954224,20.951843,1.9302368,0,0.0,0.0,0.0,0.0
0.285186768,0.095944285,0.2040275,-0.97425216,-0.020383418,0.978965,0.2030071,0.995178,3.8121734E-4,0.09808489,0.4937608,0.10111347,-0.8636992,-0.050772153,0.99487466,0.087444715,0.86811435,6.750979E-4,0.49636385,0.004348755,0.034561157,0.11550903,9.759201,0.0037384033,0.9618683,0.0010681152,0.0032043457,-0.0032043457,-24.954224,20.951843,1.9302368,0,0.0,0.0,0.0,0.0
0.289855957,0.09664822,0.16691108,-0.98122364,-0.016730247,0.98597187,0.1660709,0.995178,3.6565744E-4,0.09808489,0.48692903,0.102502316,-0.8674061,-0.050328784,0.99473274,0.08929595,0.8719903,1.7469712E-4,0.48952308,0.018707275,-0.037094116,-0.004196167,9.759201,0.0035858154,0.9618683,0.005340576,0.008529663,0.01171875,-27.105713,20.951843,0.89416504,0,0.0,0.0,0.0,0.0
0.294555664,0.09667393,0.166944,-0.9812155,-0.016753625,0.98596627,0.16610165,0.99517506,3.8121623E-4,0.09811416,0.4796773,0.10379565,-0.8712842,-0.050216034,0.9945986,0.09084007,0.8760069,1.7851632E-4,0.4822986,0.018707275,0.034561157,0.110443115,9.759201,0.0037384033,0.9621582,-0.0010528564,0.010650635,0.010650635,-27.105713,20.951843,0.89416504,0,0.0,0.0,0.0,0.0
0.299224854,0.09667647,0.16694725,-0.9812147,-0.016738677,0.9859657,0.16610639,0.99517506,3.6565636E-4,0.09811416,0.4725404,0.10506361,-0.87502414,-0.050084632,0.99446553,0.09235759,0.8798847,1.8257031E-4,0.47518718,0.090530396,-0.008361816,-0.018844604,9.759201,0.0035858154,0.9621582,-0.013824463,0.012771606,-0.008529663,-27.105713,20.951843,0.89416504,0,0.0,0.0,0.0,0.0
0.303924561,0.09662513,0.17009705,-0.9806787,-0.017032262,0.98542726,0.16924252,0.99517506,3.5009652E-4,0.09811416,0.46551722,0.106306106,-0.8786312,-0.049934838,0.99433345,0.09384847,0.883629,1.8623204E-4,0.46818772,0.104904175,-0.046524048,0.019454956,9.759201,0.0034332275,0.9621582,0.005340576,0.008529663,0.0063934326,-27.464294,22.744751,1.2390137,0,0.0,0.0,0.0,0.0
0.30859375,0.096632525,0.17010587,-0.9806764,-0.01708,0.9854257,0.16924667,0.9951735,3.9521948E-4,0.09812957,0.458604,0.10758714,-0.8821039,-0.049797073,0.99419564,0.095369175,0.8872444,1.8950933E-4,0.46129966,0.052230835,0.11582947,0.052825928,9.759201,0.0038757324,0.9623108,0.005340576,0.011703491,-0.0010681152,-27.464294,22.744751,1.2390137,0,0.0,0.0,0.0,0.0
0.313171387,0.09660276,0.17007041,-0.9806854,-0.017071282,0.98543185,0.16921192,0.9951767,3.952207E-4,0.09809876,0.45180342,0.108842544,-0.88545305,-0.049642827,0.994059,0.096862406,0.89073527,1.9362353E-4,0.4545225,0.033081055,0.0056915283,-0.07136536,9.759201,0.0038757324,0.9620056,-0.013824463,0.009597778,-0.0010681152,-27.464294,22.744751,1.2390137,0,0.0,0.0,0.0,0.0
0.317687989,0.09614705,0.1930613,-0.9764646,-0.019319043,0.9811867,0.1920927,0.9951797,3.9521576E-4,0.09806796,0.44511387,0.11007196,-0.88868314,-0.049471892,0.9939236,0.098328054,0.8941064,1.9765548E-4,0.44785467,-0.10115051,0.010482788,-0.104599,9.759354,0.0038757324,0.9617157,0.0063934326,0.0032043457,0.010650635,-28.720093,19.69757,1.0665894,0,0.0,0.0,0.0,0.0
0.321990967,0.09614413,0.19305713,-0.9764657,-0.019333826,0.9811875,0.19208705,0.9951797,4.1077542E-4,0.09806796,0.4385115,0.11174131,-0.891752,-0.04949071,0.99373734,0.10018399,0.89736193,2.0160669E-4,0.4412954,0.07601929,0.0390625,0.015106201,9.759354,0.0040283203,0.9617157,0.010665894,0.0021362305,0.0053253174,-28.720093,19.69757,1.0665894,0,0.0,0.0,0.0,0.0
0.326293946,0.09614413,0.19305713,-0.9764657,-0.019333826,0.9811875,0.19208705,0.9951797,4.1077542E-4,0.09806796,0.43201947,0.113376886,-0.89470935,-0.049485415,0.993552,0.10200762,0.90050566,2.0579006E-4,0.43484434,0.018554688,7.4768066E-4,0.0055389404,9.759354,0.0040283203,0.9617157,-0.011703491,0.0,-0.0010681152,-28.720093,19.69757,1.0665894,0,0.0,0.0,0.0,0.0
0.330596924,0.09737408,0.11725786,-0.9883161,-0.011908832,0.9931014,0.11665229,0.9951767,4.1078057E-4,0.09809876,0.42563692,0.11497945,-0.8975594,-0.049457155,0.99336785,0.103799365,0.9035415,2.0988977E-4,0.42850062,0.095321655,-0.03274536,0.091430664,9.759201,0.0040283203,0.9620056,0.0032043457,-0.01171875,0.0010681152,-26.92566,19.69757,-0.31585693,0,0.0,0.0,0.0,0.0
0.334899903,0.097380385,0.11726649,-0.98831445,-0.011986835,0.9931003,0.11665326,0.99517506,4.8702318E-4,0.09811416,0.41943872,0.11502503,-0.9004668,-0.048763514,0.9933626,0.10417736,0.90647304,2.1390758E-4,0.42226374,0.004348755,0.0287323,0.072128296,9.759201,0.004776001,0.9621582,0.0021362305,-0.022369385,-0.004257202,-26.92566,19.69757,-0.31585693,0,0.0,0.0,0.0,0.0
0.339202881,0.09733525,0.11720461,-0.9883263,-0.011975349,0.9931077,0.116592236,0.99517965,4.870178E-4,0.098067954,0.4133453,0.115069866,-0.9032744,-0.048082452,0.9933574,0.104542814,0.909304,2.1936989E-4,0.41613245,0.013763428,0.019165039,-0.104599,9.759354,0.004776001,0.9617157,-0.018081665,-0.003189087,-0.017044067,-26.92566,19.69757,-0.31585693,0,0.0,0.0,0.0,0.0
0.34350586,0.09648032,0.17384766,-0.98003495,-0.017494528,0.98477244,0.17296578,0.99518114,4.574551E-4,0.09805255,0.4073547,0.115112565,-0.90598637,-0.047411773,0.9933525,0.104895554,0.91203856,2.2472285E-4,0.41010448,0.052078247,-0.081100464,-0.04219055,9.759354,0.004486084,0.9615631,0.0,-0.0010528564,0.0010681152,-27.105713,22.027588,1.2390137,0,0.0,0.0,0.0,0.0
0.347808838,0.096490175,0.1738596,-0.98003185,-0.01752735,0.98477036,0.17297454,0.99517965,4.870178E-4,0.098067954,0.40141255,0.11629193,-0.9084845,-0.047211174,0.9932151,0.10627779,0.91467977,2.293775E-4,0.40417928,0.008987427,0.06225586,0.03904724,9.759354,0.004776001,0.9617157,-0.0010528564,-0.007446289,-0.007461548,-27.105713,22.027588,1.2390137,0,0.0,0.0,0.0,0.0
0.352111817,0.096490175,0.1738596,-0.98003185,-0.01752735,0.98477036,0.17297454,0.99517965,4.870178E-4,0.098067954,0.39557418,0.1174478,-0.91089356,-0.046999723,0.99307907,0.10763394,0.91723067,2.3453031E-4,0.39835647,0.1765747,0.0047912598,0.02468872,9.759354,0.004776001,0.9617157,0.0010681152,-0.013839722,-0.0021362305,-27.105713,22.027588,1.2390137,0,0.0,0.0,0.0,0.0
0.356414795,0.097388245,0.10731087,-0.9894442,-0.0110145835,0.9942253,0.10674528,0.9951855,5.025804E-4,0.09800786,0.39007148,0.117802955,-0.9132178,-0.046457004,0.993037,0.10825582,0.9196119,1.9785517E-4,0.39282817,0.08081055,0.04295349,-0.13752747,9.759354,0.004928589,0.9611206,0.010665894,0.0032043457,0.0053253174,-27.28424,21.84906,-0.31585693,0,0.0,0.0,0.0,0.0
0.360717774,0.0974002,0.107325844,-0.9894414,-0.011032933,0.9942237,0.106758505,0.9951841,5.181395E-4,0.09802172,0.38449273,0.11759324,-0.9156076,-0.045718994,0.99306184,0.108341984,0.9219952,2.0394968E-4,0.3872013,0.042495728,0.052368164,0.034729004,9.759354,0.0050811768,0.96125793,0.0,0.0,0.008514404,-27.28424,21.84906,-0.31585693,0,0.0,0.0,0.0,0.0
0.365020752,0.097391374,0.10731478,-0.98944354,-0.010985715,0.994225,0.106752045,0.9951855,4.730169E-4,0.09800786,0.3790115,0.11738802,-0.91791624,-0.044996828,0.9930861,0.10842175,0.92429733,2.1023347E-4,0.38167316,0.056869507,-0.11955261,-0.041748047,9.759354,0.004638672,0.9611206,-0.010650635,0.0021362305,-0.0063934326,-27.28424,21.84906,-0.31585693,0,0.0,0.0,0.0,0.0
0.369323731,0.0972707,0.11167184,-0.9889732,-0.011373312,0.9937451,0.111092046,0.99519295,4.4190066E-4,0.09793234,0.37362635,0.117186666,-0.920147,-0.044288836,0.9931099,0.10849543,0.92652136,2.1548914E-4,0.3762421,0.13348389,0.038757324,-0.0074920654,9.759354,0.004333496,0.9603729,-0.011703491,0.009597778,-0.010650635,-26.747131,22.027588,-0.14343262,0,0.0,0.0,0.0,0.0
0.373626709,0.097253874,0.11165139,-0.9889771,-0.011384981,0.9937474,0.11107037,0.99519455,4.5746125E-4,0.09791694,0.37362635,0.117186666,-0.920147,-0.044288836,0.9931099,0.10849543,0.92652136,2.1548914E-4,0.3762421,0.13348389,0.038604736,-0.0073394775,9.759354,0.004486084,0.96022034,-0.011703491,0.009597778,-0.010650635,-26.747131,22.027588,-0.14343262,0,0.0,0.0,0.0,0.0
0.377929688,0.097193494,0.11157797,-0.9889914,-0.011370919,0.9937556,0.11099799,0.9952005,4.5745686E-4,0.097855315,0.36312893,0.11696754,-0.9243679,-0.042978797,0.99313575,0.108785465,0.93074715,2.2507121E-4,0.36566344,0.01361084,-0.009262085,-0.1695404,9.759506,0.004486084,0.95962524,-0.006378174,0.0063934326,0.0,-26.747131,22.027588,-0.14343262,0,0.0,0.0,0.0,0.0
0.382232666,0.09762645,0.0616886,-0.99330944,-0.0064745476,0.99809533,0.061349474,0.995202,4.4189778E-4,0.0978399,0.35801885,0.116859786,-0.92637265,-0.042342387,0.99314845,0.108919166,0.9327538,2.2971892E-4,0.36051396,0.09022522,-0.013900757,-0.030532837,9.759506,0.004333496,0.95947266,-0.0095825195,0.0032043457,0.004257202,-26.38855,22.744751,-1.1810303,0,0.0,0.0,0.0,0.0
0.386535645,0.097613074,0.061672963,-0.9933117,-0.0064411582,0.99809635,0.061337058,0.9952036,4.1077888E-4,0.0978245,0.3530415,0.11575931,-0.9284189,-0.041364603,0.9932773,0.1081168,0.93469286,2.3396249E-4,0.3554564,0.14289856,-0.09500122,-0.02079773,9.759506,0.0040283203,0.95932007,0.004272461,-0.0021209717,-0.0010681152,-26.38855,22.744751,-1.1810303,0,0.0,0.0,0.0,0.0
0.390838623,0.09760928,0.061668534,-0.99331236,-0.0065025478,0.99809664,0.06132658,0.9952036,4.730181E-4,0.0978245,0.3481518,0.114680395,-0.93039703,-0.040415265,0.9934024,0.10732313,0.9365666,2.3749883E-4,0.3504897,0.08065796,0.16294861,0.017501831,9.759506,0.004638672,0.95932007,0.0032043457,-0.008514404,0.01171875,-26.38855,22.744751,-1.1810303,0,0.0,0.0,0.0,0.0
0.395141602,0.096835986,0.13433069,-0.9861938,-0.0136630265,0.99093646,0.13363512,0.9952066,5.3370296E-4,0.097793676,0.34334877,0.113622844,-0.93230975,-0.039495323,0.99352396,0.106537916,0.9383772,2.4220921E-4,0.34561282,0.08065796,0.16714478,-0.07795715,9.759506,0.0052337646,0.9590149,0.0,-0.017044067,-0.0032043457,-25.491333,21.131897,0.3753662,0,0.0,0.0,0.0,0.0
0.39944458,0.096833944,0.13432823,-0.9861942,-0.013678131,0.9909367,0.13363115,0.9952066,5.492628E-4,0.097793676,0.33857375,0.11403751,-0.9340039,-0.039098356,0.9934764,0.10712578,0.94012713,2.4803908E-4,0.34082368,0.04234314,0.028121948,-0.010925293,9.759506,0.0053863525,0.9590149,-0.004257202,-0.0010528564,-0.008529663,-25.491333,21.131897,0.3753662,0,0.0,0.0,0.0,0.0
0.403747559,0.096862145,0.13436212,-0.98618686,-0.013699389,0.9909321,0.13366309,0.9952035,5.632649E-4,0.097824484,0.3338861,0.11444382,-0.9356402,-0.038704786,0.99342966,0.10770048,0.9418184,2.5406355E-4,0.33612186,-0.05342102,0.03756714,0.06060791,9.759506,0.0055236816,0.95932007,0.004272461,-0.004257202,0.0053253174,-25.491333,21.131897,0.3753662,0,0.0,0.0,0.0,0.0
0.408050537,0.09669013,0.1474334,-0.9843345,-0.014965525,0.98907185,0.1466729,0.995202,5.492603E-4,0.0978399,0.32928494,0.11484266,-0.9372207,-0.03831499,0.99338365,0.10826295,0.9434529,2.6024756E-4,0.33150643,0.05192566,-0.043685913,0.07002258,9.759506,0.0053863525,0.95947266,-0.010650635,0.0053253174,0.0021362305,-27.464294,21.669006,0.5477905,0,0.0,0.0,0.0,0.0
0.412353516,0.09667964,0.14742018,-0.98433745,-0.014931331,0.9890738,0.146663,0.9952036,5.1814155E-4,0.0978245,0.32475874,0.1154958,-0.9387185,-0.03801407,0.9933079,0.109060906,0.9450326,2.6602778E-4,0.32697588,-0.019897461,-0.08169556,-0.05911255,9.759506,0.0050811768,0.95932007,-0.0053253174,0.0032043457,0.0,-27.464294,21.669006,0.5477905,0,0.0,0.0,0.0,0.0
0.416656494,0.096669175,0.14740698,-0.9843405,-0.014897137,0.9890757,0.14665309,0.995205,4.870226E-4,0.09780908,0.32031614,0.11613557,-0.9401649,-0.037711862,0.9932333,0.10984243,0.9465597,2.7107005E-4,0.32252833,0.09022522,-0.08139038,-0.006286621,9.759506,0.004776001,0.9591675,-0.0053253174,0.010650635,0.003189087,-27.464294,21.669006,0.5477905,0,0.0,0.0,0.0,0.0
0.420959473,0.09668147,0.14477779,-0.98472947,-0.01462214,0.98946404,0.14403827,0.9952079,4.7302013E-4,0.097779796,0.31672263,0.11667925,-0.94131434,-0.038276214,0.99316907,0.11022807,0.9477456,0.0011182268,0.31902516,-0.019897461,-0.023788452,-0.106552124,9.759506,0.004638672,0.95887756,0.005340576,0.013839722,-0.01171875,-27.28424,20.773315,0.3753662,0,0.0,0.0,0.0,0.0
0.425262451,0.09668366,0.14478065,-0.98472875,-0.014607097,0.98946357,0.14404263,0.9952079,4.5746026E-4,0.097779796,0.3124302,0.11724222,-0.9426779,-0.03794085,0.9931027,0.11093895,0.9491828,0.0011053226,0.31472355,0.12854004,-0.033203125,0.037109375,9.759506,0.004486084,0.95887756,0.0063934326,0.018096924,-0.0063934326,-27.28424,20.773315,0.3753662,0,0.0,0.0,0.0,0.0
0.42956543,0.09666651,0.14475822,-0.9847338,-0.014618,0.989467,0.14401904,0.9952095,4.730209E-4,0.097764395,0.3082179,0.11779395,-0.9439948,-0.03760641,0.99303746,0.11163496,0.95057213,0.0010923654,0.31050172,0.14289856,0.028869629,-0.029785156,9.759506,0.004638672,0.958725,-0.004257202,0.017028809,-0.01171875,-27.28424,20.773315,0.3753662,0,0.0,0.0,0.0,0.0
0.433868408,0.09683136,0.13329133,-0.9863352,-0.013482356,0.9910768,0.1326085,0.9952095,4.57461E-4,0.097764395,0.30408406,0.11833415,-0.9452671,-0.03727349,0.9929732,0.11231574,0.9519157,0.0010799784,0.30635807,0.05671692,-0.052368164,0.008529663,9.759506,0.004486084,0.958725,-0.003189087,0.010650635,-0.0032043457,-29.257202,22.744751,0.20141602,0,0.0,0.0,0.0,0.0
0.438171387,0.09690694,0.13338839,-0.98631465,-0.013486557,0.9910637,0.13270557,0.995202,4.4189778E-4,0.0978399,0.30003637,0.118633576,-0.9465222,-0.036872383,0.9929375,0.11276299,0.9532148,0.001067528,0.30229166,0.07107544,-0.033050537,0.18495178,9.759506,0.004333496,0.95947266,-0.0010528564,0.012771606,-0.0032043457,-29.257202,22.744751,0.20141602,0,0.0,0.0,0.0,0.0
0.442474365,0.09690694,0.13338839,-0.98631465,-0.013486557,0.9910637,0.13270557,0.995202,4.4189778E-4,0.0978399,0.29606602,0.11892895,-0.94773453,-0.0364767,0.9929022,0.11320184,0.9544707,0.0010550154,0.29830274,0.0758667,0.019607544,0.031723022,9.759506,0.004333496,0.95947266,-0.007446289,0.008529663,-0.004257202,-29.257202,22.744751,0.20141602,0,0.0,0.0,0.0,0.0
0.446777344,0.096710816,0.14987114,-0.98396426,-0.015120195,0.98870534,0.14910716,0.9951976,4.5745552E-4,0.09788459,0.29217023,0.11921839,-0.9489065,-0.03608599,0.9928675,0.11363059,0.95568526,0.001042753,0.29438844,0.08065796,0.029022217,0.13183594,9.759506,0.004486084,0.95991516,-0.0095825195,0.012771606,0.012786865,-27.642822,22.566223,0.72021484,0,0.0,0.0,0.0,0.0
0.451080323,0.096698135,0.1498557,-0.98396784,-0.01510107,0.98870784,0.14909355,0.99519926,4.4189655E-4,0.097869195,0.2883368,0.11983265,-0.950001,-0.0357967,0.99279356,0.11436574,0.95685965,0.0010310471,0.29054856,0.104599,-0.028274536,-0.030822754,9.759506,0.004333496,0.9597626,-0.007446289,0.0,-0.004257202,-27.642822,22.566223,0.72021484,0,0.0,0.0,0.0,0.0
0.455383301,0.09667808,0.14983132,-0.98397356,-0.015141007,0.9887114,0.14906512,0.9952005,4.8702038E-4,0.097855315,0.2845757,0.120434284,-0.9510585,-0.03550759,0.9927208,0.11508548,0.9579957,0.0010192641,0.28678054,0.02798462,0.10534668,-0.045043945,9.759506,0.004776001,0.95962524,0.01171875,0.004272461,0.0021362305,-27.642822,22.566223,0.72021484,0,0.0,0.0,0.0,0.0
0.45968628,0.09660858,0.15400034,-0.9833365,-0.015579258,0.98807067,0.15321116,0.9952005,5.181399E-4,0.097855315,0.28088573,0.12102334,-0.95208013,-0.03521999,0.99264914,0.11578955,0.9590947,0.0010086193,0.2830834,0.05192566,0.076309204,0.017196655,9.759506,0.0050811768,0.95962524,0.0,0.017028809,-0.01171875,-27.822876,20.951843,0.5477905,0,0.0,0.0,0.0,0.0
0.463989258,0.09660858,0.15400034,-0.9833365,-0.015579258,0.98807067,0.15321116,0.9952005,5.181399E-4,0.097855315,0.27726287,0.12168432,-0.9530573,-0.034957353,0.9925684,0.11655923,0.96015793,9.988098E-4,0.27945614,0.09980774,-0.009857178,0.0028381348,9.759506,0.0050811768,0.95962524,-0.003189087,0.0032043457,0.0,-27.822876,20.951843,0.5477905,0,0.0,0.0,0.0,0.0
0.468292237,0.09663692,0.15403774,-0.98332787,-0.01558742,0.98806477,0.15324792,0.9951976,5.181384E-4,0.09788459,0.2737091,0.12233202,-0.9540011,-0.03469479,0.99248874,0.11731314,0.9611865,9.891965E-4,0.2758975,0.11895752,-0.0050811768,0.08874512,9.759506,0.0050811768,0.95991516,0.010665894,0.0,0.0,-27.822876,20.951843,0.5477905,0,0.0,0.0,0.0,0.0
0.472595215,0.09660858,0.15400034,-0.9833365,-0.015579258,0.98807067,0.15321116,0.9952005,5.181399E-4,0.097855315,0.27022368,0.122967474,-0.95491266,-0.034432787,0.99241024,0.11805228,0.9621816,9.797753E-4,0.27240688,0.104599,0.0140686035,-0.088150024,9.759506,0.0050811768,0.95962524,-0.004257202,-0.0010528564,0.003189087,-27.822876,20.951843,0.5477905,0,0.0,0.0,0.0,0.0
0.476898194,0.096576415,0.15395789,-0.98334634,-0.015585665,0.9880772,0.15316789,0.9952035,5.3370127E-4,0.097824484,0.26680446,0.12358941,-0.9557933,-0.03417097,0.99233294,0.11877554,0.96314466,9.7054255E-4,0.26898202,0.03277588,0.033065796,-0.04953003,9.759506,0.0052337646,0.95932007,0.007461548,-0.01171875,0.01171875,-27.822876,20.951843,0.5477905,0,0.0,0.0,0.0,0.0
