Time,Rot1,Rot2,Rot3,Rot4,Rot5,Rot6,Rot7,Rot8,Rot9,FRot1,FRot2,FRot3,FRot4,FRot5,FRot6,FRot7,FRot8,FRot9,AccX,AccY,AccZ,GravX,GravY,GravZ,GyroX,GyroY,GyroZ,MagX,MagY,MagZ,Imid
0.0,0.0,0.0,0.0,0.0,0.0,0.0,0.0,0.0,0.0,0.0,0.0,0.0,0.0,0.0,0.0,0.0,0.0,0.0,0.18180847,0.035736084,0.08470154,9.648773,-0.033355713,1.751648,0.0,0.0,0.0,0.0,0.0,0.0,0,0.0,0.0,0.0,0.0
0.004394532,0.17592596,0.19254714,-0.96538883,-0.031111965,0.98128176,0.19004735,0.9839116,-0.0033991192,0.17862347,1.0,0.0,0.0,0.0,1.0,0.0,0.0,0.0,1.0,0.17559052,0.039066315,0.088263035,9.648766,-0.03333359,1.7516776,0.0,0.0,0.0,-27.28424,14.677429,-2.0446777,0,0.0,0.0,0.0,0.0
0.00881958,0.1759305,0.19255595,-0.96538633,-0.03111586,0.9812801,0.19005562,0.9839106,-0.003397753,0.17862862,0.9996054,0.0038751536,-0.027820073,-0.0038717624,0.9999925,1.7576451E-4,0.027820544,-6.798245E-5,0.9996129,0.17136002,0.035294916,0.090666056,9.648759,-0.0333202,1.7517288,0.007461548,0.0010528564,-0.0032043457,-27.28424,14.677429,-2.0446777,0,0.0,0.0,0.0,0.0
0.013214112,0.1759348,0.19256431,-0.9653838,-0.031119565,0.9812785,0.19006346,0.9839098,-0.0033964554,0.17863356,0.9984535,0.0076729273,-0.05506116,-0.007653876,0.99997056,5.568704E-4,0.055063814,-1.3457792E-4,0.9984828,0.17069244,0.033148702,0.08792102,9.648752,-0.03330748,1.7517774,0.003189087,-0.0021362305,-0.008529663,-27.28424,14.677429,-2.0446777,0,0.0,0.0,0.0,0.0
0.017639161,0.17616397,0.18534401,-0.96675426,-0.029828096,0.98266774,0.18295959,0.9839088,-0.0033944468,0.17863913,0.9965906,0.011394809,-0.08171496,-0.011340367,0.9999351,0.0011303469,0.081722535,-1.9981555E-4,0.9966551,0.16671467,0.034452997,0.08722067,9.648738,-0.033287767,1.7518312,-0.010635376,-0.01171875,-0.0053253174,-27.36496,14.6684265,-2.1743011,0,0.0,0.0,0.0,0.0
0.022033692,0.17616828,0.18535241,-0.9667519,-0.029833158,0.98266613,0.18296722,0.9839078,-0.0033917578,0.17864427,0.9940637,0.01489506,-0.10777561,-0.014779854,0.999889,0.0018677034,0.10779147,-2.6370824E-4,0.99417347,0.15981483,0.03353067,0.08176708,9.648732,-0.03326141,1.7518823,0.0010681152,-0.020248413,-0.008529663,-27.36496,14.6684265,-2.1743011,0,0.0,0.0,0.0,0.0
0.026458741,0.17616408,0.18534419,-0.9667543,-0.029836437,0.98266786,0.18295826,0.98390853,-0.0033861692,0.17864077,0.99091446,0.018325299,-0.13323902,-0.018118367,0.99983203,0.0027654686,0.13326731,-3.262693E-4,0.99108005,0.15061188,0.040285382,0.07355583,9.648742,-0.033206616,1.7518485,0.015975952,-0.014923096,0.0095825195,-27.36496,14.6684265,-2.1743011,0,0.0,0.0,0.0,0.0
0.030853272,0.17635924,0.17841999,-0.96802056,-0.028596343,0.98394865,0.17614594,0.98391044,-0.0033831177,0.17863059,0.9871844,0.021686558,-0.15810318,-0.021352379,0.99976474,0.0038122018,0.15814866,-3.874674E-4,0.98741525,0.15167809,0.036190577,0.07228744,9.648759,-0.033176687,1.7517483,-0.0053253174,-0.029830933,-0.0021362305,-27.441643,14.659874,-2.2974434,0,0.0,0.0,0.0,0.0
0.035278321,0.17634632,0.17839472,-0.96802753,-0.028591443,0.9839531,0.17612107,0.9839128,-0.0033809966,0.17861708,0.9829164,0.024839561,-0.18236844,-0.024341108,0.9996913,0.004971359,0.18243565,-4.4738044E-4,0.98321766,0.14597893,0.032308143,0.070880294,9.648783,-0.033155885,1.7516159,-0.004257202,-0.03303528,0.0053253174,-27.441643,14.659874,-2.2974434,0,0.0,0.0,0.0,0.0
0.039672852,0.1763275,0.17835787,-0.9680378,-0.028584018,0.9839599,0.1760849,0.9839164,-0.0033782024,0.17859736,0.9781459,0.027928757,-0.20603554,-0.027224708,0.99960977,0.006251941,0.20612974,-5.0605286E-4,0.97852457,0.14701462,0.03148543,0.06434417,9.64882,-0.033128493,1.7514229,-0.019165039,-0.021316528,-0.0032043457,-27.441643,14.659874,-2.2974434,0,0.0,0.0,0.0,0.0
0.044189454,0.17638452,0.17555034,-0.9685404,-0.02808157,0.9844647,0.17332263,0.98392075,-0.0033732923,0.17857407,0.9729089,0.030955158,-0.22910698,-0.03000176,0.9995206,0.007644198,0.22923376,-5.634959E-4,0.9733712,0.1439209,0.031400416,0.06344628,9.648863,-0.033080343,1.7511946,-0.011703491,-0.021316528,-0.0063934326,-27.460705,14.651749,-2.3453062,0,0.0,0.0,0.0,0.0
0.048736573,0.17636605,0.17551412,-0.9685504,-0.028076252,0.9844712,0.17328669,0.9839242,-0.0033686282,0.17855509,0.9672421,0.03386374,-0.25158697,-0.03261714,0.9994263,0.009124643,0.2517516,-6.1969185E-4,0.9677917,0.13979244,0.028446421,0.06950617,9.648896,-0.0330346,1.7510083,0.003189087,-0.024505615,-0.007461548,-27.460705,14.651749,-2.3453062,0,0.0,0.0,0.0,0.0
0.053253174,0.17634009,0.17546326,-0.9685643,-0.028065892,0.9844803,0.1732368,0.9839292,-0.0033649756,0.17852789,0.9611769,0.036713134,-0.27347985,-0.035126854,0.99932563,0.010696426,0.2736881,-6.746707E-4,0.9618182,0.1351366,0.026605243,0.06840968,9.648943,-0.032998774,1.7507412,-0.003189087,-0.020248413,-0.004272461,-27.460705,14.651749,-2.3453062,0,0.0,0.0,0.0,0.0
0.057769776,0.17636737,0.17317924,-0.9689703,-0.027658245,0.9848846,0.1709893,0.9839358,-0.0033569145,0.17849134,0.95381343,0.039494406,-0.29779214,-0.037416514,0.9992193,0.012677311,0.29806033,-9.49446E-4,0.9545465,0.12997341,0.02864107,0.06819129,9.649009,-0.032919727,1.750383,-0.003189087,-0.047943115,0.0010681152,-27.496742,14.626101,-2.390776,0,0.0,0.0,0.0,0.0
0.062286377,0.17632505,0.173096,-0.96899295,-0.02764389,0.9848993,0.17090714,0.9839437,-0.0033484788,0.17844746,0.9470011,0.04218322,-0.31844848,-0.039664876,0.9991094,0.014391551,0.31877196,-9.975955E-4,0.9478309,0.12864494,0.03296158,0.06400347,9.649087,-0.032837003,1.7499527,-0.0021362305,-0.054336548,-0.015975952,-27.496742,14.626101,-2.390776,0,0.0,0.0,0.0,0.0
0.066802979,0.17627436,0.17299625,-0.96901995,-0.027628414,0.98491687,0.17080839,0.9839533,-0.0033366545,0.17839518,0.9398844,0.04481627,-0.33853924,-0.0418101,0.9989947,0.016171107,0.33892363,-0.0010446132,0.94081336,0.12856483,0.032241233,0.06755149,9.649176,-0.03272103,1.7494392,-0.0010681152,-0.039413452,0.004257202,-27.496742,14.626101,-2.390776,0,0.0,0.0,0.0,0.0
0.072540284,0.17641416,0.16544701,-0.970312,-0.026277382,0.98621315,0.16338076,0.9839652,-0.0033254207,0.17832947,0.93249005,0.047394328,-0.3580727,-0.043853093,0.9988757,0.018008824,0.3585236,-0.001090454,0.93352,0.123259544,0.035536148,0.064792395,9.64929,-0.032610856,1.7487943,-0.0053253174,-0.05645752,-0.015975952,-27.49512,14.637593,-2.5030944,0,0.0,0.0,0.0,0.0
0.078277588,0.1763408,0.16530272,-0.97034985,-0.026251486,0.98623735,0.16323856,0.9839791,-0.0033124934,0.17825334,0.93249005,0.047394328,-0.3580727,-0.043853093,0.9988757,0.018008824,0.3585236,-0.001090454,0.93352,0.12312889,0.035409354,0.065540075,9.649421,-0.032484066,1.7480466,-0.0053253174,-0.05645752,-0.015975952,-27.49512,14.637593,-2.5030944,0,0.0,0.0,0.0,0.0
0.084014893,0.17625397,0.16513196,-0.9703947,-0.026217153,0.98626584,0.1630709,0.9839955,-0.0033009103,0.1781626,0.9169827,0.052087173,-0.39551193,-0.04736057,0.99864185,0.021712642,0.39610568,-0.0011784472,0.9182041,0.12515068,0.033593874,0.053441882,9.649583,-0.03237048,1.7471571,-0.003189087,-0.06817627,-0.0032043457,-27.49512,14.637593,-2.5030944,0,0.0,0.0,0.0,0.0
0.089752198,0.17631201,0.15886112,-0.9714304,-0.025091272,0.9872954,0.15690157,0.9840145,-0.0032892076,0.17805809,0.90891045,0.05435958,-0.41343302,-0.04897486,0.9985207,0.023620283,0.4141054,-0.0012208964,0.9102281,0.12105465,0.03305935,0.04643786,9.649767,-0.03225571,1.7461319,-0.0021362305,-0.06817627,0.0010681152,-27.529436,14.594724,-2.609797,0,0.0,0.0,0.0,0.0
0.095184327,0.17620705,0.15865365,-0.9714834,-0.025046822,0.9873287,0.15669839,0.98403436,-0.0032787884,0.17794807,0.90066093,0.056459375,-0.430839,-0.05038638,0.99840415,0.02550425,0.4315914,-0.0012622627,0.9020683,0.11570454,0.031361368,0.046114206,9.649964,-0.032153543,1.7450534,-0.004257202,-0.0745697,-0.0021362305,-27.529436,14.594724,-2.609797,0,0.0,0.0,0.0,0.0
0.098602295,0.1760981,0.1584383,-0.97153836,-0.024999816,0.9873634,0.15648764,0.98405504,-0.0032688917,0.17783372,0.8922485,0.058512732,-0.44773746,-0.05171223,0.99828583,0.027409513,0.44857377,-0.0013025933,0.8937448,0.1153965,0.026157131,0.03919959,9.6501665,-0.032056488,1.743932,-0.0010681152,-0.053268433,0.0010681152,-27.529436,14.594724,-2.609797,0,0.0,0.0,0.0,0.0
0.102020264,0.17600077,0.15783796,-0.9716537,-0.024884073,0.98745966,0.15589814,0.9840755,-0.0032594898,0.1777213,0.88369244,0.06052043,-0.46413898,-0.052954484,0.9981661,0.029331652,0.46506292,-0.0013419193,0.8852766,0.1033268,0.020540986,0.019393325,9.650366,-0.031964283,1.7428293,-0.007461548,-0.036224365,-0.007461548,-27.535105,14.598859,-2.6161022,0,0.0,0.0,0.0,0.0
0.105438233,0.17589703,0.157633,-0.97170573,-0.02483745,0.98749244,0.15569793,0.9840952,-0.0032521149,0.17761222,0.88369244,0.06052043,-0.46413898,-0.052954484,0.9981661,0.029331652,0.46506292,-0.0013419193,0.8852766,0.10313702,0.020468652,0.020463824,9.650556,-0.03189195,1.7417588,-0.007461548,-0.036224365,-0.007461548,-27.535105,14.598859,-2.6161022,0,0.0,0.0,0.0,0.0
0.108856202,0.17580225,0.15744567,-0.9717533,-0.02479358,0.9875223,0.15551513,0.9841132,-0.0032466624,0.17751226,0.86622065,0.06438322,-0.4954962,-0.055180654,0.9979242,0.033200976,0.49660528,-0.0014175632,0.8679753,0.105843544,0.020148652,0.010305166,9.650736,-0.03183849,1.7407793,0.0,0.0084991455,0.0021209717,-27.535105,14.598859,-2.6161022,0,0.0,0.0,0.0,0.0
0.11227417,0.17582843,0.15284336,-0.9724831,-0.023968207,0.9882451,0.1509871,0.98412895,-0.0032391488,0.17742495,0.8573387,0.066252746,-0.5104712,-0.05618049,0.9978018,0.03514675,0.5116777,-0.0014541453,0.8591763,0.101486206,0.02101805,0.006086588,9.650892,-0.031764816,1.7399235,0.007461548,0.034072876,0.010650635,-27.603281,14.575855,-2.6999118,0,0.0,0.0,0.0,0.0
0.115692139,0.175758,0.15270361,-0.9725177,-0.023943577,0.98826677,0.15084931,0.9841422,-0.0032274225,0.17735207,0.84838486,0.0679917,-0.52499545,-0.05703106,0.9976848,0.037047915,0.5262989,-0.0014898453,0.8502983,0.101439476,0.023714704,0.0019812584,9.651018,-0.03164981,1.7392081,-0.0010681152,0.04258728,-0.008529663,-27.603281,14.575855,-2.6999118,0,0.0,0.0,0.0,0.0
0.119537354,0.17570335,0.15259509,-0.97254467,-0.023926489,0.9882836,0.15074192,0.9841523,-0.0032162818,0.17729579,0.83936834,0.069692835,-0.5390767,-0.05781459,0.99756736,0.03894726,0.54047966,-0.0015245969,0.84135574,0.095191956,0.026276527,-0.0030037165,9.651116,-0.031540554,1.7386559,0.0063934326,0.053237915,-0.01171875,-27.603281,14.575855,-2.6999118,0,0.0,0.0,0.0,0.0
0.123596192,0.17561032,0.15485303,-0.97220445,-0.024332512,0.98793226,0.15296295,0.984159,-0.0032056987,0.17725909,0.8327823,0.071390696,-0.5489782,-0.05857334,0.9974467,0.040856954,0.5504933,-0.0018694627,0.83483756,0.09216118,0.025598228,0.0026311874,9.651178,-0.03143676,1.7382954,-0.004257202,0.06816101,0.0021209717,-27.623186,14.580934,-2.66715,0,0.0,0.0,0.0,0.0
0.127746582,0.17559014,0.15481295,-0.9722146,-0.024338119,0.98793876,0.15292116,0.9841625,-0.003189575,0.17724015,0.8236866,0.07306685,-0.562318,-0.0592734,0.99732524,0.042767104,0.56393886,-0.0018961873,0.82581437,0.089782715,0.032076646,0.0044748783,9.651215,-0.031278647,1.7381101,0.0234375,0.06921387,0.007446289,-27.623186,14.580934,-2.66715,0,0.0,0.0,0.0,0.0
0.132019043,0.17558609,0.1548049,-0.9722166,-0.024351278,0.9879401,0.15291059,0.9841629,-0.0031742577,0.17723821,0.8145632,0.074708484,-0.57524365,-0.05991336,0.9972035,0.044670362,0.5769723,-0.0019220551,0.81676143,0.090426445,0.032245122,0.008702874,9.651219,-0.031128442,1.7380912,-0.0053253174,0.07348633,-0.017044067,-27.623186,14.580934,-2.66715,0,0.0,0.0,0.0,0.0
0.136352539,0.17563608,0.15327272,-0.9724502,-0.024096172,0.9881788,0.15139972,0.9841602,-0.003158928,0.17725316,0.80542356,0.07631692,-0.58776575,-0.060495976,0.9970817,0.04656502,0.5896042,-0.0019470992,0.80768996,0.086278915,0.031680383,0.015906215,9.651195,-0.030978117,1.7382381,-0.017028809,0.064956665,0.0010681152,-27.642097,14.621616,-2.6879063,0,0.0,0.0,0.0,0.0
0.141876221,0.17566082,0.15332171,-0.9724381,-0.024119627,0.9881714,0.15144537,0.98415524,-0.003148177,0.17728104,0.79628,0.07786208,-0.5998964,-0.060998883,0.9969622,0.048430637,0.6018449,-0.001971336,0.79861057,0.08188343,0.030223772,0.022615194,9.651148,-0.030872691,1.7385118,0.010650635,0.064956665,-0.0021362305,-27.642097,14.621616,-2.6879063,0,0.0,0.0,0.0,0.0
0.147369385,0.17569175,0.15338299,-0.9724228,-0.024148768,0.9881619,0.15150249,0.98414904,-0.0031349289,0.1773159,0.7871406,0.07937714,-0.61164445,-0.061450724,0.9968427,0.050284367,0.61370474,-0.0019948727,0.78953314,0.08203125,0.029049039,0.023400187,9.65109,-0.030742783,1.7388543,0.01171875,0.0521698,0.01914978,-27.642097,14.621616,-2.6879063,0,0.0,0.0,0.0,0.0
0.152862549,0.17580076,0.1505533,-0.9728452,-0.02366595,0.98859686,0.14871433,0.9841412,-0.0031207888,0.17735907,0.7780145,0.080862954,-0.6230206,-0.061853796,0.9967232,0.052124813,0.625194,-0.002017674,0.78046674,0.081954956,0.03366348,0.025723696,9.651011,-0.030604113,1.7392772,0.0010681152,0.037261963,-0.012786865,-27.59735,14.561617,-2.7335646,0,0.0,0.0,0.0,0.0
0.158386231,0.17584604,0.15064326,-0.9728231,-0.02370327,0.9885833,0.14879918,0.9841323,-0.0031066553,0.17740917,0.76891387,0.082261816,-0.63403815,-0.062165145,0.9966087,0.053913467,0.636323,-0.0020397364,0.77142006,0.080459595,0.035167105,0.0314337,9.650923,-0.030465508,1.7397684,0.0,0.04046631,0.0010681152,-27.59735,14.561617,-2.7335646,0,0.0,0.0,0.0,0.0
0.163879395,0.17589065,0.1507319,-0.9728013,-0.023738088,0.98856986,0.14888313,0.98412347,-0.0030947055,0.17745826,0.7598431,0.08363435,-0.6447044,-0.062434133,0.99649435,0.055686012,0.6471016,-0.0020610748,0.76240104,0.08095455,0.02990686,0.03301215,9.650839,-0.03034833,1.7402502,-0.0053253174,0.031936646,0.0010681152,-27.59735,14.561617,-2.7335646,0,0.0,0.0,0.0,0.0
0.169067383,0.17597072,0.14929771,-0.9730079,-0.023502631,0.9887874,0.1474684,0.98411477,-0.0030818766,0.17750655,0.75080943,0.08498108,-0.65502936,-0.06266257,0.9963804,0.057441436,0.65753984,-0.0020817474,0.75341696,0.079517365,0.031598315,0.036411405,9.650751,-0.030222515,1.7407233,0.004257202,0.012756348,0.0010681152,-27.635557,14.531549,-2.7682426,0,0.0,0.0,0.0,0.0
0.17364502,0.17601676,0.14938949,-0.97298557,-0.0235422,0.9887737,0.14755468,0.98410565,-0.0030658762,0.17755768,0.7418215,0.08627181,-0.66502476,-0.06282945,0.9962694,0.059158288,0.66764754,-0.0021017496,0.7444745,0.07815933,0.03987176,0.050123453,9.6506605,-0.030065605,1.7412245,-0.009567261,0.015960693,-0.004272461,-27.635557,14.531549,-2.7682426,0,0.0,0.0,0.0,0.0
0.177886963,0.17606455,0.14948481,-0.97296226,-0.023583442,0.9887593,0.14764425,0.98409605,-0.00304912,0.17761083,0.73288363,0.08753843,-0.6746988,-0.06296047,0.99615884,0.060856022,0.67743444,-0.0021210322,0.73558,0.0790329,0.041969813,0.061189294,9.650566,-0.029901283,1.7417456,0.008529663,0.0084991455,-0.0063934326,-27.635557,14.531549,-2.7682426,0,0.0,0.0,0.0,0.0
0.182128907,0.17616048,0.14746158,-0.97325355,-0.02324319,0.989063,0.14564988,0.98408693,-0.0030362355,0.17766131,0.72400177,0.088781506,-0.6840609,-0.06305741,0.99604887,0.06253397,0.6869099,-0.0021395942,0.7267394,0.073275566,0.035322238,0.06905115,9.650476,-0.02977493,1.7422407,0.0021362305,-0.017044067,-0.008529663,-27.591135,14.52984,-2.7925653,0,0.0,0.0,0.0,0.0
0.18637085,0.17619687,0.14753404,-0.9732361,-0.023273977,0.9890524,0.14571808,0.9840798,-0.003023995,0.17770162,0.72400177,0.088781506,-0.6840609,-0.06305741,0.99604887,0.06253397,0.6869099,-0.0021395942,0.7267394,0.073345184,0.0352022,0.06865561,9.650407,-0.029654896,1.7426362,0.0021362305,-0.017044067,-0.008529663,-27.591135,14.52984,-2.7925653,0,0.0,0.0,0.0,0.0
0.190612793,0.17622767,0.14759544,-0.97322106,-0.023302095,0.98904306,0.14577548,0.9840735,-0.003011588,0.17773609,0.70462775,0.09189963,-0.7036008,-0.06326851,0.99576515,0.066699326,0.7067508,-0.0024824266,0.70745814,0.07132244,0.03755586,0.078189015,9.650349,-0.029533233,1.7429746,-0.011703491,-0.038360596,-0.0053253174,-27.591135,14.52984,-2.7925653,0,0.0,0.0,0.0,0.0
0.194854737,0.17642458,0.13990717,-0.97432053,-0.02194623,0.99016005,0.13820773,0.9840694,-0.0030005802,0.177759,0.6959616,0.093016975,-0.712029,-0.06322734,0.9956614,0.06826915,0.71529,-0.00249301,0.69882333,0.06914711,0.032378353,0.073216796,9.650308,-0.029425284,1.7431992,-0.009567261,-0.039413452,0.003189087,-27.522003,14.555149,-2.8934917,0,0.0,0.0,0.0,0.0
0.19909668,0.17643704,0.13993187,-0.97431463,-0.021964341,0.9901566,0.13822962,0.98406684,-0.0029886442,0.1777738,0.68738014,0.093957156,-0.72019476,-0.06305224,0.99557304,0.06970386,0.72355574,-0.0025031613,0.69026136,0.06658745,0.030318456,0.0822078,9.650284,-0.029308237,1.7433447,-0.012771606,-0.042617798,-0.0063934326,-27.522003,14.555149,-2.8934917,0,0.0,0.0,0.0,0.0
0.203338623,0.17643808,0.13993394,-0.97431415,-0.021975439,0.99015623,0.13822971,0.9840663,-0.0029780043,0.17777638,0.678877,0.094878964,-0.72809607,-0.0628566,0.9954856,0.071115255,0.73155653,-0.002512871,0.6817761,0.06533146,0.026692241,0.07721484,9.650283,-0.029203909,1.7433707,-0.004257202,-0.052200317,-0.008529663,-27.522003,14.555149,-2.8934917,0,0.0,0.0,0.0,0.0
0.207580567,0.17645818,0.13875408,-0.9744792,-0.021776646,0.99032235,0.13706666,0.9840672,-0.002965642,0.17777209,0.67045534,0.095782295,-0.7357413,-0.06264131,0.9953991,0.072502926,0.7393008,-0.0025221738,0.6733706,0.06389046,0.027773857,0.081157446,9.65029,-0.02908267,1.7433282,-0.0021362305,-0.052200317,-0.0032043457,-27.46533,14.480544,-2.9115522,0,0.0,0.0,0.0,0.0
0.21182251,0.17644489,0.13872764,-0.97448546,-0.021780882,0.9903262,0.13703898,0.9840695,-0.0029546754,0.1777596,0.6621195,0.096643746,-0.7431405,-0.062391788,0.9953158,0.07384907,0.74679655,-0.002531043,0.66504776,0.060112,0.027612735,0.07469022,9.650311,-0.028975125,1.7432055,-0.003189087,-0.043685913,-0.0053253174,-27.46533,14.480544,-2.9115522,0,0.0,0.0,0.0,0.0
0.216064454,0.17642227,0.13868263,-0.974496,-0.021778429,0.9903326,0.13699362,0.98407364,-0.0029457344,0.177737,0.65387046,0.097487375,-0.75029975,-0.062125307,0.99523354,0.07517103,0.7540516,-0.0025395157,0.6568103,0.06296444,0.025558421,0.068172574,9.650354,-0.028887453,1.7429844,0.003189087,-0.036224365,0.0063934326,-27.46533,14.480544,-2.9115522,0,0.0,0.0,0.0,0.0
0.220306397,0.1764717,0.13501675,-0.97500163,-0.02112973,0.9908389,0.13338548,0.9840789,-0.0029372398,0.1777079,0.64571065,0.09831316,-0.7572267,-0.061842706,0.9951523,0.076468594,0.76107377,-0.0025476401,0.64866036,0.06350422,0.023846388,0.062055588,9.65041,-0.028804163,1.7426996,-0.0021362305,-0.042617798,0.0021209717,-27.465279,14.499314,-2.9632707,0,0.0,0.0,0.0,0.0
0.22454834,0.17643468,0.1349432,-0.97501856,-0.02112161,0.990849,0.13331209,0.9840857,-0.0029269152,0.17767034,0.63764656,0.099048704,-0.7639348,-0.06149844,0.9950793,0.07768603,0.76787037,-0.002555432,0.6406002,0.06496143,0.024351608,0.054665804,9.650476,-0.028702913,1.7423315,0.0053253174,-0.028762817,0.0,-27.465279,14.499314,-2.9632707,0,0.0,0.0,0.0,0.0
0.228790284,0.1763936,0.13486157,-0.9750372,-0.02111251,0.99086004,0.13323064,0.9840932,-0.0029155514,0.17762865,0.62967515,0.09976802,-0.7704255,-0.061141897,0.9950074,0.078878984,0.7744487,-0.0025628617,0.6326315,0.05987358,0.026971612,0.051296234,9.650548,-0.028591467,1.7419223,-0.0010681152,-0.036224365,-0.009597778,-27.465279,14.499314,-2.9632707,0,0.0,0.0,0.0,0.0
0.233032227,0.17640638,0.1321037,-0.97541237,-0.02062699,0.9912315,0.1305157,0.98410124,-0.002903978,0.17758448,0.62179834,0.100471266,-0.7767061,-0.060773958,0.99493665,0.08004752,0.78081584,-0.0025699155,0.62475604,0.056708336,0.023946851,0.04981625,9.650623,-0.028477963,1.7414885,0.0063934326,-0.02557373,0.0010681152,-27.501087,14.481288,-3.0124032,0,0.0,0.0,0.0,0.0
0.23727417,0.17635857,0.13200842,-0.975434,-0.020618774,0.99124444,0.13042022,0.98411006,-0.00288847,0.1775363,0.61402065,0.10110502,-0.78278756,-0.060362354,0.9948724,0.081149556,0.7869784,-0.0025765968,0.61697507,0.055841446,0.026056089,0.044639826,9.65071,-0.028325884,1.741016,-0.0010681152,-0.02557373,-0.007461548,-27.501087,14.481288,-3.0124032,0,0.0,0.0,0.0,0.0
0.241516114,0.17631187,0.13191535,-0.97545505,-0.020609647,0.9912569,0.13032715,0.9841186,-0.002874438,0.17748907,0.60633975,0.10172415,-0.78867245,-0.059942503,0.99480927,0.08222755,0.79294324,-0.0025828343,0.60929006,0.05693245,0.023039723,0.039018035,9.650793,-0.028188277,1.7405528,0.0021362305,-0.021316528,-0.012786865,-27.501087,14.481288,-3.0124032,0,0.0,0.0,0.0,0.0
0.245758057,0.17632061,0.12928076,-0.9758061,-0.020148335,0.991604,0.12773311,0.9841266,-0.0028611077,0.17744498,0.5987571,0.10232899,-0.7943669,-0.05951522,0.9947472,0.08328184,0.7987164,-0.0025886663,0.6017021,0.054138184,0.021850355,0.040373683,9.650871,-0.028057551,1.7401203,-0.0010681152,-0.020248413,-0.0021362305,-27.535105,14.464163,-3.0590792,0,0.0,0.0,0.0,0.0
0.25,0.17627537,0.12919042,-0.97582626,-0.020139378,0.9916157,0.12764278,0.98413485,-0.002847743,0.17739923,0.59127635,0.102868825,-0.79988146,-0.05905091,0.99469155,0.08427167,0.80430424,-0.002594115,0.5942121,0.05147648,0.022867363,0.03930497,9.650953,-0.027926493,1.739672,-0.003189087,-0.022369385,0.004257202,-27.535105,14.464163,-3.0590792,0,0.0,0.0,0.0,0.0
0.254241944,0.17623296,0.1291057,-0.9758451,-0.020131927,0.9916268,0.1275579,0.9841426,-0.0028342684,0.17735648,0.58389515,0.10339603,-0.8052178,-0.058582023,0.99463683,0.085238725,0.80971265,-0.0025991872,0.5868208,0.048947334,0.023825893,0.039001346,9.6510315,-0.02779436,1.739253,-0.013839722,-0.021316528,-0.0032043457,-27.535105,14.464163,-3.0590792,0,0.0,0.0,0.0,0.0
0.258483887,0.1762213,0.12759134,-0.9760463,-0.019867036,0.99182284,0.12606677,0.9841501,-0.002824502,0.17731518,0.5761663,0.10364448,-0.81073433,-0.057993606,0.99461126,0.085936904,0.81527245,-0.0024965452,0.57907224,0.051812172,0.014471911,0.0360862,9.651106,-0.027698588,1.7388481,0.004257202,-0.008529663,0.0010681152,-27.567423,14.465823,-3.0861788,0,0.0,0.0,0.0,0.0
0.26272583,0.17617996,0.12750861,-0.9760647,-0.019854445,0.9918335,0.12598483,0.98415774,-0.0028167793,0.17727277,0.5689934,0.10412406,-0.8157234,-0.057505295,0.99456114,0.08684024,0.820329,-0.0025031043,0.5718864,0.053090096,0.009431604,0.03933251,9.651184,-0.027622864,1.7384329,-0.010635376,-0.01171875,-0.0053253174,-27.567423,14.465823,-3.0861788,0,0.0,0.0,0.0,0.0
0.266967774,0.17614149,0.1274317,-0.97608155,-0.019842904,0.99184334,0.12590866,0.9841649,-0.0028094444,0.17723338,0.5619213,0.10459237,-0.8205516,-0.057014782,0.99451196,0.08772215,0.82522345,-0.002509378,0.5648008,0.051916122,0.0075165424,0.04049325,9.651251,-0.027550925,1.738046,-0.011703491,-0.021316528,-0.0053253174,-27.567423,14.465823,-3.0861788,0,0.0,0.0,0.0,0.0
0.271209717,0.17620447,0.12228783,-0.976728,-0.01892793,0.99249065,0.12084669,0.98417157,-0.0028062882,0.17719597,0.5549502,0.105049744,-0.8252241,-0.056522634,0.9944638,0.08858312,0.8299611,-0.0025153793,0.55781555,0.060138702,-0.0026455093,0.040638447,9.651314,-0.027519966,1.7376785,-0.0053253174,-0.017044067,-0.004272461,-27.607126,14.440545,-3.1724246,0,0.0,0.0,0.0,0.0
0.275451661,0.17617168,0.12222205,-0.97674215,-0.018914245,0.99249876,0.12078221,0.9841777,-0.002804067,0.17716193,0.54808587,0.10539483,-0.82975525,-0.055973288,0.99442726,0.08933878,0.8345471,-0.0025211975,0.55093086,0.06005001,-0.003911702,0.043394804,9.651374,-0.027498184,1.7373447,0.003189087,-0.019180298,0.0,-27.607126,14.440545,-3.1724246,0,0.0,0.0,0.0,0.0
0.279693604,0.17613722,0.12215291,-0.97675705,-0.018896634,0.9925073,0.12071503,0.9841842,-0.0028049906,0.17712577,0.54132247,0.10573169,-0.8341408,-0.0554258,0.99439144,0.090075284,0.8389863,-0.0025268549,0.5441467,0.05564785,-0.0046064667,0.04269898,9.651439,-0.027507246,1.7369903,-0.0010681152,-0.020248413,-0.004272461,-27.607126,14.440545,-3.1724246,0,0.0,0.0,0.0,0.0
0.283935547,0.1760372,0.12556547,-0.9763423,-0.019497076,0.99208134,0.12407426,0.98419034,-0.0028058682,0.17709139,0.53465956,0.10606042,-0.8383856,-0.054880396,0.99435645,0.090793,0.8432836,-0.0025324177,0.53746283,0.053380966,-0.006223984,0.04107976,9.651501,-0.027515855,1.7366536,0.0010681152,-0.022369385,0.010650635,-27.590982,14.452389,-3.1160371,0,0.0,0.0,0.0,0.0
0.288177491,0.17600606,0.1255031,-0.97635585,-0.019481845,0.9920892,0.12401354,0.9841963,-0.0028059243,0.17705879,0.5280933,0.106450945,-0.84248775,-0.05437445,0.9943147,0.09155142,0.8474437,-0.0025378866,0.53087914,0.05697441,-0.0022621173,0.041457057,9.651559,-0.027516404,1.7363337,-0.008514404,-0.008529663,0.0,-27.590982,14.452389,-3.1160371,0,0.0,0.0,0.0,0.0
0.292419434,0.17597514,0.12544113,-0.9763694,-0.019465942,0.992097,0.12395335,0.9842021,-0.002806756,0.17702626,0.5216272,0.106832415,-0.84645844,-0.05386966,0.9942738,0.09229134,0.8514711,-0.0025432473,0.52439535,0.05368328,-0.004475979,0.035126925,9.651614,-0.027524555,1.7360146,-0.004257202,-0.008529663,-0.0032043457,-27.590982,14.452389,-3.1160371,0,0.0,0.0,0.0,0.0
0.296661377,0.17593853,0.12589863,-0.9763171,-0.019542793,0.9920391,0.12440429,0.98420715,-0.0028075445,0.17699833,0.515261,0.10720499,-0.85030186,-0.05336635,0.99423367,0.09301309,0.8553702,-0.0025485177,0.518011,0.055825233,-0.00490297,0.04153323,9.651667,-0.027532298,1.7357411,-0.008514404,-0.0053253174,0.0010681152,-27.593575,14.409853,-3.114349,0,0.0,0.0,0.0,0.0
0.300903321,0.17591703,0.1258554,-0.9763265,-0.019530764,0.9920446,0.124362476,0.9842113,-0.0028090721,0.17697561,0.50899357,0.10757925,-0.8540212,-0.05287015,0.9941932,0.093726,0.8591451,-0.0025536981,0.51172566,0.05379677,-0.006258471,0.049737215,9.65171,-0.027547283,1.7355187,-0.0053253174,-0.0032043457,0.0053253174,-27.593575,14.409853,-3.114349,0,0.0,0.0,0.0,0.0
0.305145264,0.17589799,0.12581713,-0.9763349,-0.01952156,0.99204946,0.124325186,0.98421484,-0.0028089683,0.17695566,0.502825,0.10794517,-0.8576216,-0.052376006,0.99415356,0.09442171,0.86279994,-0.0025588057,0.505539,0.05810356,-0.0030135736,0.05368483,9.651742,-0.02754626,1.7353227,-0.004257202,-0.0063934326,-0.0010681152,-27.593575,14.409853,-3.114349,0,0.0,0.0,0.0,0.0
0.309387207,0.17593102,0.123248674,-0.97665656,-0.019066388,0.9923719,0.12179732,0.9842179,-0.002806613,0.17693889,0.49675483,0.10830297,-0.86110693,-0.051884256,0.99411464,0.09510064,0.8663387,-0.002563809,0.49945045,0.05644703,0.0029201861,0.05597651,9.651773,-0.027523166,1.7351586,0.0,-0.007461548,0.020217896,-27.60504,14.3963,-3.1559277,0,0.0,0.0,0.0,0.0
0.313629151,0.17591535,0.123217165,-0.97666335,-0.019062534,0.99237573,0.12176594,0.9842207,-0.0028028188,0.17692295,0.4907849,0.10860213,-0.8644858,-0.051370163,0.994082,0.095719,0.8697651,-0.002568665,0.49345937,0.056310654,0.0075845085,0.05432284,9.651803,-0.027485965,1.7350026,-0.0053253174,-0.009597778,0.003189087,-27.60504,14.3963,-3.1559277,0,0.0,0.0,0.0,0.0
0.317871094,0.17590146,0.1231892,-0.9766694,-0.01905712,0.99237925,0.12173847,0.98422337,-0.002801471,0.1769086,0.48491168,0.10889467,-0.8677572,-0.050860174,0.9940499,0.09632193,0.87308294,-0.0025733479,0.48756483,0.05594158,0.0029404499,0.058251143,9.651831,-0.02747275,1.7348621,0.014907837,-0.0063934326,-0.0032043457,-27.60504,14.3963,-3.1559277,0,0.0,0.0,0.0,0.0
0.322113038,0.17592931,0.121132694,-0.9769215,-0.018691724,0.9926324,0.11971465,0.9842254,-0.0028009687,0.17689733,0.4791346,0.1091808,-0.8709246,-0.050354477,0.99401855,0.09690985,0.87629586,-0.0025779104,0.4817664,0.050570488,0.001169892,0.06028402,9.65185,-0.027467825,1.7347515,-0.024490356,-0.0063934326,-0.0010681152,-27.598001,14.311708,-3.1954274,0,0.0,0.0,0.0,0.0
0.326354981,0.17591621,0.12110614,-0.9769272,-0.018690374,0.9926356,0.11968786,0.9842277,-0.002795901,0.17688422,0.47360688,0.108883455,-0.87398,-0.050138496,0.9940526,0.09667264,0.8793081,-0.0019647875,0.47624943,0.052643776,0.0051877834,0.05002725,9.6518755,-0.027418133,1.7346234,0.01171875,0.003189087,-0.004272461,-27.598001,14.311708,-3.1954274,0,0.0,0.0,0.0,0.0
0.330596924,0.1759034,0.12108016,-0.9769327,-0.018685825,0.9926387,0.11966224,0.98423004,-0.0027941985,0.176871,0.46801835,0.10912807,-0.8769549,-0.049622152,0.9940257,0.0972137,0.88232446,-0.0019814095,0.47063744,0.058444023,-0.0017374083,0.047952414,9.6519,-0.027401444,1.7344942,-0.023422241,0.003189087,-0.017044067,-27.598001,14.311708,-3.1954274,0,0.0,0.0,0.0,0.0
0.334869385,0.17580602,0.12559493,-0.97638017,-0.019488484,0.9920777,0.12410507,0.9842319,-0.0027902485,0.17686087,0.4625232,0.10936729,-0.87983584,-0.049111176,0.9939994,0.09774091,0.885246,-0.0019976653,0.4651189,0.058933258,0.004349217,0.051944494,9.651916,-0.0273627,1.7343943,-0.004257202,-0.010665894,0.007446289,-27.600243,14.240349,-3.1378899,0,0.0,0.0,0.0,0.0
0.340545655,0.17579925,0.12558118,-0.9763831,-0.01948811,0.99207944,0.124091156,0.98423314,-0.0027872724,0.17685418,0.45711616,0.10969214,-0.8826168,-0.048647553,0.99396354,0.09833532,0.8880756,-0.002013517,0.45969307,0.057243347,0.0015209783,0.057382584,9.651931,-0.027333524,1.7343292,0.0010681152,-0.019180298,0.0063934326,-27.600243,14.240349,-3.1378899,0,0.0,0.0,0.0,0.0
0.346191407,0.17579308,0.12556858,-0.9763859,-0.019487092,0.9920811,0.12407853,0.9842343,-0.0027852252,0.17684795,0.45180088,0.11001021,-0.88530993,-0.04818783,0.9939284,0.0989156,0.8908164,-0.0020289922,0.45435885,0.054927826,-0.0011582207,0.055606008,9.6519375,-0.027313435,1.7342674,0.003189087,-0.019180298,-0.004272461,-27.600243,14.240349,-3.1378899,0,0.0,0.0,0.0,0.0
0.351867676,0.17579915,0.12506257,-0.9764498,-0.019398872,0.99214506,0.12358025,0.9842349,-0.0027832792,0.1768443,0.44657624,0.11032165,-0.8879182,-0.04773213,0.9938938,0.0994821,0.8934715,-0.0020441168,0.44911528,0.057995796,-3.518667E-4,0.059162736,9.651943,-0.02729435,1.7342315,0.007461548,-0.0010681152,0.004257202,-27.575516,14.217341,-3.1437304,0,0.0,0.0,0.0,0.0
0.357513428,0.17578886,0.12504163,-0.9764543,-0.019396415,0.99214774,0.12355939,0.98423684,-0.002780652,0.17683385,0.44144195,0.110616714,-0.89044535,-0.047276225,0.99386096,0.10002627,0.8960435,-0.0020589002,0.44396147,0.06472492,6.4610504E-4,0.056623578,9.651964,-0.027268592,1.7341294,0.004257202,-0.007461548,-0.0021362305,-27.575516,14.217341,-3.1437304,0,0.0,0.0,0.0,0.0
0.363067627,0.17578194,0.1250275,-0.97645736,-0.019397013,0.9921495,0.12354489,0.984238,-0.0027766004,0.17682707,0.43639627,0.11090545,-0.8928932,-0.046824727,0.9938288,0.10055727,0.8985354,-0.0020733352,0.4388963,0.06394291,0.0039722584,0.062561035,9.651977,-0.027228862,1.734063,-0.0021362305,-0.028762817,-0.0021362305,-27.575516,14.217341,-3.1437304,0,0.0,0.0,0.0,0.0
0.367614747,0.17573999,0.1267723,-0.9762398,-0.019708231,0.9919279,0.1252617,0.9842393,-0.0027735298,0.17681988,0.43143824,0.11118812,-0.89526427,-0.04637784,0.9937971,0.10107548,0.90094954,-0.0020874003,0.43391877,0.057694435,0.0021127276,0.05791402,9.651988,-0.027198749,1.7339923,0.0021362305,-0.012786865,0.004257202,-27.59681,14.204488,-3.123339,0,0.0,0.0,0.0,0.0
0.371887207,0.1757308,0.12675352,-0.9762439,-0.019708116,0.99193037,0.12524262,0.98424095,-0.0027690579,0.17681079,0.4265651,0.11150009,-0.89755774,-0.045950763,0.9937622,0.10161305,0.90328884,-0.0021011229,0.4290278,0.060376167,0.0067945365,0.050409436,9.651999,-0.027154882,1.7339023,-0.0021362305,-0.008529663,-0.0021362305,-27.59681,14.204488,-3.123339,0,0.0,0.0,0.0,0.0
0.376159668,0.17571907,0.12672955,-0.9762492,-0.01970721,0.9919335,0.12521839,0.9842431,-0.002764109,0.17679909,0.4217774,0.111805424,-0.8997796,-0.045527782,0.9937278,0.10213788,0.90555567,-0.0021144815,0.42422223,0.057649612,0.0071658716,0.03995824,9.652018,-0.027106343,1.7337871,0.004257202,-0.0053253174,-0.0053253174,-27.59681,14.204488,-3.123339,0,0.0,0.0,0.0,0.0
0.380432129,0.17578065,0.12301142,-0.9767136,-0.019053401,0.9924014,0.121558145,0.98424494,-0.0027578513,0.17678873,0.41707394,0.11210417,-0.90193236,-0.04510896,0.9936942,0.10265014,0.90775245,-0.002127474,0.41950086,0.058171272,0.010136282,0.03935945,9.652035,-0.02704497,1.7336853,-0.008514404,0.003189087,-0.010650635,-27.563251,14.192277,-3.1731656,0,0.0,0.0,0.0,0.0
0.38470459,0.17576516,0.12297987,-0.9767203,-0.019053949,0.9924053,0.12152594,0.9842477,-0.0027496505,0.17677355,0.41245705,0.11232246,-0.9040259,-0.044663712,0.9936695,0.10308281,0.9098815,-0.0021400815,0.41486272,0.0543499,0.012936046,0.039082885,9.652059,-0.026964542,1.7335359,0.0,-0.017044067,-0.014923096,-27.563251,14.192277,-3.1731656,0,0.0,0.0,0.0,0.0
0.388977051,0.17574835,0.122945614,-0.9767276,-0.019058762,0.99240965,0.12149024,0.98425066,-0.0027364905,0.17675757,0.40792206,0.11253574,-0.9060548,-0.044224083,0.9936453,0.103504375,0.91194504,-0.0021522727,0.41030663,0.05526066,0.015543181,0.04218626,9.652089,-0.026835492,1.7333795,-0.007461548,-0.02557373,-0.009597778,-27.563251,14.192277,-3.1731656,0,0.0,0.0,0.0,0.0
0.393249512,0.17580421,0.11890237,-0.97721803,-0.018352704,0.99290216,0.11750903,0.98425406,-0.0027239881,0.17673856,0.40237796,0.11367399,-0.90838885,-0.044861697,0.9935173,0.10445497,0.91437376,-0.0012785107,0.40486905,0.058512688,0.019696137,0.045171857,9.652125,-0.026712894,1.7331935,-0.007461548,-0.015991211,-0.018112183,-27.558304,14.207532,-3.2291222,0,0.0,0.0,0.0,0.0
0.397521973,0.1757785,0.11884996,-0.9772291,-0.018351214,0.99290866,0.11745598,0.9842587,-0.0027128905,0.17671297,0.39802665,0.1137786,-0.9102907,-0.044377137,0.9935053,0.1047757,0.9162999,-0.0013074203,0.40049073,0.05895996,0.019579556,0.046885848,9.652168,-0.026604056,1.7329421,-0.013839722,-0.02557373,0.003189087,-27.558304,14.207532,-3.2291222,0,0.0,0.0,0.0,0.0
0.401794434,0.17574821,0.118788354,-0.97724193,-0.018345525,0.9929158,0.117394306,0.98426414,-0.0027038245,0.17668244,0.39375317,0.11388005,-0.9121347,-0.043900024,0.9934936,0.10508681,0.9181673,-0.0013355297,0.39619058,0.059132576,0.016849631,0.049532056,9.652223,-0.026515156,1.7326429,-0.008514404,-0.040481567,0.003189087,-27.558304,14.207532,-3.2291222,0,0.0,0.0,0.0,0.0
0.406066895,0.17562965,0.1230476,-0.9767362,-0.019103922,0.9923971,0.121585414,0.98427093,-0.0026945123,0.17664506,0.3895563,0.113978244,-0.9139228,-0.043430176,0.9934823,0.10538842,0.9199781,-0.0013628956,0.39196736,0.057126045,0.01951591,0.044945836,9.652289,-0.026423834,1.7322763,-0.010635376,-0.036224365,0.003189087,-27.490812,14.213098,-3.1526575,0,0.0,0.0,0.0,0.0
0.410339356,0.17558534,0.122957624,-0.97675544,-0.019090354,0.99240834,0.12149631,0.98427916,-0.002686366,0.17659968,0.3854311,0.114159726,-0.9156475,-0.043001104,0.99346143,0.10576048,0.9217341,-0.0013895279,0.38781998,0.057837486,0.020139996,0.03829193,9.652369,-0.026343944,1.7318311,0.0010681152,-0.034088135,0.0010681152,-27.490812,14.213098,-3.1526575,0,0.0,0.0,0.0,0.0
0.414611817,0.17553885,0.12286318,-0.97677577,-0.019076005,0.9924201,0.12140279,0.9842877,-0.002677927,0.176552,0.38138032,0.11433577,-0.9173202,-0.04257758,0.99344116,0.10612173,0.9234371,-0.0014154647,0.383747,0.060661316,0.018811798,0.038479924,9.652451,-0.026261183,1.7313632,0.0021362305,-0.034088135,0.0053253174,-27.490812,14.213098,-3.1526575,0,0.0,0.0,0.0,0.0
0.418884278,0.17549352,0.12258562,-0.9768187,-0.019030124,0.9924543,0.12112889,0.9842966,-0.0026683544,0.17650212,0.37740254,0.11450641,-0.91894263,-0.04215957,0.9934215,0.106472366,0.9250891,-0.0014407139,0.37974733,0.058548927,0.015858576,0.04229486,9.652535,-0.026167301,1.7308736,0.0063934326,-0.024505615,-0.0021362305,-27.489487,14.191453,-3.1577597,0,0.0,0.0,0.0,0.0
0.423156739,0.17544775,0.12249254,-0.9768385,-0.019018333,0.9924658,0.121036306,0.984305,-0.0026577043,0.1764555,0.373497,0.114668064,-0.9205169,-0.041745733,0.9934028,0.10680921,0.9266916,-0.0014652666,0.37581983,0.059414864,0.019261815,0.04375601,9.6526165,-0.026062855,1.7304162,0.010650635,-0.031967163,-0.010650635,-27.489487,14.191453,-3.1577597,0,0.0,0.0,0.0,0.0
0.4274292,0.17539783,0.12239103,-0.97686017,-0.019002466,0.9924783,0.12093589,0.9843142,-0.0026491412,0.17640431,0.3696624,0.11482462,-0.922044,-0.04133754,0.99338466,0.10713599,0.92824614,-0.0014891153,0.3719635,0.058307648,0.01844063,0.038268447,9.652709,-0.02597889,1.7299145,-0.009567261,-0.020248413,-0.0032043457,-27.489487,14.191453,-3.1577597,0,0.0,0.0,0.0,0.0
0.431701661,0.17533864,0.12287561,-0.97681004,-0.019089196,0.99241847,0.12141251,0.9843231,-0.002641785,0.17635491,0.36589757,0.11497603,-0.92352563,-0.04093488,0.99336714,0.107452825,0.92975444,-0.0015123158,0.36817712,0.059259415,0.012753565,0.031835914,9.652797,-0.025906751,1.7294303,0.008529663,-0.02557373,0.010650635,-27.533087,14.215752,-3.1539855,0,0.0,0.0,0.0,0.0
0.435974122,0.17529237,0.12278155,-0.9768302,-0.01907277,0.9924302,0.12131976,0.98433167,-0.002635575,0.17630725,0.36589757,0.11497603,-0.92352563,-0.04093488,0.99336714,0.107452825,0.92975444,-0.0015123158,0.36817712,0.059176445,0.012692664,0.03230357,9.65288,-0.02584585,1.7289627,0.008529663,-0.02557373,0.010650635,-27.533087,14.215752,-3.1539855,0,0.0,0.0,0.0,0.0
0.440246582,0.17524989,0.12269513,-0.97684866,-0.019057874,0.9924409,0.121234514,0.9843395,-0.0026296747,0.17626345,0.35857093,0.11528528,-0.92635643,-0.040153794,0.9933312,0.108077705,0.9326385,-0.0015567968,0.36080885,0.055207253,0.012933886,0.034092665,9.652959,-0.025787994,1.7285336,0.0,-0.018112183,-0.0010681152,-27.533087,14.215752,-3.1539855,0,0.0,0.0,0.0,0.0
0.444519043,0.17520452,0.12298721,-0.9768201,-0.019110836,0.9924048,0.12152165,0.98434657,-0.0026232924,0.17622417,0.35500848,0.115433544,-0.927709,-0.039771687,0.9933139,0.108377144,0.93401664,-0.0015782543,0.35722587,0.051444054,0.014351707,0.037924767,9.653027,-0.025725402,1.7281481,0.0095825195,-0.004272461,-0.0063934326,-27.601362,14.229833,-3.1590211,0,0.0,0.0,0.0,0.0
0.448791504,0.1751687,0.12291434,-0.9768357,-0.0191009,0.9924139,0.12144929,0.9843531,-0.002615673,0.17618762,0.3515113,0.1155847,-0.929021,-0.039397657,0.9932964,0.108674765,0.9353543,-0.001599155,0.35370865,0.04882717,0.016401304,0.03820598,9.6530905,-0.02565068,1.7277895,0.0021362305,-0.009597778,-0.0021362305,-27.601362,14.229833,-3.1590211,0,0.0,0.0,0.0,0.0
0.453063965,0.17513241,0.1228404,-0.9768516,-0.019090341,0.99242306,0.12137597,0.9843598,-0.0026084334,0.17615047,0.3480787,0.115731366,-0.9302943,-0.039029032,0.9932792,0.10896377,0.9366525,-0.0016194853,0.35025623,0.046572685,0.015476717,0.031552672,9.653159,-0.025579695,1.7274259,0.004257202,-0.008529663,0.008514404,-27.601362,14.229833,-3.1590211,0,0.0,0.0,0.0,0.0
0.457336426,0.17509256,0.123123415,-0.976823,-0.019144293,0.99238795,0.12165374,0.9843659,-0.0026000792,0.17611687,0.3442367,0.11611726,-0.9316748,-0.03931556,0.99323505,0.10926331,0.93805933,-9.831267E-4,0.34647316,0.044678688,0.01984967,0.033117652,9.653216,-0.02549776,1.7270958,0.0,-0.0063934326,-0.010650635,-27.666225,14.24321,-3.163805,0,0.0,0.0,0.0,0.0
0.461608887,0.17506114,0.1230593,-0.97683674,-0.019136785,0.9923958,0.121589854,0.9843715,-0.0025921422,0.1760849,0.34093878,0.11625745,-0.9328692,-0.038946982,0.99321854,0.10954433,0.9392784,-0.0010154658,0.3431546,0.046949387,0.018498603,0.03364694,9.653271,-0.025419924,1.7267822,0.010650635,-0.017044067,0.0063934326,-27.666225,14.24321,-3.163805,0,0.0,0.0,0.0,0.0
0.465881348,0.17503263,0.12300118,-0.9768492,-0.0191311,0.9924032,0.121531755,0.9843768,-0.0025838236,0.17605607,0.33770224,0.11639356,-0.93402874,-0.038583968,0.9932026,0.109817274,0.9404619,-0.0010469992,0.33989766,0.044077873,0.01936124,0.035570264,9.653322,-0.02533835,1.7264996,-0.0021362305,-0.009597778,-0.007461548,-27.666225,14.24321,-3.163805,0,0.0,0.0,0.0,0.0
0.470153809,0.1750857,0.118853,-0.97735304,-0.018406598,0.99290854,0.11744725,0.98438114,-0.0025735875,0.17603174,0.33452612,0.11652577,-0.93515456,-0.03822654,0.99318707,0.11008246,0.9416109,-0.0010777358,0.3367014,0.046625137,0.02327065,0.041917086,9.653364,-0.025237966,1.7262608,-0.012771606,-0.018112183,0.0010681152,-27.682983,14.229062,-3.2288508,0,0.0,0.0,0.0,0.0
0.47442627,0.17506458,0.1188099,-0.9773621,-0.018406007,0.9929138,0.11740351,0.9843849,-0.0025638621,0.17601083,0.3314125,0.11657232,-0.93625665,-0.03784737,0.9931816,0.1102629,0.94272655,-0.0011076529,0.33356476,0.048326492,0.023392668,0.04672718,9.653404,-0.0251426,1.7260562,-0.0063934326,-0.0010681152,-0.0053253174,-27.682983,14.229062,-3.2288508,0,0.0,0.0,0.0,0.0
