Time,Rot1,Rot2,Rot3,Rot4,Rot5,Rot6,Rot7,Rot8,Rot9,FRot1,FRot2,FRot3,FRot4,FRot5,FRot6,FRot7,FRot8,FRot9,AccX,AccY,AccZ,GravX,GravY,GravZ,GyroX,GyroY,GyroZ,MagX,MagY,MagZ,Imid
0.0,0.0,0.0,0.0,0.0,0.0,0.0,0.0,0.0,0.0,0.0,0.0,0.0,0.0,0.0,0.0,0.0,0.0,0.0,0.0748291,0.017364502,-0.03277588,9.358322,-0.07481384,2.9297485,0.0,0.0,0.0,0.0,0.0,0.0,0,0.0,0.0,0.0,0.0
0.004394531,0.2988365,0.009917769,-0.9542528,0.0043168394,0.9999217,0.01174429,0.95429456,-0.007628979,0.2987703,1.0,0.0,0.0,0.0,1.0,0.0,0.0,0.0,1.0,-0.131073,-0.020950317,-0.023345947,9.358322,-0.07481384,2.9299011,0.0,0.0,0.0,-24.77417,17.546082,-7.575989,0,0.0,0.0,0.0,0.0
0.008789062,0.29880354,0.009866507,-0.9542637,0.004332521,0.99992216,0.011695208,0.95430475,-0.007628936,0.2987375,0.9996788,1.9836421E-4,-0.025344899,-1.9443333E-4,1.0,1.5755944E-4,0.025344929,-1.5258092E-4,0.9996788,0.055511475,0.022155762,-0.06613159,9.358475,-0.07481384,2.929596,0.007446289,-0.003189087,-0.004272461,-24.77417,17.546082,-7.575989,0,0.0,0.0,0.0,0.0
0.013183593,0.29882193,0.009895114,-0.9542576,0.004294124,0.99992216,0.011713318,0.9542992,-0.0075978967,0.2987562,0.99874073,3.917358E-4,-0.050167833,-3.7608636E-4,0.9999999,3.213815E-4,0.05016795,-3.0210934E-4,0.99874073,-0.08319092,0.045791626,0.0438385,9.358322,-0.07450867,2.9297485,0.013839722,-0.0063934326,0.0,-24.77417,17.546082,-7.575989,0,0.0,0.0,0.0,0.0
0.017578125,0.29861185,0.06326424,-0.95227545,-0.011649545,0.99796766,0.06264677,0.9543035,-0.0076134903,0.29874197,0.99730057,0.0011809687,-0.07341757,-0.0011934001,0.9999993,-1.2545861E-4,0.073417366,2.1273649E-4,0.9973013,-0.035308838,-0.035461426,-0.04219055,9.358322,-0.074661255,2.929596,0.0095825195,0.015960693,-0.009597778,-25.312805,18.441772,-6.7123413,0,0.0,0.0,0.0,0.0
0.021972656,0.29858062,0.063216716,-0.95228845,-0.011618398,0.99797064,0.062606454,0.9543137,-0.0076290076,0.29870918,0.99526113,0.0024235134,-0.09720815,-0.0024175,0.9999971,1.7964137E-4,0.0972083,5.6210614E-5,0.99526405,0.10340881,-0.020950317,-0.061050415,9.358475,-0.07481384,2.9292908,0.013839722,-0.0010681152,0.0,-25.312805,18.441772,-6.7123413,0,0.0,0.0,0.0,0.0
0.026367187,0.29859453,0.06323787,-0.9522827,-0.0116256885,0.9979693,0.06262645,0.9543092,-0.0076289717,0.29872334,0.9927104,0.003640251,-0.120469265,-0.0036019937,0.9999934,5.353269E-4,0.12047041,-9.749508E-5,0.9927169,0.050735474,-0.016159058,0.034576416,9.358475,-0.07481384,2.9294434,0.0010528564,0.0010681152,-0.0010681152,-25.312805,18.441772,-6.7123413,0,0.0,0.0,0.0,0.0
0.030761718,0.2971268,0.13095619,-0.94581515,-0.03190596,0.9913588,0.12723887,0.95430475,-0.007628936,0.2987375,0.98968196,0.004833072,-0.14320022,-0.004747728,0.99998826,9.376766E-4,0.14320306,-2.4812596E-4,0.9896933,-0.006729126,0.017364502,0.04399109,9.358475,-0.07481384,2.929596,-0.0021362305,-0.007461548,-0.0021362305,-24.77417,16.470337,-5.5023193,0,0.0,0.0,0.0,0.0
0.03515625,0.29713094,0.13096324,-0.94581276,-0.031908557,0.9913578,0.12724549,0.9543034,-0.00762905,0.29874194,0.98619896,0.007363105,-0.16540043,-0.007196224,0.9999728,0.0016081968,0.16540778,-3.957435E-4,0.9862252,0.06524658,-0.0018005371,0.04399109,9.358322,-0.07481384,2.929596,0.018096924,0.0095825195,-0.0010681152,-24.77417,16.470337,-5.5023193,0,0.0,0.0,0.0,0.0
0.039550781,0.29706696,0.1308553,-0.94584787,-0.03189718,0.99137235,0.12713538,0.95432365,-0.007597843,0.29867786,0.98229665,0.009842633,-0.18707305,-0.009567747,0.9999514,0.0023722756,0.18708733,-5.40411E-4,0.98234314,-0.040405273,0.055358887,-0.17567444,9.358627,-0.07450867,2.9290009,-0.0032043457,0.020233154,0.008514404,-24.77417,16.470337,-5.5023193,0,0.0,0.0,0.0,0.0
0.043945312,0.2970946,0.13090192,-0.9458327,-0.03193,0.9913663,0.1271742,0.954314,-0.0075823306,0.29870927,0.97800446,0.012270333,-0.20822279,-0.011859403,0.9999245,0.0032218248,0.2082466,-6.815609E-4,0.9780761,-0.0019378662,0.045639038,0.096969604,9.358475,-0.07435608,2.9292908,0.004257202,0.0032043457,0.0021209717,-24.77417,16.470337,-5.5023193,0,0.0,0.0,0.0,0.0
0.048339843,0.2970385,0.13080727,-0.9458634,-0.03189366,0.9913788,0.1270859,0.95433265,-0.007582355,0.29864955,0.973351,0.014650349,-0.22885181,-0.014073856,0.9998923,0.004151026,0.22888799,-8.195776E-4,0.9734524,0.17507935,0.0073242188,-0.12269592,9.358627,-0.07435608,2.9286957,-0.0010681152,0.018096924,0.0,-24.77417,16.470337,-5.5023193,0,0.0,0.0,0.0,0.0
0.052734375,0.29705018,0.13082692,-0.94585705,-0.03191472,0.9913764,0.12710002,0.9543284,-0.0075683175,0.2986638,0.9683631,0.016980775,-0.24896693,-0.016208129,0.99985534,0.005153152,0.24901843,-9.548345E-4,0.96849823,0.036209106,0.03112793,0.030380249,9.358627,-0.07421875,2.9288483,-0.0053253174,0.004257202,-0.004272461,-24.77417,16.470337,-5.5023193,0,0.0,0.0,0.0,0.0
0.057128906,0.29869124,0.04747103,-0.9531684,-0.006994367,0.99884415,0.04755404,0.9543241,-0.007537164,0.298678,0.96306676,0.0192649,-0.26857233,-0.018264743,0.9998138,0.0062223203,0.26864222,-0.0010871054,0.9632394,-0.006881714,0.059555054,0.039794922,9.358627,-0.073913574,2.9290009,0.003189087,-0.0021209717,0.0,-24.23706,17.72461,-6.7123413,0,0.0,0.0,0.0,0.0
0.061523437,0.29866463,0.047430698,-0.95317876,-0.0069511663,0.9988459,0.04752507,0.9543328,-0.007568353,0.2986496,0.9575194,0.01982927,-0.2876862,-0.018640636,0.99980265,0.0068706297,0.28776568,-0.0012161077,0.95770013,0.026641846,-0.06463623,-0.041290283,9.358627,-0.07421875,2.9286957,0.006378174,0.017028809,0.010650635,-24.23706,17.72461,-6.7123413,0,0.0,0.0,0.0,0.0
0.065917968,0.29866394,0.047429644,-0.95317906,-0.006965682,0.99884605,0.047519416,0.95433295,-0.0075527932,0.29864964,0.9517146,0.02038154,-0.30630717,-0.018989831,0.9997914,0.0075231334,0.3063966,-0.0013431539,0.95190305,0.031417847,0.050125122,-0.012573242,9.358627,-0.07406616,2.9286957,0.008514404,-0.008514404,-0.0010681152,-24.23706,17.72461,-6.7123413,0,0.0,0.0,0.0,0.0
0.0703125,0.29800627,0.0935756,-0.9499663,-0.020741664,0.9955834,0.091562375,0.9543386,-0.0075822785,0.29863098,0.9456741,0.020922735,-0.32444203,-0.019314121,0.99978,0.008177934,0.32454175,-0.0014673477,0.9458702,-0.026184082,-0.08843994,-0.060302734,9.35878,-0.07435608,2.928543,-0.0010681152,0.0063934326,0.0053253174,-23.698425,16.111755,-5.847168,0,0.0,0.0,0.0,0.0
0.074737549,0.29805544,0.09365644,-0.9499428,-0.020726027,0.99557537,0.0916524,0.95432353,-0.0076289615,0.29867783,0.9394005,0.022378208,-0.3420906,-0.020483261,0.99974835,0.009151346,0.3422093,-0.0015896476,0.9396224,0.041000366,-0.030517578,-0.05117798,9.358627,-0.07481384,2.9290009,0.012771606,0.0053253174,-0.0063934326,-23.698425,16.111755,-5.847168,0,0.0,0.0,0.0,0.0
0.079162597,0.29807204,0.09368369,-0.9499349,-0.020750675,0.99557287,0.09167338,0.9543178,-0.0076134806,0.29869646,0.9329313,0.02380615,-0.3592667,-0.021600915,0.9997151,0.010151792,0.35940602,-0.0017104351,0.93317974,-0.1408081,0.055511475,0.0013427734,9.358475,-0.074661255,2.9291534,0.0095825195,0.020233154,0.01171875,-23.698425,16.111755,-5.847168,0,0.0,0.0,0.0,0.0
0.08392334,0.2978265,0.10563638,-0.9487573,-0.024347544,0.9943758,0.10307264,0.95430946,-0.0075978544,0.29872343,0.9264765,0.02486951,-0.37553012,-0.022396794,0.9996892,0.010948999,0.3756857,-0.001733319,0.92674553,-0.006729126,0.026626587,0.087249756,9.358475,-0.07450867,2.9294434,0.003189087,0.007461548,0.004257202,-24.23706,17.366028,-5.6747437,0,0.0,0.0,0.0,0.0
0.088653564,0.29784143,0.1056596,-0.94874996,-0.02438448,0.99437356,0.10308554,0.9543039,-0.0075683696,0.29874212,0.91967005,0.026488263,-0.39179757,-0.023643399,0.9996474,0.012084808,0.39197952,-0.0018506108,0.91997206,-0.059249878,0.08378601,0.015258789,9.358322,-0.07421875,2.929596,0.01171875,-0.007461548,0.0063934326,-24.23706,17.366028,-5.6747437,0,0.0,0.0,0.0,0.0
0.093383789,0.2978428,0.105661705,-0.9487493,-0.024371825,0.9943732,0.10309172,0.95430374,-0.0075823725,0.29874206,0.9127207,0.02807504,-0.4076184,-0.024833135,0.9996039,0.013243274,0.40782875,-0.0019649672,0.9130564,-0.011367798,-0.04055786,9.0026855E-4,9.358322,-0.07435608,2.929596,0.0095825195,0.0021362305,0.0021209717,-24.23706,17.366028,-5.6747437,0,0.0,0.0,0.0,0.0
0.098114013,0.2988191,0.02225447,-0.95405024,5.859588E-4,0.99972355,0.02350339,0.9543096,-0.007582295,0.29872343,0.9056442,0.02963005,-0.42300197,-0.02596653,0.9995588,0.014422011,0.42324266,-0.0020773164,0.90601397,-0.021102905,0.09350586,0.12075806,9.358475,-0.07435608,2.9294434,0.0021209717,-0.004257202,-0.0053253174,-23.878479,18.08319,-7.05719,0,0.0,0.0,0.0,0.0
0.102844238,0.2988654,0.022321954,-0.95403415,5.3643156E-4,0.9997223,0.023558984,0.9542951,-0.00755274,0.29877046,0.9056442,0.02963005,-0.42300197,-0.02596653,0.9995588,0.014422011,0.42324266,-0.0020773164,0.90601397,-0.020950317,0.09321594,0.12030029,9.358322,-0.07406616,2.9299011,0.0021209717,-0.004257202,-0.0053253174,-23.878479,18.08319,-7.05719,0,0.0,0.0,0.0,0.0
0.107574463,0.29889604,0.022366494,-0.95402354,5.0754054E-4,0.9997214,0.023596864,0.9542855,-0.007537215,0.29880142,0.89125806,0.029340688,-0.45254636,-0.025122218,0.99956685,0.015330143,0.45280012,-0.002294145,0.89160913,-0.15487671,0.035614014,0.048187256,9.358185,-0.073913574,2.930191,0.0021209717,-0.014907837,0.0063934326,-23.878479,18.08319,-7.05719,0,0.0,0.0,0.0,0.0
0.112304687,0.298828,0.016113201,-0.95417094,0.0023929807,0.99984163,0.017633883,0.954304,-0.0075528105,0.29874212,0.8839323,0.02920122,-0.46670225,-0.024702262,0.99957067,0.01575642,0.466962,-0.0023990073,0.8842742,-0.020950317,0.0070343018,-0.03262329,9.358322,-0.07406616,2.929596,-0.0021362305,-0.003189087,-0.0053253174,-24.595642,17.72461,-7.4035645,0,0.0,0.0,0.0,0.0
0.117034912,0.29880932,0.016084688,-0.95417726,0.0024017724,0.9998421,0.017606603,0.9543098,-0.0075527336,0.29872352,0.8839323,0.02920122,-0.46670225,-0.024702262,0.99957067,0.01575642,0.466962,-0.0023990073,0.8842742,-0.021102905,0.0070343018,-0.032470703,9.358475,-0.07406616,2.9294434,-0.0021362305,-0.003189087,-0.0053253174,-24.595642,17.72461,-7.4035645,0,0.0,0.0,0.0,0.0
0.121765136,0.2988742,0.016183835,-0.95415527,0.002341311,0.99984074,0.017692104,0.9542897,-0.007521688,0.29878873,0.869082,0.02868189,-0.4938359,-0.023650525,0.9995852,0.016434094,0.49410242,-0.0026030967,0.8693998,-0.011230469,0.09770203,0.17282104,9.358185,-0.07376099,2.9300537,0.004257202,-0.008514404,0.0063934326,-24.595642,17.72461,-7.4035645,0,0.0,0.0,0.0,0.0
0.126495361,0.29876935,0.047589317,-0.9531381,-0.007018771,0.9988384,0.047671,0.9542995,-0.007552775,0.2987563,0.8615784,0.028431969,-0.5068275,-0.023135902,0.99959207,0.01674529,0.5070969,-0.0027014697,0.8618848,0.05088806,-0.1126709,-0.08065796,9.358322,-0.07406616,2.9297485,0.0095825195,-0.007461548,0.0021209717,-24.23706,17.72461,-6.7123413,0,0.0,0.0,0.0,0.0
0.131225586,0.29875535,0.047568094,-0.95314354,-0.0070116804,0.9988395,0.047650862,0.954304,-0.0075528105,0.29874212,0.85402185,0.028815256,-0.5194385,-0.02316413,0.9995808,0.017365877,0.5197212,-0.0027984965,0.8543314,-0.08319092,0.030975342,-0.06135559,9.358322,-0.07406616,2.929596,-0.0032043457,-0.0095825195,-0.004272461,-24.23706,17.72461,-6.7123413,0,0.0,0.0,0.0,0.0
0.13595581,0.29876724,0.047586136,-0.9531388,-0.007062309,0.99883884,0.047654018,0.95429987,-0.007506098,0.2987564,0.8464371,0.029190453,-0.53168815,-0.023178512,0.9995697,0.017978095,0.53198415,-0.0028935838,0.8467494,-0.035308838,0.09754944,0.015106201,9.358322,-0.0736084,2.9297485,0.003189087,-0.0021209717,-0.0032043457,-24.23706,17.72461,-6.7123413,0,0.0,0.0,0.0,0.0
0.140686035,0.29874974,0.016034596,-0.95419675,0.0024327105,0.99984276,0.017563304,0.9543284,-0.0075683175,0.2986638,0.8388335,0.029558497,-0.54358494,-0.023180913,0.99955857,0.018581316,0.54389423,-0.0029858348,0.83914846,-0.040405273,-0.06463623,-0.01272583,9.358627,-0.07421875,2.9288483,0.006378174,-0.017044067,-0.008529663,-24.057007,17.904663,-7.23114,0,0.0,0.0,0.0,0.0
0.145416259,0.29874954,0.016034245,-0.9541969,0.0024179695,0.9998429,0.01755832,0.9543285,-0.007552758,0.2986638,0.83123326,0.029288065,-0.5551518,-0.022645608,0.9995663,0.018826526,0.5554624,-0.0030774854,0.831536,-0.021255493,0.04534912,-0.03187561,9.358627,-0.07406616,2.9288483,0.012771606,-0.019165039,0.010650635,-24.057007,17.904663,-7.23114,0,0.0,0.0,0.0,0.0
0.150177002,0.29878244,0.016082978,-0.9541857,0.0024028434,0.99984217,0.017604923,0.9543182,-0.0075528,0.29869658,0.82327306,0.029101064,-0.56689906,-0.022104988,0.9995711,0.019210016,0.56721497,-0.0032837915,0.8235633,-0.030670166,-0.026489258,0.08753967,9.358475,-0.07406616,2.9291534,-0.0021362305,-0.0095825195,0.0,-24.057007,17.904663,-7.23114,0,0.0,0.0,0.0,0.0
0.154907226,0.29878923,0.009974577,-0.95426697,0.004242531,0.99992156,0.01178016,0.9543097,-0.0075682923,0.2987235,0.8156755,0.028840743,-0.5777903,-0.02158605,0.99957836,0.019421183,0.5781068,-0.0033691723,0.81595415,0.07467651,-0.011962891,0.10160828,9.358475,-0.07421875,2.9294434,0.01171875,-0.017044067,0.007446289,-24.23706,17.72461,-7.4035645,0,0.0,0.0,0.0,0.0
0.159484863,0.29876226,0.009934004,-0.9542758,0.0042684125,0.99992186,0.011745524,0.95431805,-0.0075823627,0.29869655,0.80809295,0.028463494,-0.5883669,-0.020976964,0.99958885,0.019546399,0.5886814,-0.0034531555,0.8083578,0.022003174,-0.04534912,-0.056121826,9.358475,-0.07435608,2.9291534,0.007446289,-0.012786865,0.004257202,-24.23706,17.72461,-7.4035645,0,0.0,0.0,0.0,0.0
0.164031982,0.29877514,0.009953308,-0.9542717,0.004262458,0.99992174,0.011763994,0.954314,-0.0075823306,0.29870927,0.8005284,0.028092977,-0.598636,-0.020379674,0.99959904,0.019656695,0.5989481,-0.0035357403,0.80078,0.108184814,-0.0118255615,0.068237305,9.358475,-0.07435608,2.9292908,0.006378174,-0.013839722,0.0010681152,-24.23706,17.72461,-7.4035645,0,0.0,0.0,0.0,0.0
0.168334961,0.29877985,0.037177544,-0.9535976,-0.0038881404,0.9992801,0.03774032,0.9543142,-0.0075683277,0.29870933,0.7929887,0.02773025,-0.6086049,-0.019795272,0.9996089,0.019753339,0.6089147,-0.003616673,0.7932275,-0.006729126,0.07899475,-0.008377075,9.358475,-0.07421875,2.9292908,0.019165039,-0.012786865,-0.008529663,-24.595642,16.648865,-7.05719,0,0.0,0.0,0.0,0.0
0.172607422,0.29877877,0.03717575,-0.953598,-0.003917278,0.99928033,0.037729308,0.9543144,-0.0075372104,0.29870942,0.7929887,0.02773025,-0.6086049,-0.019795272,0.9996089,0.019753339,0.6089147,-0.003616673,0.7932275,-0.006729126,0.078689575,-0.008377075,9.358475,-0.073913574,2.9292908,0.019165039,-0.012786865,-0.008529663,-24.595642,16.648865,-7.05719,0,0.0,0.0,0.0,0.0
0.176879883,0.29879174,0.037196986,-0.95359313,-0.003953894,0.99927974,0.03774021,0.9543101,-0.007506056,0.2987236,0.7779845,0.028104363,-0.62765455,-0.019503903,0.9995979,0.020583495,0.62798065,-0.0037719277,0.77821976,0.055511475,-0.0030059814,-0.051620483,9.358475,-0.0736084,2.9294434,0.006378174,-0.0053253174,-0.014923096,-24.595642,16.648865,-7.05719,0,0.0,0.0,0.0,0.0
0.181152343,0.29877767,0.03717395,-0.95359844,-0.003946413,0.99928063,0.037718292,0.9543146,-0.0075060916,0.29870945,0.7779845,0.028104363,-0.62765455,-0.019503903,0.9995979,0.020583495,0.62798065,-0.0037719277,0.77821976,0.055511475,-0.0030059814,-0.051467896,9.358475,-0.0736084,2.9292908,0.006378174,-0.0053253174,-0.014923096,-24.595642,16.648865,-7.05719,0,0.0,0.0,0.0,0.0
0.185424804,0.29871413,0.004235315,-0.95433325,0.00588491,0.999963,0.006279844,0.9543245,-0.007492043,0.29867813,0.76314354,0.028463582,-0.64560187,-0.01919775,0.9995871,0.021377243,0.6459438,-0.003919801,0.7633749,0.060150146,0.03517151,-0.05596924,9.358627,-0.07347107,2.9290009,0.004257202,-0.0053253174,-0.0063934326,-22.802734,18.08319,-7.05719,0,0.0,0.0,0.0,0.0
0.189697265,0.29866666,0.0041695684,-0.95434844,0.005875153,0.9999636,0.0062075113,0.95433944,-0.0074609187,0.29863125,0.7558072,0.027979126,-0.65419614,-0.018541837,0.9996005,0.021329835,0.65453154,-0.0039912467,0.7560241,-0.050125122,0.077941895,-0.14648438,9.35878,-0.07316589,2.928543,0.008514404,0.010635376,0.0021209717,-22.802734,18.08319,-7.05719,0,0.0,0.0,0.0,0.0
0.193969726,0.29874292,0.02303061,-0.9540556,2.4011591E-4,0.99970686,0.024207804,0.9543336,-0.007460995,0.29864985,0.74852294,0.027503042,-0.6625383,-0.01790191,0.99961346,0.021270346,0.66286725,-0.004060641,0.748726,-0.059555054,0.020507813,0.040100098,9.358627,-0.07316589,2.9286957,-0.0010681152,0.0032043457,-0.0010681152,-22.802734,17.72461,-6.7123413,0,0.0,0.0,0.0,0.0
0.198242187,0.29872364,0.023003265,-0.95406234,2.1899771E-4,0.99970776,0.024172384,0.9543396,-0.007429801,0.2986313,0.7412885,0.027413601,-0.6706265,-0.01755799,0.99961567,0.021453863,0.67095685,-0.0041286484,0.7414849,-0.026184082,0.06808472,-0.050720215,9.35878,-0.07286072,2.928543,0.0010528564,0.02128601,-0.0010681152,-22.802734,17.72461,-6.7123413,0,0.0,0.0,0.0,0.0
0.202514648,0.29880166,0.023113854,-0.9540353,1.7065089E-4,0.9997053,0.024273772,0.95431525,-0.0074158497,0.29870966,0.73411363,0.027325401,-0.6784766,-0.017219152,0.99961776,0.021628074,0.6788083,-0.004194672,0.73430353,-0.088134766,0.04878235,0.20710754,9.358475,-0.07272339,2.9292908,0.013839722,0.004257202,-0.0053253174,-22.802734,17.72461,-6.7123413,0,0.0,0.0,0.0,0.0
0.206817627,0.29868686,0.049806464,-0.95305055,-0.0078093284,0.9987313,0.04974629,0.95431924,-0.0074158804,0.2986969,0.7270027,0.027241178,-0.686094,-0.016887274,0.99961984,0.021795452,0.68642694,-0.004259096,0.7271863,0.055511475,-0.018249512,-0.022598267,9.358475,-0.07272339,2.9291534,0.012771606,0.0095825195,0.0021209717,-24.77417,16.828918,-6.8847656,0,0.0,0.0,0.0,0.0
0.211090088,0.29863986,0.049729623,-0.9530694,-0.007798739,0.99873537,0.0496687,0.954334,-0.0074003143,0.29865,0.7199481,0.027692668,-0.69347525,-0.016945085,0.99960715,0.022325538,0.693821,-0.004322232,0.7201345,0.1511383,0.04862976,-0.07481384,9.358627,-0.0725708,2.9286957,0.003189087,0.02128601,-0.0063934326,-24.77417,16.828918,-6.8847656,0,0.0,0.0,0.0,0.0
0.215362549,0.29865235,0.049750056,-0.9530643,-0.007835276,0.9987345,0.049678776,0.9543298,-0.0073691616,0.2986642,0.7129612,0.028133586,-0.7006389,-0.016992014,0.99959457,0.02284705,0.7009976,-0.0043837945,0.71315014,-0.06434631,0.077041626,0.02079773,9.358627,-0.072265625,2.9288483,-0.0053253174,0.0095825195,-0.007461548,-24.77417,16.828918,-6.8847656,0,0.0,0.0,0.0,0.0
0.219635009,0.29876962,0.023599658,-0.95403343,-3.4696423E-6,0.9996942,0.02472807,0.95432526,-0.0073846867,0.29867837,0.7067322,0.028324278,-0.706914,-0.01726899,0.99959123,0.022786574,0.70727044,-0.0038963144,0.70693237,-0.030822754,-0.061645508,0.006286621,9.358627,-0.07241821,2.9290009,0.008514404,0.014907837,-0.0032043457,-23.878479,17.007446,-7.05719,0,0.0,0.0,0.0,0.0
0.22390747,0.29876998,0.0236002,-0.95403326,1.12121925E-5,0.999694,0.024733236,0.95432514,-0.0074002454,0.2986783,0.6998901,0.028229794,-0.71369255,-0.016932653,0.9995936,0.022933302,0.7140499,-0.0039660824,0.7000837,-0.045196533,-0.03276062,0.025436401,9.358627,-0.0725708,2.9290009,0.01171875,-0.0063934326,-0.0053253174,-23.878479,17.007446,-7.05719,0,0.0,0.0,0.0,0.0
0.228179931,0.29882932,0.02369213,-0.9540124,-3.2681506E-5,0.999692,0.02481631,0.9543066,-0.007384663,0.2987381,0.6931217,0.028137209,-0.72027117,-0.016601646,0.9995959,0.023073083,0.72062933,-0.004034766,0.6933087,-0.021102905,0.058059692,0.13497925,9.358475,-0.07241821,2.929596,-0.006378174,-0.003189087,-0.0010681152,-23.878479,17.007446,-7.05719,0,0.0,0.0,0.0,0.0
0.232452392,0.29754862,0.11659894,-0.9475597,-0.02783723,0.99315155,0.11346777,0.9543007,-0.0073847375,0.29875666,0.68642956,0.028048316,-0.7266552,-0.016277695,0.99959815,0.023207095,0.72701406,-0.0041017644,0.6866103,-0.059249878,-0.032913208,0.05342102,9.358322,-0.07241821,2.9297485,0.003189087,-0.0095825195,-0.0138549805,-24.595642,16.648865,-5.6747437,0,0.0,0.0,0.0,0.0
0.236724853,0.29753685,0.11657945,-0.9475659,-0.02781493,0.99315387,0.11345423,0.95430505,-0.007400331,0.29874247,0.6797836,0.029823862,-0.73280615,-0.017225984,0.99954647,0.024700115,0.73321044,-0.0041674245,0.67998904,-0.08319092,-0.02798462,-0.06613159,9.358322,-0.0725708,2.929596,0.006378174,-0.01171875,0.0063934326,-24.595642,16.648865,-5.6747437,0,0.0,0.0,0.0,0.0
0.240997314,0.29747593,0.116478786,-0.9475973,-0.027777232,0.99316555,0.113360025,0.95432514,-0.0074002454,0.2986783,0.673215,0.031563416,-0.738773,-0.018129699,0.9994928,0.026181554,0.7392246,-0.004232083,0.6734457,-0.006881714,0.01991272,-0.16610718,9.358627,-0.0725708,2.9290009,-0.0010681152,-0.0095825195,-0.0021362305,-24.595642,16.648865,-5.6747437,0,0.0,0.0,0.0,0.0
0.245300293,0.29870555,0.04720278,-0.9531773,-0.0070455084,0.9988579,0.04725704,0.9543193,-0.007400321,0.29869694,0.666724,0.033266053,-0.74456185,-0.018989589,0.9994373,0.027649174,0.7450627,-0.004295447,0.6669806,-0.1408081,-0.12854004,-0.022598267,9.358475,-0.0725708,2.9291534,0.003189087,-0.003189087,-0.007461548,-23.698425,17.904663,-6.539917,0,0.0,0.0,0.0,0.0
0.249572754,0.29872084,0.04722523,-0.9531714,-0.0069950437,0.99885637,0.047296483,0.9543148,-0.00746097,0.29870954,0.666724,0.033266053,-0.74456185,-0.018989589,0.9994373,0.027649174,0.7450627,-0.004295447,0.6669806,-0.1408081,-0.12794495,-0.022735596,9.358475,-0.07316589,2.9292908,0.003189087,-0.003189087,-0.007461548,-23.698425,17.904663,-6.539917,0,0.0,0.0,0.0,0.0
0.253845215,0.29875398,0.04727372,-0.9531586,-0.0069963024,0.99885404,0.04734718,0.9543045,-0.007476571,0.2987423,0.6540381,0.033818997,-0.7557053,-0.018786706,0.9994182,0.028466258,0.7562283,-0.0044208025,0.6542929,-0.006576538,-0.05595398,0.11103821,9.358322,-0.07331848,2.929596,0.006378174,-0.017044067,0.0010681152,-23.698425,17.904663,-6.539917,0,0.0,0.0,0.0,0.0
0.258117675,0.29878128,0.047313742,-0.95314807,-0.0070245764,0.9988523,0.047380496,0.9542958,-0.007460943,0.2987707,0.6478179,0.034088165,-0.76103216,-0.01868069,0.9994087,0.028863858,0.7615661,-0.0044819186,0.64807165,-0.040100098,0.054016113,0.07241821,9.358322,-0.07316589,2.9299011,0.007446289,0.0010681152,0.008514404,-23.698425,17.904663,-6.539917,0,0.0,0.0,0.0,0.0
0.262390136,0.29878128,0.047313742,-0.95314807,-0.0070245764,0.9988523,0.047380496,0.9542958,-0.007460943,0.2987707,0.6416804,0.03435275,-0.76620245,-0.018572459,0.9993994,0.029254068,0.76674724,-0.0045414995,0.6419331,0.041305542,-0.017807007,5.950928E-4,9.358322,-0.07316589,2.9299011,-0.0010681152,-0.0021209717,-0.0021362305,-23.698425,17.904663,-6.539917,0,0.0,0.0,0.0,0.0
0.266662597,0.29872352,0.04722919,-0.9531703,-0.0069383895,0.9988558,0.047318395,0.95431453,-0.0075216508,0.29870942,0.63562566,0.03461204,-0.7712211,-0.01846147,0.99939024,0.029636573,0.7717767,-0.0045998893,0.6358771,-0.045043945,-0.084243774,0.1257019,9.358475,-0.07376099,2.9292908,0.014907837,-0.018112183,-0.0063934326,-23.698425,17.904663,-6.539917,0,0.0,0.0,0.0,0.0
0.270935058,0.2983968,-0.028188508,-0.9540255,0.015596019,0.9995743,-0.024656266,0.95431453,-0.0075216508,0.29870942,0.6296529,0.034864448,-0.77609384,-0.01834592,0.9993812,0.030010948,0.7766599,-0.004658325,0.6299029,-0.030670166,-0.0028533936,-0.032318115,9.358475,-0.07376099,2.9292908,-0.0021362305,-0.0234375,0.0053253174,-24.77417,17.546082,-8.267212,0,0.0,0.0,0.0,0.0
0.275207519,0.29838628,-0.028204713,-0.95402837,0.0155129805,0.99957466,-0.024699323,0.9543192,-0.007429884,0.2986969,0.62379014,0.03360389,-0.7808691,-0.017286967,0.9994241,0.029199645,0.7814006,-0.0047155917,0.6240118,-0.016311646,0.020202637,0.14498901,9.358475,-0.07286072,2.9291534,0.0021209717,-0.01171875,0.0021209717,-24.77417,17.546082,-8.267212,0,0.0,0.0,0.0,0.0
0.279510498,0.29844823,-0.028109455,-0.9540118,0.015457857,0.99957746,-0.024616266,0.95430064,-0.0074002966,0.29875663,0.61800826,0.032368176,-0.785505,-0.016263368,0.99946463,0.028389318,0.78600335,-0.004769878,0.6182038,0.012573242,0.0773468,0.15397644,9.358322,-0.0725708,2.9297485,0.014907837,-0.013839722,-0.018112183,-24.77417,17.546082,-8.267212,0,0.0,0.0,0.0,0.0
0.283782959,0.29785386,0.10217294,-0.94912785,-0.023405917,0.9947384,0.09973767,0.9543245,-0.007492043,0.29867813,0.6117526,0.030762427,-0.79045075,-0.015329637,0.99951696,0.027034726,0.7909005,-0.004421242,0.6119287,-0.021255493,-0.02708435,-0.022445679,9.358627,-0.07347107,2.9290009,0.008514404,-0.010650635,-0.0010681152,-24.77417,17.904663,-5.847168,0,0.0,0.0,0.0,0.0
0.28805542,0.297783,0.10206373,-0.94916195,-0.023365445,0.99474967,0.09963529,0.95434755,-0.007492102,0.29860425,0.60610133,0.032193426,-0.7947356,-0.01595618,0.99947155,0.028318038,0.79522735,-0.0044826586,0.6062948,-0.05491638,0.02558899,-0.23239136,9.35878,-0.07347107,2.9282532,-0.007446289,-0.014907837,0.017028809,-24.77417,17.904663,-5.847168,0,0.0,0.0,0.0,0.0
0.292327881,0.29778865,0.1020725,-0.94915915,-0.023310477,0.99474835,0.099661745,0.95434725,-0.0075527835,0.29860413,0.60053176,0.03359355,-0.7988949,-0.016551819,0.99942523,0.029583802,0.7994296,-0.0045428476,0.60074264,-0.021408081,-0.16534424,-0.012130737,9.35878,-0.07406616,2.9282532,0.007446289,-0.010650635,-0.0021362305,-24.77417,17.904663,-5.847168,0,0.0,0.0,0.0,0.0
0.296600342,0.29864147,0.043959614,-0.9533524,-0.0059112227,0.9990046,0.044212945,0.954347,-0.0075683417,0.29860407,0.59504485,0.03496578,-0.8029316,-0.017118262,0.9993779,0.03083438,0.8035102,-0.004603047,0.5952732,-0.021408081,-0.04548645,-0.012130737,9.35878,-0.07421875,2.9282532,0.007446289,-0.019165039,0.007446289,-23.878479,16.648865,-6.7123413,0,0.0,0.0,0.0,0.0
0.300872802,0.29859626,0.043887656,-0.95336986,-0.005859363,0.9990076,0.044153392,0.95436156,-0.007597897,0.29855704,0.5896606,0.035145696,-0.8068861,-0.016969975,0.99937135,0.0311284,0.8074729,-0.0046623535,0.5898863,0.04069519,-0.07872009,-0.102645874,9.3589325,-0.07450867,2.9277954,0.006378174,-0.015975952,-0.012786865,-23.878479,16.648865,-6.7123413,0,0.0,0.0,0.0,0.0
0.305145263,0.29861087,0.043911,-0.9533642,-0.0058521964,0.99900645,0.04418022,0.954357,-0.007613421,0.2985712,0.5843578,0.035320565,-0.8107271,-0.016820228,0.99936485,0.031415135,0.8113218,-0.0047210646,0.5845808,0.007171631,-0.045043945,0.0791626,9.3589325,-0.074661255,2.927948,0.01171875,-0.008514404,0.0063934326,-23.878479,16.648865,-6.7123413,0,0.0,0.0,0.0,0.0
0.309417724,0.2985755,0.049330786,-0.9531103,-0.0074574905,0.99875337,0.049357,0.9543569,-0.00762898,0.29857117,0.57913697,0.03549241,-0.81445724,-0.01667056,0.9993585,0.03169608,0.8150598,-0.0047789123,0.57935715,-0.0071868896,-0.035308838,-0.002243042,9.3589325,-0.07481384,2.927948,0.0053253174,-0.008514404,0.0021209717,-24.23706,17.007446,-6.7123413,0,0.0,0.0,0.0,0.0
0.313690185,0.29856223,0.049309805,-0.95311546,-0.007435623,0.99875426,0.049341746,0.9543612,-0.007644574,0.29855695,0.57399577,0.035769265,-0.81807667,-0.016583096,0.9993484,0.032059744,0.81869036,-0.0048359144,0.5742149,0.007171631,-0.03036499,-0.064331055,9.3589325,-0.07496643,2.9277954,0.0095825195,0.0095825195,0.004257202,-24.23706,17.007446,-6.7123413,0,0.0,0.0,0.0,0.0
0.317993164,0.29857194,0.04932518,-0.95311165,-0.007528479,0.9987541,0.049328882,0.9543573,-0.00755274,0.29857132,0.5689351,0.036040153,-0.8215923,-0.016493063,0.9993383,0.03241611,0.822217,-0.0048920875,0.56915313,0.05505371,-0.03605652,-0.16983032,9.3589325,-0.07406616,2.927948,0.012771606,-0.0021209717,0.004257202,-24.23706,17.007446,-6.7123413,0,0.0,0.0,0.0,0.0
0.322265625,0.29872748,0.023496604,-0.95404917,2.3189746E-4,0.999695,0.024693394,0.9543384,-0.0075978367,0.29863092,0.563955,0.036305934,-0.8250071,-0.016402876,0.9993285,0.032764655,0.82564265,-0.004945301,0.5641718,-0.0118255615,-0.08828735,0.18391418,9.35878,-0.07450867,2.928543,-0.0010681152,0.019165039,-0.0234375,-23.339844,17.1875,-6.8847656,0,0.0,0.0,0.0,0.0
0.326538086,0.29876027,0.02354575,-0.9540377,2.1640211E-4,0.9996939,0.024740314,0.9543281,-0.0075978786,0.2986637,0.5590639,0.036049798,-0.8283404,-0.016021272,0.99933743,0.03267859,0.8289697,-0.0049983514,0.5592711,-0.045196533,-0.021255493,0.08305359,9.358627,-0.07450867,2.9288483,0.0053253174,0.011703491,-0.007461548,-23.339844,17.1875,-6.8847656,0,0.0,0.0,0.0,0.0
0.330810547,0.29879305,0.023594804,-0.9540263,2.0093145E-4,0.9996928,0.024787152,0.9543179,-0.0075979214,0.2986965,0.5542521,0.035799768,-0.8315786,-0.015649425,0.9993462,0.032591794,0.8322017,-0.0050503425,0.55445,0.017211914,0.0026855469,0.10668945,9.358475,-0.07450867,2.9291534,0.020233154,0.0021362305,0.0010681152,-23.339844,17.1875,-6.8847656,0,0.0,0.0,0.0,0.0
0.335083008,0.2987499,0.016182782,-0.95419425,0.0023735869,0.9998405,0.017700076,0.9543285,-0.007552758,0.2986638,0.5495188,0.035555717,-0.83472437,-0.015287079,0.99935466,0.03250442,0.83534145,-0.0051012943,0.5497078,-0.040405273,0.11715698,-0.09890747,9.358627,-0.07406616,2.9288483,0.0095825195,-0.0010681152,-0.0063934326,-23.519897,18.08319,-7.05719,0,0.0,0.0,0.0,0.0
0.339355468,0.2987499,0.016182782,-0.95419425,0.0023735869,0.9998405,0.017700076,0.9543285,-0.007552758,0.2986638,0.5448645,0.035168365,-0.83778626,-0.014853386,0.9993681,0.03229112,0.8383925,-0.0051503237,0.5450425,-0.002090454,0.0070343018,0.0016479492,9.358627,-0.07406616,2.9288483,-0.0032043457,0.017028809,-0.0021362305,-23.519897,18.08319,-7.05719,0,0.0,0.0,0.0,0.0
0.343627929,0.2987037,0.016116673,-0.9542098,0.002364478,0.99984175,0.01762757,0.9543429,-0.0075216293,0.29861835,0.54028654,0.034788754,-0.84076166,-0.014431136,0.9993811,0.032078385,0.84135735,-0.005198373,0.5404542,-0.05491638,0.068984985,-0.16072083,9.35878,-0.07376099,2.9284058,0.0,0.011703491,0.0,-23.519897,18.08319,-7.05719,0,0.0,0.0,0.0,0.0
0.34790039,0.29736614,0.11753951,-0.9475009,-0.027983638,0.99303985,0.11440626,0.95435333,-0.0075060287,0.2985856,0.5357835,0.034415405,-0.84365374,-0.014019809,0.9993938,0.031864926,0.844239,-0.005244838,0.53594124,-0.01676941,0.05445862,-0.07421875,9.3589325,-0.0736084,2.9281006,0.008514404,0.0021362305,-0.0021362305,-24.23706,15.57312,-5.6747437,0,0.0,0.0,0.0,0.0
0.352203369,0.2973512,0.11751341,-0.94750875,-0.027987357,0.993043,0.114377625,0.95435786,-0.007492061,0.29857147,0.53108376,0.03533025,-0.8465824,-0.014836617,0.9993649,0.032398883,0.8471894,-0.0046461006,0.5312707,-0.0023956299,0.02558899,-0.040542603,9.3589325,-0.07347107,2.927948,0.014907837,-0.004257202,-0.0021362305,-24.23706,15.57312,-5.6747437,0,0.0,0.0,0.0,0.0
0.35647583,0.2972801,0.11738896,-0.94754654,-0.02795598,0.99305797,0.11425643,0.954381,-0.0074765724,0.29849806,0.5267039,0.03697816,-0.8492441,-0.015490174,0.99930495,0.033905122,0.84990764,-0.00470302,0.5269106,-0.03126526,0.03981018,-0.21696472,9.35907,-0.07331848,2.9272003,0.0021209717,-0.0021209717,-0.007461548,-24.23706,15.57312,-5.6747437,0,0.0,0.0,0.0,0.0
0.360748291,0.29808894,0.08008673,-0.9511725,-0.016776955,0.9967598,0.07866734,0.9543907,-0.0074920864,0.29846668,0.5223962,0.038590513,-0.8518293,-0.016114866,0.9992438,0.035386186,0.8525506,-0.004758491,0.522623,0.002105713,-0.02229309,-0.101760864,9.359222,-0.07347107,2.9269104,0.017044067,-0.0010681152,-0.0138549805,-23.878479,17.366028,-6.021118,0,0.0,0.0,0.0,0.0
0.365020752,0.2980774,0.08006908,-0.95117766,-0.016742354,0.99676096,0.078659564,0.9543949,-0.0075216834,0.29845244,0.518173,0.039421346,-0.85436684,-0.016324122,0.9992111,0.036204033,0.85512006,-0.0048131635,0.5184077,-0.036209106,-0.112976074,-0.048934937,9.359222,-0.07376099,2.9267578,0.0095825195,0.0010681152,0.0010681152,-23.878479,17.366028,-6.021118,0,0.0,0.0,0.0,0.0
0.36932373,0.29808998,0.08008832,-0.95117193,-0.016764108,0.99675936,0.07867302,0.9543905,-0.0075060893,0.29846662,0.5140219,0.040235184,-0.85683286,-0.016521025,0.99917835,0.037008334,0.8576179,-0.004867335,0.5142643,-0.0026855469,0.0688324,0.046676636,9.359222,-0.0736084,2.9269104,0.004257202,-0.012786865,-0.0053253174,-23.878479,17.366028,-6.021118,0,0.0,0.0,0.0,0.0
0.373809814,0.29806623,0.08134768,-0.9510725,-0.017168857,0.99665767,0.07986598,0.95439076,-0.0074765272,0.2984667,0.50994223,0.041033108,-0.8592294,-0.016707264,0.9991457,0.037799347,0.8600463,-0.00492011,0.5101921,-0.08888245,0.0541687,-0.044296265,9.359222,-0.07331848,2.9269104,-0.0032043457,-0.003189087,0.003189087,-24.954224,17.007446,-6.365967,0,0.0,0.0,0.0,0.0
0.379272461,0.29805374,0.08132709,-0.9510783,-0.017146677,0.9966592,0.079851225,0.954395,-0.0074921204,0.29845247,0.50593275,0.04184029,-0.8615576,-0.016896144,0.99911195,0.03859849,0.86240745,-0.004971239,0.50619036,0.006881714,-0.012710571,-0.020202637,9.359222,-0.07347107,2.9267578,0.004257202,-0.004257202,-0.004272461,-24.954224,17.007446,-6.365967,0,0.0,0.0,0.0,0.0
0.384735107,0.29809,0.081386544,-0.9510618,-0.017212387,0.99665475,0.079893276,0.95438254,-0.0074453433,0.29849368,0.50199264,0.042630885,-0.8638206,-0.017073886,0.9990782,0.039383907,0.86470336,-0.005021657,0.5022578,0.006881714,0.087371826,0.12779236,9.359222,-0.073013306,2.9272003,-0.0010681152,0.0010681152,-0.009597778,-24.954224,17.007446,-6.365967,0,0.0,0.0,0.0,0.0
0.390167236,0.2984266,0.056673527,-0.9527485,-0.0097934995,0.9983647,0.056319386,0.9543823,-0.007476461,0.29849362,0.49812195,0.043406837,-0.8660199,-0.017242894,0.9990446,0.040156476,0.86693555,-0.005070131,0.4983945,-0.07450867,-0.07511902,-0.020645142,9.359222,-0.07331848,2.9272003,0.007446289,-0.014907837,0.0,-24.415588,18.621826,-6.539917,0,0.0,0.0,0.0,0.0
0.395629883,0.29841265,0.05665329,-0.952754,-0.009786582,0.9983659,0.05630023,0.9543868,-0.007476496,0.29847947,0.49432772,0.043672256,-0.8681779,-0.01715669,0.9990328,0.040485933,0.8691063,-0.005118258,0.49459884,-0.060150146,0.01586914,-0.068374634,9.359222,-0.07331848,2.9270477,-0.0032043457,-0.0095825195,0.004257202,-24.415588,18.621826,-6.539917,0,0.0,0.0,0.0,0.0
0.401092529,0.2983115,0.05650645,-0.95279455,-0.009693493,0.99837404,0.056174643,0.9544194,-0.007521631,0.29837412,0.49060002,0.043931965,-0.87027675,-0.017069522,0.9990212,0.040808458,0.87121767,-0.0051654233,0.49086967,0.040100098,0.016311646,-3.0517578E-4,9.359528,-0.07376099,2.9260101,0.013839722,-0.012786865,-0.0063934326,-24.415588,18.621826,-6.539917,0,0.0,0.0,0.0,0.0
0.406402588,0.29845196,0.027698604,-0.95402265,-0.0011165193,0.99958825,0.028672246,0.954424,-0.007492104,0.29836002,0.48693642,0.044183534,-0.8723191,-0.016979411,0.9990098,0.041122437,0.87327236,-0.0052125473,0.4872045,0.006576538,0.10218811,-0.04324341,9.359528,-0.07347107,2.9258575,0.003189087,-0.0234375,0.01171875,-24.23706,18.08319,-7.05719,0,0.0,0.0,0.0,0.0
0.410797119,0.2983597,0.02756213,-0.9540555,-0.0010878686,0.99959207,0.02853745,0.9544528,-0.007476538,0.29826796,0.48334718,0.043853935,-0.8743296,-0.01661059,0.9990241,0.040925592,0.87527114,-0.0052581388,0.48360395,-0.012863159,0.10203552,0.06300354,9.3598175,-0.07331848,2.9249573,-0.004272461,-0.018112183,-0.004272461,-24.23706,18.08319,-7.05719,0,0.0,0.0,0.0,0.0
0.41519165,0.2983274,0.027514372,-0.95406693,-0.0010578311,0.9995933,0.028496535,0.954463,-0.0074920557,0.29823518,0.47981998,0.0435282,-0.8762865,-0.016249884,0.9990381,0.0407279,0.87721646,-0.0053025074,0.48006576,0.044448853,-0.07496643,-0.037246704,9.35997,-0.07347107,2.924652,-0.008514404,-0.030883789,0.0,-24.23706,18.08319,-7.05719,0,0.0,0.0,0.0,0.0
0.419586181,0.29513106,0.17048079,-0.9401245,-0.043792278,0.9853324,0.16493112,0.95445263,-0.0075061005,0.2982679,0.47537,0.04222541,-0.8787721,-0.015857046,0.9990965,0.039429218,0.879643,-0.004808737,0.47561008,-0.0655365,-0.07962036,-0.09022522,9.3598175,-0.0736084,2.9249573,0.017044067,-0.017044067,0.0,-24.595642,17.007446,-4.637146,0,0.0,0.0,0.0,0.0
0.423980713,0.29510564,0.17043982,-0.9401399,-0.043745134,0.98533934,0.16490273,0.95446277,-0.0075371773,0.2982351,0.47537,0.04222541,-0.8787721,-0.015857046,0.9990965,0.039429218,0.879643,-0.004808737,0.47561008,-0.06568909,-0.079315186,-0.089920044,9.35997,-0.073913574,2.924652,0.017044067,-0.017044067,0.0,-24.595642,17.007446,-4.637146,0,0.0,0.0,0.0,0.0
0.428375244,0.29510325,0.17043601,-0.9401413,-0.04375862,0.98534006,0.16489448,0.9544628,-0.0075216177,0.29823512,0.4685653,0.047330264,-0.88216007,-0.017854804,0.99886715,0.04410822,0.88324845,-0.004916784,0.46887958,-0.0034332275,0.025878906,-0.027679443,9.35997,-0.07376099,2.924652,-0.0021362305,-0.01171875,-0.0021362305,-24.595642,17.007446,-4.637146,0,0.0,0.0,0.0,0.0
0.432769775,0.29779333,-0.033283476,-0.95405,0.017115617,0.99941754,-0.02952379,0.9544769,-0.007537166,0.29818952,0.46525195,0.04980587,-0.88377607,-0.018798485,0.9987466,0.046388913,0.8849787,-0.004968881,0.46560505,-0.089782715,-0.012268066,-0.12779236,9.360123,-0.073913574,2.9242096,-0.0032043457,-0.015991211,-0.0010681152,-22.802734,18.08319,-7.748413,0,0.0,0.0,0.0,0.0
0.437164306,0.29776478,-0.033322655,-0.95405746,0.017111637,0.9994163,-0.029566312,0.9544859,-0.0075216773,0.2981612,0.46207294,0.04814552,-0.8855341,-0.017816361,0.99882776,0.04500857,0.88666296,-0.005020248,0.46238905,0.0012054443,0.025878906,-0.0796051,9.360123,-0.07376099,2.9239044,0.0010681152,0.0095825195,0.0010681152,-22.802734,18.08319,-7.748413,0,0.0,0.0,0.0,0.0
0.441558838,0.29773268,-0.033366796,-0.954066,0.01712377,0.99941486,-0.029609025,0.95449567,-0.0075216317,0.29812986,0.45894918,0.046517465,-0.8872439,-0.016863687,0.9989046,0.043648582,0.88830245,-0.005070276,0.4592309,-0.046844482,-0.012420654,-0.117614746,9.360275,-0.07376099,2.9236145,-0.0063934326,0.008514404,0.004257202,-22.802734,18.08319,-7.748413,0,0.0,0.0,0.0,0.0
0.445953369,0.29791105,0.0675873,-0.95219797,-0.0129559,0.99768484,0.06676251,0.95450574,-0.0075527076,0.298097,0.45587993,0.044920973,-0.88890696,-0.015939208,0.9989774,0.042308897,0.88989854,-0.0051193037,0.45612973,9.0026855E-4,-0.06478882,-0.06463623,9.360428,-0.07406616,2.9233093,0.003189087,0.022354126,-0.0021362305,-25.312805,17.007446,-6.7123413,0,0.0,0.0,0.0,0.0
0.4503479,0.2980205,0.067768864,-0.95215076,-0.013003,0.9976723,0.06693894,0.9544709,-0.0075683612,0.29820806,0.452833,0.04537457,-0.89044,-0.015956748,0.9989567,0.042789504,0.89145255,-0.0051679723,0.4530846,-0.07525635,-0.07901001,-0.046539307,9.35997,-0.07421875,2.9243622,-0.0021362305,0.01914978,-0.0032043457,-25.312805,17.007446,-6.7123413,0,0.0,0.0,0.0,0.0
0.454742431,0.29801327,0.06775678,-0.95215404,-0.013043631,0.9976737,0.06691352,0.95447266,-0.007521573,0.29820377,0.44984403,0.045822725,-0.8919309,-0.015972387,0.998936,0.043264434,0.8929643,-0.00521598,0.45009726,0.073028564,0.09291077,0.015716553,9.360123,-0.07376099,2.9243622,-0.0095825195,0.026611328,-0.007461548,-25.312805,17.007446,-6.7123413,0,0.0,0.0,0.0,0.0
0.459136963,0.2962841,0.14041403,-0.944722,-0.03476873,0.99006426,0.13624907,0.95446676,-0.0075216494,0.29822233,0.44690987,0.046261664,-0.893382,-0.015985526,0.9989155,0.043729786,0.8944361,-0.0052620927,0.44716474,0.010925293,0.011520386,0.058654785,9.35997,-0.07376099,2.9245148,-0.0010681152,0.013824463,0.003189087,-24.415588,16.828918,-5.155945,0,0.0,0.0,0.0,0.0
0.463531494,0.2962647,0.1403826,-0.9447327,-0.034771446,0.99006885,0.13621512,0.9544727,-0.007506014,0.29820377,0.44400635,0.048151612,-0.8947289,-0.016644532,0.99882597,0.045494005,0.8958691,-0.0053072837,0.44428653,0.17358398,0.030517578,-0.0034484863,9.360123,-0.0736084,2.9243622,0.003189087,-0.0032043457,-0.0053253174,-24.415588,16.828918,-5.155945,0,0.0,0.0,0.0,0.0
0.467926025,0.2962269,0.14032127,-0.9447537,-0.034732226,0.99007744,0.1361628,0.9544859,-0.0075216773,0.2981612,0.4411552,0.05000296,-0.8960367,-0.017279433,0.9987347,0.04722661,0.8972645,-0.005351259,0.44146106,0.025146484,-0.026794434,-0.0796051,9.360123,-0.07376099,2.9239044,0.004257202,-0.009597778,0.0010681152,-24.415588,16.828918,-5.155945,0,0.0,0.0,0.0,0.0
0.472320556,0.29621273,0.14029835,-0.94476163,-0.034708295,0.99008065,0.13614613,0.95449114,-0.007537156,0.29814398,0.43835527,0.05181587,-0.89730704,-0.017890276,0.9986421,0.04892775,0.89862376,-0.0053946674,0.43868703,0.0058288574,-0.041000366,-0.055526733,9.360275,-0.073913574,2.923767,0.0053253174,0.014892578,-0.004257202,-24.415588,16.828918,-5.155945,0,0.0,0.0,0.0,0.0
0.476715088,0.2962269,0.14032127,-0.9447537,-0.034732226,0.99007744,0.1361628,0.9544859,-0.0075216773,0.2981612,0.43560624,0.053591892,-0.89854056,-0.018478312,0.9985481,0.050598513,0.89994764,-0.005437517,0.43596408,-0.013168335,0.021102905,0.044891357,9.360123,-0.07376099,2.9239044,0.020233154,0.0095825195,-0.0032043457,-24.415588,16.828918,-5.155945,0,0.0,0.0,0.0,0.0
