Time,Rot1,Rot2,Rot3,Rot4,Rot5,Rot6,Rot7,Rot8,Rot9,FRot1,FRot2,FRot3,FRot4,FRot5,FRot6,FRot7,FRot8,FRot9,AccX,AccY,AccZ,GravX,GravY,GravZ,GyroX,GyroY,GyroZ,MagX,MagY,MagZ,Imid
0.0,0.0,0.0,0.0,0.0,0.0,0.0,0.0,0.0,0.0,0.0,0.0,0.0,0.0,0.0,0.0,0.0,0.0,0.0,-9.781647,-0.010772705,-0.69924927,9.781647,0.010772705,0.69924927,0.0,0.0,0.0,0.0,0.0,0.0,0,0.0,0.0,0.0,0.0
0.004394531,0.0693233,0.21199805,-0.9748082,-0.016205512,0.97726935,0.21138084,0.9974626,0.0011436471,0.071183085,1.0,0.0,0.0,0.0,1.0,0.0,0.0,0.0,1.0,0.044143677,0.02947998,0.08244324,9.781647,0.01121521,0.6980591,0.0,0.0,0.0,-27.822876,22.744751,2.9678345,0,0.0,0.0,0.0,0.0
0.00881958,0.06905958,0.21168673,-0.97489464,-0.016125217,0.97733694,0.21107478,0.99748224,0.0011436518,0.07090797,0.99954116,0.0042723664,-0.029986357,-0.004271131,0.9999909,1.05251034E-4,0.029986534,2.2872926E-5,0.9995503,0.0056915283,-0.02796936,0.10908508,9.781799,0.01121521,0.6953583,-0.003189087,-0.031951904,-0.007461548,-27.822876,22.744751,2.9678345,0,0.0,0.0,0.0,0.0
0.013214111,0.06875169,0.21132323,-0.97499526,-0.016031686,0.97741556,0.21071734,0.99750495,0.0011436422,0.070586845,0.99820143,0.00845284,-0.05935112,-0.008440626,0.9999643,4.5649317E-4,0.059352856,4.5288485E-5,0.9982371,-0.028137207,0.0390625,0.040405273,9.7821045,0.01121521,0.69221497,0.017044067,-0.07136536,-0.0010681152,-27.822876,22.744751,2.9678345,0,0.0,0.0,0.0,0.0
0.01763916,0.06892481,0.17428261,-0.98228043,-0.013311941,0.98469496,0.17377694,0.997533,0.0010985172,0.07018996,0.9960342,0.012542124,-0.08808258,-0.012499292,0.9999213,0.0010378301,0.08808867,6.725555E-5,0.99611264,0.067337036,0.029922485,0.058654785,9.782394,0.010772705,0.688324,-0.003189087,-0.07562256,0.0,-28.001404,22.924805,2.1026611,0,0.0,0.0,0.0,0.0
0.022033692,0.06854272,0.17382576,-0.98238814,-0.013195696,0.98477584,0.17332757,0.9975609,0.001082954,0.06979296,0.99310327,0.01579449,-0.11617375,-0.015697729,0.99987525,0.0017478375,0.116186865,8.788077E-5,0.99322736,0.0095825195,0.034866333,0.11042786,9.7827,0.010620117,0.684433,0.0010681152,-0.09693909,0.012771606,-28.001404,22.924805,2.1026611,0,0.0,0.0,0.0,0.0
0.02645874,0.06819362,0.17340834,-0.98248625,-0.013165697,0.98484945,0.17291163,0.9975853,0.0011436469,0.06944349,0.98945135,0.018972369,-0.14361736,-0.0187911,0.99982,0.0026185683,0.14364119,1.07782216E-4,0.9896298,0.11477661,0.04862976,0.07077026,9.782852,0.01121521,0.68099976,-0.004257202,-0.100128174,0.0053253174,-28.001404,22.924805,2.1026611,0,0.0,0.0,0.0,0.0
0.030853272,0.06655631,0.24928337,-0.9661408,-0.01829433,0.9684299,0.24861373,0.9976149,0.0011280872,0.06901559,0.98416775,0.022591835,-0.17579408,-0.022325587,0.99974465,0.0034924087,0.1758281,4.8758983E-4,0.9844208,-0.0052337646,-0.013442993,-0.06388855,9.783142,0.011062622,0.6768036,0.004257202,-0.08308411,-0.008529663,-25.849915,20.414734,3.4866333,0,0.0,0.0,0.0,0.0
0.03527832,0.06620592,0.24886234,-0.9662735,-0.018126864,0.9685383,0.24820364,0.99764127,0.0010829584,0.06863405,0.97905195,0.027177336,-0.20178883,-0.026718901,0.9996305,0.0049958285,0.20185003,5.003998E-4,0.9794163,0.04234314,-0.08961487,0.097854614,9.783447,0.010620117,0.6730652,0.003189087,-0.09161377,0.0010681152,-25.849915,20.414734,3.4866333,0,0.0,0.0,0.0,0.0
0.039703369,0.065774806,0.24834426,-0.96643615,-0.018024951,0.96867126,0.24769185,0.9976717,0.001128081,0.06819055,0.9733512,0.031661883,-0.22712347,-0.03095,0.99949855,0.0066958573,0.22722156,5.1205093E-4,0.973843,0.11387634,0.015258789,-0.07975769,9.783752,0.011062622,0.66871643,0.019180298,-0.09480286,0.0021209717,-25.849915,20.414734,3.4866333,0,0.0,0.0,0.0,0.0
0.044097901,0.06550084,0.24801494,-0.9665394,-0.017868415,0.9687556,0.24737272,0.99769247,0.0010674036,0.067885935,0.9671077,0.036045432,-0.2518002,-0.03501469,0.99935,0.008574364,0.2519456,5.243715E-4,0.96774125,0.041885376,-0.01763916,0.03337097,9.783905,0.010467529,0.6657257,0.0021362305,-0.09161377,-0.008529663,-25.849915,20.414734,3.4866333,0,0.0,0.0,0.0,0.0
0.048522949,0.06529129,0.24776308,-0.9666181,-0.017828673,0.96882004,0.24712323,0.99770695,0.0010985237,0.0676728,0.96036303,0.04033385,-0.2758188,-0.038914543,0.99918616,0.010619038,0.27602264,5.3523213E-4,0.961151,0.108795166,-0.032318115,-0.093826294,9.784042,0.010772705,0.66363525,-0.008514404,-0.07243347,0.008514404,-25.849915,20.414734,3.4866333,0,0.0,0.0,0.0,0.0
0.052917481,0.065234035,0.24769425,-0.96663964,-0.01780908,0.9688377,0.24705563,0.99771106,0.0010985283,0.06761239,0.95315653,0.044530578,-0.2991816,-0.042650577,0.9990078,0.012814025,0.2994554,5.46498E-4,0.9541101,0.046539307,-0.0036010742,-0.16984558,9.784042,0.010772705,0.66304016,-0.0010681152,-0.038345337,-0.008529663,-25.849915,20.414734,3.4866333,0,0.0,0.0,0.0,0.0
0.057342529,0.06572514,0.21139048,-0.9751894,-0.0153045,0.9774012,0.21083844,0.9977204,0.0010674018,0.06747504,0.9455263,0.048641194,-0.32189113,-0.046225917,0.99881613,0.015147305,0.32224685,5.575386E-4,0.94665545,0.027236938,-0.07989502,-0.35523987,9.784195,0.010467529,0.6616974,0.0063934326,-0.019165039,-0.007461548,-27.642822,21.490479,2.7954102,0,0.0,0.0,0.0,0.0
0.061737061,0.06579468,0.21147689,-0.97516596,-0.015341524,0.9773824,0.21092246,0.99771523,0.001082956,0.067550935,0.93754447,0.051923774,-0.3439685,-0.048942406,0.99865085,0.017350549,0.34440535,5.6773575E-4,0.93882084,-0.04937744,0.0013427734,-0.16925049,9.784195,0.010620117,0.66244507,0.008529663,0.0,-0.007461548,-27.642822,21.490479,2.7954102,0,0.0,0.0,0.0,0.0
0.066162109,0.06595456,0.21167552,-0.975112,-0.015390191,0.9773394,0.21111807,0.9977039,0.0010829606,0.067717716,0.9292128,0.05514192,-0.36540774,-0.051528513,0.99847835,0.019641224,0.3659348,5.780402E-4,0.9306403,0.027389526,-0.03694153,-0.06074524,9.784042,0.010620117,0.66407776,0.0,0.031951904,-0.004272461,-27.642822,21.490479,2.7954102,0,0.0,0.0,0.0,0.0
0.070556641,0.06528073,0.261379,-0.96302617,-0.018827492,0.9652356,0.2607024,0.9976893,0.0011125235,0.0679324,0.9205642,0.058299202,-0.38621604,-0.053987507,0.998299,0.02201118,0.3868423,5.881386E-4,0.92214566,-0.039505005,0.034576416,0.09037781,9.783905,0.010910034,0.6661835,0.003189087,0.045791626,-0.004272461,-25.849915,21.84906,4.1778564,0,0.0,0.0,0.0,0.0
0.076660156,0.065532155,0.26165873,-0.9629332,-0.018885469,0.96515995,0.26097858,0.9976718,0.0010829578,0.06819055,0.91157126,0.062414046,-0.4063771,-0.0572502,0.99805015,0.024865359,0.4071367,5.9862627E-4,0.91336703,-0.005844116,0.10189819,0.011230469,9.783752,0.010620117,0.66871643,0.003189087,0.04046631,-0.0053253174,-25.849915,21.84906,4.1778564,0,0.0,0.0,0.0,0.0
0.08279419,0.06571553,0.26186267,-0.9628652,-0.019028954,0.96510434,0.26117292,0.9976569,0.0011592013,0.06840532,0.91157126,0.062414046,-0.4063771,-0.0572502,0.99805015,0.024865359,0.4071367,5.9862627E-4,0.91336703,-0.0056915283,0.10115051,0.009124756,9.7836,0.011367798,0.67082214,0.003189087,0.04046631,-0.0053253174,-25.849915,21.84906,4.1778564,0,0.0,0.0,0.0,0.0
0.088897705,0.065021865,0.30286554,-0.95081264,-0.021907799,0.95303255,0.30207446,0.9976433,0.0011887671,0.06860307,0.8928303,0.07041519,-0.44485474,-0.06330281,0.9975176,0.03084542,0.4459224,6.2082504E-4,0.8950714,0.04234314,0.038619995,0.15083313,9.783447,0.011657715,0.67276,-0.0021362305,0.047927856,-0.009597778,-27.28424,20.056152,4.522705,0,0.0,0.0,0.0,0.0
0.094146729,0.065073244,0.30293,-0.95078856,-0.02194528,0.953012,0.30213642,0.9976391,0.001204322,0.06866346,0.8928303,0.07041519,-0.44485474,-0.06330281,0.9975176,0.03084542,0.4459224,6.2082504E-4,0.8950714,0.04234314,0.038467407,0.15023804,9.783447,0.011810303,0.6733551,-0.0021362305,0.047927856,-0.009597778,-27.28424,20.056152,4.522705,0,0.0,0.0,0.0,0.0
0.098632813,0.06518297,0.30306768,-0.95073724,-0.022006873,0.95296836,0.3022701,0.99763066,0.0012198903,0.068786874,0.87387216,0.07981493,-0.47955927,-0.070327796,0.9968094,0.037748776,0.4810421,7.38744E-4,0.8766972,0.023345947,0.02394104,0.08200073,9.783295,0.011962891,0.67456055,0.0010681152,0.023422241,-0.0010681152,-27.28424,20.056152,4.522705,0,0.0,0.0,0.0,0.0
0.103118897,0.0651732,0.30305544,-0.95074177,-0.021986552,0.9529721,0.3022592,0.99763167,0.0012043318,0.068771385,0.87387216,0.07981493,-0.47955927,-0.070327796,0.9968094,0.037748776,0.4810421,7.38744E-4,0.8766972,0.023345947,0.024093628,0.08215332,9.783295,0.011810303,0.67440796,0.0010681152,0.023422241,-0.0010681152,-27.28424,20.056152,4.522705,0,0.0,0.0,0.0,0.0
0.107604981,0.06727025,0.1890894,-0.97965294,-0.014193158,0.98195916,0.18855993,0.9976339,0.0012198943,0.06874042,0.85354227,0.088811435,-0.5133987,-0.07649685,0.99604815,0.045125127,0.5153774,7.5718126E-4,0.856963,0.07601929,0.0095825195,-0.051620483,9.783295,0.011962891,0.6741028,-0.022354126,-0.010650635,0.003189087,-26.747131,21.310425,2.2766113,0,0.0,0.0,0.0,0.0
0.111968994,0.06727602,0.18909647,-0.9796512,-0.014163155,0.98195785,0.18856907,0.9976339,0.0011887745,0.06874042,0.84336704,0.09082936,-0.52960557,-0.0773297,0.9958662,0.04765162,0.5317444,7.664355E-4,0.8469045,0.028137207,-0.066711426,0.010635376,9.783295,0.011657715,0.6741028,-0.007461548,-0.01171875,-0.007461548,-26.747131,21.310425,2.2766113,0,0.0,0.0,0.0,0.0
0.116149902,0.06712723,0.2011501,-0.9772577,-0.014995107,0.9795597,0.20059392,0.99763167,0.0011887719,0.068771385,0.8330935,0.09280671,-0.5452908,-0.078077994,0.99568385,0.05017483,0.5475938,7.748823E-4,0.83674395,0.032928467,3.0517578E-4,0.05821228,9.783295,0.011657715,0.67440796,-0.007461548,-0.0021209717,-0.0063934326,-25.849915,22.207642,2.7954102,0,0.0,0.0,0.0,0.0
0.120330811,0.06710629,0.2011265,-0.9772639,-0.0149431685,0.9795646,0.20057388,0.99763393,0.001143651,0.06874042,0.8227204,0.09498885,-0.5604536,-0.078947134,0.99547803,0.052828446,0.5629373,7.8316015E-4,0.8264992,0.07601929,-0.12852478,-0.056411743,9.783295,0.01121521,0.6741028,0.0021362305,-0.015975952,0.0063934326,-25.849915,22.207642,2.7954102,0,0.0,0.0,0.0,0.0
0.124511719,0.06707694,0.20109345,-0.9772728,-0.014934761,0.9795714,0.20054136,0.997636,0.0011436355,0.06870993,0.812283,0.09712643,-0.5751198,-0.07972779,0.99527174,0.05547655,0.5777887,7.9036993E-4,0.816186,0.02319336,0.0055389404,-0.07527161,9.783447,0.01121521,0.67381287,0.004257202,-0.0063934326,0.0021209717,-25.849915,22.207642,2.7954102,0,0.0,0.0,0.0,0.0
0.128692627,0.06493252,0.3114331,-0.94804704,-0.022448443,0.95026743,0.310625,0.9976371,0.0011125173,0.06869444,0.801797,0.09922016,-0.58930224,-0.0804235,0.9950652,0.058114853,0.5921603,7.9743523E-4,0.80581987,0.06628418,-0.080337524,-0.0368042,9.783447,0.010910034,0.6736603,-0.008514404,-0.0053253174,-0.0010681152,-26.92566,21.490479,5.215454,0,0.0,0.0,0.0,0.0
0.132873535,0.06492311,0.31142235,-0.9480512,-0.02247721,0.9502709,0.31061226,0.9976371,0.0011436368,0.06869444,0.7910896,0.1035441,-0.60287297,-0.08284511,0.99462456,0.062118545,0.60606426,8.037369E-4,0.7954153,0.06628418,0.05342102,-0.04638672,9.783447,0.01121521,0.6736603,0.012786865,0.014907837,-0.0032043457,-26.92566,21.490479,5.215454,0,0.0,0.0,0.0,0.0
0.137054443,0.064956225,0.31146026,-0.94803643,-0.022523634,0.95025843,0.31064704,0.99763393,0.0011747706,0.06874042,0.7803595,0.10777944,-0.61597294,-0.08510463,0.9941745,0.066138245,0.61951286,8.105348E-4,0.784986,0.047286987,0.067474365,0.12075806,9.783295,0.011520386,0.6741028,0.024505615,0.0053253174,-0.0010681152,-26.92566,21.490479,5.215454,0,0.0,0.0,0.0,0.0
0.141235352,0.067310385,0.18987523,-0.97949815,-0.014225323,0.9818075,0.18934533,0.99763066,0.0011887706,0.068786874,0.76962066,0.11192898,-0.62861437,-0.08720817,0.9937158,0.07016767,0.6325178,8.1781956E-4,0.7745453,0.10475159,0.057769775,0.12509155,9.783295,0.011657715,0.67456055,0.014907837,-0.0053253174,0.0,-28.001404,20.773315,2.1026611,0,0.0,0.0,0.0,0.0
0.14541626,0.067307495,0.18987143,-0.9794991,-0.014240302,0.9818082,0.1893405,0.99763066,0.0012043305,0.068786874,0.7591076,0.113496356,-0.6409947,-0.08725212,0.993538,0.07258906,0.64509124,8.252386E-4,0.7641051,0.023345947,0.038467407,0.014968872,9.783295,0.011810303,0.67456055,0.0095825195,-0.010650635,-0.012786865,-28.001404,20.773315,2.1026611,0,0.0,0.0,0.0,0.0
0.149597168,0.06734134,0.18991594,-0.9794882,-0.014219981,0.9817997,0.18938649,0.9976287,0.0011747645,0.068816304,0.74860984,0.115032025,-0.65295553,-0.08724063,0.9933614,0.07498089,0.65724605,8.328204E-4,0.7536756,0.09516907,-0.076156616,0.081710815,9.783295,0.011520386,0.67485046,0.0021362305,-0.014907837,0.0,-28.001404,20.773315,2.1026611,0,0.0,0.0,0.0,0.0
0.153778076,0.066196725,0.25306728,-0.96518135,-0.018511273,0.96744806,0.25239202,0.9976349,0.0011592119,0.06872648,0.7381379,0.11653761,-0.66450846,-0.08717658,0.99318594,0.077343166,0.66899383,8.396593E-4,0.74326754,0.10954285,0.0053863525,0.077804565,9.783295,0.011367798,0.67396545,0.012786865,-0.017044067,-0.009597778,-26.747131,20.951843,3.6590576,0,0.0,0.0,0.0,0.0
0.157958984,0.06611699,0.25297087,-0.965212,-0.018451253,0.9674732,0.25229958,0.99764127,0.0011280817,0.06863405,0.7275862,0.11929912,-0.67556345,-0.08800454,0.992858,0.080549344,0.68034804,8.4605033E-4,0.7328887,-0.07736206,0.06315613,0.16011047,9.783447,0.011062622,0.6730652,0.0010681152,-0.027694702,0.0053253174,-26.747131,20.951843,3.6590576,0,0.0,0.0,0.0,0.0
0.162139893,0.06594316,0.25276068,-0.96527904,-0.01839044,0.9675282,0.2520933,0.9976539,0.0011280784,0.06845024,0.7155741,0.1208774,-0.6879988,-0.087862864,0.9926669,0.083021365,0.69298905,0.0010416048,0.7209474,0.11402893,-0.018234253,-9.0026855E-4,9.7836,0.011062622,0.67126465,0.0138549805,-0.03514099,0.010650635,-26.747131,20.951843,3.6590576,0,0.0,0.0,0.0,0.0
0.166320801,0.06640604,0.21969447,-0.97330606,-0.016139863,0.97556806,0.21910387,0.9976621,0.0011592074,0.06832944,0.7051249,0.12354443,-0.6982376,-0.088526525,0.9923385,0.08618219,0.7035354,0.0010433343,0.71065956,0.05656433,0.029327393,0.17268372,9.7836,0.011367798,0.67007446,0.007461548,-0.038345337,-0.0021362305,-26.567078,20.414734,2.7954102,0,0.0,0.0,0.0,0.0
0.170501709,0.06622556,0.21946827,-0.97336936,-0.016035305,0.975619,0.21888451,0.99767584,0.0011125259,0.06813015,0.69479644,0.12548204,-0.70817524,-0.088631384,0.99209535,0.08883307,0.7137243,0.0010456517,0.700426,0.07556152,-0.027664185,0.11238098,9.783752,0.010910034,0.66812134,0.012786865,-0.043670654,-0.0032043457,-26.567078,20.414734,2.7954102,0,0.0,0.0,0.0,0.0
0.174682617,0.06593433,0.21910322,-0.97347134,-0.015943808,0.975701,0.21852516,0.9976965,0.0011125315,0.067825526,0.6845339,0.12737584,-0.71776646,-0.08867299,0.99185395,0.091448374,0.72356784,0.0010469892,0.6902525,-0.020355225,-0.037231445,-0.15756226,9.783905,0.010910034,0.6651306,-0.015960693,-0.05218506,0.0053253174,-26.567078,20.414734,2.7954102,0,0.0,0.0,0.0,0.0
0.178863526,0.065468974,0.23709837,-0.96927714,-0.0171687,0.97148496,0.23647878,0.9977069,0.001159207,0.06767279,0.67434216,0.12922388,-0.72702396,-0.08865297,0.9916149,0.09402427,0.73307794,0.0010483001,0.68014383,0.017807007,-0.04248047,-0.060302734,9.784042,0.011367798,0.66363525,-0.008514404,-0.055389404,-0.0053253174,-26.208496,21.490479,3.4866333,0,0.0,0.0,0.0,0.0
0.183044434,0.065273866,0.23687156,-0.96934575,-0.017135244,0.9715403,0.23625396,0.9977203,0.0011887681,0.067475036,0.6641955,0.131401,-0.73591995,-0.08882594,0.9913288,0.09683635,0.74226296,0.0010505182,0.6701079,0.05596924,0.057769775,-0.044006348,9.784195,0.011657715,0.6616974,0.0095825195,-0.028762817,-0.012786865,-26.208496,21.490479,3.4866333,0,0.0,0.0,0.0,0.0
0.187225342,0.06510209,0.23667188,-0.96940607,-0.017064758,0.97158897,0.2360588,0.9977327,0.0011747605,0.067291215,0.6541324,0.13352932,-0.7445004,-0.08893347,0.99104434,0.099609375,0.7511336,0.0010532832,0.6601494,-0.04473877,-0.076156616,0.010467529,9.784348,0.011520386,0.65989685,0.0095825195,-0.040481567,-0.0032043457,-26.208496,21.490479,3.4866333,0,0.0,0.0,0.0,0.0
0.19140625,0.064852476,0.24340704,-0.96775365,-0.017529923,0.9699233,0.24277802,0.99774075,0.0012198937,0.06716884,0.64415777,0.1356104,-0.75277525,-0.08897854,0.9907617,0.10234312,0.75969964,0.0010557127,0.65027326,0.14199829,0.0574646,0.026046753,9.784348,0.011962891,0.6586914,0.010650635,-0.04473877,-0.0032043457,-27.28424,21.131897,3.4866333,0,0.0,0.0,0.0,0.0
0.195587158,0.06471475,0.24323778,-0.9678054,-0.017515322,0.96996576,0.24260955,0.99775004,0.0012510056,0.067031495,0.63426435,0.13778672,-0.76073885,-0.08905595,0.99046135,0.105144374,0.76796997,0.0010589963,0.64048505,0.012557983,0.033218384,0.032180786,9.7845,0.012268066,0.65734863,0.003189087,-0.026626587,-0.0053253174,-27.28424,21.131897,3.4866333,0,0.0,0.0,0.0,0.0
0.199768067,0.06465012,0.24315833,-0.96782976,-0.017461458,0.96998584,0.24253361,0.99775517,0.0012198923,0.06695559,0.6244685,0.13991542,-0.76841575,-0.08907371,0.9901629,0.10790425,0.77595425,0.0010628365,0.6307883,0.041290283,0.0143585205,0.11431885,9.7845,0.011962891,0.65660095,0.0021362305,-0.03514099,-0.004272461,-27.28424,21.131897,3.4866333,0,0.0,0.0,0.0,0.0
0.203948975,0.06517457,0.20415035,-0.9767675,-0.014850871,0.97893864,0.2036132,0.99776334,0.0012354429,0.066833735,0.6147748,0.14199929,-0.7758145,-0.08903523,0.98986614,0.11062398,0.783661,0.0010659776,0.62118775,0.103393555,-0.03366089,0.06762695,9.784653,0.0121154785,0.65541077,-0.009567261,-0.027694702,0.0063934326,-27.464294,21.310425,2.62146,0,0.0,0.0,0.0,0.0
0.208129883,0.06505389,0.20399968,-0.9768071,-0.014831095,0.9789701,0.20346367,0.9977715,0.001251013,0.06671136,0.6052566,0.14324868,-0.7830353,-0.08846056,0.98968613,0.11267679,0.79109997,0.0010693669,0.61168593,-0.025894165,0.105041504,0.0018005371,9.784653,0.012268066,0.6542053,-0.018096924,-0.03302002,-0.007461548,-27.464294,21.310425,2.62146,0,0.0,0.0,0.0,0.0
0.212310791,0.06496829,0.2038928,-0.9768352,-0.014789964,0.97899246,0.20335941,0.99777764,0.0012354434,0.06661902,0.5958439,0.14446981,-0.78999907,-0.08785979,0.9895086,0.114688,0.7982798,0.0010729998,0.60228574,0.16072083,-1.5258789E-4,0.08888245,9.78479,0.0121154785,0.65330505,-0.003189087,-0.025558472,0.0053253174,-27.464294,21.310425,2.62146,0,0.0,0.0,0.0,0.0
0.216491699,0.064589076,0.21745458,-0.9739311,-0.015604748,0.97606975,0.2168972,0.9977899,0.0011887603,0.06643676,0.5865397,0.14566416,-0.79671407,-0.0872349,0.9893335,0.116658814,0.80520886,0.0010762486,0.59299034,-0.030975342,-0.071502686,-0.105651855,9.784943,0.011657715,0.6515198,0.0063934326,-0.028762817,0.0021209717,-26.208496,21.84906,3.1402588,0,0.0,0.0,0.0,0.0
0.220672608,0.064412475,0.21725094,-0.9739882,-0.015629211,0.976115,0.21669173,0.997801,0.0012650167,0.06626945,0.5773205,0.14710885,-0.8031563,-0.086748436,0.9891197,0.118814506,0.8118964,0.0010784988,0.58380055,0.10310364,-4.4250488E-4,0.025283813,9.784943,0.0124053955,0.6498718,-0.011703491,-0.031951904,0.0021209717,-26.208496,21.84906,3.1402588,0,0.0,0.0,0.0,0.0
0.225799561,0.06435359,0.21718307,-0.97400725,-0.015611378,0.97613,0.21662495,0.997805,0.0012650021,0.066208,0.5682134,0.14852023,-0.8093672,-0.086233266,0.98890877,0.12092665,0.8183504,0.0010822291,0.5747186,0.03112793,0.004348755,-0.1512909,9.785095,0.0124053955,0.64927673,0.014907837,-0.039413452,-0.018112183,-26.208496,21.84906,3.1402588,0,0.0,0.0,0.0,0.0
0.230926514,0.064315654,0.21277456,-0.9749823,-0.015313169,0.97710055,0.21222669,0.99781215,0.0012805709,0.06610111,0.55828476,0.1491877,-0.8161257,-0.08570408,0.9888073,0.12212654,0.82521087,0.00176392,0.564822,0.09815979,-0.08198547,0.022140503,9.785095,0.012557983,0.6482239,0.014907837,-0.017044067,-0.0021362305,-28.720093,21.490479,2.7954102,0,0.0,0.0,0.0,0.0
0.236083984,0.064306974,0.21276334,-0.97498536,-0.015280311,0.977103,0.21221761,0.99781317,0.0012510086,0.066085614,0.54942733,0.15046643,-0.82188165,-0.085097454,0.98861355,0.124103375,0.8311967,0.0017542529,0.5559756,0.08380127,-0.08648682,-0.05911255,9.785095,0.012268066,0.6480713,0.022369385,-0.0234375,-0.008529663,-28.720093,21.490479,2.7954102,0,0.0,0.0,0.0,0.0
0.241210938,0.06423033,0.21266438,-0.97501194,-0.015348951,0.97712433,0.212114,0.99781704,0.0013412606,0.06602519,0.5406886,0.15171911,-0.82742804,-0.08447062,0.98842204,0.12604144,0.83697104,0.0017441881,0.54724437,0.09815979,0.14724731,0.061203003,9.785095,0.013153076,0.6474762,0.004257202,-0.018096924,-0.01171875,-28.720093,21.490479,2.7954102,0,0.0,0.0,0.0,0.0
0.246368408,0.06430706,0.20649604,-0.9763319,-0.014877584,0.9784466,0.20596339,0.99781924,0.00128056,0.06599319,0.53206855,0.15294452,-0.83277315,-0.08382608,0.98823327,0.12793837,0.8425416,0.0017361298,0.5386286,-0.036071777,-5.950928E-4,0.013626099,9.785248,0.012557983,0.647171,0.018112183,-0.015975952,-0.009597778,-26.567078,21.490479,2.7954102,0,0.0,0.0,0.0,0.0
0.251495361,0.06430706,0.20649604,-0.9763319,-0.014877584,0.9784466,0.20596339,0.99781924,0.00128056,0.06599319,0.53206855,0.15294452,-0.83277315,-0.08382608,0.98823327,0.12793837,0.8425416,0.0017361298,0.5386286,-0.036071777,-5.950928E-4,0.013626099,9.785248,0.012557983,0.647171,0.018112183,-0.015975952,-0.009597778,-26.567078,21.490479,2.7954102,0,0.0,0.0,0.0,0.0
0.256652832,0.06429532,0.206482,-0.9763356,-0.014858271,0.97844946,0.20595059,0.99782026,0.0012650017,0.06597769,0.51521003,0.15507482,-0.8429178,-0.08235823,0.9879012,0.13140881,0.85309774,0.0017180891,0.5217483,0.002243042,-0.057891846,-0.029327393,9.785248,0.0124053955,0.64701843,-0.0021362305,-0.01171875,-0.0053253174,-26.567078,21.490479,2.7954102,0,0.0,0.0,0.0,0.0
0.261688233,0.06423411,0.20640886,-0.97635514,-0.014856197,0.97846496,0.20587751,0.99782425,0.0012805666,0.065917276,0.50696194,0.15610757,-0.8477146,-0.081607744,0.98773855,0.13308898,0.8580966,0.0017090273,0.51348543,0.0980072,0.037719727,-0.1484375,9.785248,0.012557983,0.64642334,0.0010681152,-0.007446289,-0.0063934326,-26.567078,21.490479,2.7954102,0,0.0,0.0,0.0,0.0
0.265991211,0.06430077,0.20648853,-0.9763339,-0.014907475,0.9784482,0.2059539,0.99781924,0.0013116794,0.06599319,0.49883395,0.15711804,-0.8523372,-0.08084743,0.9875784,0.13473183,0.86291856,0.0017004581,0.5053402,0.0070343018,0.08050537,0.18121338,9.785248,0.012863159,0.647171,0.003189087,-0.003189087,0.007446289,-26.567078,21.490479,2.7954102,0,0.0,0.0,0.0,0.0
0.27029419,0.06432293,0.206515,-0.9763269,-0.014882256,0.9784426,0.20598203,0.9978181,0.0012805786,0.0660097,0.4908283,0.15810974,-0.8567899,-0.08008066,0.9874201,0.13634017,0.86756825,0.0016926826,0.49731526,0.05986023,-0.053253174,0.07571411,9.785095,0.012557983,0.6473236,0.017044067,-0.013839722,-0.0021362305,-26.567078,21.490479,2.7954102,0,0.0,0.0,0.0,0.0
0.274597168,0.06400535,0.2254984,-0.9721387,-0.01612624,0.9742426,0.22492468,0.99781924,0.00128056,0.06599319,0.48294416,0.159082,-0.86107945,-0.0793067,0.9872639,0.13791434,0.8720524,0.0016844405,0.48940963,0.0692749,-0.034103394,-0.04862976,9.785248,0.012557983,0.647171,-0.004257202,-0.004257202,-0.009597778,-25.491333,20.773315,3.1402588,0,0.0,0.0,0.0,0.0
0.278900147,0.06385197,0.22531803,-0.9721907,-0.016047977,0.9742844,0.22474927,0.9978303,0.0012510105,0.06582587,0.47515008,0.16041848,-0.86515796,-0.07871147,0.9870476,0.13979056,0.8763771,0.0016763628,0.48162255,0.11715698,-0.019439697,-0.12359619,9.785248,0.012268066,0.6455231,0.0021362305,-0.010650635,0.004257202,-25.491333,20.773315,3.1402588,0,0.0,0.0,0.0,0.0
0.283203125,0.0637093,0.22515023,-0.9722389,-0.015987445,0.9743233,0.22458528,0.9978404,0.001235444,0.06567303,0.4674752,0.16172431,-0.869087,-0.078098945,0.9868346,0.14162658,0.88054955,0.0016678558,0.4739512,0.021240234,0.06687927,-0.011962891,9.7854,0.0121154785,0.6440277,0.0010681152,-0.027694702,0.003189087,-25.491333,20.773315,3.1402588,0,0.0,0.0,0.0,0.0
0.287506104,0.06334967,0.23768444,-0.9692745,-0.016770631,0.97134167,0.23709527,0.9978504,0.001235439,0.06552028,0.4599192,0.16300035,-0.8728718,-0.077470884,0.9866246,0.14342289,0.88457483,0.0016592076,0.4663954,0.15518188,-0.01449585,0.05177307,9.785538,0.0121154785,0.64253235,0.0053253174,-0.03302002,0.0095825195,-27.28424,21.490479,3.4866333,0,0.0,0.0,0.0,0.0
0.291809082,0.06314312,0.23743434,-0.96934927,-0.01671878,0.9714028,0.2368483,0.9978644,0.0012509968,0.06530701,0.45246166,0.16450477,-0.8764797,-0.076947115,0.98637486,0.14540868,0.888458,0.0016507324,0.458955,-0.031723022,0.047576904,-0.056259155,9.78569,0.012268066,0.6404419,0.0138549805,-0.038345337,-0.0021362305,-27.28424,21.490479,3.4866333,0,0.0,0.0,0.0,0.0
0.296112061,0.06310036,0.23738253,-0.9693647,-0.016704753,0.97141546,0.23679735,0.99786735,0.0012510004,0.06526208,0.4427039,0.16569822,-0.8812249,-0.07607369,0.9861747,0.14721471,0.89343494,0.0018654985,0.4491887,0.054473877,-0.019439697,-0.09892273,9.78569,0.012268066,0.6399994,0.0053253174,-0.041534424,-0.0010681152,-27.28424,21.490479,3.4866333,0,0.0,0.0,0.0,0.0
0.300415039,0.0635933,0.19473784,-0.97879165,-0.013882647,0.98085463,0.19424629,0.9978794,0.0012354556,0.06507926,0.43552208,0.16714188,-0.8845248,-0.07551878,0.9859311,0.14911994,0.8970047,0.0018532085,0.44201708,0.12150574,-0.14857483,-0.044448853,9.78569,0.0121154785,0.63819885,0.015975952,-0.014907837,-0.009597778,-27.105713,22.027588,2.62146,0,0.0,0.0,0.0,0.0
0.304718018,0.06352245,0.19465318,-0.97881305,-0.0139245875,0.9808712,0.19415882,0.99788326,0.0012961241,0.06501781,0.4285214,0.16769516,-0.8878332,-0.074574746,0.98583716,0.15021205,0.9004488,0.0018408535,0.43495816,-0.05102539,0.08544922,-0.02947998,9.785843,0.012710571,0.63760376,0.015975952,-0.03727722,-0.010650635,-27.105713,22.027588,2.62146,0,0.0,0.0,0.0,0.0
0.309020996,0.06345673,0.1945747,-0.97883296,-0.013937918,0.9808868,0.19407938,0.99788725,0.0013272489,0.06495584,0.42163497,0.16823564,-0.89102226,-0.07363759,0.9857451,0.15127486,0.9037707,0.0018299589,0.4280131,0.0016479492,0.07077026,-0.19168091,9.785843,0.013015747,0.6369934,-0.02128601,-0.010650635,-0.008529663,-27.105713,22.027588,2.62146,0,0.0,0.0,0.0,0.0
0.313323975,0.062194467,0.2674787,-0.96155447,-0.018686041,0.9635628,0.26682872,0.9978891,0.0013723747,0.06492639,0.4148622,0.16876367,-0.8940963,-0.072707266,0.98565483,0.15230936,0.9069747,0.0018199047,0.42118126,0.07826233,0.09906006,-0.04774475,9.785843,0.013458252,0.6367035,0.007461548,-0.02130127,-0.007461548,-28.181458,20.951843,4.005432,0,0.0,0.0,0.0,0.0
0.317626953,0.062119003,0.26738322,-0.9615859,-0.018674552,0.96358925,0.2667339,0.99789405,0.0013879414,0.06485047,0.4080943,0.17075829,-0.8968281,-0.07239699,0.9853112,0.15466206,0.9100647,0.0018109541,0.4144623,0.15487671,0.03666687,-0.19064331,9.785843,0.01361084,0.6359558,-0.008514404,-0.013839722,-0.015975952,-28.181458,20.951843,4.005432,0,0.0,0.0,0.0,0.0
0.321929932,0.0620865,0.26734206,-0.9615994,-0.018614305,0.96360075,0.26669663,0.9978972,0.001341245,0.06480299,0.40144172,0.1727104,-0.8994529,-0.07206194,0.984971,0.15696882,0.9130452,0.0018024939,0.40785432,0.05895996,-0.10173035,-0.11357117,9.7859955,0.013153076,0.63549805,-0.010635376,-0.012771606,-0.008529663,-28.181458,20.951843,4.005432,0,0.0,0.0,0.0,0.0
0.32623291,0.062480275,0.24758488,-0.96684945,-0.017363736,0.9688653,0.24697898,0.9978952,0.001356802,0.06483398,0.39490396,0.17462195,-0.90197456,-0.07170319,0.9846339,0.15923157,0.91592,0.001793269,0.40135676,0.04937744,0.013015747,0.06808472,9.7859955,0.013305664,0.6358032,0.0053253174,-0.0053253174,0.014892578,-27.822876,21.310425,3.6590576,0,0.0,0.0,0.0,0.0
0.330535889,0.062437687,0.24753207,-0.9668658,-0.017349215,0.96887875,0.24692707,0.9978981,0.0013568059,0.06478904,0.38851005,0.1760921,-0.904462,-0.07116516,0.984372,0.16108114,0.91869223,0.0017845397,0.3949701,0.03501892,0.032180786,-0.07991028,9.7859955,0.013305664,0.6353607,-0.0053253174,0.0053253174,0.014892578,-27.822876,21.310425,3.6590576,0,0.0,0.0,0.0,0.0
0.334838867,0.062437687,0.24753207,-0.9668658,-0.017349215,0.96887875,0.24692707,0.9978981,0.0013568059,0.06478904,0.3822275,0.17753142,-0.9068543,-0.07061555,0.9841135,0.1628926,0.92136616,0.001775985,0.38869178,0.07331848,-0.025268555,-0.027236938,9.7859955,0.013305664,0.6353607,-0.004257202,-0.004257202,-0.004272461,-27.822876,21.310425,3.6590576,0,0.0,0.0,0.0,0.0
0.339141846,0.06290724,0.2195755,-0.9735653,-0.015562172,0.9755945,0.21902761,0.997898,0.0013723654,0.064789034,0.3760558,0.17894156,-0.9091546,-0.070056014,0.9838581,0.16466744,0.92394495,0.0017676014,0.38252148,0.12120056,0.05117798,0.039794922,9.7859955,0.013458252,0.6353607,0.017044067,0.0010681152,-0.0021362305,-25.491333,19.69757,2.7954102,0,0.0,0.0,0.0,0.0
0.343444824,0.06291724,0.21958792,-0.9735617,-0.01558118,0.9755916,0.21903883,0.9978971,0.001387924,0.064802974,0.37003335,0.17975748,-0.9114618,-0.06927504,0.98370934,0.16588195,0.926432,0.0017596966,0.376458,-0.06555176,0.04623413,0.010925293,9.7859955,0.01361084,0.63549805,0.003189087,-0.0063934326,0.0053253174,-25.491333,19.69757,2.7954102,0,0.0,0.0,0.0,0.0
0.347747803,0.062951185,0.2196302,-0.97355,-0.015575802,0.9755821,0.21908148,0.997895,0.0013723827,0.064834975,0.36411765,0.1805572,-0.9136835,-0.06849752,0.9835629,0.16706905,0.9288307,0.0017522612,0.37050036,-0.017501831,-0.06373596,0.10638428,9.785843,0.013458252,0.6358032,0.0095825195,0.0010681152,-0.01171875,-25.491333,19.69757,2.7954102,0,0.0,0.0,0.0,0.0
0.352050781,0.06331046,0.1988433,-0.9779842,-0.014180982,0.98003036,0.19834131,0.9978931,0.0013116967,0.06486597,0.35830766,0.18134171,-0.9158225,-0.06772361,0.9834185,0.16823013,0.931144,0.0017446636,0.36464754,-0.06060791,-0.14453125,0.06777954,9.785843,0.012863159,0.6361084,-0.0053253174,-0.0010528564,-0.0053253174,-26.567078,22.207642,2.7954102,0,0.0,0.0,0.0,0.0
0.35635376,0.06331813,0.19885218,-0.9779819,-0.01421324,0.9800287,0.19834813,0.99789226,0.0013412593,0.06487992,0.35263085,0.18169235,-0.91795397,-0.06680267,0.9833539,0.16897494,0.93337506,0.0017360044,0.35889846,0.03517151,-0.09214783,-0.047286987,9.785843,0.013153076,0.6362457,0.003189087,0.019165039,0.0095825195,-26.567078,22.207642,2.7954102,0,0.0,0.0,0.0,0.0
0.360656738,0.06332699,0.19886246,-0.9779793,-0.014247417,0.9800265,0.19835618,0.9978911,0.0013723775,0.06489541,0.3470554,0.1820361,-0.92000836,-0.06589438,0.9832903,0.16969989,0.93552685,0.0017281094,0.35325137,0.10699463,0.08470154,0.048339844,9.785843,0.013458252,0.6363983,0.020233154,0.008529663,-0.0138549805,-26.567078,22.207642,2.7954102,0,0.0,0.0,0.0,0.0
0.364959717,0.062268827,0.25953713,-0.9637234,-0.018168697,0.96573204,0.25890413,0.99789405,0.0013879414,0.06485047,0.34243268,0.18312126,-0.921524,-0.06508028,0.9830894,0.17117184,0.9372857,0.0013582115,0.34855953,0.06867981,0.02708435,-0.11402893,9.785843,0.01361084,0.6359558,-0.012771606,0.013839722,0.0010681152,-27.28424,20.773315,3.831482,0,0.0,0.0,0.0,0.0
0.369262695,0.06225327,0.25951785,-0.96372974,-0.01816315,0.9657373,0.25888517,0.99789506,0.001387921,0.06483396,0.33696008,0.1846622,-0.92323226,-0.06461135,0.98280114,0.17299521,0.9392994,0.001358806,0.34309602,0.030227661,0.012710571,-0.046844482,9.7859955,0.01361084,0.6358032,0.0053253174,0.007461548,-0.0063934326,-27.28424,20.773315,3.831482,0,0.0,0.0,0.0,0.0
0.373565674,0.062291343,0.25956506,-0.96371466,-0.018144527,0.9657248,0.25893366,0.9978931,0.0013568203,0.06486597,0.33158782,0.18617144,-0.9248728,-0.06413298,0.9825163,0.17478164,0.941242,0.0013593883,0.33773017,0.15487671,-0.077941895,0.09172058,9.785843,0.013305664,0.6361084,0.008529663,0.0053253174,-0.0010681152,-27.28424,20.773315,3.831482,0,0.0,0.0,0.0,0.0
0.377868652,0.06262215,0.24465127,-0.96758676,-0.017197164,0.9696103,0.24404992,0.9978893,0.0013568151,0.0649264,0.3263154,0.18765105,-0.9264477,-0.06364613,0.9822348,0.1765331,0.9431158,0.001359337,0.3324616,0.09262085,-0.015686035,0.15815735,9.785843,0.013305664,0.6367035,-0.0010681152,0.0053253174,-0.0021362305,-27.28424,20.773315,3.4866333,0,0.0,0.0,0.0,0.0
0.382171631,0.06259648,0.2446192,-0.9675966,-0.01717246,0.96961826,0.24401939,0.9978911,0.0013412578,0.06489541,0.32116136,0.188798,-0.9280144,-0.06305305,0.982015,0.17796302,0.94492316,0.0013592866,0.32728958,0.05432129,-0.049057007,-0.042648315,9.785843,0.013153076,0.6363983,-0.010635376,-0.0021209717,0.0063934326,-27.28424,20.773315,3.4866333,0,0.0,0.0,0.0,0.0
0.386474609,0.06261452,0.24464174,-0.96758974,-0.017164152,0.96961266,0.24404249,0.9978902,0.0013272527,0.0649109,0.31610236,0.1899211,-0.92952096,-0.062457785,0.9817984,0.17936245,0.946667,0.001358926,0.32221085,0.10699463,-0.020187378,0.024246216,9.785843,0.013015747,0.6365509,0.0095825195,0.004272461,0.003189087,-27.28424,20.773315,3.4866333,0,0.0,0.0,0.0,0.0
0.390777588,0.063014254,0.22168554,-0.97308,-0.015698394,0.9751173,0.22113311,0.9978893,0.0013412553,0.0649264,0.3111377,0.19102193,-0.9309694,-0.06186144,0.98158485,0.1807329,0.9483494,0.0013582924,0.31722492,0.01600647,0.032333374,0.07197571,9.785843,0.013153076,0.6367035,0.014907837,-0.007446289,-0.0032043457,-25.849915,21.131897,3.1402588,0,0.0,0.0,0.0,0.0
0.395080567,0.06303905,0.22171465,-0.97307175,-0.015721936,0.97511065,0.22116068,0.99788725,0.0013568124,0.06495584,0.3062947,0.19163716,-0.93244773,-0.06112033,0.9814649,0.1816341,0.94997257,0.0013579517,0.31233045,0.10220337,0.032180786,0.06210327,9.785843,0.013305664,0.6369934,0.012786865,0.0,-0.0053253174,-25.849915,21.131897,3.1402588,0,0.0,0.0,0.0,0.0
0.399383545,0.06307209,0.22175345,-0.9730609,-0.01571617,0.97510195,0.2211999,0.9978852,0.0013412499,0.064986825,0.30154228,0.19224058,-0.93387145,-0.060387194,0.9813469,0.18251486,0.9515386,0.0013579288,0.30752647,0.10220337,-0.015533447,0.095321655,9.785843,0.013153076,0.6372986,0.004257202,0.0032043457,-0.009597778,-25.849915,21.131897,3.1402588,0,0.0,0.0,0.0,0.0
0.403686524,0.06311213,0.218497,-0.9737946,-0.015488507,0.9758368,0.21795142,0.99788636,0.0013272476,0.064971335,0.2968789,0.19283263,-0.93524253,-0.0596616,0.98123074,0.18337601,0.9530496,0.0013575953,0.3028114,0.05911255,-0.06806946,-0.019454956,9.785843,0.013015747,0.637146,-0.0010681152,0.0,0.010650635,-26.38855,22.38617,3.312683,0,0.0,0.0,0.0,0.0
0.407989502,0.0631667,0.21855876,-0.9737773,-0.015457196,0.975823,0.21801524,0.99788326,0.0012805643,0.06501781,0.29230636,0.19334729,-0.93657565,-0.058923822,0.98112947,0.18415482,0.95450777,0.0013569883,0.29818314,0.03517151,-0.101135254,0.12854004,9.785843,0.012557983,0.63760376,0.008529663,0.010650635,0.003189087,-26.38855,22.38617,3.312683,0,0.0,0.0,0.0,0.0
0.412292481,0.06323429,0.2186352,-0.9737556,-0.015431408,0.9758058,0.21809344,0.9978794,0.0012354364,0.06507824,0.28782043,0.19385283,-0.9378595,-0.058194473,0.9810297,0.18491663,0.9559147,0.0013554598,0.29364154,0.13572693,-0.11984253,0.14230347,9.785843,0.0121154785,0.63819885,0.003189087,0.0010681152,0.0,-26.38855,22.38617,3.312683,0,0.0,0.0,0.0,0.0
0.416595459,0.06347163,0.19798082,-0.97814876,-0.014077662,0.9802052,0.19748355,0.9978844,0.0012354426,0.06500233,0.28341994,0.19434974,-0.93909603,-0.057473786,0.9809314,0.1856621,0.9572722,0.0013530593,0.28918552,0.03994751,-1.5258789E-4,-0.18734741,9.785843,0.0121154785,0.6374512,0.012786865,-0.0053253174,0.0021209717,-24.954224,20.951843,2.62146,0,0.0,0.0,0.0,0.0
0.420898438,0.06347163,0.19798082,-0.97814876,-0.014077662,0.9802052,0.19748355,0.9978844,0.0012354426,0.06500233,0.2791248,0.1944224,-0.94036657,-0.056643814,0.980917,0.18599293,0.95858276,0.0013507069,0.28481108,0.02558899,0.004638672,-0.010177612,9.785843,0.0121154785,0.6374512,0.007461548,0.0,-0.0010681152,-24.954224,20.951843,2.62146,0,0.0,0.0,0.0,0.0
0.425201416,0.06340447,0.19790332,-0.9781688,-0.014027189,0.9802209,0.19740927,0.9978894,0.0012043292,0.06492641,0.27491003,0.19449359,-0.94159263,-0.05582867,0.98090285,0.18631354,0.95984775,0.0013484015,0.28051838,0.006439209,-0.08602905,-0.19139099,9.785843,0.011810303,0.6367035,0.010650635,0.0032043457,0.0,-24.954224,20.951843,2.62146,0,0.0,0.0,0.0,0.0
0.429504395,0.06272145,0.23976439,-0.9688028,-0.016697729,0.9708303,0.23918512,0.99789137,0.0011747679,0.06489542,0.27113464,0.19554755,-0.9424687,-0.054594032,0.9806941,0.18777281,0.960992,5.4145476E-4,0.27657586,0.11656189,-0.109680176,-0.076156616,9.785843,0.011520386,0.6363983,-0.018096924,0.004272461,0.007446289,-26.92566,21.131897,3.4866333,0,0.0,0.0,0.0,0.0
0.433807373,0.06273619,0.2397823,-0.9687975,-0.016702598,0.9708259,0.23920275,0.99789035,0.0011747667,0.06491091,0.26702288,0.19643612,-0.94345725,-0.05403897,0.98051643,0.18885773,0.9621738,5.5412104E-4,0.27243552,0.02079773,0.0052337646,0.057754517,9.785843,0.011520386,0.6365509,0.004257202,0.011703491,0.018096924,-26.92566,21.131897,3.4866333,0,0.0,0.0,0.0,0.0
0.438110352,0.06276239,0.2398141,-0.96878797,-0.016725648,0.97081816,0.23923309,0.9978884,0.0011887681,0.064941905,0.2629899,0.19730712,-0.9444078,-0.053487003,0.98034155,0.18991987,0.9633148,5.665339E-4,0.26837328,0.20275879,0.043395996,0.10055542,9.785843,0.011657715,0.6368561,0.0063934326,0.0063934326,-0.0021362305,-26.92566,21.131897,3.4866333,0,0.0,0.0,0.0,0.0
0.44241333,0.06335544,0.20511451,-0.9766853,-0.014521185,0.9787371,0.20460346,0.9978853,0.001219884,0.06498683,0.2590347,0.19816121,-0.94532174,-0.052938823,0.98016924,0.1909599,0.96441615,5.7897856E-4,0.26438826,-0.01272583,0.03352356,-0.067489624,9.785843,0.011962891,0.6372986,0.003189087,0.013839722,-0.004272461,-27.642822,21.84906,2.7954102,0,0.0,0.0,0.0,0.0
0.446716309,0.063425295,0.2052,-0.97666276,-0.014557482,0.9787192,0.20468669,0.99788034,0.0012354376,0.06506275,0.25519347,0.1983004,-0.94633675,-0.052213233,0.9801411,0.1913039,0.9654792,5.917967E-4,0.2604795,0.11178589,0.052520752,0.1951294,9.785843,0.0121154785,0.63804626,0.0234375,0.018096924,-0.0021362305,-27.642822,21.84906,2.7954102,0,0.0,0.0,0.0,0.0
0.451019287,0.06345604,0.20523764,-0.97665286,-0.014566502,0.97871137,0.20472379,0.9978783,0.0012354542,0.06509475,0.25142658,0.19843851,-0.9473156,-0.05150133,0.98011315,0.19163981,0.96650517,6.046695E-4,0.25664634,0.1837616,0.018997192,0.08947754,9.78569,0.0121154785,0.63835144,0.01171875,0.004272461,-0.0053253174,-27.642822,21.84906,2.7954102,0,0.0,0.0,0.0,0.0
0.455322266,0.0631854,0.22355027,-0.9726423,-0.01575672,0.9746917,0.22299771,0.9978774,0.0012354532,0.065108694,0.2477318,0.1985746,-0.94826007,-0.05080216,0.9800856,0.19196717,0.9674958,6.172852E-4,0.25288638,0.025741577,-1.5258789E-4,0.04624939,9.78569,0.0121154785,0.63848877,0.0021362305,0.004272461,-0.0010681152,-25.671387,21.669006,3.312683,0,0.0,0.0,0.0,0.0
0.459625244,0.06320858,0.22357655,-0.9726347,-0.015794102,0.97468555,0.22302157,0.9978754,0.0012650143,0.06513968,0.2440891,0.19907545,-0.9490993,-0.05020687,0.979984,0.19264136,0.9684523,6.2964857E-4,0.24919836,0.054473877,0.047439575,0.093826294,9.78569,0.0124053955,0.63879395,-0.011703491,0.009597778,0.003189087,-25.671387,21.669006,3.312683,0,0.0,0.0,0.0,0.0
0.463928223,0.06321166,0.22358005,-0.9726337,-0.015780708,0.97468483,0.22302595,0.9978754,0.0012510105,0.06513968,0.24051686,0.19956677,-0.9499077,-0.049620006,0.979884,0.19330068,0.96937585,6.423559E-4,0.24558114,0.10235596,-0.019439697,-0.016311646,9.78569,0.012268066,0.63879395,0.003189087,0.007461548,0.0063934326,-25.671387,21.669006,3.312683,0,0.0,0.0,0.0,0.0
0.468231201,0.06322989,0.22360076,-0.97262776,-0.01577038,0.9746801,0.22304738,0.99787444,0.0012354495,0.06515518,0.23701346,0.20004827,-0.95068675,-0.049040515,0.9797858,0.19394527,0.9702678,6.5452897E-4,0.24203289,0.20291138,-0.06716919,0.050582886,9.78569,0.0121154785,0.63894653,0.0053253174,0.008529663,-0.0063934326,-25.671387,21.669006,3.312683,0,0.0,0.0,0.0,0.0
0.47253418,0.06320363,0.22357097,-0.9726363,-0.01574639,0.9746869,0.22301911,0.99787647,0.0012198922,0.06512419,0.23357792,0.20052052,-0.9514373,-0.04846851,0.97968924,0.19457576,0.9711293,6.661474E-4,0.2385527,0.054473877,-0.0095825195,-0.07362366,9.78569,0.011962891,0.63864136,0.003189087,0.0021362305,-0.0063934326,-25.671387,21.669006,3.312683,0,0.0,0.0,0.0,0.0
0.476837158,0.063193746,0.22355974,-0.9726395,-0.015789552,0.9746895,0.22300504,0.9978764,0.0012650157,0.06512419,0.23020835,0.20098267,-0.9521607,-0.04790362,0.9795945,0.19519155,0.97196156,6.7722227E-4,0.23513864,0.011367798,0.085754395,0.0077819824,9.78569,0.0124053955,0.63864136,0.022369385,0.0032043457,0.0,-25.671387,21.669006,3.312683,0,0.0,0.0,0.0,0.0
