Time,Rot1,Rot2,Rot3,Rot4,Rot5,Rot6,Rot7,Rot8,Rot9,FRot1,FRot2,FRot3,FRot4,FRot5,FRot6,FRot7,FRot8,FRot9,AccX,AccY,AccZ,GravX,GravY,GravZ,GyroX,GyroY,GyroZ,MagX,MagY,MagZ,Imid
0.0,0.0,0.0,0.0,0.0,0.0,0.0,0.0,0.0,0.0,0.0,0.0,0.0,0.0,0.0,0.0,0.0,0.0,0.0,0.0,0.0,0.0,9.7960205,0.031723022,0.45324707,0.0,0.0,0.0,0.0,0.0,0.0,0
0.004425049,-0.045815617,0.20990053,0.97664875,-0.0065626185,-0.9777175,0.20982236,0.9989283,0.003203768,0.046172224,1.0,0.0,0.0,0.0,1.0,0.0,0.0,0.0,1.0,9.979019,-0.05744934,0.37348938,9.7960205,0.031417847,0.4527893,0.0,0.0,0.0,-30.921936,-23.078918,3.5095215,0
0.00881958,-0.04579884,0.20987889,0.9766542,-0.0065738633,-0.97772217,0.20980012,0.99892896,0.0031882103,0.04615825,0.9978211,0.0585459,-0.030420031,-0.058520388,0.9982847,0.0017290763,0.030469084,5.488323E-5,0.99953574,9.658203,0.02394104,0.3830719,9.7960205,0.03126526,0.45265198,-0.0021362305,0.004257202,0.0053253174,-30.921936,-23.078918,3.5095215,0
0.013244629,-0.045795605,0.20987469,0.9766551,-0.006588863,-0.977723,0.20979522,0.9989291,0.0031726507,0.046158254,0.9914656,0.115744,-0.059994765,-0.115543716,0.9932791,0.0068085957,0.0603796,1.8152961E-4,0.9981755,9.715668,-0.02394104,0.43572998,9.7960205,0.03111267,0.45265198,0.014907837,-0.0138549805,0.0010681152,-30.921936,-23.078918,3.5095215,0
0.017669678,-0.045338094,0.26289052,0.96375984,-0.009068727,-0.9648204,0.2627532,0.99893045,0.0031726551,0.0461272,0.9812255,0.17142777,-0.08836872,-0.17076379,0.98519665,0.0150764175,0.08964508,2.968126E-4,0.9959737,9.878464,0.03829956,0.41178894,9.7960205,0.03111267,0.4523468,0.012786865,-0.014923096,0.0010681152,-30.3833,-22.54181,4.7195435,0
0.022064209,-0.045338094,0.26289052,0.96375984,-0.009068727,-0.9648204,0.2627532,0.99893045,0.0031726551,0.0461272,0.9676531,0.2243906,-0.11531005,-0.22286247,0.9744992,0.026146108,0.1182365,3.9792067E-4,0.9929854,9.792282,0.028717041,0.43095398,9.7960205,0.03111267,0.4523468,0.010650635,-0.01171875,0.0053253174,-30.3833,-22.54181,4.7195435,0
0.026489258,-0.045310616,0.2628557,0.9637706,-0.0089951195,-0.96482974,0.2627217,0.9989325,0.0032348507,0.046081454,0.9509241,0.27564412,-0.1405832,-0.2727394,0.96125966,0.039913032,0.14613876,3.8831664E-4,0.989264,9.883255,0.19152832,0.34475708,9.796173,0.031723022,0.4519043,-0.013839722,-0.0063934326,0.01171875,-30.3833,-22.54181,4.7195435,0
0.030883789,-0.045370597,0.25248438,0.9665367,-0.008515439,-0.96759564,0.2523613,0.998934,0.0032192958,0.0460504,0.9313034,0.3251734,-0.16412248,-0.32032746,0.9456543,0.055931136,0.17339045,4.8407854E-4,0.984853,9.720444,-0.02394104,0.3830719,9.796173,0.031570435,0.45159912,0.008514404,-0.010665894,-0.0032043457,-30.204773,-24.154663,4.891968,0
0.035308838,-0.045421507,0.2525444,0.96651864,-0.008563774,-0.96757996,0.25241926,0.9989311,0.003188217,0.04611167,0.9090541,0.37302876,-0.18566163,-0.36561018,0.9278196,0.07402696,0.19987468,5.852703E-4,0.97982126,9.830582,-0.05265808,0.59854126,9.7960205,0.03126526,0.4521942,0.01171875,0.011703491,0.004257202,-30.204773,-24.154663,4.891968,0
0.039733887,-0.045377687,0.25249273,0.96653414,-0.008549834,-0.9675936,0.25236806,0.9989334,0.0031881747,0.046065934,0.8844903,0.41897932,-0.2052639,-0.40828896,0.9079956,0.09404351,0.225781,6.2642066E-4,0.9741779,9.98381,0.04788208,0.34954834,9.796173,0.03126526,0.4517517,-0.0010681152,-0.010665894,0.007446289,-30.204773,-24.154663,4.891968,0
0.044128418,-0.04529864,0.26003557,0.9645359,-0.008884624,-0.9655937,0.25990352,0.998934,0.0032037362,0.0460504,0.8578759,0.46303576,-0.22281583,-0.44836175,0.8863393,0.1156475,0.25103936,6.9089304E-4,0.9679766,9.806641,0.04788208,0.3878479,9.796173,0.031417847,0.45159912,0.0021209717,-0.015991211,-0.004272461,-29.48761,-22.003174,4.547119,0
0.048553467,-0.045261007,0.25998813,0.9645504,-0.008904331,-0.9656065,0.25985497,0.9989355,0.0031726216,0.046019353,0.82962453,0.5049597,-0.23819925,-0.48557633,0.86314267,0.13856556,0.27556995,7.065391E-4,0.96128076,9.897629,-0.04788208,0.3878479,9.796173,0.03111267,0.45129395,-0.006378174,-0.0021362305,0.007446289,-29.48761,-22.003174,4.547119,0
0.052947998,-0.045225266,0.25994313,0.9645643,-0.008923061,-0.96561885,0.25980896,0.99893695,0.0031430628,0.045989856,0.7999024,0.54493356,-0.2514032,-0.52013296,0.83847886,0.16252647,0.29936242,7.5779273E-4,0.9541392,9.749176,-0.02394104,0.36390686,9.796173,0.030822754,0.45100403,0.0010681152,0.015960693,0.0021209717,-29.48761,-22.003174,4.547119,0
0.057373047,-0.045020696,0.27647814,0.9599651,-0.009685075,-0.96101516,0.27632633,0.99893916,0.0031430698,0.04594328,0.76892096,0.58296824,-0.2625046,-0.5520397,0.8124945,0.18736291,0.32251015,8.4568193E-4,0.9465656,9.749176,0.03829956,0.34954834,9.796173,0.030822754,0.45054626,0.007446289,0.013824463,-0.007461548,-29.666138,-23.617554,5.4107666,0
0.061798096,-0.04503544,0.27649537,0.95995945,-0.009690179,-0.96101004,0.27634338,0.9989383,0.0031430672,0.045958802,0.7371487,0.6187576,-0.27157107,-0.58100593,0.78558147,0.21282361,0.34502742,9.017511E-4,0.93859214,9.76355,0.0335083,0.49319458,9.796173,0.030822754,0.45069885,0.0021209717,0.0095825195,-0.0010681152,-29.666138,-23.617554,5.4107666,0
0.066192627,-0.045011245,0.2764671,0.95996875,-0.0096672475,-0.96101826,0.27631608,0.99893975,0.0031570755,0.0459293,0.7046206,0.6526216,-0.27855858,-0.60738343,0.75768334,0.23874953,0.3668723,9.640284E-4,0.93027085,9.701294,0.06703186,0.3543396,9.796173,0.030960083,0.45040894,0.004257202,0.017028809,0.0,-29.666138,-23.617554,5.4107666,0
0.071166992,-0.04543707,0.22581154,0.9731108,-0.007309301,-0.9741659,0.2257151,0.99894047,0.003143074,0.045913775,0.67151886,0.6845939,-0.28353766,-0.631232,0.7289239,0.26498315,0.38808322,0.0010368549,0.92162377,9.753967,-0.02394104,0.42137146,9.796173,0.030822754,0.45025635,0.0063934326,0.018081665,-0.0021362305,-31.100464,-23.617554,4.0283203,0
0.076141357,-0.04541514,0.22578393,0.97311825,-0.0073347855,-0.97417253,0.22568622,0.99894136,0.003111957,0.045898255,0.6373486,0.71542937,-0.28626508,-0.6532672,0.6986843,0.29168877,0.40869159,0.001100154,0.9126719,9.859314,-0.05744934,0.40222168,9.796173,0.030517578,0.45010376,0.004257202,0.011703491,-0.0010681152,-31.100464,-23.617554,4.0283203,0
0.08114624,-0.045555003,0.22596,0.9730708,-0.0074077006,-0.97413164,0.22585955,0.9989343,0.003080816,0.04605042,0.60292923,0.7443924,-0.28697783,-0.672844,0.66774154,0.31843713,0.42866918,0.0010962463,0.90346086,9.787491,0.04788208,0.48840332,9.796173,0.030212402,0.45159912,-0.012771606,0.015960693,-0.0063934326,-31.100464,-23.617554,4.0283203,0
0.086120605,-0.045569986,0.22597887,0.97306573,-0.0074120965,-0.97412735,0.2258783,0.9989337,0.003080814,0.04606595,0.60292923,0.7443924,-0.28697783,-0.672844,0.66774154,0.31843713,0.42866918,0.0010962463,0.90346086,9.787491,0.04788208,0.48840332,9.796173,0.030212402,0.4517517,-0.012771606,0.015960693,-0.0063934326,-31.100464,-23.617554,4.0283203,0
0.091094971,-0.045337703,0.25475848,0.96594125,-0.00879232,-0.9669999,0.25462502,0.9989331,0.0030512488,0.04608148,0.5340755,0.7966388,-0.28307238,-0.70485586,0.60445434,0.37123182,0.46684203,0.0012593849,0.88433987,9.806641,0.12449646,0.30166626,9.796173,0.029922485,0.4519043,0.015975952,0.003189087,-0.007461548,-29.48761,-23.796082,4.891968,0
0.096069336,-0.045289643,0.25470245,0.96595836,-0.008730271,-0.9670145,0.2545716,0.9989357,0.0030963798,0.046019364,0.5340755,0.7966388,-0.28307238,-0.70485586,0.60445434,0.37123182,0.46684203,0.0012593849,0.88433987,9.806641,0.12449646,0.30166626,9.796173,0.03036499,0.45129395,0.015975952,0.003189087,-0.007461548,-29.48761,-23.796082,4.891968,0
0.101043701,-0.044806745,0.304404,0.95148855,-0.011071766,-0.95253795,0.30421832,0.9989343,0.0030963756,0.04605042,0.46687922,0.8411457,-0.27294287,-0.72753006,0.54080665,0.42217085,0.5027165,0.0014713695,0.8644501,9.859314,0.01914978,0.5219269,9.796173,0.03036499,0.45159912,0.017044067,0.018081665,0.0,-30.921936,-22.003174,5.583191,0
0.106018066,-0.044787508,0.3043792,0.95149744,-0.011080673,-0.95254594,0.30419302,0.99893504,0.003080818,0.04603489,0.43471107,0.86036676,-0.26607385,-0.7353809,0.5096731,0.44659624,0.5198473,0.001525297,0.8542578,9.854523,0.0143585205,0.42137146,9.796173,0.030212402,0.45144653,0.010650635,0.0053253174,0.0095825195,-30.921936,-22.003174,5.583191,0
0.110992432,-0.04482703,0.30443013,0.9514793,-0.011110585,-0.95252985,0.3042428,0.998933,0.0030668082,0.046081476,0.4030268,0.8781292,-0.25779548,-0.74149233,0.47842103,0.4704279,0.53643125,0.0015583152,0.8439426,9.821014,0.0,0.5602417,9.796173,0.030075073,0.4519043,-0.0021362305,0.006378174,-0.004272461,-30.921936,-22.003174,5.583191,0
0.115539551,-0.04530754,0.2584794,0.96495366,-0.008951784,-0.9660119,0.25834253,0.998933,0.0030668082,0.046081476,0.3719695,0.8944193,-0.24829978,-0.7459096,0.4472264,0.49356616,0.5525013,0.001617619,0.8335105,9.706085,0.0143585205,0.45489502,9.796173,0.030075073,0.4519043,0.0063934326,0.0021209717,-0.0010681152,-32.17621,-23.258972,4.7195435,0
0.119842529,-0.04533242,0.25851187,0.9649438,-0.008976095,-0.9660032,0.25837398,0.9989316,0.0030512917,0.046111695,0.34088227,0.90970904,-0.237126,-0.7490695,0.41524294,0.5162055,0.5680617,0.001658553,0.8229843,9.753967,-0.0143585205,0.5171356,9.7960205,0.029922485,0.4521942,0.003189087,0.0,0.0,-32.17621,-23.258972,4.7195435,0
0.124145508,-0.04528478,0.25844976,0.9649627,-0.008976405,-0.9660199,0.25831166,0.99893373,0.003035691,0.04606595,0.31054848,0.9235851,-0.22483362,-0.75072074,0.3833896,0.53798777,0.5830763,0.0017159726,0.81241554,9.725235,-0.01914978,0.3256073,9.796173,0.029769897,0.4517517,0.0063934326,0.011703491,-0.0032043457,-32.17621,-23.258972,4.7195435,0
0.128448486,-0.045269962,0.25843045,0.96496856,-0.008971484,-0.9660251,0.25829253,0.99893457,0.0030356934,0.04605043,0.28101727,0.9360917,-0.21156946,-0.7509207,0.35175145,0.55891776,0.59761816,0.0018063423,0.80177885,9.739609,0.0622406,0.40701294,9.796173,0.029769897,0.45159912,0.017044067,0.006378174,-0.0021362305,-32.17621,-23.258972,4.7195435,0
0.132751465,-0.045255143,0.25841114,0.96497446,-0.008966561,-0.9660303,0.25827336,0.9989352,0.0030356955,0.0460349,0.25231835,0.9473162,-0.19730034,-0.74978775,0.3202945,0.57899034,0.6116811,0.0018434948,0.79110223,9.840164,0.0,0.42616272,9.796173,0.029769897,0.45144653,-0.0010681152,0.006378174,-0.0063934326,-32.17621,-23.258972,4.7195435,0
0.137054443,-0.045295637,0.25846392,0.9649585,-0.008996101,-0.9660163,0.25832498,0.99893314,0.0030201296,0.046081483,0.22450376,0.9572858,-0.18221389,-0.7473802,0.28913713,0.59818274,0.6253166,0.001888781,0.78036886,9.777908,0.0,0.5746002,9.796173,0.02961731,0.4519043,0.003189087,-0.005340576,-0.004272461,-32.17621,-23.258972,4.7195435,0
0.141357422,-0.045611046,0.22301258,0.97374797,-0.0073238723,-0.9748109,0.22291297,0.9989325,0.0030356874,0.046095457,0.19760995,0.9660488,-0.16643336,-0.7437963,0.2583522,0.6164587,0.6385276,0.0019741505,0.76959646,9.907196,0.05265808,0.5027771,9.796173,0.029769897,0.45204163,0.018112183,-0.014923096,-0.0010681152,-28.770447,-22.720337,3.855896,0
0.1456604,-0.045587584,0.22298416,0.97375554,-0.007363361,-0.97481745,0.2228826,0.99893314,0.0029905662,0.046081483,0.171101,0.9738472,-0.1494861,-0.7392717,0.22719476,0.6339243,0.6513078,0.002045767,0.7588109,9.821014,-0.05744934,0.39743042,9.796173,0.029327393,0.4519043,0.012786865,-0.019180298,-0.0032043457,-28.770447,-22.720337,3.855896,0
0.149963379,-0.04560648,0.22300705,0.97374946,-0.0074165855,-0.9748123,0.22290312,0.9989319,0.0029439295,0.046111707,0.14557226,0.9805254,-0.13182853,-0.7337736,0.19638185,0.6503926,0.66361517,0.0020531714,0.7480714,9.859314,-0.10055542,0.55545044,9.7960205,0.028869629,0.4521942,-0.006378174,-0.0063934326,-0.0032043457,-28.770447,-22.720337,3.855896,0
0.154266357,-0.04556548,0.22365423,0.9736029,-0.0074689267,-0.9746642,0.22354849,0.99893343,0.0029143249,0.0460815,0.120981984,0.9861249,-0.11367093,-0.7273725,0.1659916,0.6658648,0.67549425,0.0021234602,0.73736215,9.792282,-0.04788208,0.36390686,9.796173,0.028579712,0.4519043,0.004257202,-0.0032043457,-0.0138549805,-30.563354,-24.513245,4.2007446,0
0.158569336,-0.0455286,0.2236103,0.97361475,-0.0074902177,-0.97467434,0.2235034,0.9989349,0.0028832096,0.046050444,0.09740133,0.9906981,-0.09502774,-0.72009534,0.13606116,0.68040437,0.68700486,0.002156745,0.72664964,9.8736725,-0.06703186,0.37348938,9.796173,0.028274536,0.45159912,-0.0032043457,-0.014923096,-0.009597778,-30.563354,-24.513245,4.2007446,0
0.162872314,-0.04549172,0.22356632,0.9736265,-0.0075115124,-0.9746846,0.22345832,0.99893653,0.0028520948,0.046019398,0.07487711,0.9942903,-0.0760275,-0.71207,0.10668659,0.6939555,0.6981043,0.0021755253,0.7159927,9.878464,-0.05265808,0.39743042,9.796173,0.02796936,0.45129395,0.007446289,-0.009597778,0.0063934326,-30.563354,-24.513245,4.2007446,0
0.167175293,-0.045139253,0.26665124,0.9627355,-0.009547083,-0.9637889,0.26649538,0.99893504,0.002838087,0.04605045,0.053341057,0.9969712,-0.05659643,-0.7033609,0.07774275,0.7065689,0.70882875,0.0021185817,0.7053774,9.7444,0.004776001,0.52671814,9.796173,0.027832031,0.45159912,-0.015960693,-0.01171875,0.007446289,-31.99768,-23.078918,4.891968,0
0.171478271,-0.045168795,0.26668963,0.9627234,-0.009557171,-0.96377826,0.26653343,0.9989337,0.002838083,0.046081506,0.033356488,0.99873555,-0.037611343,-0.6940112,0.05022613,0.7182101,0.719191,0.002145732,0.6948091,9.749176,0.0335083,0.49319458,9.796173,0.027832031,0.4519043,0.0021209717,-0.014923096,-0.0021362305,-31.99768,-23.078918,4.891968,0
0.17578125,-0.04517657,0.26669973,0.9627202,-0.009529184,-0.9637754,0.26654488,0.9989336,0.0028676463,0.046081502,0.014278649,0.9997282,-0.018428136,-0.68420875,0.023208462,0.7289169,0.7291464,0.0022007434,0.6843542,9.792282,0.10055542,0.46925354,9.796173,0.028121948,0.4519043,0.004257202,0.0010528564,-0.009597778,-31.99768,-23.078918,4.891968,0
0.180084228,-0.045763753,0.20346656,0.97801185,-0.0065686647,-0.9790777,0.20338094,0.9989307,0.0028832424,0.046142768,-0.0038437238,0.9999922,9.553771E-4,-0.6739428,-0.0032962859,0.7387762,0.7387735,0.002195782,0.6739502,9.768341,0.05744934,0.6033325,9.7960205,0.028274536,0.4524994,-0.007446289,-0.005340576,-0.0010681152,-31.100464,-24.693298,3.6819458,0
0.184387207,-0.045609005,0.20327857,0.9780581,-0.0065592425,-0.9791168,0.20319274,0.99893785,0.0028520986,0.045989897,-0.021907981,0.9995325,0.02132499,-0.6632351,-0.030491004,0.7477897,0.7480904,0.00223908,0.6635931,9.8736725,0.02394104,0.43572998,9.796173,0.02796936,0.45100403,0.013839722,-0.014923096,0.003189087,-31.100464,-24.693298,3.6819458,0
0.188690185,-0.04550809,0.20315596,0.9780884,-0.006516519,-0.9791423,0.20307168,0.99894273,0.0028676724,0.045882758,-0.039031744,0.99836445,0.041772325,-0.652103,-0.057124987,0.75597507,0.7571249,0.0022671698,0.6532662,9.854523,0.0143585205,0.46925354,9.796173,0.028121948,0.44995117,0.01171875,-0.030899048,0.0053253174,-31.100464,-24.693298,3.6819458,0
0.192993164,-0.04474346,0.29213047,0.95533127,-0.010688117,-0.9563742,0.29194883,0.99894136,0.0028521086,0.045913815,-0.055284213,0.9965239,0.062319886,-0.6406605,-0.08327634,0.76329494,0.7658315,0.002272274,0.6430374,9.792282,0.009567261,0.54107666,9.796173,0.02796936,0.45025635,-0.007446289,-0.026641846,-0.004272461,-29.307556,-22.183228,5.4107666,0
0.197296143,-0.044781912,0.29217732,0.9553152,-0.010716852,-0.95636,0.2919945,0.9989393,0.0028380991,0.045958843,-0.06943407,0.99426496,0.08133916,-0.6291585,-0.106920265,0.76988804,0.7741695,0.0022812379,0.63297415,9.730026,-0.02394104,0.56980896,9.796173,0.027832031,0.45069885,0.01171875,-0.004272461,0.010650635,-29.307556,-22.183228,5.4107666,0
0.201599121,-0.044691,0.29206648,0.95535326,-0.010699749,-0.9563939,0.2918841,0.9989436,0.0028225514,0.04586724,-0.08281492,0.9915,0.10034602,-0.6174277,-0.13008606,0.7757968,0.7822562,0.002291124,0.62295276,9.911987,0.01914978,0.49798584,9.796173,0.027679443,0.44979858,0.0021209717,-0.021316528,0.0021209717,-29.307556,-22.183228,5.4107666,0
0.2059021,-0.044884115,0.25909087,0.9648095,-0.009120988,-0.96584886,0.25894567,0.9989506,0.0028225316,0.045714434,-0.09542662,0.9882625,0.11929436,-0.6055498,-0.1527486,0.7810105,0.79006535,0.0022905113,0.6130184,9.821014,0.04788208,0.56980896,9.79631,0.027679443,0.44830322,-0.004257202,-0.024505615,0.0,-30.741882,-22.90039,4.7195435,0
0.210205078,-0.044646766,0.25879112,0.964901,-0.009121496,-0.9659294,0.25864488,0.99896115,0.0027463182,0.045486186,-0.1076753,0.98446983,0.13865522,-0.59343165,-0.17553905,0.7855094,0.7976497,0.0022975744,0.6031167,9.777908,-0.04788208,0.33039856,9.79631,0.026931763,0.44606018,0.0,-0.04475403,0.0010681152,-30.741882,-22.90039,4.7195435,0
0.214508057,-0.044679303,0.2588322,0.96488845,-0.009180504,-0.96591854,0.2586834,0.9989592,0.0026996331,0.045532778,-0.11912501,0.9802555,0.1578242,-0.5812543,-0.19772199,0.78933483,0.8049551,0.0022935204,0.59333134,9.720444,-0.0909729,0.5793915,9.79631,0.026473999,0.44651794,0.01171875,-0.041549683,0.012771606,-30.741882,-22.90039,4.7195435,0
0.218811035,-0.044843934,0.2216893,0.9740856,-0.007381672,-0.97511345,0.2215834,0.99896675,0.0027462908,0.045364365,-0.12992609,0.9756281,0.17683086,-0.5690894,-0.2194186,0.79245996,0.8119461,0.0023286552,0.5837278,9.811432,0.11491394,0.45968628,9.796463,0.026931763,0.44487,0.0063934326,-0.020248413,-0.0032043457,-31.459045,-22.54181,3.6819458,0
0.223114014,-0.044658538,0.22144118,0.97415066,-0.0072974004,-0.9751698,0.2213383,0.99897563,0.0027758789,0.045165602,-0.14044629,0.97042865,0.19632384,-0.5567397,-0.24137683,0.79484475,0.8187281,0.002331711,0.5741766,9.76355,0.0909729,0.30645752,9.796463,0.02722168,0.44291687,-0.0095825195,-0.03729248,-0.0053253174,-31.459045,-22.54181,3.6819458,0
0.227416992,-0.044401005,0.22109647,0.97424066,-0.0072529046,-0.9752481,0.22099455,0.9989875,0.002746305,0.044905588,-0.15025833,0.9648537,0.21559197,-0.54439884,-0.26277754,0.796604,0.82525903,0.0023283954,0.5647497,9.888046,0.004776001,0.28729248,9.796616,0.026931763,0.44036865,-0.0095825195,-0.03303528,-0.0032043457,-31.459045,-22.54181,3.6819458,0
0.231719971,-0.043329854,0.31504652,0.9480866,-0.0114763165,-0.94907224,0.31484953,0.99899495,0.0027618425,0.044738732,-0.15934512,0.95894843,0.23457856,-0.53205323,-0.28357112,0.79781383,0.831582,0.0023194635,0.5553972,9.864105,-0.0143585205,0.33517456,9.796768,0.02708435,0.43873596,0.0021209717,-0.043685913,0.0063934326,-30.3833,-22.54181,6.1019897,0
0.236022949,-0.043258693,0.31495932,0.9481188,-0.011448353,-0.94910115,0.3147633,0.99899834,0.0027618518,0.044662643,-0.16684368,0.9532861,0.25181094,-0.5201109,-0.3020599,0.79890203,0.8376442,0.0023221527,0.54621124,9.720444,0.03829956,0.25856018,9.796768,0.02708435,0.43798828,-0.017028809,-0.029830933,-0.009597778,-30.3833,-22.54181,6.1019897,0
0.240325928,-0.043119792,0.31478912,0.9481817,-0.011426562,-0.9491577,0.31459352,0.9990046,0.0027307493,0.04452444,-0.17379445,0.947403,0.26874325,-0.5083025,-0.3200343,0.7995039,0.84345955,0.0023464668,0.5371876,9.849731,0.028717041,0.44052124,9.796768,0.026779175,0.43663025,-0.006378174,-0.017044067,-0.008529663,-30.3833,-22.54181,6.1019897,0
0.244628906,-0.043235466,0.29092947,0.95576704,-0.01023247,-0.9567404,0.29076287,0.99901253,0.0027914115,0.044342052,-0.18013793,0.94132614,0.28540394,-0.49656492,-0.3374902,0.79970217,0.8491016,0.0023351118,0.52822435,9.878464,0.0,0.42616272,9.796921,0.027374268,0.43484497,0.0,-0.03303528,0.0053253174,-29.846191,-21.644592,5.2383423,0
0.248931885,-0.043011524,0.2906441,0.95586395,-0.010181432,-0.9568273,0.2904789,0.9990228,0.0027618762,0.044113778,-0.18628225,0.9348778,0.3021627,-0.48480728,-0.35496134,0.7993524,0.854553,0.0024144803,0.51935863,9.840164,-0.05744934,0.36869812,9.796921,0.02708435,0.43260193,0.0095825195,-0.03942871,-0.0138549805,-29.846191,-21.644592,5.2383423,0
0.253234863,-0.042799708,0.29037416,0.9559555,-0.010136623,-0.9569093,0.29021007,0.9990323,0.0027307444,0.043898854,-0.19186227,0.9282483,0.31865963,-0.4731736,-0.37195316,0.7985972,0.859823,0.0024393704,0.5105863,9.76355,-0.07661438,0.37348938,9.797058,0.026779175,0.43049622,0.0063934326,-0.045806885,-0.0010681152,-29.846191,-21.644592,5.2383423,0
0.257537842,-0.043237157,0.22975089,0.9722886,-0.007387755,-0.97324556,0.2296485,0.9990375,0.0027463185,0.043777715,-0.19698615,0.92144746,0.3348596,-0.46169665,-0.388495,0.79743826,0.8648888,0.0024807216,0.50195736,9.840164,0.02394104,0.4165802,9.797058,0.026931763,0.42930603,0.007446289,-0.03942871,-0.0053253174,-31.100464,-22.90039,4.0283203,0
0.26184082,-0.043079212,0.22954613,0.972344,-0.00738896,-0.9732941,0.22944307,0.99904436,0.0026996152,0.043624848,-0.20223497,0.9139568,0.35182944,-0.45016897,-0.40580392,0.7954063,0.8697408,0.0024762633,0.49350274,9.768341,-0.07182312,0.33996582,9.797211,0.026473999,0.42781067,-0.013839722,-0.02557373,-0.0053253174,-31.100464,-22.90039,4.0283203,0
0.266143799,-0.042924613,0.22934572,0.9723981,-0.0073113237,-0.97334117,0.22924541,0.9990515,0.0027307542,0.043457117,-0.20697364,0.9063198,0.36843765,-0.43879837,-0.42258528,0.793018,0.8744243,0.0024640062,0.4851557,9.878464,0.0622406,0.30166626,9.797211,0.026779175,0.42616272,-0.004257202,-0.028762817,0.0021209717,-31.100464,-22.90039,4.0283203,0
0.270446777,-0.04289599,0.23018965,0.9721999,-0.0073752175,-0.9731421,0.23008731,0.99905235,0.0026996369,0.04344159,-0.21129224,0.8985462,0.38466904,-0.42759636,-0.43887177,0.7902866,0.87892944,0.0024983245,0.4769453,9.811432,-0.04788208,0.36390686,9.797211,0.026473999,0.42601013,0.0063934326,-0.024505615,-0.004272461,-29.666138,-22.54181,4.0283203,0
0.274749756,-0.042789184,0.2300556,0.9722363,-0.007295915,-0.97317356,0.22995628,0.9990575,0.0027462877,0.04331977,-0.2151684,0.89065254,0.40055045,-0.4166277,-0.45467776,0.7872036,0.88324624,0.0025009178,0.46890283,9.753967,-0.028717041,0.43095398,9.797363,0.026931763,0.42481995,0.003189087,-0.012786865,0.0021209717,-29.666138,-22.54181,4.0283203,0
0.279052734,-0.04278564,0.23005116,0.9722376,-0.0073108487,-0.9731748,0.2299512,0.9990576,0.0027307284,0.043319777,-0.21867962,0.8826335,0.41609767,-0.40576392,-0.4700547,0.78383934,0.88743156,0.002572282,0.46093222,9.749176,-0.02394104,0.41178894,9.797363,0.026779175,0.42481995,0.0053253174,-0.02557373,-0.014923096,-29.666138,-22.54181,4.0283203,0
0.283355713,-0.042659286,0.23735522,0.9704858,-0.0075988695,-0.9714191,0.23724945,0.9990608,0.0027462968,0.043243673,-0.22177361,0.87453353,0.43128595,-0.395134,-0.48495805,0.78018254,0.89145136,0.0026081575,0.45310885,9.739609,-0.06703186,0.49798584,9.797363,0.026931763,0.42407227,0.008514404,-0.019180298,-0.004272461,-30.02472,-24.693298,4.7195435,0
0.287658691,-0.042610776,0.23729925,0.9705016,-0.0076004453,-0.97143275,0.23719323,0.99906284,0.0027307428,0.043197084,-0.22446595,0.86642325,0.44601095,-0.3847118,-0.4993031,0.77633315,0.89532775,0.002674677,0.44539982,9.7348175,0.0,0.27772522,9.797363,0.026779175,0.4236145,0.010650635,-0.021316528,-0.01171875,-30.02472,-24.693298,4.7195435,0
0.29196167,-0.042496644,0.23716758,0.9705388,-0.007614534,-0.97146505,0.23706052,0.9990676,0.002684076,0.043089926,-0.22680978,0.85823125,0.46043083,-0.37456128,-0.5132563,0.77218646,0.8990335,0.0026798726,0.43787172,9.768341,-0.07661438,0.15322876,9.797363,0.026321411,0.42256165,-0.0021362305,-0.005340576,-0.0021362305,-30.02472,-24.693298,4.7195435,0
0.296264648,-0.042003796,0.28762034,0.956823,-0.00984515,-0.9577408,0.28746402,0.9990689,0.002654516,0.04306042,-0.22875582,0.8499888,0.47454163,-0.3646052,-0.52679414,0.7678222,0.9026261,0.0026234593,0.43041757,9.792282,-0.07182312,0.34954834,9.797363,0.026031494,0.42227173,-0.006378174,-0.017044067,0.01171875,-31.100464,-22.54181,5.4107666,0
0.300567627,-0.04197379,0.28758204,0.95683575,-0.009834377,-0.9577522,0.2874261,0.9990703,0.0026544782,0.043028686,-0.2301017,0.8422535,0.48750624,-0.35511705,-0.5390754,0.76373404,0.9060602,0.0026147256,0.42314073,9.821014,0.01914978,0.33517456,9.797516,0.026031494,0.42196655,-0.007446289,-0.0021362305,-0.0010681152,-31.100464,-22.54181,5.4107666,0
0.304870605,-0.04197965,0.28758952,0.9568333,-0.0098689515,-0.9577502,0.2874321,0.99906975,0.0026233573,0.04304422,-0.23121527,0.8345159,0.5001227,-0.34584406,-0.5509776,0.75948375,0.90935767,0.0026397777,0.4160068,9.840164,-0.0335083,0.46925354,9.797516,0.025726318,0.42211914,0.0021209717,0.004257202,-0.0053253174,-31.100464,-22.54181,5.4107666,0
0.309173584,-0.042861536,0.17161849,0.9842306,-0.0047746412,-0.9851598,0.1715726,0.99906963,0.0026545178,0.043044887,-0.23203959,0.8268087,0.5123914,-0.3367606,-0.5624768,0.75512385,0.9125513,0.002665387,0.40895352,9.710876,0.0909729,0.42137146,9.797363,0.026031494,0.42211914,0.017044067,-0.005340576,0.0010681152,-30.563354,-23.796082,2.8182983,0
0.313476562,-0.04282781,0.17157625,0.9842396,-0.004782706,-0.9851673,0.17152987,0.99907094,0.0026389202,0.043013155,-0.23345782,0.81767887,0.5262117,-0.32738158,-0.5756685,0.7492844,0.9155975,0.0026542796,0.40208733,9.801849,0.0143585205,0.33517456,9.797516,0.025878906,0.42181396,-0.006378174,0.012756348,0.0,-30.563354,-23.796082,2.8182983,0
0.317779541,-0.042861536,0.17161849,0.9842306,-0.0047746412,-0.9851598,0.1715726,0.99906963,0.0026545178,0.043044887,-0.23460113,0.8085688,0.53960985,-0.31821936,-0.58839554,0.74332166,0.91853076,0.002669802,0.39534053,9.849731,0.06703186,0.51234436,9.797363,0.026031494,0.42211914,0.01171875,0.013824463,0.0010681152,-30.563354,-23.796082,2.8182983,0
0.322082519,-0.042638496,0.22135435,0.9742609,-0.006958834,-0.97518986,0.22126086,0.9990663,0.002654509,0.043120988,-0.23548345,0.7994381,0.5526719,-0.30927163,-0.6007425,0.73719704,0.9213569,0.0026719528,0.38870844,9.787491,0.004776001,0.6033325,9.797363,0.026031494,0.42286682,0.0063934326,0.013824463,0.0021209717,-29.846191,-22.720337,3.855896,0
0.326385498,-0.042601656,0.22130801,0.974273,-0.006980245,-0.9752004,0.22121345,0.9990677,0.002623393,0.04308993,-0.23581883,0.7909182,0.56465745,-0.3007237,-0.61191607,0.7315218,0.92409676,0.0027007286,0.38214913,9.806641,-0.05265808,0.34954834,9.797363,0.025726318,0.42256165,0.0053253174,0.003189087,-0.0053253174,-29.846191,-22.720337,3.855896,0
0.330688477,-0.042595174,0.22129987,0.9742752,-0.007008694,-0.97520244,0.22120407,0.9990679,0.0025938298,0.043089937,-0.23591633,0.7824521,0.57629174,-0.2923708,-0.6227048,0.725781,0.9267485,0.0027327049,0.37567237,9.682144,-0.0622406,0.43095398,9.797363,0.025436401,0.42256165,0.018112183,-0.004272461,-0.0010681152,-29.846191,-22.720337,3.855896,0
0.334991455,-0.042559836,0.22125539,0.9742867,-0.0070305346,-0.97521245,0.2211585,0.99906915,0.002562713,0.043060426,-0.23584549,0.7739687,0.5876642,-0.28422692,-0.63321775,0.71989596,0.9292965,0.0027542245,0.36932433,9.682144,-0.0335083,0.33039856,9.797363,0.025131226,0.42227173,0.0021209717,0.0,-0.0053253174,-29.846191,-22.720337,3.855896,0
0.339294434,-0.042595174,0.22129987,0.9742752,-0.007008694,-0.97520244,0.22120407,0.9990679,0.0025938298,0.043089937,-0.23559365,0.7654999,0.59875333,-0.2762602,-0.64343,0.71391743,0.93175954,0.0027826885,0.36306518,9.82579,0.10055542,0.48362732,9.797363,0.025436401,0.42256165,-0.0032043457,-0.005340576,-0.009597778,-29.846191,-22.720337,3.855896,0
0.343597412,-0.042566653,0.22126399,0.97428447,-0.00700059,-0.97521055,0.22116844,0.99906915,0.002593833,0.043060426,-0.23515223,0.75710785,0.6095007,-0.26851976,-0.65328383,0.7078964,0.9341309,0.0028004518,0.3569196,9.806641,0.028717041,0.36390686,9.797363,0.025436401,0.42227173,0.008514404,-0.004272461,-0.0021362305,-29.846191,-22.720337,3.855896,0
0.349121094,-0.042787302,0.18145159,0.9824686,-0.005245543,-0.98339635,0.18139449,0.9990704,0.0026077994,0.04302869,-0.2345163,0.74873036,0.62000406,-0.26101238,-0.66286904,0.7017672,0.93641585,0.0027471103,0.3508815,9.701294,0.03829956,0.32081604,9.797516,0.02557373,0.42196655,-0.007446289,-0.004272461,0.0095825195,-31.6391,-22.720337,2.8182983,0
0.354644775,-0.04281577,0.1814902,0.98246026,-0.0052667074,-0.98338944,0.18143232,0.99906915,0.002593833,0.043060426,-0.23390442,0.7399232,0.6307158,-0.25345287,-0.6726858,0.6951658,0.93864286,0.0027456372,0.34487984,9.662994,-0.004776001,0.5027771,9.797363,0.025436401,0.42227173,0.014907837,-0.017044067,0.0053253174,-31.6391,-22.720337,2.8182983,0
0.360198975,-0.042707685,0.18134363,0.98249197,-0.0052560745,-0.9834164,0.18128577,0.9990738,0.002578245,0.042952597,-0.23317082,0.7311313,0.64115393,-0.24612802,-0.68223137,0.68846303,0.94077224,0.0027235548,0.33902836,9.844955,0.028717041,0.46446228,9.797516,0.025283813,0.42121887,0.004257202,-0.008529663,0.0053253174,-31.6391,-22.720337,2.8182983,0
0.365722656,-0.042222895,0.25290072,0.9665705,-0.008374617,-0.9674889,0.2527752,0.99907315,0.0025782431,0.042968128,-0.23224767,0.7224136,0.6512907,-0.23893145,-0.69145584,0.6817629,0.94285357,0.0027239786,0.33319634,9.801849,0.0143585205,0.45489502,9.797516,0.025283813,0.42137146,0.010650635,-0.024505615,0.003189087,-29.846191,-22.361755,4.547119,0
0.371154785,-0.042124223,0.2527765,0.9666073,-0.008327043,-0.96752125,0.25265262,0.9990777,0.0025938146,0.04286096,-0.2308962,0.71475315,0.66016275,-0.23231506,-0.6993716,0.6759505,0.9448368,0.0027086542,0.32753015,9.749176,0.11012268,0.45489502,9.797516,0.025436401,0.4203186,0.0021209717,-0.012786865,0.003189087,-29.846191,-22.361755,4.547119,0
0.375671387,-0.042034116,0.25266308,0.9666409,-0.008314365,-0.96755093,0.25253937,0.99908155,0.002578265,0.042770877,-0.22940087,0.7072088,0.66875327,-0.22582877,-0.7069995,0.67018884,0.9467717,0.0027181825,0.3218944,9.888046,-0.009567261,0.46446228,9.797516,0.025283813,0.4194336,0.015975952,-0.026641846,0.003189087,-29.846191,-22.361755,4.547119,0
0.380004883,-0.042042945,0.23180225,0.971854,-0.007354552,-0.9727594,0.23170006,0.9990887,0.002593803,0.042602476,-0.22785822,0.69967777,0.6771497,-0.21952455,-0.71445346,0.6643533,0.94862515,0.0027273723,0.3163905,9.710876,0.004776001,0.31123352,9.797668,0.025436401,0.41778564,0.0021209717,-0.024505615,-0.0021362305,-30.204773,-21.644592,3.855896,0
0.384338379,-0.04190374,0.23161694,0.97190416,-0.0074073197,-0.9728039,0.231512,0.99909425,0.0025020146,0.042479787,-0.2263304,0.6918783,0.68562305,-0.21327792,-0.72200894,0.6581912,0.9504142,0.0027404253,0.31097493,9.897629,-0.11491394,0.34954834,9.797668,0.024536133,0.4165802,-0.007446289,-0.027709961,-0.0063934326,-30.204773,-21.644592,3.855896,0
0.388671875,-0.041790638,0.23146637,0.971945,-0.007357644,-0.9728398,0.2313631,0.9990993,0.002517587,0.042358637,-0.22469735,0.6841571,0.6938589,-0.20726635,-0.7293297,0.6520114,0.95213014,0.0026916405,0.3056812,9.739609,0.05744934,0.52671814,9.797668,0.02468872,0.41539,-0.010635376,-0.021316528,0.007446289,-30.204773,-21.644592,3.855896,0
0.393005371,-0.041384943,0.26394868,0.96364844,-0.008670624,-0.96453315,0.26381865,0.9991056,0.002562687,0.04220576,-0.22296779,0.6765531,0.7018271,-0.20135961,-0.7363889,0.64589906,0.95380276,0.002695058,0.30042148,9.730026,0.0909729,0.27772522,9.797821,0.025131226,0.41389465,0.0053253174,-0.036224365,0.0,-30.3833,-23.258972,5.065918,0
0.397338867,-0.0413957,0.26396185,0.9636443,-0.008690287,-0.96452963,0.26383105,0.999105,0.0025471258,0.042221293,-0.22109784,0.66946936,0.7091731,-0.19579172,-0.74283475,0.6402048,0.95539594,0.0026976797,0.29531574,9.811432,0.009567261,0.42137146,9.797821,0.024978638,0.41404724,-0.012771606,-0.021316528,-0.0053253174,-30.3833,-23.258972,5.065918,0
0.401672363,-0.04127764,0.26381737,0.963689,-0.00871427,-0.9645694,0.26368514,0.9991097,0.0024864543,0.042114127,-0.21921356,0.6625631,0.71620923,-0.19045785,-0.74900126,0.6346045,0.95690715,0.0027062504,0.29038158,9.706085,-0.004776001,0.34954834,9.797821,0.024383545,0.41299438,0.015975952,-0.0021362305,0.0021209717,-30.3833,-23.258972,5.065918,0
0.406005859,-0.04135289,0.2540135,0.9663162,-0.008275873,-0.96719736,0.253891,0.9991103,0.0025020158,0.042098593,-0.21721232,0.6556621,0.7231362,-0.18525703,-0.7550497,0.6289513,0.9583833,0.002649896,0.28547212,9.892838,0.05265808,0.37828064,9.797821,0.024536133,0.4128418,-0.010635376,-0.018112183,0.0095825195,-30.3833,-22.90039,4.7195435,0
0.410339355,-0.041367754,0.2540321,0.96631074,-0.008280618,-0.9671926,0.25390944,0.9991097,0.0025020142,0.042114127,-0.21531111,0.64874196,0.72991437,-0.1801615,-0.76100373,0.6232297,0.9597827,0.0026858,0.28073087,9.897629,0.0335083,0.45489502,9.797821,0.024536133,0.41299438,0.010650635,0.0010528564,-0.0063934326,-30.3833,-22.90039,4.7195435,0
0.414672852,-0.04130979,0.25395963,0.96633226,-0.008262121,-0.9672116,0.25383753,0.99911225,0.0025020207,0.04205355,-0.21331774,0.6418716,0.73654354,-0.17526929,-0.7668077,0.61748415,0.96113276,0.0026268577,0.27607405,9.715668,-0.009567261,0.28729248,9.797821,0.024536133,0.4123993,-0.006378174,0.0,0.01171875,-30.3833,-22.90039,4.7195435,0
0.419006348,-0.041042816,0.27358177,0.96097267,-0.009138072,-0.9618457,0.27344003,0.99911565,0.0024413115,0.041976865,-0.21130086,0.635081,0.7429833,-0.17041056,-0.77244097,0.6117967,0.96245116,0.0026609641,0.27144197,9.76355,0.07182312,0.33517456,9.797958,0.02394104,0.4116516,-0.0021362305,-0.014923096,-0.009597778,-30.741882,-23.617554,5.4107666,0
0.423339844,-0.04098374,0.27351016,0.9609957,-0.00911801,-0.96186614,0.27336904,0.99911827,0.0024413178,0.041914735,-0.20912291,0.62875915,0.74895227,-0.16587397,-0.77759576,0.60649043,0.96371853,0.0025993516,0.26690787,9.811432,0.04788208,0.27293396,9.797958,0.02394104,0.41104126,0.010650635,-0.01171875,0.017028809,-30.741882,-23.617554,5.4107666,0
0.42767334,-0.040932495,0.27344796,0.9610154,-0.00913294,-0.96188366,0.273306,0.9991202,0.002410203,0.041869693,-0.2070284,0.6225303,0.7547154,-0.16139571,-0.78259116,0.60125077,0.96493036,0.0026681623,0.26249233,9.768341,-0.07661438,0.27293396,9.797958,0.023635864,0.41059875,0.02130127,-0.0032043457,-0.01171875,-30.741882,-23.617554,5.4107666,0
0.432006836,-0.04109951,0.25058386,0.9672221,-0.00818298,-0.96809196,0.25046152,0.99912155,0.0023790868,0.04183863,-0.20494999,0.61634743,0.7603364,-0.15714936,-0.7874699,0.5959827,0.96607435,0.0026602545,0.25825056,9.792282,-0.05744934,0.31602478,9.797958,0.023330688,0.41029358,0.0053253174,0.01914978,0.0021209717,-30.741882,-23.258972,4.7195435,0
0.436340332,-0.041089974,0.25057197,0.96722555,-0.00816392,-0.96809506,0.2504504,0.99912214,0.002394648,0.04182465,-0.20286131,0.60984737,0.7661159,-0.1528967,-0.79251456,0.59037554,0.96719694,0.0026277623,0.2540142,9.878464,0.08618164,0.37348938,9.797958,0.023483276,0.41015625,-0.004257202,0.0010528564,0.0053253174,-30.741882,-23.258972,4.7195435,0
0.440673828,-0.041096043,0.25057954,0.9672234,-0.008196341,-0.96809316,0.2504566,0.99912155,0.002365083,0.04183863,-0.20078675,0.60346055,0.7716995,-0.148809,-0.7973887,0.58483094,0.9682668,0.002590477,0.24990544,9.811432,-0.05265808,0.48362732,9.797958,0.02319336,0.41029358,0.0021209717,0.012756348,0.008514404,-30.741882,-23.258972,4.7195435,0
0.445007324,-0.041196734,0.23877385,0.9702009,-0.0077443654,-0.9710724,0.2386595,0.99912107,0.0023184025,0.04185417,-0.19869225,0.59719396,0.7770976,-0.14476472,-0.8020925,0.5793882,0.96931136,0.0026236183,0.24582219,9.883255,-0.09576416,0.4740448,9.797958,0.022735596,0.41044617,0.014907837,0.0,-0.0053253174,-31.817627,-23.258972,4.373169,0
0.44934082,-0.041204084,0.2387834,0.9701982,-0.007714578,-0.97106993,0.23867032,0.99912095,0.002349522,0.041854165,-0.19659148,0.5908662,0.78245056,-0.14081043,-0.80676526,0.5738486,0.9703217,0.0026365437,0.24180332,9.768341,0.11491394,0.42137146,9.797958,0.023040771,0.41044617,0.026626587,-0.0032043457,0.0021209717,-31.817627,-23.258972,4.373169,0
0.453674316,-0.04120041,0.23877864,0.97019964,-0.0077294717,-0.9710712,0.2386649,0.99912095,0.0023339621,0.041854165,-0.19445266,0.5845405,0.78771853,-0.13695347,-0.81136024,0.5682766,0.97130424,0.0026220793,0.23782602,9.648621,-0.009567261,0.3878479,9.797958,0.022888184,0.41044617,0.0,-0.01171875,0.0021209717,-31.817627,-23.258972,4.373169,0
0.458007812,-0.04052156,0.30651563,0.9510028,-0.010615102,-0.95186293,0.30634058,0.9991224,0.0023184055,0.04182466,-0.19232784,0.57824963,0.7928666,-0.13322817,-0.8158558,0.5626984,0.972245,0.0025904186,0.23395093,9.797058,-0.028717041,0.34475708,9.797958,0.022735596,0.41015625,-0.017028809,-0.005340576,0.0021209717,-30.02472,-23.976135,6.4483643,0
0.462341309,-0.04041142,0.30638987,0.95104796,-0.010606486,-0.95190334,0.30621478,0.9991268,0.0022872963,0.041717485,-0.18998584,0.57328814,0.79702324,-0.12983985,-0.81934965,0.5583975,0.9731634,0.0026022247,0.2301005,9.830582,-0.04788208,0.34475708,9.797958,0.02243042,0.4091034,0.008514404,-0.017044067,-0.0021362305,-30.02472,-23.976135,6.4483643,0
0.466674805,-0.040407185,0.306385,0.9510496,-0.010619599,-0.95190495,0.30620936,0.9991269,0.0022732925,0.04171749,-0.18763568,0.56842846,0.80105054,-0.12655844,-0.8227286,0.55416656,0.9740512,0.0026017148,0.22631264,9.749176,0.004776001,0.4165802,9.797958,0.02229309,0.4091034,0.014907837,-0.019180298,0.0021209717,-30.02472,-23.976135,6.4483643,0
0.471008301,-0.040695492,0.26383665,0.9637085,-0.00887176,-0.9645649,0.2636965,0.9991322,0.0021814674,0.04159414,-0.18534169,0.56360435,0.8049836,-0.12338614,-0.8260408,0.5499386,0.974897,0.0026027288,0.22264074,9.840164,-0.06703186,0.36390686,9.798111,0.021392822,0.40789795,0.003189087,-0.008529663,-0.0010681152,-29.129028,-22.361755,4.891968,0
0.475341797,-0.040557,0.26366767,0.9637607,-0.008858558,-0.9646113,0.2635276,0.999138,0.0021503603,0.041457452,-0.18308772,0.5581171,0.809311,-0.12015702,-0.82975835,0.54503524,0.97572595,0.002544868,0.21898025,9.835373,-0.004776001,0.33039856,9.798111,0.021087646,0.40655518,-0.0010681152,-0.022384644,0.01171875,-29.129028,-22.361755,4.891968,0
0.479675293,-0.040498227,0.2635959,0.9637827,-0.008902144,-0.9646311,0.26345387,0.99914,0.0020896816,0.041412413,-0.18085203,0.5527149,0.8135102,-0.116998576,-0.83336663,0.5401957,0.97652644,0.0025159435,0.21538289,9.859314,-0.13406372,0.28729248,9.798111,0.020492554,0.40611267,0.0010681152,-0.0234375,0.0053253174,-29.129028,-22.361755,4.891968,0
0.484008789,-0.041110884,0.1806974,0.9826792,-0.005414339,-0.98353654,0.18062854,0.99913996,0.0021052412,0.041412413,-0.17869042,0.5473787,0.81758565,-0.11390783,-0.83688116,0.5354017,0.9772895,0.002541751,0.21189336,9.7827,0.05265808,0.39263916,9.798111,0.020645142,0.40611267,-0.0010681152,-0.0138549805,-0.008529663,-30.921936,-22.361755,2.8182983,0
0.488342285,-0.040989805,0.18053438,0.9827141,-0.005478373,-0.9835665,0.18046248,0.99914455,0.0020134475,0.04130524,-0.17673373,0.540714,0.8224315,-0.110623,-0.8412026,0.5292832,0.97802234,0.0025623704,0.20848428,9.816223,-0.06703186,0.37348938,9.798111,0.019744873,0.4050598,0.003189087,-0.010665894,-0.0063934326,-30.921936,-22.361755,2.8182983,0
0.492675781,-0.041014556,0.18056771,0.982707,-0.005515957,-0.98356056,0.18049432,0.9991433,0.0019823255,0.041336305,-0.17470375,0.5341782,0.82712287,-0.10748173,-0.8453682,0.5232593,0.97873706,0.0025147605,0.20510338,9.7827,-0.05744934,0.48840332,9.798111,0.019439697,0.405365,0.008514404,-0.019180298,0.010650635,-30.921936,-22.361755,2.8182983,0
0.497009277,-0.040821616,0.20772167,0.9773358,-0.0066899233,-0.9781861,0.20762296,0.99914414,0.0019372033,0.041320782,-0.17273971,0.52773225,0.8316608,-0.1044376,-0.8494071,0.5173011,0.979415,0.0025017858,0.20184141,9.696503,-0.1197052,0.36390686,9.798111,0.018997192,0.4052124,0.007446289,-0.0063934326,0.0021209717,-28.770447,-23.796082,3.855896,0
0.501342773,-0.040800136,0.2076967,0.97734207,-0.006716067,-0.9781915,0.20759685,0.9991448,0.0019060848,0.041305248,-0.17073672,0.5218604,0.8357695,-0.10160908,-0.8530273,0.5118789,0.98006356,0.0024747562,0.19866884,9.76355,-0.06703186,0.3543396,9.798111,0.018692017,0.4050598,0.007446289,0.0,0.0053253174,-28.770447,-23.796082,3.855896,0
0.505676269,-0.040752906,0.2076418,0.9773556,-0.0067179995,-0.9782031,0.20754173,0.99914676,0.0018920553,0.041259564,-0.16873701,0.5160718,0.8397605,-0.09884971,-0.85654175,0.50652236,0.98069185,0.0024589903,0.19554386,9.667786,-0.02394104,0.27772522,9.798264,0.018554688,0.4046173,0.0053253174,-0.0032043457,0.0021209717,-28.770447,-23.796082,3.855896,0
