Time,Rot1,Rot2,Rot3,Rot4,Rot5,Rot6,Rot7,Rot8,Rot9,FRot1,FRot2,FRot3,FRot4,FRot5,FRot6,FRot7,FRot8,FRot9,AccX,AccY,AccZ,GravX,GravY,GravZ,GyroX,GyroY,GyroZ,MagX,MagY,MagZ,Imid
0.0,0.0,0.0,0.0,0.0,0.0,0.0,0.0,0.0,0.0,0.0,0.0,0.0,0.0,0.0,0.0,0.0,0.0,0.0,0.35673523,9.236816,2.384613,0.1846466,9.408005,2.7608032,0.0,0.0,0.0,0.0,0.0,0.0,0
0.004425049,0.0,0.0,0.0,0.0,0.0,0.0,0.0,0.0,0.0,1.0,0.0,0.0,0.0,1.0,0.0,0.0,0.0,1.0,0.21307373,9.2799225,2.5378418,0.18135071,9.408463,2.759903,0.0,0.0,0.0,0.0,0.0,0.0,0
0.008850098,0.0,0.0,0.0,0.0,0.0,0.0,0.0,0.0,0.0,0.9999996,9.311761E-5,9.071014E-4,-9.307536E-5,1.0,-4.662271E-5,-9.071057E-4,4.653826E-5,0.9999996,0.22265625,9.332596,2.4899597,0.1782074,9.408752,2.759018,0.010665894,0.20770264,-0.021316528,0.0,0.0,0.0,0
0.013275146,0.030225571,0.28077096,-0.9592988,-0.9993835,0.02564469,-0.023982782,0.017867249,0.9594322,0.281373,0.99999845,1.8438896E-4,0.0017588735,-1.8425957E-4,1.0,-7.372806E-5,-0.001758887,7.3403855E-5,0.99999845,0.35673523,9.318222,2.432495,0.17521667,9.408752,2.7593079,0.0063934326,0.19918823,-0.021316528,-31.99768,-22.361755,-7.5531006,0
0.017700195,0.030171653,0.28084168,-0.9592797,-0.99939066,0.025323616,-0.02401942,0.017546779,0.95941997,0.28143466,0.99955285,0.029895866,5.546124E-4,-0.029871777,0.9992238,-0.025679141,-0.0013218821,0.025651094,0.9996701,0.3375702,9.222458,2.408554,0.17207336,9.4086,2.759903,-0.027679443,0.20451355,-0.031967163,-31.99768,-22.361755,-7.5531006,0
0.022125244,0.030056939,0.28099218,-0.95923924,-0.99939895,0.025032323,-0.023982532,0.017273083,0.95938355,0.28157568,0.998257,0.058977086,-0.0021575382,-0.059010625,0.9969726,-0.05062971,-8.349862E-4,0.05066878,0.99871516,0.16519165,9.375687,2.542633,0.16938782,9.408157,2.761261,-0.034072876,0.17893982,-0.036224365,-31.99768,-22.361755,-7.5531006,0
0.026519775,0.029899586,0.2811986,-0.9591837,-0.99940854,0.024713684,-0.023908298,0.016981985,0.9593313,0.28177118,0.9961626,0.08729207,-0.00635085,-0.08752251,0.9933492,-0.07481466,-2.2211486E-4,0.075083405,0.99717724,0.11251831,9.418777,2.604889,0.16653442,9.407715,2.7631989,-0.050048828,0.14273071,-0.024505615,-31.99768,-22.361755,-7.5531006,0
0.030944824,0.02969522,0.2814666,-0.95911145,-0.9994189,0.024428066,-0.023774382,0.016737541,0.9592601,0.28202844,0.9933099,0.11486343,-0.011906103,-0.115477815,0.98844165,-0.098224275,4.8611156E-4,0.09894204,0.9950931,0.01675415,9.46666,2.6815033,0.1641388,9.4071045,2.765747,-0.05644226,0.11503601,-0.029830933,-31.99768,-22.361755,-7.5531006,0
0.035369873,0.029465292,0.28176808,-0.95903,-0.9994287,0.024195984,-0.023597594,0.016555624,0.95917743,0.28232005,0.9897488,0.14158957,-0.018700674,-0.14281355,0.9823522,-0.12078234,0.0012691302,0.12221488,0.9925028,0.07421875,9.433151,2.6958618,0.16235352,9.4062195,2.7685852,-0.06602478,0.08627319,-0.020248413,-31.99768,-22.361755,-7.5531006,0
0.039794922,-0.0022089386,0.28271258,-0.9592022,-0.999864,0.015049903,0.006738345,0.016340913,0.95908654,0.28264087,0.9855118,0.16748509,-0.026745152,-0.16959247,0.9751672,-0.14243346,0.002225514,0.14490563,0.989443,-0.07899475,9.519333,2.7150116,0.1602478,9.405319,2.7717285,-0.076675415,0.037261963,-0.0234375,-32.714844,-22.361755,-6.515503,0
0.044219971,-0.0024145436,0.28298944,-0.95912004,-0.9998658,0.014858416,0.006901112,0.016203946,0.95900786,0.28291556,0.9805196,0.1931142,-0.035892516,-0.19639546,0.96685296,-0.16316922,0.0031924925,0.16703974,0.985945,-0.11251831,9.514557,2.7772675,0.15890503,9.404572,2.7744293,-0.08200073,0.024475098,-0.022369385,-32.714844,-22.361755,-6.515503,0
0.04864502,-0.002563577,0.2831901,-0.9590604,-0.99986696,0.014726814,0.0070211673,0.016112229,0.95895076,0.28311467,0.97492397,0.21773277,-0.04599682,-0.22249888,0.9575899,-0.18307315,0.004185065,0.18871665,0.9820227,-0.13166809,9.658203,2.901764,0.15800476,9.403961,2.7763672,-0.067092896,0.012771606,-0.0021362305,-32.714844,-22.361755,-6.515503,0
0.053070068,0.0027675352,0.28339458,-0.95899945,-0.9998666,0.01622238,0.0019084143,0.016098086,0.9588662,0.2834016,0.968745,0.24140166,-0.057082884,-0.24800248,0.94743896,-0.20212421,0.005289429,0.20996352,0.97769487,-0.14604187,9.62468,2.7964172,0.15786743,9.4032135,2.7792053,-0.04258728,-0.022369385,-0.0010681152,-31.99768,-20.568848,-6.1706543,0
0.057495117,0.002603026,0.28362978,-0.9589304,-0.999867,0.016175373,0.0020701576,0.016098212,0.9587974,0.28363413,0.96207273,0.26395264,-0.068885006,-0.27271786,0.93657273,-0.22012858,0.006412296,0.23056586,0.97303563,-0.24180603,9.739609,2.8634644,0.15786743,9.402466,2.7814636,-0.07028198,-0.031967163,0.014892578,-31.99768,-20.568848,-6.1706543,0
0.061920166,0.0024862965,0.28379664,-0.9588813,-0.99986464,0.016301421,0.0022321101,0.016264593,0.9587459,0.28379872,0.95491576,0.28550625,-0.08137665,-0.29678136,0.9250031,-0.23725533,0.007535781,0.25070992,0.96803296,-0.07421875,9.768341,2.9831696,0.15950012,9.402023,2.7830963,-0.05644226,-0.038360596,0.024475098,-31.99768,-20.568848,-6.1706543,0
0.066345215,-0.010080734,0.28416577,-0.9587222,-0.9998146,0.012863291,0.014325498,0.016403139,0.95868886,0.2839834,0.94731426,0.30602068,-0.0945886,-0.32018575,0.9128039,-0.25351563,0.008759824,0.2704449,0.9626956,-0.16998291,9.581589,2.9400787,0.16085815,9.401428,2.7848969,-0.03300476,-0.0660553,0.041519165,-32.17621,-22.54181,-6.3430786,0
0.072296143,-0.010117783,0.28421444,-0.9587073,-0.9998099,0.013099668,0.014435036,0.016661394,0.9586712,0.2840279,0.9391992,0.32580203,-0.108433865,-0.34322667,0.8999713,-0.2687881,0.010015664,0.28966296,0.95707625,0.05984497,9.610321,2.9448547,0.16339111,9.401276,2.7853394,-0.034072876,-0.078826904,0.04046631,-32.17621,-22.54181,-6.3430786,0
0.07824707,-0.010119837,0.28421718,-0.95870656,-0.99980545,0.013363047,0.01451526,0.016936725,0.95866686,0.28402662,0.9391992,0.32580203,-0.108433865,-0.34322667,0.8999713,-0.2687881,0.010015664,0.28966296,0.95707625,0.05984497,9.610321,2.9448547,0.16609192,9.401276,2.7853394,-0.034072876,-0.078826904,0.04046631,-32.17621,-22.54181,-6.3430786,0
0.084197998,0.020604083,0.2836249,-0.95871395,-0.99963903,0.0223812,-0.01486239,0.017241824,0.9586741,0.28398365,0.92186695,0.3621759,-0.13780397,-0.38729423,0.8729041,-0.296718,0.012825538,0.3269052,0.94497013,0.11730957,9.481033,2.7724762,0.16908264,9.401276,2.7848969,0.009597778,-0.078826904,0.050048828,-31.817627,-21.466064,-7.0343018,0
0.090179443,0.020674564,0.28352916,-0.95874065,-0.9996327,0.022663968,-0.014853938,0.017517345,0.9586957,0.28389364,0.9129384,0.37841195,-0.15279973,-0.40785143,0.8590138,-0.3094389,0.0141616985,0.34481826,0.9385626,0.14125061,9.514557,2.7150116,0.17178345,9.401428,2.7839966,0.0063934326,-0.080963135,0.053237915,-31.817627,-21.466064,-7.0343018,0
0.096130371,0.020803835,0.28335372,-0.9587898,-0.999625,0.022975506,-0.014899867,0.017806748,0.95874023,0.2837254,0.9037087,0.3937773,-0.16807742,-0.42786813,0.84480673,-0.32129502,0.015474245,0.36227205,0.93194395,0.22265625,9.485825,2.6719208,0.17462158,9.401871,2.7823486,0.009597778,-0.08203125,0.045791626,-31.817627,-21.466064,-7.0343018,0
0.099822998,0.02099247,0.2830975,-0.95886135,-0.9996152,0.023332292,-0.014995994,0.018127106,0.95880723,0.28347838,0.9037087,0.3937773,-0.16807742,-0.42786813,0.84480673,-0.32129502,0.015474245,0.36227205,0.93194395,0.22265625,9.485825,2.6719208,0.1777649,9.402618,2.779953,0.009597778,-0.08203125,0.045791626,-31.817627,-21.466064,-7.0343018,0
0.103485107,0.018120522,0.2828445,-0.9589946,-0.9996665,0.022777695,-0.01217101,0.018401185,0.9588953,0.2831629,0.8845062,0.42189384,-0.19913422,-0.4661885,0.8155926,-0.34274933,0.017808562,0.39599794,0.9180787,0.28012085,9.433151,2.7293854,0.18045044,9.403366,2.776825,0.045806885,-0.08415222,0.045791626,-32.356262,-22.361755,-7.206726,0
0.107177734,0.018302115,0.2826035,-0.9590622,-0.9996587,0.023060149,-0.012281779,0.018645244,0.95895964,0.2829291,0.8845062,0.42189384,-0.19913422,-0.4661885,0.8155926,-0.34274933,0.017808562,0.39599794,0.9180787,0.28012085,9.433151,2.7293854,0.18284607,9.404114,2.7745667,0.045806885,-0.08415222,0.045791626,-32.356262,-22.361755,-7.206726,0
0.110839844,0.035184145,0.28189653,-0.9587995,-0.99920434,0.027953368,-0.028448278,0.018782204,0.95903754,0.28265575,0.8643664,0.44689745,-0.23054999,-0.5024741,0.78558826,-0.3610689,0.019756591,0.42794126,0.9035906,0.12689209,9.342163,2.6671295,0.18418884,9.404861,2.771881,0.051132202,-0.07670593,0.026611328,-30.741882,-23.617554,-8.071899,0
0.114532471,0.03542266,0.28161165,-0.9588744,-0.99919355,0.028130367,-0.028650522,0.018905168,0.959116,0.28238097,0.85421413,0.4579587,-0.24615435,-0.5195133,0.77057326,-0.36921912,0.020592846,0.44327268,0.89615023,0.23222351,9.342163,2.7341766,0.18539429,9.405609,2.7691803,0.057525635,-0.052200317,0.020217896,-30.741882,-23.617554,-8.071899,0
0.11819458,0.035818864,0.28113836,-0.9589985,-0.99917746,0.028331008,-0.029014088,0.019012423,0.959249,0.28192192,0.8439213,0.46827447,-0.2617552,-0.53604114,0.7554974,-0.3766744,0.021368349,0.45819515,0.88859475,0.22265625,9.452301,2.47081,0.18644714,9.406967,2.7646942,0.06285095,-0.045806885,0.012771606,-30.741882,-23.617554,-8.071899,0
0.121887207,0.030597433,0.28080702,-0.95927644,-0.9993489,0.026951276,-0.02398621,0.019118225,0.9593857,0.28144884,0.83350855,0.4778455,-0.27735734,-0.5520643,0.7403788,-0.38348964,0.022100719,0.47276098,0.8809135,0.22265625,9.385269,2.5617828,0.18748474,9.40831,2.7600555,0.080963135,-0.043685913,0.007446289,-31.100464,-21.824646,-7.3806763,0
0.125549316,0.03088323,0.28043362,-0.9593765,-0.99933994,0.027037289,-0.024266466,0.019133804,0.95949256,0.2810835,0.8229444,0.4867581,-0.29296604,-0.5676643,0.72521275,-0.38964564,0.02279955,0.48696303,0.87312496,0.19392395,9.557648,2.652771,0.18763733,9.409348,2.7564697,0.094818115,-0.040481567,0.0095825195,-31.100464,-21.824646,-7.3806763,0
0.129241943,0.03125423,0.27994877,-0.9595061,-0.99932724,0.02718746,-0.024619026,0.019194465,0.95962995,0.28061014,0.8122785,0.49504298,-0.3084415,-0.58279943,0.71008915,-0.39511803,0.023420539,0.50070536,0.86530083,0.2753296,9.485825,2.3798218,0.18823242,9.410706,2.751831,0.07563782,-0.034088135,-0.0053253174,-31.100464,-21.824646,-7.3806763,0
0.13293457,0.030553183,0.27949426,-0.95966107,-0.99934816,0.02700914,-0.023950506,0.019225596,0.9597674,0.2801373,0.80155015,0.5026529,-0.3238169,-0.59744525,0.6950341,-0.39998353,0.024010908,0.51406974,0.8574122,0.16998291,9.533707,2.47081,0.1885376,9.412048,2.7471924,0.07884216,-0.03302002,-0.0053253174,-32.17621,-21.824646,-7.3806763,0
0.137268066,0.03087503,0.27905905,-0.9597774,-0.9993386,0.027073495,-0.024275947,0.019210106,0.9598922,0.2797104,0.790783,0.5096046,-0.3390655,-0.6116035,0.6800707,-0.40428331,0.024563847,0.52707404,0.8494643,0.21786499,9.471451,2.4372864,0.18838501,9.413239,2.7429962,0.08522034,-0.02557373,0.0021209717,-32.17621,-21.824646,-7.3806763,0
0.14163208,0.031150062,0.2786871,-0.95987666,-0.999331,0.027097624,-0.024563013,0.019164981,0.95999956,0.27934474,0.77993464,0.5159974,-0.35418725,-0.6253589,0.6651739,-0.40800738,0.02506536,0.5397132,0.84147567,0.16040039,9.457092,2.6958618,0.1879425,9.414291,2.7394104,0.07350159,-0.026641846,-0.015975952,-32.17621,-21.824646,-7.3806763,0
0.145996094,0.061720073,0.27728876,-0.9588022,-0.9979105,0.03554472,-0.053957902,0.019118432,0.96012896,0.27890316,0.76908606,0.52177334,-0.36913303,-0.6386359,0.650405,-0.41123915,0.025512327,0.5520199,0.83344054,0.05984497,9.495392,2.3079987,0.18748474,9.415497,2.7350616,0.07989502,-0.017044067,-0.01171875,-32.17621,-20.748901,-8.071899,0
0.150360107,0.06202857,0.2768517,-0.9589085,-0.99789095,0.035621338,-0.054265782,0.01913403,0.9602522,0.27847737,0.7586476,0.52659184,-0.38360757,-0.6509844,0.6361547,-0.41415748,0.02594179,0.56392217,0.8254204,0.16998291,9.524124,2.542633,0.18763733,9.416687,2.7308807,0.06817627,-0.014923096,-0.0032043457,-32.17621,-20.748901,-8.071899,0
0.154724121,0.06231733,0.27644256,-0.95900786,-0.9978727,0.035693616,-0.054553803,0.019149465,0.9603674,0.27807882,0.74822736,0.53086543,-0.39791682,-0.6629191,0.6220551,-0.4166362,0.026348457,0.5755252,0.81735945,0.23222351,9.490601,2.446869,0.18778992,9.417877,2.7269897,0.080963135,-0.0138549805,-0.0010681152,-32.17621,-20.748901,-8.071899,0
0.159088135,0.046142545,0.27668148,-0.95985323,-0.9987524,0.031139549,-0.039036427,0.019088738,0.96045697,0.2777732,0.7378345,0.5346661,-0.41198573,-0.6744528,0.60815,-0.41864896,0.026711678,0.5867587,0.80932117,0.10772705,9.481033,2.62883,0.18719482,9.418777,2.723999,0.069244385,-0.008529663,-0.0021362305,-32.356262,-22.003174,-7.897949,0
0.163452148,0.04637256,0.27637136,-0.9599315,-0.99874306,0.031130977,-0.03928464,0.019026456,0.9605466,0.27746758,0.7272376,0.53822994,-0.42595068,-0.6858537,0.59425193,-0.4200825,0.027021026,0.5976397,0.80130935,0.02154541,9.58638,2.5043335,0.18658447,9.419678,2.7210083,0.06391907,-0.0053253174,-0.008529663,-32.356262,-22.003174,-7.897949,0
0.168762207,0.046612494,0.2760478,-0.96001303,-0.9987336,0.031097598,-0.039550543,0.018936254,0.96064067,0.2771477,0.7167208,0.5413296,-0.43962884,-0.69682574,0.58060807,-0.4211034,0.027296335,0.6081583,0.79334635,0.07421875,9.548065,2.5761566,0.18569946,9.420578,2.717865,0.051132202,0.0053253174,0.0021209717,-32.356262,-22.003174,-7.897949,0
0.174072266,-0.031977843,0.27757454,-0.96017176,-0.99931,0.0092766695,0.035963092,0.018889634,0.96065927,0.27708635,0.70628864,0.54396415,-0.4530556,-0.70739174,0.56711215,-0.42187765,0.02744701,0.6184552,0.7853406,0.06463623,9.485825,2.5857239,0.1852417,9.420731,2.7172546,0.061798096,0.025543213,-0.0021362305,-33.251953,-22.183228,-5.305481,0
0.179412842,-0.031825226,0.2773617,-0.96023834,-0.99931407,0.009371824,0.035827335,0.018936314,0.9607199,0.27687317,0.6947234,0.5471496,-0.46689036,-0.71874315,0.5530832,-0.42131615,0.027706273,0.6282725,0.7774999,0.15083313,9.476242,2.5809479,0.18569946,9.421326,2.7151642,0.020248413,-0.0021362305,0.0021209717,-33.251953,-22.183228,-5.305481,0
0.1847229,-0.031671878,0.2771478,-0.9603052,-0.99931866,0.009435751,0.035681777,0.018950325,0.9607809,0.27666008,0.6832753,0.54979557,-0.48047867,-0.7296263,0.5392918,-0.42048764,0.027935974,0.63787866,0.7696301,0.16040039,9.481033,2.5378418,0.18583679,9.421921,2.7130737,0.039413452,0.010650635,0.013824463,-33.251953,-22.183228,-5.305481,0
0.190032959,-0.025433432,0.27688384,-0.96056676,-0.9994966,0.011186607,0.029688742,0.018965816,0.96083826,0.27645996,0.67187333,0.5520504,-0.4937879,-0.7401315,0.5257401,-0.41928846,0.02813573,0.6471767,0.7618206,0.19392395,9.346954,2.446869,0.18598938,9.422516,2.7111206,0.034088135,0.010650635,0.0095825195,-31.280518,-23.078918,-5.82428,0
0.195343018,-0.025359916,0.27679145,-0.96059537,-0.9994985,0.011209708,0.029616997,0.018965723,0.9608646,0.27636835,0.67187333,0.5520504,-0.4937879,-0.7401315,0.5257401,-0.41928846,0.02813573,0.6471767,0.7618206,0.19392395,9.346954,2.446869,0.18598938,9.422821,2.7102356,0.034088135,0.010650635,0.0095825195,-31.280518,-23.078918,-5.82428,0
0.200195312,-0.025300719,0.27671698,-0.9606183,-0.9994993,0.01125839,0.029567871,0.018996948,0.96088547,0.27629364,0.649332,0.5553985,-0.51951945,-0.7599691,0.4995177,-0.4158474,0.028548121,0.6648417,0.7464385,0.26574707,9.538498,2.5330505,0.18629456,9.422974,2.709488,0.004272461,-0.009597778,0.003189087,-31.280518,-23.078918,-5.82428,0
0.204620361,0.013970782,0.27601373,-0.9610521,-0.9997213,0.022144798,-0.008172939,0.019026462,0.9608985,0.27624622,0.6382219,0.55653286,-0.5319248,-0.76931536,0.4868604,-0.41366762,0.02875351,0.67322963,0.7388742,0.25138855,9.495392,2.5953064,0.18658447,9.423126,2.7090302,0.0063934326,-0.0010681152,0.012771606,-31.459045,-22.90039,-7.0343018,0
0.20904541,0.013993736,0.2759847,-0.96106017,-0.99972135,0.022137593,-0.008199487,0.019012626,0.96090704,0.27621755,0.62777823,0.5570053,-0.5437275,-0.7778563,0.47483605,-0.41166773,0.028880322,0.6813779,0.7313618,0.15560913,9.404419,2.609665,0.18644714,9.423126,2.708725,0.009597778,0.003189087,-0.0032043457,-31.459045,-22.90039,-7.0343018,0
0.213439941,0.014116237,0.27582958,-0.961103,-0.9997202,0.022140168,-0.008329362,0.018981494,0.9609515,0.27606487,0.6174105,0.5571796,-0.5552975,-0.78610396,0.4630989,-0.4093654,0.029067628,0.689268,0.72392315,0.11730957,9.308655,2.4803925,0.18614197,9.423569,2.7072296,0.0053253174,-0.012786865,0.0053253174,-31.459045,-22.90039,-7.0343018,0
0.217834473,-0.012232988,0.2762721,-0.9610016,-0.9997437,0.01492296,0.017016258,0.019042106,0.9609635,0.27601874,0.6071013,0.5570795,-0.5666485,-0.7940871,0.45154718,-0.40685484,0.02921804,0.69697034,0.71650445,0.2896881,9.399628,2.7054443,0.18673706,9.423721,2.706787,0.020248413,-0.018112183,-0.0063934326,-31.280518,-21.644592,-5.82428,0
0.222198486,-0.012258257,0.27630588,-0.96099156,-0.9997426,0.014960354,0.017053984,0.01908889,0.9609533,0.27605137,0.59646684,0.5569705,-0.577937,-0.8020996,0.43998852,-0.40378997,0.029386561,0.7044104,0.70918435,0.13166809,9.423569,2.5713654,0.18719482,9.423569,2.7070923,0.009597778,-0.0234375,-0.0021362305,-31.280518,-21.644592,-5.82428,0
0.2265625,-0.012208675,0.27623957,-0.96101135,-0.99974304,0.014988442,0.0170091,0.019102646,0.9609719,0.27598557,0.58595157,0.5566516,-0.5888971,-0.8098058,0.42877343,-0.40045965,0.029586947,0.71154225,0.70202017,0.20350647,9.399628,2.5378418,0.18733215,9.423874,2.706482,-0.018081665,-0.028762817,0.008514404,-31.280518,-21.644592,-5.82428,0
0.230926514,0.04112454,0.275077,-0.9605423,-0.9989699,0.02977334,-0.034243386,0.019178983,0.96096104,0.27601802,0.5755635,0.55605876,-0.59960437,-0.81721574,0.41778988,-0.39700142,0.029752508,0.71850556,0.69488454,0.22744751,9.294281,2.6431885,0.18807983,9.423721,2.706787,-0.003189087,-0.021316528,0.008514404,-31.6391,-21.644592,-7.5531006,0
0.235290527,0.04112684,0.27507392,-0.9605431,-0.9989684,0.029847182,-0.034224633,0.019255199,0.9609597,0.27601764,0.56613374,0.5548374,-0.6096294,-0.82377005,0.40765673,-0.3939784,0.029925605,0.7252389,0.68784666,0.19392395,9.476242,2.6671295,0.18882751,9.423721,2.706787,-0.010635376,-0.031967163,0.0053253174,-31.6391,-21.644592,-7.5531006,0
0.239654541,0.041139193,0.27505732,-0.96054727,-0.9989669,0.029894967,-0.034224093,0.019301942,0.96096283,0.276003,0.55680454,0.55341715,-0.6194336,-0.8300975,0.39776146,-0.390799,0.030111946,0.73178905,0.68086565,0.19392395,9.404419,2.518692,0.18928528,9.423721,2.7066345,-0.004257202,-0.038360596,0.007446289,-31.6391,-21.644592,-7.5531006,0
0.244018555,0.04103438,0.27519804,-0.9605115,-0.9989707,0.029901054,-0.0341104,0.019333187,0.9609224,0.2761417,0.5475317,0.5518725,-0.6290038,-0.83623666,0.38807562,-0.38743457,0.030286554,0.7381288,0.6739797,0.15560913,9.476242,2.7533264,0.18959045,9.423264,2.7079773,-0.009567261,-0.04901123,-0.0032043457,-31.6391,-21.644592,-7.5531006,0
0.248382568,0.041000526,0.27524346,-0.9604999,-0.99897087,0.029951662,-0.034059696,0.01939386,0.9609079,0.27618822,0.5383742,0.5502422,-0.6382686,-0.84215593,0.3786585,-0.38391536,0.03043939,0.74421185,0.66724974,0.12210083,9.346954,2.7198029,0.19018555,9.423126,2.708435,-0.03300476,-0.04901123,-0.004272461,-31.6391,-21.644592,-7.5531006,0
0.252746582,0.04096967,0.2752849,-0.9604893,-0.9989716,0.02997279,-0.03402066,0.01942317,0.96089536,0.27622977,0.52935904,0.5483813,-0.6473461,-0.84784585,0.36946198,-0.38033575,0.030600742,0.7501838,0.66052085,0.18913269,9.404419,2.7724762,0.19047546,9.423126,2.7088776,-0.0074310303,-0.046875,0.004257202,-31.6391,-21.644592,-7.5531006,0
0.257110596,0.027382797,0.2756502,-0.96086794,-0.9994346,0.026314897,-0.020932749,0.019515023,0.9608978,0.2762149,0.52034724,0.54642,-0.65625,-0.8534001,0.36043316,-0.37655848,0.030775154,0.7559849,0.6538652,0.13645935,9.524124,2.566574,0.19137573,9.423126,2.708725,-0.0053253174,-0.0745697,-0.01171875,-32.714844,-23.078918,-7.5531006,0
0.261474609,0.027358042,0.27568248,-0.9608594,-0.99943435,0.02635374,-0.020895151,0.019561809,0.96088743,0.27624753,0.5112684,0.54441446,-0.6649944,-0.85886264,0.35155347,-0.37251207,0.030980136,0.76159245,0.6473154,0.14604187,9.2799225,2.6862793,0.1918335,9.422974,2.7090302,-0.011703491,-0.069244385,0.004257202,-32.714844,-23.078918,-7.5531006,0
0.265838623,0.027417304,0.27560517,-0.9608798,-0.9994317,0.026411913,-0.020941706,0.019607034,0.960908,0.2761727,0.50229955,0.54229426,-0.6735073,-0.86413294,0.3428593,-0.36840433,0.031134678,0.76704913,0.6408324,0.04069519,9.44751,2.676712,0.192276,9.423126,2.7082825,-0.006378174,-0.06817627,-0.004272461,-32.714844,-23.078918,-7.5531006,0
0.270202637,0.010114518,0.27602133,-0.9610983,-0.9997573,0.021607745,-0.004315755,0.019575926,0.96090865,0.2761729,0.49354425,0.5399772,-0.6817908,-0.8691582,0.33441314,-0.3643238,0.031273253,0.772394,0.6343733,0.011962891,9.44751,2.7485352,0.19197083,9.423126,2.7082825,0.012786865,-0.04901123,0.010650635,-31.99768,-22.720337,-6.8618774,0
0.27456665,0.010091895,0.27605072,-0.96109,-0.99975765,0.02158801,-0.00429727,0.01956176,0.9609006,0.27620173,0.4845705,0.537737,-0.6899495,-0.8741904,0.32595274,-0.35992494,0.03134599,0.77755624,0.6280316,0.17477417,9.4427185,2.7820587,0.1918335,9.423126,2.7085876,0.0032043457,-0.047943115,-0.0053253174,-31.99768,-22.720337,-6.8618774,0
0.278930664,0.010128897,0.27600262,-0.96110344,-0.9997564,0.021641357,-0.004321447,0.019606855,0.96091324,0.27615464,0.4758159,0.53541255,-0.6978056,-0.8789861,0.3177392,-0.35556325,0.031347156,0.7825441,0.62180555,0.12689209,9.46666,2.5617828,0.192276,9.423264,2.70813,-0.004257202,-0.021316528,-0.0010681152,-31.99768,-22.720337,-6.8618774,0
0.283294678,0.054458633,0.27475855,-0.9599699,-0.9983242,0.033830438,-0.04695165,0.01957583,0.96091795,0.27614042,0.46716332,0.53298616,-0.70546734,-0.8836136,0.30976218,-0.35110468,0.031393167,0.78738374,0.61566335,0.13166809,9.500183,2.6671295,0.19197083,9.423264,2.7079773,-0.004257202,-0.034088135,0.004257202,-32.17621,-21.824646,-8.071899,0
0.287658691,0.054492783,0.27471232,-0.95998114,-0.9983226,0.033824112,-0.046989962,0.019561784,0.96093136,0.2760947,0.45949113,0.53017664,-0.7125873,-0.8876285,0.3024381,-0.34734243,0.031360712,0.79211354,0.6095676,0.16040039,9.528915,2.6479797,0.1918335,9.423416,2.7075348,0.008529663,-0.010650635,0.0021209717,-32.17621,-21.824646,-8.071899,0
0.292022705,0.054457456,0.27476013,-0.9599694,-0.99832475,0.033801742,-0.046958636,0.019546278,0.9609185,0.27614057,0.45195606,0.5272865,-0.71951693,-0.8914897,0.29532075,-0.34355754,0.031335015,0.79671484,0.6035425,0.15560913,9.533707,2.8299408,0.19168091,9.423264,2.7079773,0.012786865,-0.008529663,0.007446289,-32.17621,-21.824646,-8.071899,0
0.296386719,-9.2756166E-4,0.2761792,-0.96110564,-0.9998079,0.018558206,0.0062977197,0.019575698,0.96092695,0.27610898,0.4445858,0.52435166,-0.7262222,-0.89519095,0.2883817,-0.33980748,0.03125059,0.8011812,0.5976053,0.23701477,9.433151,2.6383972,0.19197083,9.423416,2.7076874,0.0138549805,0.008514404,0.0053253174,-32.53479,-22.183228,-6.3430786,0
0.300750732,-8.9220784E-4,0.27613133,-0.9611195,-0.9998076,0.01858319,0.006267105,0.01959121,0.9609402,0.27606162,0.43638223,0.5217031,-0.7330731,-0.8992207,0.28111285,-0.33522773,0.031186935,0.80548203,0.59179896,0.24180603,9.457092,2.609665,0.19212341,9.423569,2.7072296,0.0010681152,0.014892578,0.017028809,-32.53479,-22.183228,-6.3430786,0
0.305114746,-8.921979E-4,0.27613133,-0.96111953,-0.99980795,0.018568244,0.0062628007,0.019575655,0.9609405,0.2760617,0.42832476,0.51900417,-0.7397112,-0.9030908,0.27400732,-0.33067665,0.031063724,0.80966336,0.58607197,0.13645935,9.394836,2.6958618,0.19197083,9.423569,2.7072296,0.0032043457,0.025543213,0.008514404,-32.53479,-22.183228,-6.3430786,0
0.30947876,0.030533183,0.2753992,-0.960845,-0.9993426,0.027209502,-0.023957701,0.01954618,0.9609448,0.27604893,0.4203767,0.5162662,-0.74615866,-0.9068202,0.267138,-0.326059,0.03099408,0.8136993,0.5804592,0.12689209,9.533707,2.700653,0.19168091,9.423569,2.7070923,-0.0053253174,0.014892578,0.017028809,-32.17621,-22.183228,-7.3806763,0
0.313842773,0.030579995,0.27533674,-0.9608613,-0.9993414,0.027205957,-0.024008727,0.019530669,0.9609628,0.27598742,0.41312924,0.5132916,-0.752234,-0.9101484,0.26074192,-0.32193735,0.030891186,0.8176462,0.5748916,0.15560913,9.457092,2.5809479,0.19152832,9.423721,2.706482,0.0063934326,0.01914978,0.01171875,-32.17621,-22.183228,-7.3806763,0
0.318206787,0.030626776,0.27527443,-0.96087784,-0.9993396,0.027247267,-0.024046836,0.019561812,0.96097946,0.27592704,0.40594882,0.5103179,-0.75814325,-0.9133754,0.25454444,-0.3177303,0.030837672,0.8214516,0.5694438,0.2753296,9.457092,2.5282745,0.1918335,9.423874,2.7058868,-0.004257202,0.0010681152,0.013824463,-32.17621,-22.183228,-7.3806763,0
0.322570801,0.03529302,0.27514368,-0.9607551,-0.9991853,0.028545858,-0.028529702,0.019575812,0.9609793,0.27592698,0.39887524,0.5072964,-0.76390374,-0.91648805,0.24851176,-0.313515,0.030794036,0.82516193,0.5640563,0.22744751,9.504974,2.7150116,0.19197083,9.423874,2.7058868,0.0021362305,-0.0032043457,0.014892578,-31.280518,-22.361755,-7.5531006,0
0.326934814,0.035329424,0.27509683,-0.9607671,-0.999184,0.028554473,-0.028566077,0.019575763,0.96099246,0.27588117,0.3920178,0.5042208,-0.76946956,-0.91944486,0.24266364,-0.30941147,0.030710597,0.8287797,0.5587317,0.19871521,9.418777,2.6000977,0.19197083,9.4240265,2.7054443,0.008529663,0.004257202,0.0095825195,-31.280518,-22.361755,-7.5531006,0
0.331298828,0.035367068,0.2750484,-0.96077967,-0.9991824,0.028578376,-0.028599393,0.019591305,0.96100557,0.27583426,0.3852243,0.5011616,-0.77488023,-0.92231447,0.23696035,-0.3052634,0.03062961,0.83227813,0.55351144,0.21786499,9.423569,2.5857239,0.19212341,9.424164,2.7049866,0.0021362305,-0.007461548,0.003189087,-31.280518,-22.361755,-7.5531006,0
0.335662842,0.039668158,0.27487814,-0.9606604,-0.9990214,0.029732179,-0.03274478,0.019561704,0.9610193,0.2757886,0.37852746,0.4980666,-0.78015816,-0.92508495,0.23142116,-0.30110165,0.030576425,0.8356877,0.54835314,0.12210083,9.490601,2.5857239,0.1918335,9.424316,2.704544,0.007461548,-0.014923096,0.0063934326,-31.99768,-20.568848,-7.206726,0
0.340026855,0.039655324,0.27489647,-0.96065575,-0.99902165,0.029742926,-0.03272796,0.01957591,0.9610137,0.27580702,0.37201744,0.49494112,-0.785262,-0.9277233,0.22608854,-0.2970076,0.030537475,0.8389978,0.5432773,0.21307373,9.457092,2.7533264,0.19197083,9.424164,2.7046967,0.007461548,-0.019180298,0.0095825195,-31.99768,-20.568848,-7.206726,0
0.344390869,0.039691627,0.27484465,-0.960669,-0.9990184,0.029839423,-0.03273912,0.019667638,0.96102554,0.27575925,0.3656121,0.49187234,-0.7901831,-0.93026793,0.22091167,-0.29291552,0.030483618,0.84217554,0.5383411,0.27053833,9.481033,2.5234833,0.1928711,9.424316,2.704239,-0.0084991455,-0.019180298,0.0063934326,-31.99768,-20.568848,-7.206726,0
0.348754883,0.06552376,0.27393204,-0.95951444,-0.9976562,0.03698187,-0.05757044,0.019714247,0.9610377,0.27571318,0.3592897,0.48878965,-0.7949815,-0.932729,0.21588272,-0.28881007,0.030455386,0.8452688,0.5334727,0.22265625,9.433151,2.7198029,0.19332886,9.424469,2.7037964,-0.0053253174,-0.027694702,0.007446289,-31.459045,-20.748901,-8.071899,0
0.353118896,0.065524414,0.27393115,-0.9595146,-0.99765587,0.036995478,-0.05756723,0.019728247,0.9610374,0.2757131,0.3534812,0.48556313,-0.7995495,-0.93494695,0.21117958,-0.28509197,0.030418396,0.848311,0.52862376,0.22744751,9.356537,2.6719208,0.19346619,9.424469,2.7037964,0.010665894,-0.04473877,-0.004272461,-31.459045,-20.748901,-8.071899,0
0.35748291,0.0654913,0.2739771,-0.95950377,-0.99765784,0.037004102,-0.05752935,0.01974385,0.96102405,0.27575883,0.34787053,0.48241654,-0.8039032,-0.9370534,0.20660171,-0.28150797,0.030283682,0.85122854,0.52392066,0.29447937,9.495392,2.7389526,0.19361877,9.424316,2.704239,-0.006378174,-0.012786865,-0.010650635,-31.459045,-20.748901,-8.071899,0
0.361846924,0.031480663,0.27512735,-0.9608922,-0.9993105,0.027596034,-0.024837889,0.019683233,0.96101165,0.27580643,0.34231058,0.4793125,-0.80813557,-0.93910277,0.20214076,-0.27789423,0.030158963,0.8540484,0.5193186,0.3088379,9.399628,2.7581177,0.19302368,9.424164,2.7046967,-0.012756348,-0.024505615,-0.014923096,-32.53479,-23.258972,-7.725525,0
0.366210937,0.03150418,0.27509713,-0.9609002,-0.999312,0.027498415,-0.024891004,0.019575786,0.96102315,0.27577415,0.3362433,0.47635096,-0.8124224,-0.9412987,0.19742242,-0.27382684,0.029952712,0.8568046,0.5147705,0.21786499,9.562439,2.5570068,0.19197083,9.424316,2.7043915,-0.0053253174,-0.007461548,-0.02557373,-32.53479,-23.258972,-7.725525,0
0.370574951,0.031440992,0.27517843,-0.9608789,-0.99931717,0.027322914,-0.024873942,0.019409241,0.96100485,0.2758496,0.3304043,0.47339627,-0.81653476,-0.94337213,0.19285843,-0.26991597,0.029698402,0.8594775,0.5103101,0.16519165,9.390045,2.6958618,0.19033813,9.424164,2.7051392,-0.0074310303,0.023422241,-0.020248413,-32.53479,-23.258972,-7.725525,0
0.374938965,-0.0062517077,0.27601215,-0.96113384,-0.9997941,0.016827192,0.011335498,0.019301917,0.96100676,0.27585015,0.32464355,0.47049955,-0.82051015,-0.94537926,0.18838312,-0.26602614,0.029405065,0.86205685,0.50595784,0.3088379,9.504974,2.3223724,0.18928528,9.424164,2.7051392,-0.015960693,0.022354126,-0.030899048,-33.073425,-23.4375,-6.515503,0
0.379302978,-0.006322767,0.27610496,-0.9611068,-0.9997974,0.016630135,0.011354772,0.019118441,0.9609837,0.27594382,0.31837273,0.46780398,-0.82449883,-0.9475194,0.18372178,-0.261636,0.029084038,0.86452633,0.50174534,0.22744751,9.399628,2.6000977,0.18748474,9.423874,2.7060394,-0.031936646,0.045791626,-0.0234375,-33.073425,-23.4375,-6.515503,0
0.383666992,-0.0063796365,0.27617913,-0.96108496,-0.9998008,0.016408628,0.011351844,0.01890523,0.960966,0.27601945,0.31220922,0.46511683,-0.8283669,-0.94957906,0.17914625,-0.25730553,0.028721675,0.86693305,0.49759632,0.15560913,9.519333,2.5234833,0.18539429,9.423721,2.706787,-0.029800415,0.051116943,-0.03302002,-33.073425,-23.4375,-6.515503,0
0.388031006,0.015952611,0.27578872,-0.9610859,-0.999698,0.022368437,-0.010174773,0.018691901,0.96095794,0.27606225,0.3061671,0.4624538,-0.8321047,-0.95155555,0.1746967,-0.25302806,0.028352154,0.86926264,0.49353686,0.15083313,9.481033,2.5330505,0.18330383,9.423721,2.7072296,-0.034072876,0.05430603,-0.03302002,-31.817627,-21.466064,-6.6879272,0
0.39239502,0.015756525,0.2760564,-0.9610123,-0.99970484,0.02212574,-0.01003517,0.018492833,0.9608867,0.27632353,0.3007256,0.4596838,-0.83561647,-0.9533006,0.17057824,-0.24924095,0.027965954,0.8715468,0.48951408,0.26574707,9.46666,2.6862793,0.18135071,9.422974,2.7097778,-0.023422241,0.06816101,-0.027694702,-31.817627,-21.466064,-6.6879272,0
0.396759033,0.015654134,0.27619618,-0.96097374,-0.9997097,0.021922337,-0.009984377,0.018309144,0.9608512,0.27645922,0.29532644,0.45708963,-0.83895844,-0.9549982,0.16658401,-0.24541427,0.027580751,0.8736812,0.48571643,0.23222351,9.528915,2.609665,0.17955017,9.422668,2.7111206,-0.064956665,0.058563232,-0.03515625,-31.817627,-21.466064,-6.6879272,0
0.401123047,0.023915002,0.27607173,-0.96083945,-0.9995499,0.024015322,-0.01797833,0.01811156,0.960837,0.27652183,0.290041,0.45441732,-0.84224766,-0.95662737,0.16268519,-0.24165598,0.027208552,0.8758073,0.4818934,0.13645935,9.533707,2.427719,0.1776123,9.422516,2.711731,-0.039398193,0.060699463,-0.030899048,-32.17621,-22.90039,-7.3806763,0
0.405487061,0.023817742,0.27619752,-0.9608058,-0.999555,0.023844142,-0.017923966,0.01795903,0.96080506,0.27664253,0.28506058,0.45172602,-0.84538996,-0.95813346,0.15899289,-0.23812073,0.026845643,0.8778752,0.47813642,0.16519165,9.418777,2.604889,0.17611694,9.422226,2.7129211,-0.038330078,0.07028198,-0.0234375,-32.17621,-22.90039,-7.3806763,0
0.409851074,0.02375439,0.27627948,-0.9607838,-0.9995579,0.023755021,-0.017882133,0.017882971,0.9607837,0.2767216,0.28021422,0.44904563,-0.84843266,-0.95957166,0.15542969,-0.23465692,0.026499962,0.87988615,0.47444507,0.20828247,9.413986,2.5378418,0.17536926,9.421921,2.7136688,-0.036193848,0.0756073,-0.014923096,-32.17621,-22.90039,-7.3806763,0
0.414215088,0.028469417,0.27634877,-0.9606356,-0.9994366,0.024959072,-0.022439277,0.01777551,0.9607333,0.27690366,0.27539176,0.44635868,-0.85142434,-0.96097386,0.15199852,-0.23114023,0.026243793,0.88185054,0.47079813,0.12210083,9.509766,2.5761566,0.1743164,9.421478,2.7154694,-0.031936646,0.05430603,-0.0053253174,-33.073425,-21.644592,-7.206726,0
0.418579102,0.028369894,0.27648845,-0.9605984,-0.9994411,0.024846394,-0.022365535,0.017683594,0.960696,0.2770388,0.27073884,0.44376686,-0.85426664,-0.96230173,0.14872408,-0.22772011,0.025995381,0.883715,0.467303,0.19392395,9.284714,2.604889,0.17341614,9.421173,2.7168121,-0.05430603,0.051116943,-0.0053253174,-33.073425,-21.644592,-7.206726,0
0.422943115,0.028232533,0.2766812,-0.96054685,-0.99944735,0.02468133,-0.022266556,0.01754684,0.9606448,0.27722514,0.26615083,0.44115165,-0.85705835,-0.9635878,0.14549924,-0.22434002,0.025733374,0.88555926,0.46381313,0.07899475,9.514557,2.767685,0.17207336,9.420578,2.7186127,-0.037261963,0.04685974,-0.010650635,-33.073425,-21.644592,-7.206726,0
0.427307129,0.046390407,0.27632633,-0.9599436,-0.9987712,0.029609162,-0.039743595,0.017440924,0.9606077,0.27736035,0.26157367,0.43858016,-0.85978293,-0.96484697,0.1423409,-0.22092864,0.025487363,0.88734806,0.46039534,0.12210083,9.418777,2.5091095,0.17103577,9.420273,2.7199554,-0.04046631,0.03086853,-0.015975952,-31.6391,-20.92743,-7.5531006,0
0.431671143,0.04624199,0.2765319,-0.9598915,-0.998779,0.029516619,-0.039612025,0.017378764,0.9605513,0.2775592,0.25740466,0.43602276,-0.86233807,-0.96597314,0.13944863,-0.21783012,0.025272967,0.8890659,0.45708102,0.12689209,9.42836,2.5570068,0.17042542,9.419678,2.7218933,-0.051116943,0.02128601,-0.012786865,-31.6391,-20.92743,-7.5531006,0
0.436035156,0.04607441,0.27676407,-0.9598327,-0.99878633,0.02950938,-0.039435364,0.017409777,0.96048474,0.27778777,0.2533043,0.43352208,-0.8648096,-0.9670614,0.13665745,-0.21474876,0.025084341,0.89072067,0.45385838,0.27053833,9.370895,2.8012085,0.17073059,9.419083,2.7241516,-0.058563232,0.017028809,-0.008529663,-31.6391,-20.92743,-7.5531006,0
0.44039917,0.020786455,0.27756158,-0.9604829,-0.9996328,0.022469137,-0.015140565,0.017378785,0.96044505,0.27792674,0.2492381,0.43100947,-0.86724347,-0.9681207,0.13396397,-0.21165083,0.024955861,0.89234775,0.45065808,0.20828247,9.504974,2.700653,0.17042542,9.418625,2.7254944,-0.046844482,0.0021209717,-0.0010681152,-33.610535,-21.824646,-7.0343018,0
0.444763184,0.020644967,0.2777618,-0.9604282,-0.99963456,0.022506215,-0.014978794,0.017455064,0.96038634,0.2781249,0.2492381,0.43100947,-0.86724347,-0.9681207,0.13396397,-0.21165083,0.024955861,0.89234775,0.45065808,0.20828247,9.504974,2.700653,0.1711731,9.41803,2.7274323,-0.046844482,0.0021209717,-0.0010681152,-33.610535,-21.824646,-7.0343018,0
0.449127197,0.020491714,0.27797863,-0.96036863,-0.99963677,0.02251173,-0.014813574,0.017501703,0.9603234,0.278339,0.2404262,0.4262171,-0.87208617,-0.97035265,0.12841387,-0.20475729,0.024716899,0.8954601,0.44445497,0.20350647,9.351746,2.6719208,0.17163086,9.417435,2.729538,-0.051116943,0.004257202,0.013824463,-33.610535,-21.824646,-7.0343018,0
0.453491211,0.020373812,0.2781455,-0.9603229,-0.99963796,0.022554625,-0.014675241,0.01757787,0.96027416,0.27850428,0.23608147,0.42388135,-0.8744085,-0.97142094,0.12575996,-0.20131004,0.024633996,0.8969443,0.4414568,0.21786499,9.42836,2.6623383,0.17237854,9.416992,2.7311707,-0.0521698,-0.007461548,0.004257202,-33.610535,-21.824646,-7.0343018,0
0.457855225,0.020230513,0.27834818,-0.9602672,-0.9996401,0.022561174,-0.014520302,0.017623054,0.9602153,0.2787044,0.23185237,0.4215403,-0.8766688,-0.97244024,0.12321806,-0.19793244,0.024584942,0.8983992,0.43849114,0.28012085,9.514557,2.6862793,0.17282104,9.416382,2.7331238,-0.046844482,-0.0032043457,0.014892578,-33.610535,-21.824646,-7.0343018,0
0.462219238,0.020144856,0.27846938,-0.9602339,-0.99964136,0.022568908,-0.014426569,0.017654069,0.96018,0.27882412,0.2276684,0.41926706,-0.8788528,-0.973431,0.120686054,-0.19459435,0.024478273,0.89980555,0.43560392,0.10772705,9.528915,2.7054443,0.17312622,9.416092,2.734314,-0.0521698,-0.004272461,-0.0010681152,-33.610535,-21.824646,-7.0343018,0
0.466583252,0.035914514,0.27826098,-0.9598338,-0.9991972,0.027053656,-0.02954439,0.017745964,0.9601244,0.2790092,0.2235488,0.41695023,-0.8810099,-0.97438645,0.11825517,-0.19127643,0.024431227,0.90120375,0.4327065,0.01675415,9.548065,2.8012085,0.17402649,9.415497,2.7361145,-0.034072876,-0.012786865,0.0095825195,-31.817627,-22.54181,-7.725525,0
0.470947266,0.03587939,0.27830648,-0.95982194,-0.9991972,0.027118517,-0.0294881,0.017822219,0.9601094,0.27905604,0.21973316,0.4146411,-0.88305724,-0.9752526,0.11608612,-0.1881659,0.024489364,0.90255016,0.42988777,0.011962891,9.504974,2.7341766,0.17477417,9.415344,2.7365723,-0.041519165,-0.041549683,0.023422241,-31.817627,-22.54181,-7.725525,0
0.475311279,0.035870023,0.27831864,-0.95981884,-0.99919707,0.027144607,-0.029470531,0.017851705,0.9601052,0.27906883,0.21600159,0.41225493,-0.8850928,-0.9760849,0.11394606,-0.18513432,0.024530293,0.9039149,0.4270083,-0.04069519,9.572006,2.6862793,0.17506409,9.415344,2.7367096,-0.011703491,-0.03729248,0.02128601,-31.817627,-22.54181,-7.725525,0
0.479675293,0.011014176,0.27892473,-0.9602498,-0.99977773,0.020334184,-0.0055610742,0.017974775,0.9600976,0.2790867,0.21230562,0.4099167,-0.88707083,-0.9768948,0.11184096,-0.18212162,0.02455616,0.90524024,0.42418995,0.16998291,9.581589,2.767685,0.17626953,9.415192,2.7368622,-0.013824463,-0.043685913,0.014892578,-30.3833,-21.824646,-6.6879272,0
0.484039307,0.010992058,0.27895308,-0.9602418,-0.9997766,0.020401215,-0.005518006,0.018050836,0.96008795,0.27911502,0.20823474,0.4076225,-0.88909066,-0.9777698,0.10960622,-0.17875308,0.024586095,0.9065486,0.4213848,0.13166809,9.5767975,2.791626,0.17701721,9.415192,2.7371674,-0.003189087,-0.034088135,0.01914978,-30.3833,-21.824646,-6.6879272,0
0.48840332,0.011052019,0.27887625,-0.96026343,-0.99977404,0.020519193,-0.005547651,0.018156724,0.9601078,0.27904,0.20418498,0.40537533,-0.89105517,-0.97862315,0.10739967,-0.17539093,0.024599874,0.90781945,0.41863912,0.23222351,9.581589,2.6623383,0.17805481,9.415344,2.7364197,-0.0053253174,-0.045806885,0.010650635,-30.3833,-21.824646,-6.6879272,0
0.492767334,-0.006665918,0.27919626,-0.96021086,-0.99981225,0.015604098,0.011477971,0.018187834,0.9601072,0.27903986,0.20024249,0.40311837,-0.89297175,-0.9794377,0.10524075,-0.17212254,0.024591262,0.90907645,0.415903,0.09336853,9.490601,2.815567,0.17835999,9.415344,2.7364197,0.0053253174,-0.03729248,0.008514404,-32.714844,-22.003174,-6.1706543,0
0.497131348,-0.0066207615,0.2791343,-0.9602293,-0.9998119,0.0156608,0.011446206,0.018232986,0.9601244,0.27897808,0.1960698,0.40093273,-0.89487964,-0.98028225,0.103002064,-0.16863367,0.024563694,0.9102986,0.41322282,0.19392395,9.4379425,2.8921814,0.17880249,9.415497,2.7358093,0.004272461,-0.02557373,0.008514404,-32.714844,-22.003174,-6.1706543,0
0.501495361,-0.006532459,0.27901307,-0.96026504,-0.99981236,0.015686965,0.011359469,0.018233085,0.9601591,0.2788582,0.19199978,0.3986869,-0.89676356,-0.9810891,0.10078692,-0.16524585,0.024500683,0.9115321,0.4104984,0.11730957,9.514557,2.7964172,0.17880249,9.415787,2.7346191,0.028762817,-0.018112183,0.003189087,-32.714844,-22.003174,-6.1706543,0
0.505859375,0.033951096,0.27804136,-0.9599689,-0.99925697,0.026982028,-0.02752563,0.018248644,0.9601901,0.27875084,0.18799962,0.39646202,-0.8985956,-0.9818651,0.098628186,-0.1619059,0.024437312,0.91273785,0.4078143,0.17477417,9.481033,2.815567,0.17895508,9.416092,2.7335663,0.030899048,-0.020248413,0.0021209717,-32.89337,-21.466064,-7.3806763,0
0.510223389,0.034051135,0.27790082,-0.96000606,-0.9992538,0.026990857,-0.027629975,0.018232994,0.9602305,0.27861252,0.18494779,0.39418826,-0.9002278,-0.982447,0.09684478,-0.15943335,0.024335606,0.9139129,0.40518028,0.18434143,9.40921,2.767685,0.17880249,9.416534,2.7322235,0.030899048,0.0,0.0010681152,-32.89337,-21.466064,-7.3806763,0
