Time,Rot1,Rot2,Rot3,Rot4,Rot5,Rot6,Rot7,Rot8,Rot9,FRot1,FRot2,FRot3,FRot4,FRot5,FRot6,FRot7,FRot8,FRot9,AccX,AccY,AccZ,GravX,GravY,GravZ,GyroX,GyroY,GyroZ,MagX,MagY,MagZ,Imid
0.0,0.0,0.0,0.0,0.0,0.0,0.0,0.0,0.0,0.0,1.0,0.0,0.0,0.0,1.0,0.0,0.0,0.0,1.0,9.994827,0.1040802,-0.2859497,9.800699,0.20250997,-0.27509198,-0.051376343,0.0065307617,-0.0146484375,0.0,0.0,0.0,0,0.0,0.0,0.0,0.0
0.008300781,0.0,0.0,0.0,0.0,0.0,0.0,0.0,0.0,0.0,1.0,0.0,0.0,0.0,1.0,0.0,0.0,0.0,1.0,9.974487,0.12921143,-0.26200867,9.800716,0.20289828,-0.27416754,-0.051986694,0.001953125,-0.013580322,0.0,0.0,0.0,0,0.0,0.0,0.0,0.0
0.016601562,-0.032661233,0.28089744,-0.9591819,-0.01201657,0.9595142,0.2814039,0.99939424,0.020717075,-0.027963491,1.0,0.0,0.0,0.0,1.0,0.0,0.0,0.0,1.0,10.000809,0.13639832,-0.27757263,9.80071,0.20316511,-0.2742282,-0.046951294,-0.012710571,-0.013122559,-38.75885,22.738647,7.978821,0,0.0,0.0,0.0,0.0
0.024902343,-0.03273945,0.28077573,-0.95921487,-0.012022636,0.95954925,0.28128397,0.9993916,0.020741371,-0.028039448,0.99793243,0.011277505,-0.06327412,-0.01130682,0.99993604,-1.0524236E-4,0.06326889,8.20454E-4,0.99799615,10.000809,0.13639832,-0.27757263,9.800684,0.20340337,-0.27497306,-0.051376343,-0.013626099,-0.013580322,-38.75885,22.738647,7.978821,0,0.0,0.0,0.0,0.0
0.033203125,-0.03270603,0.26915932,-0.96254015,-0.0123705305,0.96287256,0.26967263,0.99938846,0.020727053,-0.028162098,0.9954417,0.016744697,-0.09389054,-0.016785169,0.9998591,3.5870215E-4,0.09388332,0.0012189015,0.99558246,9.979263,0.10647583,-0.2871399,9.8006525,0.20326294,-0.27617583,-0.051376343,-0.018203735,-0.015106201,-39.05945,22.499084,7.6187134,0,0.0,0.0,0.0,0.0
0.041503906,-0.032593317,0.25173524,-0.9672472,-0.012923668,0.9675743,0.25225586,0.9993851,0.020722235,-0.028283112,0.9878589,0.026873244,-0.15301183,-0.02686145,0.9996369,0.002144677,0.1530139,0.0019914813,0.988222,9.973282,0.1375885,-0.34336853,9.80062,0.2032157,-0.27736259,-0.047714233,-0.010269165,-0.016326904,-38.938904,22.619629,7.1990967,0,0.0,0.0,0.0,0.0
0.049804687,-0.032801706,0.25140187,-0.9673268,-0.012884927,0.96766084,0.25192562,0.9993788,0.020727525,-0.028501634,0.97720134,0.03588371,-0.20926037,-0.03566078,0.9993522,0.0048394464,0.20929848,0.0027332748,0.97784793,9.992432,0.10887146,-0.38285828,9.800559,0.2032676,-0.27950558,-0.04510498,-0.0069122314,-0.016326904,-38.938904,22.619629,7.1990967,0,0.0,0.0,0.0,0.0
0.058105468,-0.03286629,0.25129852,-0.96735144,-0.0128840525,0.96768737,0.2518235,0.9993767,0.020739915,-0.028566554,0.97084665,0.040246334,-0.23629847,-0.039836615,0.999185,0.00650993,0.23636788,0.0030931877,0.9716587,9.991226,0.102890015,-0.3062744,9.800537,0.20338908,-0.2801422,-0.04510498,0.0014953613,-0.02243042,-38.938904,22.619629,7.1990967,0,0.0,0.0,0.0,0.0
0.06640625,-0.033078752,0.26190782,-0.9645259,-0.012558453,0.96486884,0.26243165,0.9993738,0.020793863,-0.028627496,0.9563327,0.048705038,-0.28819376,-0.047728673,0.998806,0.010417978,0.28835705,0.003792052,0.9575154,9.958923,0.11843872,-0.3481598,9.800509,0.20391813,-0.28073984,-0.053512573,0.008666992,-0.015716553,-38.75885,22.499084,7.4386597,0,0.0,0.0,0.0,0.0
0.074707031,-0.033101056,0.26187232,-0.96453476,-0.012595901,0.96487767,0.2623977,0.99937266,0.020834822,-0.02863995,0.93969244,0.057259526,-0.33719352,-0.055404875,0.99834937,0.015129193,0.3375032,0.0044653765,0.9413138,9.973282,0.114852905,-0.35772705,9.800498,0.20431982,-0.28086197,-0.050308228,0.0332489,-0.020446777,-38.75885,22.499084,7.4386597,0,0.0,0.0,0.0,0.0
0.083007812,-0.032977685,0.2596112,-0.96514994,-0.012726388,0.96548784,0.2601369,0.9993751,0.020861588,-0.028535645,0.9306886,0.061406646,-0.36062142,-0.058992792,0.9981013,0.017708687,0.36102417,0.004792792,0.9325441,9.973282,0.114852905,-0.35772705,9.800522,0.2045823,-0.2798391,-0.051376343,0.038146973,-0.0146484375,-38.69934,22.738647,7.4386597,0,0.0,0.0,0.0,0.0
0.091308593,-0.033037666,0.27994555,-0.95944715,-0.012104616,0.95978874,0.28046203,0.9993808,0.020879554,-0.028320553,0.9014194,0.07321328,-0.42671168,-0.068633966,0.99729985,0.026124435,0.4274721,0.0057378397,0.9040103,9.968506,0.107681274,-0.33738708,9.800578,0.20475848,-0.27772975,-0.048477173,0.040283203,-0.01586914,-38.519287,22.799683,7.978821,0,0.0,0.0,0.0,0.0
0.099609375,-0.03273917,0.28040633,-0.95932287,-0.012178013,0.9596543,0.28091878,0.99938977,0.020879695,-0.028003493,0.89099634,0.077411525,-0.44736233,-0.07189839,0.99698097,0.029319908,0.4482814,0.0060406984,0.8938721,9.976868,0.10647583,-0.29670715,9.800666,0.20475987,-0.27462047,-0.05458069,0.044708252,-0.020751953,-38.519287,22.799683,7.978821,0,0.0,0.0,0.0,0.0
0.107910156,-0.032431744,0.28088084,-0.95919454,-0.012293929,0.9595146,0.28139025,0.9993983,0.020918246,-0.027665604,0.8582536,0.08952922,-0.5053566,-0.0806687,0.99596024,0.0394441,0.5068465,0.006913418,0.86200863,9.979263,0.093322754,-0.3134613,9.80075,0.20513792,-0.2713069,-0.042510986,0.032943726,-0.02029419,-38.519287,22.799683,7.978821,0,0.0,0.0,0.0,0.0
0.116210937,-0.032109514,0.27597007,-0.96062976,-0.012537546,0.9609385,0.27647784,0.9994057,0.020921508,-0.02739528,0.84694374,0.09341506,-0.5234118,-0.08326103,0.9956013,0.042961847,0.5251227,0.007193537,0.85099614,9.979263,0.093322754,-0.3134613,9.800822,0.2051699,-0.26865593,-0.04725647,0.02897644,-0.016479492,-38.398743,22.679138,7.798767,0,0.0,0.0,0.0,0.0
0.124511718,-0.03190485,0.27628756,-0.96054536,-0.012587832,0.9608473,0.27679253,0.99941164,0.020922204,-0.027177826,0.84694374,0.09341506,-0.5234118,-0.08326103,0.9956013,0.042961847,0.5251227,0.007193537,0.85099614,9.979263,0.093322754,-0.3134613,9.80088,0.20517674,-0.26652342,-0.04725647,0.02897644,-0.016479492,-38.398743,22.679138,7.798767,0,0.0,0.0,0.0,0.0
0.1328125,-0.03156391,0.26787063,-0.9629378,-0.012987025,0.96322656,0.26837668,0.99941736,0.020976713,-0.026924355,0.82390845,0.100762494,-0.55769324,-0.087800495,0.99488044,0.050040156,0.55988026,0.0077372347,0.8285374,9.988831,0.13400269,-0.2416687,9.800937,0.20571129,-0.26403773,-0.05168152,0.010803223,-0.01663208,-38.879395,22.37854,7.499695,0,0.0,0.0,0.0,0.0
0.141113281,-0.03156411,0.2772583,-0.96027684,-0.012767643,0.9605653,0.27776128,0.9994202,0.021027757,-0.026779452,0.80047274,0.107469305,-0.5896556,-0.0914528,0.994174,0.057046402,0.592351,0.008261559,0.8056376,9.985245,0.122039795,-0.2536316,9.800964,0.20621186,-0.26261672,-0.048324585,-6.4086914E-4,-0.020904541,-38.879395,22.37854,7.739258,0,0.0,0.0,0.0,0.0
0.149414062,-0.03154026,0.27729622,-0.96026665,-0.012817953,0.9605534,0.27780002,0.9994203,0.021070538,-0.026741734,0.78862613,0.11091466,-0.6047866,-0.093225084,0.9937934,0.06069337,0.6077647,0.008516903,0.79407144,9.985245,0.122039795,-0.2536316,9.800964,0.20663138,-0.26224682,-0.04649353,-0.0043182373,-0.019989014,-38.879395,22.37854,7.739258,0,0.0,0.0,0.0,0.0
0.157714843,-0.03158273,0.2772287,-0.96028477,-0.012813993,0.9605728,0.2777333,0.999419,0.021076657,-0.026785105,0.76479906,0.117597684,-0.6334455,-0.09635328,0.9930204,0.0680185,0.63702315,0.009014064,0.77079195,9.981659,0.09211731,-0.2644043,9.800953,0.20669141,-0.2626722,-0.05015564,-0.022491455,-0.016479492,-38.879395,22.37854,7.739258,0,0.0,0.0,0.0,0.0
0.166015625,-0.031506404,0.263131,-0.9642455,-0.013273394,0.9645293,0.26364213,0.99941546,0.021105228,-0.02689621,0.74090004,0.1240082,-0.6600675,-0.09895121,0.9922358,0.07534444,0.66428596,0.00949178,0.7474183,9.98645,0.12322998,-0.2536316,9.800918,0.20697159,-0.26376173,-0.048934937,-0.026611328,-0.014801025,-38.938904,22.37854,7.3791504,0,0.0,0.0,0.0,0.0
0.174316406,-0.031675693,0.26285905,-0.9643141,-0.013240254,0.9646032,0.26337275,0.99941045,0.02111028,-0.027074153,0.72898805,0.12682524,-0.67267513,-0.099850304,0.9918774,0.07879794,0.67720485,0.009724067,0.73573035,9.98645,0.12322998,-0.2536316,9.800869,0.20702113,-0.26550674,-0.048934937,-0.029205322,-0.010986328,-38.938904,22.37854,7.3791504,0,0.0,0.0,0.0,0.0
0.182617187,-0.03207027,0.2683392,-0.96279055,-0.012950661,0.96309364,0.26885504,0.99940175,0.021091027,-0.027411502,0.7052434,0.13227734,-0.696516,-0.10132302,0.9911606,0.08564151,0.7016876,0.010174993,0.7124122,9.974487,0.122039795,-0.33021545,9.800783,0.20683232,-0.268815,-0.05091858,-0.037750244,-0.012512207,-39.179993,22.439575,7.559204,0,0.0,0.0,0.0,0.0
0.190917968,-0.032326344,0.26103082,-0.9647891,-0.013077493,0.96510047,0.26155326,0.9993918,0.021072082,-0.027784541,0.6816511,0.13773268,-0.71859694,-0.10255336,0.99041265,0.09255061,0.7244547,0.0106073,0.68924075,9.979263,0.10169983,-0.3756714,9.800686,0.20664655,-0.27247328,-0.054885864,-0.024780273,-0.016326904,-39.35852,22.619629,7.4386597,0,0.0,0.0,0.0,0.0
0.19921875,-0.032670423,0.26047748,-0.964927,-0.012976939,0.96525043,0.26100418,0.9993819,0.021048915,-0.02815494,0.66995925,0.14022718,-0.7290343,-0.1029222,0.9900603,0.0958524,0.735229,0.010816612,0.6777325,9.979263,0.10169983,-0.3756714,9.800589,0.20641935,-0.27610564,-0.05152893,-0.016525269,-0.014343262,-39.35852,22.619629,7.4386597,0,0.0,0.0,0.0,0.0
0.207519531,-0.03288228,0.2601367,-0.9650117,-0.012922692,0.96534246,0.26066616,0.99937564,0.021041848,-0.028380994,0.6467973,0.1450424,-0.74874294,-0.10339241,0.9893618,0.10233885,0.75562114,0.011221839,0.6549128,9.974487,0.102890015,-0.37208557,9.800528,0.20635004,-0.2783225,-0.050613403,0.0036315918,-0.016021729,-39.35852,22.619629,7.4386597,0,0.0,0.0,0.0,0.0
0.215820312,-0.033168286,0.27553824,-0.96071774,-0.012378718,0.96105963,0.27606365,0.99937314,0.021049011,-0.028465891,0.6239859,0.14964984,-0.76697236,-0.10354551,0.9886709,0.1086656,0.774545,0.011610738,0.63241225,9.978073,0.110076904,-0.32901,9.800503,0.20642029,-0.27915505,-0.0443573,0.017669678,-0.022277832,-39.479065,22.439575,7.798767,0,0.0,0.0,0.0,0.0
0.224121093,-0.03312252,0.27561197,-0.9606982,-0.0124260355,0.96103776,0.2761378,0.99937403,0.021084048,-0.028407227,0.6015121,0.15469727,-0.7837423,-0.103802234,0.98788923,0.11532551,0.79209113,0.011984519,0.6102852,9.98645,0.102890015,-0.29312134,9.800511,0.20676388,-0.27857974,-0.04664612,0.010803223,-0.019073486,-39.479065,22.439575,7.798767,0,0.0,0.0,0.0,0.0
0.232421875,-0.03291478,0.26674262,-0.96320564,-0.012781588,0.9635367,0.26727107,0.9993764,0.021108463,-0.028305199,0.5904423,0.15714556,-0.7916333,-0.10382086,0.9875005,0.11859165,0.8003744,0.012166522,0.59937704,9.973282,0.11366272,-0.3062744,9.800535,0.20700331,-0.2775792,-0.04786682,0.0056152344,-0.01739502,-39.35852,22.439575,7.559204,0,0.0,0.0,0.0,0.0
0.240722656,-0.032743238,0.25664887,-0.9659499,-0.01314629,0.9662739,0.2571806,0.9993773,0.021119583,-0.028264957,0.5686988,0.1615333,-0.80652875,-0.103447594,0.9867878,0.124693096,0.8160149,0.012520647,0.5778953,9.997208,0.10887146,-0.29193115,9.800544,0.20711237,-0.27718455,-0.050613403,-0.002166748,-0.015716553,-39.65912,22.259521,7.258606,0,0.0,0.0,0.0,0.0
0.249023437,-0.032750405,0.25663704,-0.96595275,-0.013139779,0.9662771,0.2571687,0.9993772,0.021114789,-0.028273819,0.55803347,0.16345406,-0.8135609,-0.10305832,0.9864693,0.12750416,0.823394,0.012692636,0.5673282,9.997208,0.10887146,-0.29193115,9.800543,0.20706536,-0.27727145,-0.049087524,-0.0027923584,-0.012969971,-39.65912,22.259521,7.258606,0,0.0,0.0,0.0,0.0
0.257324218,-0.03281374,0.25653258,-0.9659784,-0.013114395,0.9663051,0.25706482,0.99937534,0.02110348,-0.028343813,0.53708524,0.16717872,-0.8267954,-0.102142595,0.98584056,0.13298607,0.8373209,0.013026174,0.5465565,9.949356,0.11126709,-0.32183838,9.800525,0.20695446,-0.27795786,-0.047409058,-0.0040130615,-0.0146484375,-39.65912,22.259521,7.258606,0,0.0,0.0,0.0,0.0
0.265625,-0.033014487,0.26498276,-0.96368784,-0.012779284,0.9640227,0.26551262,0.99937314,0.021081004,-0.028440427,0.5166614,0.17074938,-0.83899087,-0.101059735,0.9852241,0.13827652,0.85020465,0.0133460555,0.52628314,9.982849,0.1040802,-0.33857727,9.800504,0.20673405,-0.27890533,-0.044799805,0.0014953613,-0.01586914,-39.29901,22.37854,7.499695,0,0.0,0.0,0.0,0.0
0.273925781,-0.03308508,0.26486853,-0.9637168,-0.012750379,0.96405435,0.265399,0.9993712,0.021068502,-0.02851864,0.5066324,0.17265297,-0.84469795,-0.100551315,0.9848902,0.14099914,0.85627866,0.013500763,0.5163377,9.982849,0.1040802,-0.33857727,9.800484,0.20661144,-0.27967232,-0.05168152,0.0014953613,-0.01586914,-39.29901,22.37854,7.499695,0,0.0,0.0,0.0,0.0
0.282226562,-0.032741085,0.24183649,-0.9697645,-0.01354877,0.97008806,0.24237461,0.99937195,0.021074723,-0.028485147,0.48698542,0.17634021,-0.85542345,-0.099417806,0.9842325,0.14629567,0.8677334,0.013800464,0.49683824,9.960129,0.10647583,-0.29193115,9.800491,0.20667244,-0.27934387,-0.057785034,0.009429932,-0.016479492,-39.479065,22.079468,6.8389893,0,0.0,0.0,0.0,0.0
0.290527343,-0.032683562,0.24193257,-0.9697425,-0.013556604,0.9700643,0.24246976,0.9993738,0.021071188,-0.02842537,0.47741818,0.17765912,-0.86052835,-0.09857215,0.98399323,0.14846142,0.87312967,0.013945957,0.4872885,9.960129,0.10647583,-0.29193115,9.800509,0.20663777,-0.27875766,-0.05229187,0.0057678223,-0.010375977,-39.479065,22.079468,6.8389893,0,0.0,0.0,0.0,0.0
0.298828125,-0.032725096,0.249144,-0.9679134,-0.013296057,0.9682379,0.24967706,0.99937594,0.021040136,-0.028373042,0.45870116,0.18022129,-0.8701227,-0.096830875,0.9835232,0.15266281,0.88329893,0.01422813,0.46859422,9.9673,0.095718384,-0.3134613,9.80053,0.20633325,-0.2782445,-0.049240112,0.015533447,-0.015258789,-39.959717,22.019958,7.019043,0,0.0,0.0,0.0,0.0
0.307128906,-0.032662414,0.24924977,-0.96788836,-0.01330552,0.9682108,0.24978182,0.9993779,0.021036731,-0.0283077,0.44051424,0.18297046,-0.87890214,-0.09515981,0.98301154,0.156949,0.892688,0.014497899,0.45044202,9.973282,0.110076904,-0.33140564,9.8005495,0.20629987,-0.27760372,-0.049545288,0.01828003,-0.018463135,-39.959717,22.019958,7.019043,0,0.0,0.0,0.0,0.0
0.315429687,-0.03241546,0.23695807,-0.970979,-0.013756748,0.97129166,0.23749363,0.99937975,0.02105598,-0.028225094,0.4316313,0.18430558,-0.8830208,-0.09430129,0.98276013,0.15902768,0.8971074,0.014628682,0.4415703,9.973282,0.110076904,-0.33140564,9.800568,0.20648862,-0.27679363,-0.051223755,0.017227173,-0.023040771,-40.25879,21.77887,6.6589355,0,0.0,0.0,0.0,0.0
0.323730468,-0.03231117,0.23713842,-0.9709384,-0.013794461,0.9712473,0.23767292,0.9993827,0.021073062,-0.02811094,0.41433236,0.18640217,-0.8908327,-0.09233689,0.98236084,0.16260742,0.90542954,0.014883217,0.42423564,9.968506,0.09690857,-0.30867004,9.800596,0.20665614,-0.27567416,-0.051376343,0.017669678,-0.019836426,-40.25879,21.77887,6.6589355,0,0.0,0.0,0.0,0.0
0.33203125,-0.032156244,0.23290242,-0.97196835,-0.013986802,0.9722712,0.23343773,0.999385,0.021101208,-0.028007029,0.3975865,0.18842214,-0.8980101,-0.09035686,0.98197156,0.16603436,0.91310495,0.015128348,0.40744388,9.991226,0.110076904,-0.31704712,9.800619,0.20693217,-0.27465513,-0.05519104,0.012481689,-0.013885498,-40.25879,21.479797,6.478882,0,0.0,0.0,0.0,0.0
0.340332031,-0.032086223,0.23302543,-0.9719411,-0.014010626,0.9722415,0.23355997,0.99938697,0.021111563,-0.027930725,0.3894277,0.18931606,-0.90139085,-0.089328796,0.9817978,0.16761094,0.916715,0.015247812,0.39925066,9.991226,0.110076904,-0.31704712,9.800638,0.20703371,-0.27390686,-0.051071167,0.008514404,-0.016021729,-40.25879,21.479797,6.478882,0,0.0,0.0,0.0,0.0
0.348632812,-0.031609774,0.2055997,-0.9781256,-0.014940113,0.978408,0.20614189,0.9993886,0.021129403,-0.027855571,0.37351593,0.19105506,-0.9077356,-0.08727639,0.9814573,0.170659,0.92350894,0.015480027,0.3832645,9.993622,0.12322998,-0.2763672,9.800654,0.20720866,-0.27316985,-0.051223755,-0.0030975342,-0.01449585,-40.438843,21.1792,5.758667,0,0.0,0.0,0.0,0.0
0.356933593,-0.03162974,0.20556344,-0.97813255,-0.0149232205,0.9784159,0.20610556,0.9993882,0.021115953,-0.027879376,0.35823286,0.19163202,-0.91375405,-0.08483264,0.9813412,0.17254815,0.92977023,0.01570375,0.3678053,9.984055,0.10169983,-0.3026886,9.800651,0.20707676,-0.2734033,-0.05168152,-0.008590698,-0.0146484375,-40.438843,21.1792,5.758667,0,0.0,0.0,0.0,0.0
0.365234375,-0.03145878,0.18982747,-0.9813133,-0.015390056,0.9815908,0.19037452,0.99938655,0.02109142,-0.027958198,0.3507842,0.19191113,-0.9165809,-0.08363266,0.981285,0.17345166,0.93271434,0.015812,0.3602693,9.984055,0.10169983,-0.3026886,9.800634,0.20683618,-0.27417627,-0.04801941,-0.010116577,-0.012512207,-40.559387,20.878601,5.3390503,0,0.0,0.0,0.0,0.0
0.373535156,-0.031604383,0.1895568,-0.981361,-0.015381452,0.9816429,0.19010662,0.9993821,0.02110296,-0.028108561,0.3363164,0.19182871,-0.9220049,-0.08106305,0.9812977,0.17459585,0.93825376,0.016021075,0.34557673,9.985245,0.11605835,-0.33021545,9.8005905,0.20694934,-0.27565083,-0.047409058,-0.0096588135,-0.01876831,-40.559387,20.878601,5.3390503,0,0.0,0.0,0.0,0.0
0.381835937,-0.031569753,0.17927381,-0.9832925,-0.015710585,0.98357236,0.17982924,0.9993781,0.021125268,-0.02823464,0.32233787,0.19173883,-0.927003,-0.078576595,0.9813119,0.17564927,0.9433578,0.016222326,0.33138016,9.970886,0.095718384,-0.29551697,9.800551,0.20716812,-0.27688724,-0.045578003,-0.0124053955,-0.017547607,-40.79895,20.458984,5.039978,0,0.0,0.0,0.0,0.0
0.390136718,-0.031672664,0.17907661,-0.9833251,-0.015692694,0.98360837,0.17963365,0.9993751,0.021120498,-0.028343301,0.3155444,0.19148985,-0.9293887,-0.077299625,0.9813589,0.17595306,0.94575715,0.01632039,0.3244644,9.970886,0.095718384,-0.29551697,9.800522,0.20712134,-0.27795285,-0.05000305,-0.01637268,-0.015258789,-40.79895,20.458984,5.039978,0,0.0,0.0,0.0,0.0
0.3984375,-0.031595074,0.1652189,-0.9857508,-0.016132567,0.98603034,0.16578284,0.9993705,0.021140607,-0.028488291,0.3023089,0.19099888,-0.93387836,-0.07481783,0.9814514,0.1765091,0.9502692,0.016510483,0.3109916,9.951752,0.117248535,-0.29910278,9.800477,0.20731854,-0.27937472,-0.050460815,-0.017288208,-0.016021729,-41.218567,20.039368,4.6798706,0,0.0,0.0,0.0,0.0
0.406738281,-0.031774793,0.16486186,-0.9858047,-0.016123716,0.98608977,0.16542923,0.999365,0.021151315,-0.028674614,0.2895723,0.18998036,-0.9381127,-0.07227254,0.981646,0.17648768,0.95442367,0.016693844,0.29798782,9.957733,0.119644165,-0.33259583,9.800423,0.20742355,-0.2812019,-0.049545288,-0.0067596436,-0.009765625,-41.218567,20.039368,4.6798706,0,0.0,0.0,0.0,0.0
0.415039062,-0.031763557,0.15651238,-0.98716515,-0.016349584,0.98744994,0.1570836,0.99936163,0.021129273,-0.028806007,0.28336987,0.18947913,-0.9401059,-0.07104064,0.9817413,0.17645746,0.95637584,0.016782995,0.2916566,9.957733,0.119644165,-0.33259583,9.80039,0.20720738,-0.28249043,-0.04878235,-0.0014190674,-0.00730896,-41.39862,19.979858,4.499817,0,0.0,0.0,0.0,0.0
0.423339843,-0.03182365,0.15639171,-0.9871822,-0.0163453,0.9874689,0.15696405,0.9993598,0.021130962,-0.0288686,0.27131426,0.1881774,-0.9439162,-0.068567894,0.98198867,0.17605868,0.9600453,0.016955115,0.27933046,9.9673,0.12802124,-0.32063293,9.800372,0.20722395,-0.28310427,-0.042373657,-0.0053863525,-0.023803711,-41.39862,19.979858,4.499817,0,0.0,0.0,0.0,0.0
0.431640625,-0.031734176,0.14823924,-0.9884422,-0.016598336,0.98872566,0.14881465,0.9993585,0.02112901,-0.028915873,0.25968572,0.18692218,-0.9474299,-0.06621213,0.9822255,0.17563874,0.9634206,0.017120484,0.2674465,9.976868,0.09211731,-0.33259583,9.800359,0.20720482,-0.28356785,-0.045272827,0.012481689,-0.017700195,-41.218567,19.979858,4.319763,0,0.0,0.0,0.0,0.0
0.439941406,-0.031733386,0.14824083,-0.98844206,-0.016602699,0.9887255,0.14881636,0.9993585,0.021133251,-0.028914407,0.25403863,0.18615113,-0.9491112,-0.06503483,0.98237056,0.17526715,0.9650051,0.017200658,0.2616664,9.976868,0.09211731,-0.33259583,9.800359,0.20724641,-0.28355348,-0.052749634,0.009124756,-0.018920898,-41.218567,19.979858,4.319763,0,0.0,0.0,0.0,0.0
0.448242187,-0.031687357,0.14990221,-0.988193,-0.016589448,0.9884744,0.15047686,0.99936014,0.021161787,-0.028835343,0.2430505,0.18465468,-0.95227575,-0.06277011,0.98265016,0.17452367,0.9679806,0.017356392,0.2504244,9.980469,0.12083435,-0.29551697,9.800376,0.20752627,-0.28277814,-0.05229187,0.012329102,-0.01876831,-40.919495,20.219421,4.3792725,0,0.0,0.0,0.0,0.0
0.456542968,-0.031622373,0.15002993,-0.9881756,-0.0166134,0.9884545,0.15060392,0.99936175,0.021179412,-0.028764773,0.23245905,0.18328252,-0.95518076,-0.060636684,0.98290443,0.17384526,0.9707142,0.017507093,0.23959868,9.962524,0.11126709,-0.30389404,9.800391,0.20769908,-0.28208607,-0.052139282,0.0095825195,-0.016937256,-40.919495,20.219421,4.3792725,0,0.0,0.0,0.0,0.0
0.46484375,-0.031640455,0.15541743,-0.98734206,-0.016478484,0.9876213,0.15598945,0.9993635,0.021205477,-0.028687742,0.22731023,0.18261935,-0.95654595,-0.059611276,0.9830265,0.17350906,0.9719961,0.017580543,0.23433815,9.962524,0.11126709,-0.30389404,9.800408,0.2079547,-0.28133065,-0.050613403,0.011566162,-0.022735596,-41.09955,20.219421,4.499817,0,0.0,0.0,0.0,0.0
0.473144531,-0.03157586,0.1555447,-0.98732406,-0.016502498,0.9876008,0.15611608,0.9993651,0.021222813,-0.028617468,0.21728723,0.18154465,-0.9590765,-0.057685513,0.983223,0.1730462,0.9744017,0.017724095,0.22411428,9.957733,0.098098755,-0.30508423,9.800425,0.20812473,-0.28064153,-0.051223755,0.007598877,-0.019836426,-41.09955,20.219421,4.499817,0,0.0,0.0,0.0,0.0
0.481445312,-0.03143799,0.15266424,-0.9877779,-0.016647384,0.98804927,0.15323603,0.999367,0.021261353,-0.028520824,0.20763677,0.18051727,-0.9614055,-0.0558535,0.9834096,0.17258605,0.9766101,0.017862648,0.21427453,9.96611,0.11126709,-0.275177,9.800443,0.20850265,-0.27969375,-0.04725647,-0.0018615723,-0.01739502,-41.279602,20.219421,4.4387817,0,0.0,0.0,0.0,0.0
0.489746093,-0.03139945,0.15274064,-0.9877674,-0.016675193,0.98803705,0.15331243,0.9993678,0.021285135,-0.028476838,0.20295194,0.17996153,-0.96250933,-0.054959603,0.9835102,0.17229946,0.9776451,0.017930623,0.20949593,9.96611,0.11126709,-0.275177,9.80045,0.20873587,-0.2792624,-0.046798706,-0.0040130615,-0.01739502,-41.279602,20.219421,4.4387817,0,0.0,0.0,0.0,0.0
0.498046875,-0.031780176,0.17032528,-0.98487526,-0.016111882,0.9851576,0.17089401,0.999365,0.021299236,-0.028564222,0.1938461,0.17888601,-0.9645846,-0.05323866,0.983704,0.17173275,0.9795863,0.018063465,0.20021085,9.973282,0.117248535,-0.32661438,9.800423,0.20887415,-0.28011933,-0.045578003,-0.011184692,-0.0119018555,-41.279602,20.399475,4.8599243,0,0.0,0.0,0.0,0.0
0.506347656,-0.031891473,0.17010814,-0.9849092,-0.016107649,0.9851949,0.17067906,0.99936146,0.02130778,-0.028679278,0.1850411,0.17854726,-0.96637505,-0.051731195,0.9837632,0.17185442,0.98136824,0.018191606,0.19127308,9.984055,0.13279724,-0.3062744,9.800388,0.20895794,-0.28124765,-0.053359985,-0.024017334,-0.012817383,-41.279602,20.399475,4.8599243,0,0.0,0.0,0.0,0.0
0.514648437,-0.032239012,0.18116166,-0.98292476,-0.015717864,0.9832225,0.18173206,0.9993566,0.02130834,-0.028850647,0.18076222,0.1783786,-0.9672156,-0.050999764,0.9837926,0.17190449,0.98220366,0.018253934,0.1869298,9.984055,0.13279724,-0.3062744,9.800341,0.20896344,-0.2829282,-0.05076599,-0.017593384,-0.016937256,-40.979004,20.698547,5.1589966,0,0.0,0.0,0.0,0.0
0.522949218,-0.032453828,0.18075334,-0.9829929,-0.015690181,0.9832976,0.18132739,0.9993501,0.021308104,-0.029075718,0.17242001,0.17848888,-0.9687172,-0.04965767,0.9837704,0.172424,0.983771,0.018374892,0.17848502,9.96611,0.11366272,-0.34576416,9.800277,0.20896111,-0.2851354,-0.05229187,-0.01423645,-0.016937256,-40.979004,20.698547,5.1589966,0,0.0,0.0,0.0,0.0
0.53125,-0.032673974,0.18128952,-0.98288685,-0.01561876,0.9831992,0.18186635,0.999344,0.02129377,-0.029293507,0.16438843,0.17857863,-0.97009593,-0.04835957,0.9837519,0.17289765,0.9852095,0.018491048,0.17035341,9.98764,0.10647583,-0.37088013,9.800218,0.20882058,-0.2872712,-0.05458069,-0.0040130615,-0.013885498,-40.79895,20.939636,5.218506,0,0.0,0.0,0.0,0.0
0.539550781,-0.03282516,0.18100671,-0.98293394,-0.015568624,0.98325205,0.1815852,0.9993399,0.021263491,-0.029457375,0.16048409,0.17863289,-0.9707395,-0.047729053,0.9837409,0.17313474,0.9858837,0.018547105,0.16640076,9.98764,0.10647583,-0.37088013,9.800177,0.20852363,-0.28887817,-0.048171997,0.0056152344,-0.015258789,-40.79895,20.939636,5.218506,0,0.0,0.0,0.0,0.0
0.547851562,-0.03329161,0.20615503,-0.97795284,-0.014704383,0.9782883,0.20672631,0.9993375,0.021262445,-0.029537411,0.15289535,0.17872696,-0.97194636,-0.04649835,0.98372185,0.17357773,0.9871479,0.018654676,0.15871699,9.968506,0.11366272,-0.38046265,9.800154,0.20851338,-0.28966308,-0.049087524,0.019821167,-0.017089844,-40.438843,21.359253,5.8792114,0,0.0,0.0,0.0,0.0
0.556152343,-0.033214085,0.20629443,-0.9779261,-0.014728464,0.97825867,0.20686482,0.9993397,0.021274175,-0.029453564,0.14554954,0.179816,-0.9728728,-0.045459844,0.9835214,0.17498302,0.988306,0.018757947,0.1513255,9.9673,0.122039795,-0.33259583,9.800175,0.2086284,-0.2888408,-0.051071167,0.02684021,-0.0146484375,-40.438843,21.359253,5.8792114,0,0.0,0.0,0.0,0.0
0.564453125,-0.033200398,0.21490638,-0.97607017,-0.01446716,0.9764028,0.21547171,0.99934393,0.02127471,-0.029307878,0.1419858,0.18034695,-0.9733011,-0.04495035,0.98342323,0.17566513,0.98884755,0.018808274,0.14773878,9.9673,0.122039795,-0.33259583,9.800217,0.20863363,-0.2874121,-0.04862976,0.02897644,-0.017852783,-40.078735,21.598816,6.1187744,0,0.0,0.0,0.0,0.0
0.572753906,-0.03300139,0.21525577,-0.9759999,-0.014512872,0.97632575,0.21581836,0.99935,0.021286868,-0.029096125,0.13848706,0.18104053,-0.97367644,-0.044471733,0.98329484,0.17650367,0.9893653,0.018857602,0.1442248,9.979263,0.11605835,-0.30389404,9.800276,0.20875287,-0.2853355,-0.05091858,0.025924683,-0.018920898,-40.078735,21.598816,6.1187744,0,0.0,0.0,0.0,0.0
0.581054687,-0.03279809,0.21561265,-0.975928,-0.01458711,0.97624606,0.21617316,0.99935555,0.021326035,-0.02887384,0.13170278,0.1824,-0.9743637,-0.04353138,0.9830417,0.17814046,0.99033296,0.018953802,0.13740945,9.961319,0.124420166,-0.3062744,9.80033,0.20913698,-0.28315565,-0.05458069,0.030960083,-0.017852783,-40.078735,21.598816,6.1187744,0,0.0,0.0,0.0,0.0
0.589355468,-0.03280088,0.2321954,-0.97211593,-0.01410485,0.9724349,0.23274751,0.99936235,0.021345872,-0.028621636,0.12203231,0.18435949,-0.9752537,-0.042161837,0.9826734,0.18048643,0.99163026,0.019093312,0.12769084,9.972092,0.13160706,-0.28355408,9.800397,0.20933151,-0.28068238,-0.047409058,0.04135132,-0.021972656,-39.959717,21.479797,6.478882,0,0.0,0.0,0.0,0.0
0.59765625,-0.032491807,0.23076452,-0.972467,-0.0142902285,0.97277397,0.23131484,0.9993698,0.021412611,-0.028309505,0.11892631,0.18532097,-0.9754551,-0.041756354,0.9824916,0.18156692,0.99202466,0.019138366,0.12458244,9.972092,0.13160706,-0.28355408,9.80047,0.20998599,-0.27762142,-0.047409058,0.037368774,-0.020751953,-39.779663,21.958923,6.539917,0,0.0,0.0,0.0,0.0
0.605957031,-0.032208655,0.23124616,-0.9723619,-0.014415943,0.972658,0.23179409,0.9993772,0.021483293,-0.02799438,0.11588924,0.18623416,-0.97564673,-0.041351784,0.9823181,0.18259574,0.992401,0.019183852,0.12154121,9.972092,0.13160706,-0.28355408,9.800543,0.21067914,-0.2745311,-0.05458069,0.034469604,-0.01953125,-39.779663,21.958923,6.539917,0,0.0,0.0,0.0,0.0
0.614257812,-0.032188702,0.24736702,-0.968387,-0.013998026,0.96868247,0.24790779,0.99938375,0.021535337,-0.027717981,0.1100063,0.18802486,-0.9759842,-0.04055693,0.98197514,0.18460773,0.9931031,0.019274915,0.11564916,9.964905,0.12562561,-0.27038574,9.800607,0.21118952,-0.27182055,-0.051376343,0.014465332,-0.018920898,-39.239502,22.138977,6.9595337,0,0.0,0.0,0.0,0.0
0.622558593,-0.03201049,0.24766119,-0.9683178,-0.014053056,0.96860707,0.24819973,0.9993888,0.021552816,-0.027525185,0.10714439,0.18921933,-0.97607183,-0.040200867,0.9817448,0.18590617,0.99343044,0.019320127,0.11279523,9.978073,0.10887146,-0.24526978,9.800656,0.21136093,-0.26992986,-0.046798706,0.001953125,-0.016937256,-39.239502,22.138977,6.9595337,0,0.0,0.0,0.0,0.0
0.630859375,-0.0319559,0.24775122,-0.9682965,-0.014073562,0.96858364,0.24828915,0.9993901,0.021561684,-0.027465224,0.10159859,0.19154802,-0.9762106,-0.039492756,0.98129135,0.18843475,0.99404126,0.01940854,0.10726258,9.969696,0.12921143,-0.3026886,9.80067,0.2114479,-0.26934186,-0.0443573,-0.004776001,-0.02243042,-39.239502,22.138977,6.9595337,0,0.0,0.0,0.0,0.0
0.639160156,-0.032053255,0.24899079,-0.96797526,-0.014047999,0.968265,0.2495305,0.99938744,0.021596381,-0.027538225,0.096275255,0.19378711,-0.9763081,-0.038788218,0.98084986,0.19086364,0.9945987,0.019493807,0.10194824,9.98645,0.1268158,-0.2871399,9.800643,0.21178816,-0.27005774,-0.04725647,-0.01576233,-0.014038086,-39.118958,22.019958,6.9595337,0,0.0,0.0,0.0,0.0
0.647460937,-0.03208081,0.2433418,-0.96940994,-0.014202451,0.9697002,0.24388468,0.99938434,0.021592015,-0.027652722,0.09369104,0.19489792,-0.9763385,-0.038440242,0.9806289,0.19206561,0.994859,0.01953586,0.09936807,9.956528,0.110076904,-0.28953552,9.800613,0.21174535,-0.2711806,-0.04786682,-0.014541626,-0.0132751465,-39.179993,22.079468,6.8389893,0,0.0,0.0,0.0,0.0
0.655761718,-0.03224822,0.24306457,-0.9694739,-0.014162292,0.96976995,0.24360988,0.9993796,0.021585958,-0.027831005,0.088681564,0.19682632,-0.9764195,-0.03772623,0.9802421,0.19417049,0.9953453,0.019617284,0.09435491,9.974487,0.12322998,-0.31585693,9.800566,0.21168594,-0.27292892,-0.054275513,-0.019119263,-0.016021729,-39.179993,22.079468,6.8389893,0,0.0,0.0,0.0,0.0
0.6640625,-0.032489147,0.24811049,-0.96818686,-0.013958554,0.9684911,0.24865685,0.99937457,0.021593135,-0.028002184,0.08386476,0.19866654,-0.9764724,-0.03701865,0.97986925,0.19617827,0.9957893,0.019695245,0.08953087,9.974487,0.12322998,-0.31585693,9.800517,0.21175632,-0.27460763,-0.053970337,-0.0069122314,-0.01020813,-39.179993,22.259521,7.019043,0,0.0,0.0,0.0,0.0
0.672363281,-0.032609683,0.24791294,-0.9682333,-0.013924396,0.96854174,0.24846089,0.9993711,0.021584297,-0.028131805,0.07922575,0.20063516,-0.9764573,-0.03633675,0.97946656,0.19830526,0.99619424,0.0197704,0.0848894,9.958923,0.1040802,-0.3397827,9.800484,0.21166967,-0.2758788,-0.047409058,-3.3569336E-4,-0.01373291,-39.179993,22.259521,7.019043,0,0.0,0.0,0.0,0.0
0.680664062,-0.032702126,0.2477615,-0.96826893,-0.013851311,0.9685817,0.24830934,0.99936914,0.02153204,-0.02824286,0.076973714,0.20158575,-0.9764417,-0.03599806,0.97927064,0.19933203,0.9963831,0.01980668,0.082634784,9.96611,0.10647583,-0.33380127,9.800464,0.21115719,-0.27696785,-0.05305481,-3.3569336E-4,-0.01373291,-39.179993,22.259521,7.019043,0,0.0,0.0,0.0,0.0
0.688964843,-0.032483365,0.23263334,-0.9720218,-0.01433707,0.9723265,0.23318538,0.99936944,0.021510595,-0.028249163,0.072601,0.20342368,-0.97639537,-0.035324614,0.97888905,0.20131662,0.9967353,0.019875003,0.078254186,9.969696,0.11126709,-0.31704712,9.800467,0.21094689,-0.27702966,-0.054122925,0.017669678,-0.016937256,-39.419556,22.31903,6.6589355,0,0.0,0.0,0.0,0.0
0.697265625,-0.032476943,0.23986101,-0.9702639,-0.014100309,0.97056943,0.24040852,0.999373,0.021488752,-0.028139008,0.068424076,0.20458406,-0.97645456,-0.03461879,0.97864586,0.2026173,0.9970555,0.019939775,0.07404539,9.972092,0.098098755,-0.28953552,9.800502,0.21073268,-0.27594942,-0.04664612,0.016921997,-0.016937256,-39.479065,22.31903,6.8389893,0,0.0,0.0,0.0,0.0
0.705566406,-0.03235273,0.24006641,-0.9702172,-0.014124105,0.97051865,0.24061199,0.9993767,0.021487903,-0.028008204,0.06639546,0.20529242,-0.976446,-0.034282587,0.9784969,0.2033925,0.9972043,0.019970754,0.072005704,9.9673,0.10647583,-0.29551697,9.800538,0.21072434,-0.27466667,-0.04664612,0.019515991,-0.016479492,-39.479065,22.31903,6.8389893,0,0.0,0.0,0.0,0.0
0.713867187,-0.032076944,0.2307533,-0.97248346,-0.014460977,0.9727751,0.23129949,0.9993807,0.02148244,-0.027866734,0.062464606,0.20667477,-0.97641367,-0.033623055,0.97820467,0.20490287,0.9974807,0.020030836,0.0680522,9.9673,0.10647583,-0.29551697,9.800577,0.21067077,-0.2732793,-0.045578003,0.01675415,-0.013885498,-39.59961,22.558594,6.6589355,0,0.0,0.0,0.0,0.0
0.722167968,-0.0319594,0.23094717,-0.9724412,-0.014456335,0.9727296,0.23149076,0.9993846,0.021456243,-0.027749207,0.060567375,0.20715763,-0.97643083,-0.033287834,0.97810185,0.2054473,0.99760884,0.020059867,0.06613689,9.98764,0.098098755,-0.30389404,9.800615,0.21041387,-0.27212676,-0.052444458,0.010498047,-0.016021729,-39.59961,22.558594,6.6589355,0,0.0,0.0,0.0,0.0
0.73046875,-0.0318483,0.23113045,-0.9724014,-0.014467214,0.9726864,0.23167203,0.99938804,0.021446299,-0.02763459,0.05689097,0.20810218,-0.9764512,-0.032632157,0.9779002,0.20650977,0.99784696,0.020115165,0.062424507,9.984055,0.11126709,-0.2715912,9.800649,0.21031636,-0.27100277,-0.052597046,0.0065307617,-0.014953613,-39.59961,22.558594,6.6589355,0,0.0,0.0,0.0,0.0
0.738769531,-0.03178388,0.22928043,-0.9728413,-0.014512109,0.97312456,0.22982131,0.99938935,0.021422595,-0.027602335,0.055110086,0.20856395,-0.9764548,-0.032311905,0.97780126,0.20702791,0.9979573,0.020141788,0.06062581,9.962524,0.10887146,-0.28355408,9.800662,0.21008389,-0.27068645,-0.047409058,-0.0040130615,-0.010513306,-39.59961,22.259521,6.539917,0,0.0,0.0,0.0,0.0
0.747070312,-0.031731497,0.22526194,-0.97378147,-0.014590032,0.9740639,0.2258027,0.99938995,0.021372557,-0.027621923,0.051658712,0.2093862,-0.9764675,-0.031680897,0.9776245,0.20795827,0.99816215,0.02019251,0.057136364,9.978073,0.095718384,-0.28953552,9.800667,0.20959318,-0.27087852,-0.052597046,-0.002166748,-0.018310547,-39.959717,22.37854,6.478882,0,0.0,0.0,0.0,0.0
0.755371093,-0.031770583,0.22519618,-0.97379535,-0.014567826,0.9740794,0.22573714,0.999389,0.02135788,-0.027666446,0.048349313,0.21001597,-0.97650176,-0.031059112,0.97748846,0.20869036,0.99834746,0.02023924,0.053783804,9.96611,0.105285645,-0.29431152,9.800658,0.20944926,-0.27131516,-0.043884277,-0.011795044,-0.021057129,-39.959717,22.37854,6.478882,0,0.0,0.0,0.0,0.0
0.763671875,-0.031869583,0.2250296,-0.9738306,-0.014551384,0.97411776,0.22557217,0.9993861,0.021359473,-0.027770234,0.04674334,0.21032007,-0.97651446,-0.03075531,0.9774226,0.20904349,0.9984334,0.020261614,0.052156456,9.96611,0.105285645,-0.29431152,9.80063,0.20946488,-0.27233297,-0.05229187,-0.016067505,-0.009597778,-39.959717,22.37854,6.478882,0,0.0,0.0,0.0,0.0
0.771972656,-0.03180267,0.21058784,-0.9770575,-0.014956381,0.9773423,0.21113604,0.99938226,0.021327933,-0.027932461,0.043623555,0.21090351,-0.97653306,-0.030161666,0.977296,0.20972092,0.9985926,0.02030509,0.048994325,9.968506,0.0993042,-0.3146515,9.800592,0.20915557,-0.27392387,-0.053207397,-0.0096588135,-0.018310547,-40.078735,22.619629,6.1798096,0,0.0,0.0,0.0,0.0
0.780273437,-0.031949785,0.21034041,-0.97710603,-0.0149223525,0.9773958,0.21089073,0.9993781,0.021318633,-0.028088812,0.040638775,0.21089104,-0.9766644,-0.029561346,0.9772978,0.20979775,0.9987365,0.020345593,0.04595041,9.954147,0.0993042,-0.3146515,9.800551,0.20906438,-0.27545714,-0.045578003,-0.015151978,-0.019378662,-40.078735,22.619629,6.1798096,0,0.0,0.0,0.0,0.0
0.788574218,-0.032215543,0.21817604,-0.97537756,-0.014632719,0.97567654,0.2187262,0.9993738,0.02131881,-0.028239442,0.039188,0.21088006,-0.9767261,-0.029269058,0.9772998,0.20982957,0.9988031,0.020365054,0.044470683,9.9756775,0.107681274,-0.32183838,9.800509,0.20906612,-0.27693433,-0.045578003,-0.008590698,-0.010375977,-39.779663,22.558594,6.3598633,0,0.0,0.0,0.0,0.0
0.796875,-0.032195807,0.21124978,-0.9769017,-0.01484276,0.9771997,0.21180339,0.9993714,0.021319099,-0.028326202,0.036357846,0.2111692,-0.9767731,-0.02871216,0.97723657,0.21020065,0.9989263,0.020402823,0.041593343,9.981659,0.119644165,-0.30747986,9.800486,0.20906894,-0.27778515,-0.049545288,0.0010375977,-0.014953613,-39.718628,22.799683,6.239319,0,0.0,0.0,0.0,0.0
0.805175781,-0.03225568,0.2111508,-0.97692114,-0.014839295,0.9772208,0.21170552,0.99936944,0.021325527,-0.028387593,0.03364423,0.21117242,-0.97686964,-0.028165335,0.9772351,0.21028137,0.9990369,0.020439107,0.038826063,10.001999,0.124420166,-0.33140564,9.800467,0.20913199,-0.2783872,-0.04710388,0.0031738281,-0.013427734,-39.718628,22.799683,6.239319,0,0.0,0.0,0.0,0.0
0.813476562,-0.03228855,0.21109645,-0.9769318,-0.0148314815,0.97723264,0.21165165,0.99936855,0.021323271,-0.028422553,0.032326773,0.211172,-0.97691417,-0.02789983,0.9772348,0.21031807,0.9990878,0.020456836,0.03748251,9.978073,0.122039795,-0.32063293,9.800458,0.20910986,-0.27873003,-0.04710388,0.0028686523,-0.012664795,-39.718628,22.799683,6.239319,0,0.0,0.0,0.0,0.0
0.821777343,-0.03243958,0.22164528,-0.9745876,-0.01448906,0.97489405,0.22219725,0.99936867,0.021328844,-0.028413722,0.02976886,0.211169,-0.9769962,-0.027384043,0.9772347,0.2103862,0.9991816,0.020491146,0.034873825,9.969696,0.12083435,-0.3397827,9.800459,0.20916452,-0.27864343,-0.050308228,0.015533447,-0.0146484375,-39.538574,22.439575,6.4193726,0,0.0,0.0,0.0,0.0
0.830078125,-0.032404892,0.221703,-0.9745757,-0.014518386,0.97488046,0.22225507,0.9993693,0.021351416,-0.028372124,0.02730091,0.21158436,-0.9769783,-0.026900517,0.9771442,0.21086857,0.99926525,0.02052432,0.032368653,9.969696,0.12083435,-0.3397827,9.800466,0.20938586,-0.2782355,-0.05091858,0.023025513,-0.023345947,-39.538574,22.439575,6.4193726,0,0.0,0.0,0.0,0.0
0.838378906,-0.032334916,0.22157578,-0.97460693,-0.0145876,0.97490835,0.22212829,0.99937063,0.021399673,-0.028291317,0.026104618,0.21178696,-0.9769672,-0.026665822,0.97709996,0.21110325,0.9993035,0.020540861,0.031154294,9.962524,0.12562561,-0.31944275,9.800478,0.2098591,-0.27744305,-0.05366516,0.015686035,-0.022277832,-39.718628,22.439575,6.4193726,0,0.0,0.0,0.0,0.0
0.846679687,-0.032144822,0.21453167,-0.97618794,-0.014909839,0.976481,0.21508704,0.99937195,0.02146874,-0.028190177,0.023786195,0.21217503,-0.9769421,-0.02621128,0.9770151,0.21155266,0.9993734,0.020574873,0.028800853,9.970886,0.10647583,-0.3014984,9.800491,0.21053642,-0.2764512,-0.047714233,0.0138549805,-0.016326904,-39.718628,22.439575,6.239319,0,0.0,0.0,0.0,0.0
0.854980468,-0.032063197,0.21466853,-0.9761605,-0.014934783,0.9764507,0.2152229,0.9993742,0.02147948,-0.028102104,0.021570515,0.21226837,-0.97697335,-0.025770236,0.97699404,0.21170391,0.9994351,0.02061027,0.026544468,9.991226,0.110076904,-0.2979126,9.800514,0.21064177,-0.27558753,-0.045425415,0.0042419434,-0.015258789,-39.718628,22.439575,6.239319,0,0.0,0.0,0.0,0.0
0.86328125,-0.032019928,0.21474107,-0.976146,-0.0149309775,0.97643495,0.2152944,0.99937564,0.021468526,-0.028059086,0.02049746,0.21231636,-0.976986,-0.025556762,0.9769832,0.2117796,0.9994632,0.020627653,0.025451794,9.979263,0.11366272,-0.30029297,9.800528,0.21053432,-0.27516565,-0.049850464,0.003479004,-0.014190674,-39.718628,22.439575,6.239319,0,0.0,0.0,0.0,0.0
0.871582031,-0.03207154,0.21671112,-0.9757088,-0.014849557,0.97599995,0.21726389,0.9993753,0.021456832,-0.028083757,0.018416876,0.21241245,-0.9770065,-0.025142124,0.9769617,0.21192874,0.9995142,0.020660954,0.023333082,9.991226,0.110076904,-0.29193115,9.800524,0.21041964,-0.27540758,-0.057937622,-0.01210022,-0.0146484375,-39.59961,22.499084,6.298828,0,0.0,0.0,0.0,0.0
0.879882812,-0.032144792,0.21658908,-0.97573346,-0.01480953,0.97602755,0.21714225,0.9993735,0.02143015,-0.028166626,0.017406283,0.21249846,-0.9770063,-0.024941191,0.9769426,0.21204025,0.99953735,0.02067687,0.022304904,9.991226,0.110076904,-0.29193115,9.800506,0.21015798,-0.27622023,-0.052597046,-0.014541626,-0.010375977,-39.59961,22.499084,6.298828,0,0.0,0.0,0.0,0.0
0.888183593,-0.03220522,0.21141787,-0.976865,-0.014928653,0.9771612,0.21197414,0.9993698,0.021409955,-0.02831351,0.015442431,0.21266052,-0.9770041,-0.0245489,0.9769067,0.21225129,0.99957937,0.020706698,0.020306395,9.963715,0.124420166,-0.3146515,9.80047,0.20995994,-0.2776607,-0.05091858,-0.011184692,-0.01020813,-39.35852,22.558594,6.1798096,0,0.0,0.0,0.0,0.0
0.896484375,-0.032584462,0.22749595,-0.9732337,-0.014350167,0.9735439,0.22804892,0.9993659,0.021396918,-0.028457802,0.013555919,0.21261133,-0.9770428,-0.02416657,0.97691685,0.21224862,0.999616,0.020734549,0.018381093,9.964905,0.11605835,-0.30029297,9.800432,0.20983209,-0.2790757,-0.042678833,-0.015304565,-0.015106201,-39.35852,22.079468,6.478882,0,0.0,0.0,0.0,0.0
0.904785156,-0.032690827,0.22731756,-0.97327185,-0.014323408,0.9735857,0.22787197,0.9993628,0.021389892,-0.028571358,0.012630185,0.21290953,-0.9769903,-0.02398446,0.97685164,0.21256924,0.9996326,0.020747798,0.017444337,9.964905,0.11605835,-0.30029297,9.800402,0.2097632,-0.2801893,-0.047561646,-0.0066070557,-0.014343262,-39.35852,22.079468,6.478882,0,0.0,0.0,0.0,0.0
