Time,Rot1,Rot2,Rot3,Rot4,Rot5,Rot6,Rot7,Rot8,Rot9,FRot1,FRot2,FRot3,FRot4,FRot5,FRot6,FRot7,FRot8,FRot9,AccX,AccY,AccZ,GravX,GravY,GravZ,GyroX,GyroY,GyroZ,MagX,MagY,MagZ,Imid
0.0,0.0,0.0,0.0,0.0,0.0,0.0,0.0,0.0,0.0,1.0,0.0,0.0,0.0,1.0,0.0,0.0,0.0,1.0,9.976868,0.15434265,0.76091003,9.781981,0.2344373,0.65441316,-0.05595398,-0.055923462,-0.021972656,0.0,0.0,0.0,0,0.0,0.0,0.0,0.0
0.008300782,0.054591678,0.33654955,-0.9400821,-0.044833794,0.9413626,0.33440444,0.9975017,0.023891741,0.066479355,1.0,0.0,0.0,0.0,1.0,0.0,0.0,0.0,1.0,9.957733,0.15672302,0.7262268,9.78215,0.23429795,0.65193975,-0.05595398,-0.10189819,-0.019378662,-38.938904,22.738647,5.8792114,0,0.0,0.0,0.0,0.0
0.016601563,0.05409343,0.33577532,-0.9403876,-0.044607,0.9416389,0.3336562,0.99753904,0.023899263,0.0659144,0.99952376,0.0068669855,-0.030082982,-0.0068782535,0.9999763,-2.7109054E-4,0.030080408,4.7787983E-4,0.99954736,9.957733,0.15672302,0.7262268,9.7825165,0.2343717,0.6463995,-0.072143555,-0.11639404,-0.014801025,-38.938904,22.738647,5.8792114,0,0.0,0.0,0.0,0.0
0.024902344,0.05354055,0.33140907,-0.9419667,-0.044036724,0.94318557,0.3293349,0.9975942,0.02384836,0.06509286,0.9958829,0.020157898,-0.08837906,-0.02020323,0.9997958,3.8165832E-4,0.08836871,0.0014054554,0.99608684,9.94577,0.13877869,0.6903229,9.783057,0.23387253,0.6383429,-0.05870056,-0.10144043,-0.0119018555,-39.29901,22.37854,5.6396484,0,0.0,0.0,0.0,0.0
0.033203125,0.052702278,0.33006757,-0.942485,-0.043576993,0.9436577,0.32804152,0.997659,0.023782125,0.06411626,0.9890219,0.03273574,-0.14409715,-0.032724593,0.9994614,0.0024481146,0.14409968,0.0022942815,0.9895605,9.973282,0.16151428,0.5120697,9.783693,0.23322298,0.62876576,-0.050308228,-0.061431885,-0.016784668,-39.29901,22.37854,5.6396484,0,0.0,0.0,0.0,0.0
0.041503907,0.052003138,0.328188,-0.94317997,-0.043178312,0.9443136,0.3262018,0.997713,0.0237614,0.06327786,0.9845109,0.03880643,-0.17097458,-0.03870046,0.999243,0.0039539565,0.1709986,0.0027240817,0.9852675,9.973282,0.16151428,0.5120697,9.784223,0.23301972,0.6205439,-0.0594635,-0.061431885,-0.013580322,-39.29901,22.259521,5.5786133,0,0.0,0.0,0.0,0.0
0.049804688,0.051403113,0.3272211,-0.9435487,-0.042872675,0.9446497,0.3252673,0.99775726,0.023732703,0.06258678,0.97356933,0.050502893,-0.22273783,-0.050024938,0.9987176,0.007791128,0.22284567,0.003557243,0.97484726,9.984055,0.15194702,0.44267273,9.784657,0.23273832,0.6137666,-0.056869507,-0.013931274,-0.016021729,-39.29901,22.259521,5.5786133,0,0.0,0.0,0.0,0.0
0.058105469,0.051148012,0.32487133,-0.9443741,-0.042607054,0.9454606,0.3229375,0.99778175,0.023719385,0.062200252,0.96036786,0.06168911,-0.2718236,-0.06054538,0.9980859,0.012600789,0.27208063,0.004356272,0.9622646,9.98764,0.122039795,0.5048828,9.784897,0.23260772,0.6099761,-0.054275513,0.043945313,-0.020751953,-39.419556,21.899414,5.3985596,0,0.0,0.0,0.0,0.0
0.06640625,0.051197436,0.32495275,-0.9443435,-0.042605165,0.94543344,0.32301795,0.99777937,0.023696216,0.062248427,0.9530277,0.067062624,-0.2953655,-0.06546343,0.99773747,0.015311273,0.29572403,0.004743574,0.9552616,9.98764,0.122039795,0.5048828,9.784873,0.2323805,0.61044854,-0.04786682,0.050811768,-0.021362305,-39.419556,21.899414,5.3985596,0,0.0,0.0,0.0,0.0
0.074707032,0.05155963,0.3261548,-0.94390917,-0.042836286,0.9450187,0.3241983,0.99775076,0.023718022,0.062696084,0.937063,0.07748702,-0.34045368,-0.0747099,0.9969782,0.02128041,0.34107384,0.005494175,0.94002044,9.985245,0.15194702,0.6544342,9.784593,0.23259434,0.61483854,-0.05458069,0.052947998,-0.01586914,-39.59961,21.539307,5.279541,0,0.0,0.0,0.0,0.0
0.083007813,0.05199561,0.3268883,-0.9436315,-0.04305307,0.9447648,0.32490858,0.99771875,0.02373241,0.06319717,0.91962713,0.08754071,-0.3829132,-0.08321203,0.99614155,0.027888555,0.38387713,0.006215913,0.92336327,9.964905,0.15911865,0.67237854,9.784279,0.23273546,0.6197526,-0.049850464,0.043182373,-0.019683838,-39.59961,21.539307,5.279541,0,0.0,0.0,0.0,0.0
0.091308594,0.052855358,0.31724778,-0.94686866,-0.04267907,0.9480453,0.31525964,0.9976897,0.02374831,0.06364911,0.9104426,0.09242952,-0.40317613,-0.087181896,0.99569756,0.03139504,0.40434334,0.0065662796,0.9145837,9.964905,0.15911865,0.67237854,9.783994,0.23289135,0.6241845,-0.046188354,0.039367676,-0.023345947,-39.718628,21.659851,5.039978,0,0.0,0.0,0.0,0.0
0.099609375,0.053155567,0.3177548,-0.9466818,-0.042849142,0.94787467,0.31574926,0.9976665,0.023780674,0.06400033,0.8913332,0.10150794,-0.44183856,-0.09417998,0.9948083,0.03855527,0.44345835,0.007246758,0.8962657,9.970886,0.15434265,0.6305084,9.783767,0.23320876,0.6276289,-0.053359985,0.040740967,-0.0146484375,-39.718628,21.659851,5.039978,0,0.0,0.0,0.0,0.0
0.107910157,0.05357082,0.3148147,-0.94764006,-0.042782657,0.948855,0.31279975,0.99764717,0.023785628,0.06429955,0.8713676,0.11023984,-0.47808552,-0.10046954,0.9938736,0.04605572,0.48023373,0.007901568,0.87710494,9.96611,0.14476013,0.58384705,9.783577,0.23325734,0.63056326,-0.053207397,0.06654358,-0.019378662,-40.25879,21.479797,4.8599243,0,0.0,0.0,0.0,0.0
0.116210938,0.053917028,0.31541404,-0.94742125,-0.04293295,0.9486562,0.31338188,0.997622,0.023778968,0.064690374,0.8611343,0.11441059,-0.49533617,-0.10329602,0.99339956,0.04987256,0.4977727,0.008219282,0.86726856,9.96611,0.14476013,0.58384705,9.78333,0.23319201,0.63439584,-0.0493927,0.074020386,-0.022735596,-40.25879,21.479797,4.8599243,0,0.0,0.0,0.0,0.0
0.124511719,0.054921824,0.3054156,-0.95063394,-0.042553797,0.9519219,0.30337092,0.9975835,0.023791399,0.06527788,0.85076153,0.11850848,-0.51201624,-0.105964206,0.9929164,0.053745843,0.5147587,0.008530507,0.8572927,9.98764,0.14356995,0.6400757,9.782952,0.23331393,0.64015734,-0.042816162,0.08181763,-0.021057129,-40.559387,21.299744,4.499817,0,0.0,0.0,0.0,0.0
0.1328125,0.055493917,0.30642906,-0.95027447,-0.042833425,0.9515955,0.30435365,0.9975398,0.023813736,0.065933175,0.8297315,0.12604083,-0.5437456,-0.11046355,0.991983,0.061380293,0.5471228,0.009134899,0.8370025,9.963715,0.14476013,0.6388855,9.782524,0.23353298,0.64658356,-0.04664612,0.08456421,-0.021972656,-40.559387,21.299744,4.499817,0,0.0,0.0,0.0,0.0
0.141113282,0.05647635,0.29987305,-0.9523059,-0.042696983,0.95368105,0.29777393,0.9974905,0.023843404,0.0666641,0.8083835,0.13330975,-0.5733625,-0.114402436,0.99102676,0.069122925,0.57743245,0.009716239,0.8163807,9.980469,0.14715576,0.7034912,9.782041,0.23382393,0.6537515,-0.04710388,0.068222046,-0.021057129,-40.73944,20.819092,4.1397095,0,0.0,0.0,0.0,0.0
0.149414063,0.05717861,0.30115828,-0.95185834,-0.04305309,0.95327497,0.29902026,0.99743515,0.023882879,0.06747273,0.797654,0.1366966,-0.5874199,-0.11604956,0.9905625,0.07292764,0.5918451,0.00999881,0.8059897,9.9673,0.16270447,0.81355286,9.781498,0.23421104,0.6616815,-0.047714233,0.068222046,-0.017700195,-40.73944,20.819092,4.1397095,0,0.0,0.0,0.0,0.0
0.157714844,0.057753686,0.3022104,-0.9514901,-0.04332254,0.95294183,0.30004188,0.99739045,0.023892445,0.06812842,0.77612513,0.14331663,-0.6140768,-0.11899901,0.98962075,0.08056157,0.61924887,0.010548673,0.78512394,9.9673,0.16270447,0.81355286,9.781059,0.23430486,0.6681116,-0.051223755,0.026992798,-0.0132751465,-40.73944,20.819092,4.1397095,0,0.0,0.0,0.0,0.0
0.166015625,0.058080245,0.30378032,-0.9509702,-0.043531083,0.95244277,0.30159208,0.9973623,0.02388022,0.068541996,0.75458676,0.14971155,-0.6388939,-0.12149027,0.9886677,0.08818369,0.6448558,0.011077138,0.76422405,9.963715,0.16270447,0.8410797,9.780784,0.23418495,0.67216736,-0.055343628,-0.030883789,-0.015716553,-40.79895,20.759583,4.1397095,0,0.0,0.0,0.0,0.0
0.174316407,0.059130568,0.28179443,-0.957651,-0.04218521,0.9591781,0.27963904,0.99735856,0.023863498,0.0686043,0.74384147,0.1528437,-0.6506448,-0.12258591,0.98818547,0.09199092,0.6570179,0.011333223,0.7537898,9.9756775,0.13400269,0.8279114,9.780746,0.23402098,0.67277837,-0.06037903,-0.054397583,-0.014343262,-40.919495,20.819092,3.5995483,0,0.0,0.0,0.0,0.0
0.182617188,0.058894176,0.28135467,-0.9577949,-0.042026184,0.9593085,0.27921513,0.9973792,0.023808321,0.06832194,0.7225638,0.15801752,-0.67300224,-0.12378732,0.9873655,0.09892508,0.680131,0.011829469,0.7329951,9.980469,0.16390991,0.7788696,9.78095,0.23347989,0.67000943,-0.054275513,-0.093948364,-0.014953613,-40.919495,20.819092,3.5995483,0,0.0,0.0,0.0,0.0
0.190917969,0.058995456,0.2645353,-0.9625698,-0.0407625,0.96408343,0.26245296,0.9974257,0.023753218,0.06765966,0.7014706,0.16296439,-0.6938167,-0.12462412,0.9865552,0.10572421,0.7017178,0.012303876,0.71234876,9.9756775,0.14596558,0.7405853,9.7814045,0.2329395,0.6635146,-0.059005737,-0.1214447,-0.012817383,-41.038513,20.939636,3.239441,0,0.0,0.0,0.0,0.0
0.19921875,0.058267888,0.26317397,-0.9629872,-0.040407687,0.9644573,0.26113078,0.99748284,0.023696547,0.06683114,0.6910496,0.16501741,-0.7037185,-0.12467747,0.986211,0.10882715,0.7119733,0.012532883,0.7020947,9.970886,0.17826843,0.66041565,9.781965,0.23238374,0.6553896,-0.057785034,-0.12037659,-0.01663208,-41.038513,20.939636,3.239441,0,0.0,0.0,0.0,0.0
0.207519532,0.057421777,0.26159033,-0.9634693,-0.04006666,0.964888,0.2595876,0.99754566,0.02369702,0.06588664,0.67040586,0.16894393,-0.7225054,-0.12455276,0.9855403,0.11487824,0.7314661,0.012975004,0.68175435,9.984055,0.14476013,0.5623169,9.782581,0.23238839,0.6461272,-0.054885864,-0.09899902,-0.010986328,-41.038513,20.939636,3.239441,0,0.0,0.0,0.0,0.0
0.215820313,0.05662904,0.2575896,-0.9645936,-0.039555274,0.96596426,0.25563344,0.9976114,0.023678487,0.06489065,0.65006775,0.1726483,-0.74000293,-0.124153994,0.9848924,0.12071772,0.749665,0.013399632,0.6616818,9.984055,0.15672302,0.49771118,9.783226,0.23220664,0.63635993,-0.045272827,-0.052871704,-0.021972656,-41.159058,21.1792,3.239441,0,0.0,0.0,0.0,0.0
0.224121094,0.05591821,0.25994113,-0.9640041,-0.039511666,0.96533453,0.25800797,0.9976532,0.023662062,0.06425048,0.6400291,0.1743626,-0.74830514,-0.12382249,0.98458755,0.1235128,0.7583079,0.013605227,0.6517546,9.96611,0.14117432,0.54556274,9.783636,0.23204556,0.63008195,-0.050460815,-0.026306152,-0.012207031,-41.39862,20.698547,3.1799316,0,0.0,0.0,0.0,0.0
0.232421875,0.05560378,0.2593399,-0.9641841,-0.039355733,0.9654969,0.2574234,0.99767697,0.023632457,0.06389179,0.6202112,0.17778236,-0.76402324,-0.123084396,0.98397017,0.12904611,0.7747182,0.014003511,0.63215154,9.96611,0.14117432,0.54556274,9.78387,0.23175526,0.6265645,-0.049545288,-0.011489868,-0.01373291,-41.39862,20.698547,3.1799316,0,0.0,0.0,0.0,0.0
0.240722657,0.055408377,0.26156712,-0.9635936,-0.03944411,0.9648962,0.2596526,0.99768436,0.023621159,0.06378061,0.6007989,0.18104036,-0.77863026,-0.12216456,0.9833705,0.13438138,0.79001045,0.014384846,0.6129246,9.979263,0.1603241,0.6125641,9.783942,0.23164447,0.6254742,-0.05229187,-3.3569336E-4,-0.016326904,-41.279602,20.458984,3.1799316,0,0.0,0.0,0.0,0.0
0.249023438,0.055368315,0.2614899,-0.9636168,-0.03942159,0.96491724,0.25957766,0.99768746,0.023614928,0.06373419,0.5912482,0.18266529,-0.785531,-0.12167656,0.9830672,0.13701712,0.797258,0.014569586,0.60346276,9.990036,0.15434265,0.6125641,9.783972,0.23158334,0.6250189,-0.051834106,0.004547119,-0.016937256,-41.279602,20.458984,3.1799316,0,0.0,0.0,0.0,0.0
0.257324219,0.055375498,0.26150373,-0.9636126,-0.039435137,0.96491325,0.2595905,0.99768656,0.023625245,0.06374499,0.57248485,0.18581372,-0.79858273,-0.12059581,0.98247164,0.1421486,0.810998,0.014927809,0.5848585,9.978073,0.1483612,0.6053772,9.783962,0.2316845,0.6251248,-0.05168152,0.008361816,-0.02166748,-41.279602,20.458984,3.1799316,0,0.0,0.0,0.0,0.0
0.265625,0.05535516,0.26411852,-0.96290034,-0.039627403,0.9642003,0.26219702,0.99768007,0.023643287,0.06383981,0.55418706,0.18883616,-0.81068957,-0.11939385,0.9818898,0.14709671,0.82378507,0.015272252,0.5666965,9.968506,0.14596558,0.64845276,9.783899,0.23186144,0.62605464,-0.05732727,0.01171875,-0.019226074,-41.159058,20.219421,3.1799316,0,0.0,0.0,0.0,0.0
0.273925782,0.055405892,0.26532254,-0.96256644,-0.039729387,0.96386963,0.26339492,0.99767315,0.023648549,0.06394515,0.5452118,0.19035478,-0.8164001,-0.11878245,0.98159397,0.14954616,0.82984024,0.015439685,0.55778736,9.963715,0.13877869,0.69511414,9.783832,0.23191305,0.6270878,-0.04725647,0.0082092285,-0.01373291,-41.038513,20.759583,3.3599854,0,0.0,0.0,0.0,0.0
0.282226563,0.055425152,0.26535878,-0.96255535,-0.039694693,0.9638607,0.26343298,0.99767345,0.023607528,0.063955456,0.5276225,0.19334866,-0.8271824,-0.1175105,0.9810034,0.15434869,0.84131193,0.015764778,0.54032,9.991226,0.13998413,0.62571716,9.783834,0.23151077,0.6271888,-0.052444458,-0.020202637,-0.009765625,-41.038513,20.759583,3.3599854,0,0.0,0.0,0.0,0.0
0.290527344,0.0553148,0.26515093,-0.96261895,-0.039592545,0.9639192,0.263234,0.99768364,0.023551797,0.063817,0.5190117,0.1948009,-0.8322736,-0.11683891,0.98071355,0.156683,0.84674406,0.015921645,0.5317621,9.991226,0.13998413,0.62571716,9.783935,0.23096424,0.625831,-0.053207397,-0.028747559,-0.015716553,-41.038513,20.759583,3.3599854,0,0.0,0.0,0.0,0.0
0.298828125,0.055254504,0.26322255,-0.9631515,-0.039418455,0.9644483,0.26131555,0.99769396,0.023527082,0.063665934,0.50215685,0.1976092,-0.8418961,-0.11542687,0.98014665,0.1612118,0.85703856,0.01622382,0.51499677,9.976868,0.15672302,0.57307434,9.784035,0.23072185,0.62434953,-0.059921265,-6.4086914E-4,-0.01953125,-41.09955,20.698547,3.2989502,0,0.0,0.0,0.0,0.0
0.307128907,0.055140365,0.26300636,-0.9632172,-0.03938786,0.9645069,0.26110372,0.99770147,0.023541702,0.063542515,0.48580128,0.20022714,-0.85082674,-0.11390353,0.97961026,0.16549799,0.8666159,0.016513048,0.49870253,9.98645,0.14476013,0.5922241,9.784109,0.23086524,0.6231392,-0.053512573,0.0016479492,-0.01739502,-41.09955,20.698547,3.2989502,0,0.0,0.0,0.0,0.0
0.315429688,0.05427676,0.28150427,-0.9580237,-0.040425755,0.95927095,0.27958044,0.9977073,0.02355411,0.06344613,0.4778073,0.20149206,-0.85504454,-0.11311827,0.97934854,0.16757283,0.8711512,0.01665363,0.49073234,9.984055,0.15194702,0.5204315,9.784166,0.23098692,0.622194,-0.051376343,0.023025513,-0.022583008,-41.09955,20.579529,3.718567,0,0.0,0.0,0.0,0.0
0.323730469,0.054073654,0.28852975,-0.95594287,-0.040873453,0.95718074,0.28659135,0.9977001,0.02357564,0.06355146,0.4621009,0.20469083,-0.8628815,-0.11186406,0.9786803,0.17225356,0.8797438,0.016926907,0.47514656,9.98645,0.15434265,0.5252228,9.784096,0.23119806,0.62322694,-0.05229187,0.05937195,-0.017242432,-40.979004,20.399475,3.8391113,0,0.0,0.0,0.0,0.0
0.33203125,0.054435987,0.28921476,-0.9557151,-0.041032005,0.9569737,0.28725854,0.9976738,0.02357771,0.06396088,0.44686183,0.20804481,-0.8700758,-0.110665746,0.9779682,0.17700633,0.88773173,0.017190212,0.46004012,9.970886,0.1531372,0.5635071,9.783838,0.23121837,0.62724197,-0.05076599,0.08456421,-0.015716553,-40.979004,20.399475,3.8391113,0,0.0,0.0,0.0,0.0
0.340332032,0.055011813,0.29030317,-0.9553521,-0.041283637,0.9566442,0.28831857,0.9976319,0.023579484,0.06461151,0.43943307,0.20968476,-0.87345916,-0.11004483,0.97761565,0.1793258,0.89150923,0.017317971,0.45267138,9.970886,0.1531372,0.5635071,9.783427,0.23123576,0.63362247,-0.05076599,0.12060547,-0.020904541,-40.979004,20.399475,3.8391113,0,0.0,0.0,0.0,0.0
0.348632813,0.055862356,0.28963286,-0.9555062,-0.041513868,0.9568468,0.28761214,0.99757504,0.02360007,0.0654755,0.4249596,0.21290922,-0.87981766,-0.10877467,0.97691405,0.18386671,0.8986531,0.017565943,0.43830812,9.988831,0.15074158,0.5156555,9.782869,0.23143762,0.6420953,-0.05656433,0.13510132,-0.024261475,-40.919495,20.159912,3.718567,0,0.0,0.0,0.0,0.0
0.356933594,0.056687254,0.29120982,-0.9549782,-0.04189501,0.9563676,0.2891466,0.9975126,0.023617893,0.066414095,0.4110013,0.2159767,-0.8856817,-0.10743831,0.97623616,0.18820192,0.9052817,0.01780491,0.42443848,9.973282,0.14356995,0.54556274,9.782257,0.23161243,0.6512998,-0.10757446,0.13114929,-0.02319336,-40.919495,20.159912,3.718567,0,0.0,0.0,0.0,0.0
0.365234375,0.05720899,0.2989363,-0.95255667,-0.042628556,0.95398057,0.29682297,0.9974517,0.023625173,0.06731949,0.40421313,0.21749596,-0.88842964,-0.106768,0.9758967,0.19033195,0.908412,0.017921176,0.41769186,9.956528,0.14476013,0.9272156,9.78166,0.2316838,0.66017866,-0.10757446,0.11984253,-0.021514893,-40.73944,20.219421,3.8986206,0,0.0,0.0,0.0,0.0
0.373535157,0.05893438,0.28619272,-0.95635796,-0.042197965,0.95788103,0.2840481,0.9973696,0.023616157,0.06852887,0.39098462,0.22075477,-0.89353144,-0.105525285,0.9751605,0.19474702,0.91432786,0.018147068,0.40456796,9.970886,0.14715576,0.84706116,9.780855,0.23159541,0.6720387,-0.075805664,0.08898926,-0.018920898,-40.559387,20.579529,3.6590576,0,0.0,0.0,0.0,0.0
0.381835938,0.059678603,0.2875774,-0.95589626,-0.0425227,0.9574661,0.2853949,0.9973115,0.02361532,0.06936881,0.3783135,0.22336777,-0.8983239,-0.10404083,0.9745613,0.19850917,0.91981214,0.018363656,0.39192906,9.972092,0.15911865,0.74894714,9.780285,0.23158717,0.6802757,-0.051071167,0.053710938,-0.015716553,-40.559387,20.579529,3.6590576,0,0.0,0.0,0.0,0.0
0.390136719,0.06019571,0.2885392,-0.9555739,-0.042754594,0.9571766,0.28632987,0.9972705,0.023619348,0.06995431,0.37215725,0.22466277,-0.9005696,-0.10330434,0.9742615,0.20035633,0.9224029,0.018468695,0.3857871,9.972092,0.15911865,0.74894714,9.779883,0.23162669,0.68601745,-0.05152893,0.044555664,-0.019989014,-40.559387,20.579529,3.6590576,0,0.0,0.0,0.0,0.0
0.3984375,0.0601501,0.298178,-0.9526132,-0.043509845,0.9542173,0.2959328,0.9972406,0.023647664,0.070369944,0.36018902,0.2272132,-0.90478617,-0.10183671,0.973666,0.20397007,0.9273042,0.01867267,0.37384248,9.973282,0.15553284,0.73339844,9.77959,0.23190437,0.6900934,-0.051223755,0.02104187,-0.027008057,-40.618896,20.458984,3.8391113,0,0.0,0.0,0.0,0.0
0.406738282,0.06036583,0.29858008,-0.9524736,-0.043655578,0.9540905,0.29632014,0.99722123,0.023693174,0.07062914,0.34862214,0.23004976,-0.9085921,-0.10049821,0.97299594,0.20779572,0.9318598,0.018869689,0.36232752,9.98645,0.15553284,0.73339844,9.7794,0.23235068,0.6926353,-0.057632446,0.001953125,-0.014953613,-40.618896,20.458984,3.8391113,0,0.0,0.0,0.0,0.0
0.415039063,0.060604747,0.29568118,-0.9533623,-0.04354119,0.95499194,0.29341874,0.99721175,0.02372796,0.07075136,0.34299964,0.23143312,-0.910379,-0.0998248,0.9726659,0.20965691,0.9340162,0.01896616,0.35672683,9.978073,0.16749573,0.73698425,9.779307,0.23269184,0.6938339,-0.05732727,-0.0037078857,-0.018005371,-40.73944,20.339966,3.718567,0,0.0,0.0,0.0,0.0
0.423339844,0.060343742,0.30315077,-0.95103014,-0.0440118,0.95264786,0.30087385,0.99720687,0.023700695,0.07082854,0.33207807,0.23399915,-0.9137661,-0.098426305,0.97204804,0.21315433,0.93810254,0.019154739,0.34582755,9.970886,0.13877869,0.78245544,9.779259,0.23242444,0.69459075,-0.055496216,-0.018966675,-0.020751953,-40.73944,20.339966,3.8986206,0,0.0,0.0,0.0,0.0
0.431640625,0.060324255,0.30311418,-0.95104295,-0.04399684,0.95265955,0.3008387,0.9972087,0.023695018,0.070804544,0.32675397,0.23539542,-0.9153256,-0.09777416,0.97170913,0.21499212,0.9400384,0.019245662,0.34052542,9.970886,0.13877869,0.78245544,9.779278,0.23236877,0.6943554,-0.061904907,-0.029968262,-0.02243042,-40.73944,20.339966,3.8986206,0,0.0,0.0,0.0,0.0
0.439941407,0.060119435,0.30272987,-0.9511784,-0.043915864,0.95278144,0.30046436,0.9972246,0.02370807,0.07057533,0.3163999,0.2381018,-0.9182584,-0.09645679,0.971046,0.2185538,0.94370925,0.019421864,0.33020535,9.991226,0.15074158,0.73579407,9.779433,0.23249675,0.69210756,-0.05580139,-0.05973816,-0.014343262,-40.73944,20.339966,3.8986206,0,0.0,0.0,0.0,0.0
0.448242188,0.059629723,0.3030035,-0.95112205,-0.043756984,0.9526951,0.3007613,0.99726105,0.023683919,0.07006746,0.3064221,0.24068378,-0.9209652,-0.0951217,0.9704059,0.2219558,0.94713116,0.019591605,0.32024804,9.980469,0.14237976,0.6520386,9.779791,0.23225993,0.6871271,-0.055496216,-0.070739746,-0.019378662,-40.499878,20.399475,3.9596558,0,0.0,0.0,0.0,0.0
0.456542969,0.0590954,0.30201045,-0.9514711,-0.04348728,0.95301086,0.29979822,0.9973047,0.023660198,0.06945218,0.30156362,0.2419411,-0.9222385,-0.09445083,0.9700915,0.22361033,0.9487563,0.019673456,0.3153958,9.980469,0.14237976,0.6520386,9.780217,0.23202726,0.6810932,-0.06266785,-0.070739746,-0.019378662,-40.499878,20.399475,3.9596558,0,0.0,0.0,0.0,0.0
0.46484375,0.0592162,0.2866355,-0.95620793,-0.042363755,0.9577474,0.28447345,0.9973458,0.023663118,0.06885712,0.29210135,0.24433962,-0.9246486,-0.09308873,0.96948695,0.22678098,0.95184624,0.019831335,0.30593368,9.978073,0.15074158,0.64486694,9.780622,0.23205593,0.6752577,-0.072143555,-0.046463013,-0.02029419,-40.618896,20.399475,3.5995483,0,0.0,0.0,0.0,0.0
0.473144532,0.058129393,0.30087763,-0.9518895,-0.043117546,0.9533688,0.29871213,0.9973775,0.023679188,0.06839185,0.283031,0.24602424,-0.92701966,-0.09154354,0.9690577,0.22923137,0.954732,0.01998308,0.29679528,9.949356,0.15672302,0.6544342,9.780932,0.23221351,0.67069495,-0.06266785,-0.034240723,-0.023651123,-40.438843,20.339966,3.9596558,0,0.0,0.0,0.0,0.0
0.481445313,0.05782602,0.30031276,-0.9520863,-0.04300815,0.9535461,0.29816106,0.9973998,0.023706006,0.06805567,0.2785884,0.24712987,-0.9280708,-0.090861246,0.9687748,0.23069394,0.9561029,0.020057004,0.29234394,9.949356,0.15672302,0.6544342,9.781151,0.2324765,0.6673981,-0.05961609,-0.02722168,-0.019226074,-40.438843,20.339966,3.9596558,0,0.0,0.0,0.0,0.0
0.489746094,0.05757997,0.2998546,-0.95224565,-0.042899027,0.9536903,0.2977155,0.99741876,0.023707962,0.067776926,0.26994544,0.24925163,-0.93005544,-0.08949512,0.96822804,0.23350611,0.9587075,0.02020151,0.28367555,9.972092,0.13998413,0.5778656,9.781337,0.2324957,0.6646646,-0.0594635,0.0056152344,-0.016479492,-40.438843,20.339966,3.9596558,0,0.0,0.0,0.0,0.0
0.498046875,0.058114827,0.2863278,-0.9563677,-0.042028934,0.95783913,0.2842144,0.9974248,0.02367804,0.0676987,0.2616221,0.2512698,-0.9318892,-0.08813407,0.96770334,0.23618346,0.961138,0.02034037,0.275318,9.970886,0.13160706,0.57547,9.781396,0.23220226,0.6638975,-0.055648804,0.040740967,-0.022888184,-40.19928,20.579529,3.718567,0,0.0,0.0,0.0,0.0
0.506347657,0.058226556,0.28653368,-0.9562992,-0.042065218,0.95777774,0.28441548,0.9974167,0.0236664,0.0678212,0.25760356,0.25197446,-0.93281794,-0.087385505,0.9675187,0.23721585,0.9622911,0.020407125,0.27125517,9.970886,0.13160706,0.57547,9.781317,0.23208812,0.6650988,-0.051376343,0.04852295,-0.019683838,-40.19928,20.579529,3.718567,0,0.0,0.0,0.0,0.0
0.514648438,0.05822289,0.29591662,-0.9534378,-0.0427867,0.95492005,0.29376385,0.9973863,0.023690673,0.068259485,0.24980018,0.25334963,-0.9345661,-0.08591524,0.96715677,0.23922028,0.9644783,0.0205362,0.26336253,9.960129,0.15672302,0.7154541,9.781018,0.23232614,0.6693969,-0.045272827,0.04699707,-0.014801025,-40.19928,20.27893,3.8391113,0,0.0,0.0,0.0,0.0
0.522949219,0.059027668,0.28784764,-0.95585537,-0.04241991,0.95738333,0.2856882,0.9973547,0.023683794,0.068722576,0.24227777,0.25504544,-0.93608403,-0.0845768,0.9667083,0.24149911,0.96651345,0.02066112,0.25578287,9.9673,0.14955139,0.7728882,9.780708,0.23225868,0.6739383,-0.05229187,0.00592041,-0.016784668,-40.13977,20.579529,3.718567,0,0.0,0.0,0.0,0.0
0.53125,0.059263084,0.28828064,-0.95571035,-0.042505294,0.9572535,0.28611037,0.99733704,0.023666965,0.06898324,0.23864836,0.2557046,-0.9368362,-0.08387829,0.9665329,0.2424431,0.9674768,0.020721573,0.25210953,9.9673,0.14955139,0.7728882,9.780536,0.23209365,0.67649454,-0.049087524,-0.011795044,-0.015411377,-40.13977,20.579529,3.718567,0,0.0,0.0,0.0,0.0
0.539550782,0.05926004,0.288275,-0.9557122,-0.04248398,0.9572556,0.2861063,0.9973381,0.023647789,0.06897408,0.23160744,0.25700057,-0.9382477,-0.082511805,0.9661865,0.24428535,0.9693038,0.020838214,0.24498157,9.968506,0.14476013,0.7393799,9.780546,0.2319056,0.67640465,-0.05091858,-0.05683899,-0.015563965,-40.13977,20.579529,3.718567,0,0.0,0.0,0.0,0.0
0.547851563,0.058840815,0.2901901,-0.95515835,-0.04249525,0.9566769,0.28803363,0.99736243,0.023641562,0.06862335,0.2248373,0.25824448,-0.939552,-0.08117712,0.96585244,0.24604748,0.971009,0.020949477,0.2381232,9.978073,0.1531372,0.71784973,9.780785,0.23184453,0.67296517,-0.05747986,-0.08128357,-0.020141602,-40.13977,20.579529,3.779602,0,0.0,0.0,0.0,0.0
0.556152344,0.05834401,0.2892775,-0.95546556,-0.042273343,0.95695335,0.28714657,0.99740106,0.023637442,0.068061225,0.22154091,0.25888634,-0.94015825,-0.08052918,0.9656794,0.24693792,0.97182024,0.02100332,0.2347854,9.978073,0.1531372,0.71784973,9.781163,0.23180413,0.66745263,-0.053359985,-0.08784485,-0.014038086,-40.13977,20.579529,3.779602,0,0.0,0.0,0.0,0.0
0.564453125,0.05790336,0.28362903,-0.9571843,-0.041704692,0.95864326,0.2815385,0.99745077,0.023617053,0.06733732,0.21512172,0.26009506,-0.9413146,-0.07924317,0.9653523,0.24862723,0.9733669,0.021107633,0.228279,9.960129,0.15194702,0.6544342,9.781651,0.23160417,0.66035354,-0.052749634,-0.088760376,-0.010986328,-40.019226,20.518494,3.6590576,0,0.0,0.0,0.0,0.0
0.572753907,0.057775702,0.2712111,-0.9607843,-0.0407255,0.9622311,0.2691705,0.9974986,0.023576904,0.06663878,0.20894219,0.26103014,-0.94244707,-0.07793322,0.9650977,0.25002575,0.9748177,0.02120701,0.22199254,9.98764,0.13877869,0.5204315,9.78212,0.23121046,0.65350324,-0.05091858,-0.047225952,-0.016174316,-40.019226,20.639038,3.4194946,0,0.0,0.0,0.0,0.0
0.581054688,0.057144567,0.27004784,-0.96114963,-0.040417112,0.9625594,0.26804096,0.9975475,0.023529813,0.06591959,0.20594966,0.26123405,-0.9430491,-0.077234976,0.96504146,0.25045905,0.9755099,0.021254411,0.21892637,9.98764,0.13877869,0.5204315,9.782599,0.23074864,0.6464504,-0.057022095,-0.047225952,-0.016174316,-40.019226,20.639038,3.4194946,0,0.0,0.0,0.0,0.0
0.589355469,0.056707192,0.2692415,-0.9614017,-0.04022754,0.96278536,0.26725626,0.99758005,0.023519475,0.06542779,0.20011523,0.26158354,-0.94420755,-0.075856,0.9649448,0.25125167,0.9768315,0.021344522,0.21294285,9.979263,0.14117432,0.50608826,9.782919,0.23064727,0.64162743,-0.055496216,0.010345459,-0.021057129,-40.019226,20.639038,3.4194946,0,0.0,0.0,0.0,0.0
0.59765625,0.05575746,0.28787625,-0.9560431,-0.04127408,0.9573788,0.2858713,0.9975909,0.023520337,0.06526283,0.19727483,0.26173687,-0.9447626,-0.07517867,0.9649022,0.25161836,0.9774614,0.02138802,0.21002796,9.979263,0.14117432,0.50608826,9.783025,0.23065571,0.64000976,-0.056106567,0.0390625,-0.019989014,-40.019226,20.698547,3.8986206,0,0.0,0.0,0.0,0.0
0.605957032,0.055937573,0.2882039,-0.9559338,-0.04132496,0.95728076,0.28619182,0.9975787,0.02349505,0.065457985,0.19169572,0.26277593,-0.9456224,-0.07400574,0.96461797,0.25305215,0.9786603,0.021472465,0.20436005,9.980469,0.13160706,0.5312042,9.782905,0.23040771,0.6419235,-0.046798706,0.07356262,-0.014343262,-40.019226,20.698547,3.8986206,0,0.0,0.0,0.0,0.0
0.614257813,0.05665873,0.28305593,-0.95742846,-0.04115039,0.95881605,0.28103098,0.9975452,0.023475695,0.065973155,0.18634066,0.26378658,-0.946411,-0.07286942,0.96434027,0.25443646,0.9797792,0.02155256,0.19891778,9.968506,0.14356995,0.67237854,9.782577,0.23021793,0.64697564,-0.050308228,0.088531494,-0.023040771,-40.13977,20.819092,3.779602,0,0.0,0.0,0.0,0.0
0.622558594,0.05729162,0.28420734,-0.95704955,-0.041443206,0.9584749,0.2821497,0.99749696,0.023498388,0.06669104,0.18375975,0.26417303,-0.94680774,-0.07229601,0.9642336,0.25500363,0.98030895,0.021591023,0.196286,9.968506,0.14356995,0.67237854,9.782104,0.23044047,0.6540157,-0.044662476,0.087005615,-0.02243042,-40.13977,20.819092,3.779602,0,0.0,0.0,0.0,0.0
0.630859375,0.057617493,0.29356742,-0.9542004,-0.042249113,0.95564896,0.29146194,0.99744433,0.023520816,0.06746506,0.17635278,0.26535457,-0.94788533,-0.0706541,0.9639066,0.25669453,0.981788,0.021703193,0.188736,9.984055,0.1483612,0.74775696,9.781588,0.23066041,0.66160625,-0.04220581,0.04837036,-0.017547607,-40.499878,20.819092,3.9596558,0,0.0,0.0,0.0,0.0
0.639160157,0.058148816,0.29453796,-0.9538691,-0.04248529,0.9553504,0.2924054,0.9974035,0.023522371,0.06806601,0.1739814,0.26592118,-0.94816476,-0.07016234,0.96374965,0.2574178,0.9822462,0.021739546,0.18633215,9.960129,0.15074158,0.70947266,9.781187,0.23067567,0.66749954,-0.05366516,0.0370636,-0.015411377,-40.499878,20.819092,3.9596558,0,0.0,0.0,0.0,0.0
0.647460938,0.057897467,0.3081997,-0.9495582,-0.043436296,0.9510307,0.30602917,0.9973771,0.023526976,0.068449326,0.17166707,0.26649594,-0.9484252,-0.069683984,0.96359,0.25814414,0.9826874,0.021775205,0.18398717,9.960129,0.15074158,0.70947266,9.780929,0.23072082,0.67125857,-0.059310913,0.028671265,-0.023651123,-40.25879,21.238708,4.4387817,0,0.0,0.0,0.0,0.0
0.655761719,0.05803393,0.3084403,-0.9494718,-0.04351102,0.9509524,0.3062618,0.99736595,0.023538906,0.06860805,0.16495979,0.2689633,-0.9489189,-0.068433374,0.9629019,0.2610303,0.9839234,0.021878224,0.17724615,9.997208,0.13279724,0.81355286,9.780819,0.23083782,0.6728152,-0.0640564,-0.010116577,-0.032669067,-40.25879,21.238708,4.4387817,0,0.0,0.0,0.0,0.0
0.6640625,0.05835479,0.30386043,-0.95092773,-0.043336593,0.9524241,0.3016792,0.99735487,0.02360554,0.06874679,0.16281548,0.26975757,-0.9490637,-0.06802717,0.9626789,0.26195717,0.9843086,0.021911437,0.17508988,9.923035,0.18066406,0.6963043,9.78071,0.23149128,0.67417574,-0.0640564,-0.04447937,-0.027618408,-40.19928,21.238708,4.319763,0,0.0,0.0,0.0,0.0
0.672363282,0.058130708,0.30346477,-0.95106775,-0.04336701,0.9525471,0.30128613,0.9973666,0.02373099,0.0685326,0.16072276,0.27044317,-0.94922537,-0.06761192,0.96248585,0.26277316,0.9846811,0.02194532,0.17297855,9.923035,0.18066406,0.6963043,9.780826,0.23272151,0.6720752,-0.06253052,-0.042037964,-0.024108887,-40.19928,21.238708,4.319763,0,0.0,0.0,0.0,0.0
0.680664063,0.05788573,0.2998042,-0.952243,-0.04307967,0.953704,0.29764545,0.99739325,0.02379289,0.068121314,0.15665354,0.27175727,-0.9495302,-0.06679683,0.962114,0.26433858,0.9853922,0.022016034,0.16887109,9.994827,0.15074158,0.6029968,9.781087,0.23332855,0.6680419,-0.05152893,-0.029663086,-0.027008057,-40.25879,21.299744,4.258728,0,0.0,0.0,0.0,0.0
0.688964844,0.05756029,0.29922923,-0.95244354,-0.04303791,0.95388204,0.29708022,0.9974139,0.023891157,0.06778392,0.15273912,0.2728726,-0.94984806,-0.06597743,0.9617966,0.26569575,0.9860617,0.022086399,0.1649074,9.948166,0.17228699,0.5587311,9.781289,0.23429222,0.66473323,-0.05870056,0.0071411133,-0.027618408,-40.25879,21.299744,4.258728,0,0.0,0.0,0.0,0.0
0.697265625,0.057918627,0.28698418,-0.9561828,-0.042342,0.95763487,0.28485525,0.99742293,0.023988267,0.06761639,0.15083423,0.2734019,-0.9500002,-0.065574676,0.9616455,0.26634184,0.98638177,0.022122495,0.1629773,9.948166,0.17228699,0.5587311,9.781379,0.23524457,0.6630903,-0.060073853,0.011566162,-0.025939941,-40.078735,21.479797,4.019165,0,0.0,0.0,0.0,0.0
0.705566407,0.058056667,0.28722653,-0.95610166,-0.042444643,0.95756125,0.28508767,0.9974106,0.02403015,0.06778404,0.14716305,0.27394083,-0.9504207,-0.06471374,0.9614904,0.26711118,0.986993,0.022196382,0.15922359,9.993622,0.1483612,0.7848511,9.781257,0.23565528,0.66473436,-0.041900635,-0.025848389,-0.021820068,-40.078735,21.479797,4.019165,0,0.0,0.0,0.0,0.0
0.713867188,0.057915047,0.29005834,-0.9552549,-0.0426679,0.9567058,0.28791204,0.9974093,0.024084283,0.06778385,0.14364167,0.274468,-0.9508073,-0.06388712,0.9613384,0.26785636,0.9875655,0.022269001,0.15562323,9.984055,0.14117432,0.7262268,9.781244,0.23618613,0.66473246,-0.039154053,-0.07623291,-0.03327942,-40.19928,21.659851,4.1397095,0,0.0,0.0,0.0,0.0
0.722167969,0.05748401,0.2893069,-0.9555088,-0.04256998,0.95693123,0.28717655,0.9974384,0.02416793,0.067324035,0.14192912,0.27478057,-0.9509741,-0.06349391,0.9612482,0.26827303,0.9878384,0.022305308,0.153876,9.984055,0.14117432,0.7262268,9.781529,0.23700644,0.66022325,-0.036254883,-0.093185425,-0.031600952,-40.19928,21.659851,4.1397095,0,0.0,0.0,0.0,0.0
0.73046875,0.056566287,0.2922984,-0.9546528,-0.042649187,0.95601845,0.29018942,0.9974875,0.024300227,0.066544704,0.13858917,0.27535704,-0.9512999,-0.06272113,0.9610815,0.2690509,0.98836184,0.022379069,0.15046619,9.996017,0.15911865,0.6281128,9.782011,0.23830383,0.6525806,-0.036865234,-0.09577942,-0.036483765,-40.25879,21.899414,4.319763,0,0.0,0.0,0.0,0.0
0.738769532,0.055748083,0.29088867,-0.9551314,-0.042440448,0.95644486,0.28881156,0.99754244,0.02443551,0.06566541,0.13534229,0.27602965,-0.9515725,-0.06198798,0.9608868,0.26991495,0.9888579,0.022455148,0.14715913,9.968506,0.15553284,0.6017914,9.78255,0.2396305,0.6439577,-0.046340942,-0.10723877,-0.032211304,-40.25879,21.899414,4.319763,0,0.0,0.0,0.0,0.0
0.747070313,0.05522189,0.28196692,-0.95783365,-0.041771926,0.95910996,0.27993438,0.9975999,0.024552047,0.06474216,0.13375153,0.2763275,-0.9517109,-0.061624378,0.96080023,0.27030602,0.98909706,0.022494756,0.145537,9.968506,0.15553284,0.6017914,9.7831135,0.24077334,0.6349037,-0.05595398,-0.11656189,-0.024414063,-40.319824,21.958923,4.1397095,0,0.0,0.0,0.0,0.0
0.755371094,0.054351594,0.2804616,-0.9583252,-0.04151478,0.9595487,0.27846518,0.9976585,0.024649633,0.063796304,0.13065079,0.27655104,-0.9520766,-0.060861915,0.960734,0.27071387,0.98955864,0.022576226,0.14235209,9.940979,0.17108154,0.62213135,9.783688,0.24173033,0.62562805,-0.060836792,-0.11961365,-0.02609253,-40.319824,21.958923,4.1397095,0,0.0,0.0,0.0,0.0
0.763671875,0.05309962,0.28490326,-0.95708436,-0.04154203,0.95823705,0.2829416,0.9977248,0.024735138,0.06271749,0.12763888,0.27670604,-0.95244,-0.060113348,0.96068746,0.27104613,0.9899973,0.022658335,0.1392548,9.956528,0.17468262,0.51805115,9.784338,0.24256885,0.61504847,-0.07122803,-0.0973053,-0.014038086,-40.19928,21.598816,4.1992188,0,0.0,0.0,0.0,0.0
0.771972657,0.052203402,0.2833353,-0.95759904,-0.041202255,0.95870113,0.28141525,0.99778616,0.024764404,0.061721515,0.12615098,0.2768702,-0.9525906,-0.059757166,0.9606392,0.27129588,0.9902096,0.02269987,0.13773055,9.956528,0.17468262,0.51805115,9.78494,0.24285585,0.6052813,-0.07107544,-0.07746887,-0.015258789,-40.19928,21.598816,4.1992188,0,0.0,0.0,0.0,0.0
0.780273438,0.0520718,0.26760626,-0.96212023,-0.04008792,0.9632108,0.26573998,0.9978384,0.024731843,0.060883902,0.12322918,0.27712646,-0.95289844,-0.05904661,0.96056336,0.27171966,0.9906201,0.02278163,0.13473283,9.9673,0.16151428,0.45942688,9.785452,0.24253653,0.5970671,-0.06680298,-0.040039063,-0.008834839,-40.379333,21.659851,3.8391113,0,0.0,0.0,0.0,0.0
0.788574219,0.051588308,0.2667516,-0.9623836,-0.039854027,0.963449,0.26491055,0.9978729,0.024688575,0.060333837,0.119069785,0.27656734,-0.9535895,-0.05789976,0.9607218,0.27140623,0.9911963,0.02289632,0.13040611,10.000809,0.1758728,0.5539398,9.78579,0.24211222,0.59167284,-0.07595825,-9.460449E-4,-0.016326904,-40.379333,21.659851,3.8391113,0,0.0,0.0,0.0,0.0
0.796875,0.050932474,0.27604026,-0.95979565,-0.040224288,0.9608302,0.27420327,0.9978918,0.024641246,0.06004098,0.117728464,0.2763713,-0.95381284,-0.0575276,0.9607773,0.2712887,0.9913781,0.022932164,0.12900983,9.969696,0.1603241,0.5766754,9.785975,0.24164808,0.5888009,-0.07077026,0.013397217,-0.019989014,-40.19928,21.598816,4.0786743,0,0.0,0.0,0.0,0.0
0.805175782,0.050888043,0.27596223,-0.95982045,-0.040176243,0.9608533,0.27412912,0.9978959,0.024612082,0.059983067,0.115092434,0.27635822,-0.9541382,-0.05684583,0.9607794,0.27142477,0.99172693,0.022999844,0.12628826,9.969696,0.1603241,0.5766754,9.7860155,0.24136207,0.58823293,-0.052139282,0.014923096,-0.019683838,-40.19928,21.598816,4.0786743,0,0.0,0.0,0.0,0.0
0.813476563,0.05094933,0.27665964,-0.95961636,-0.04023269,0.9606528,0.27482235,0.9978905,0.024605934,0.060075384,0.112558186,0.2763425,-0.9544451,-0.05618865,0.9607824,0.271551,0.9920552,0.023063691,0.12367124,9.961319,0.1758728,0.59103394,9.785963,0.24130179,0.58913827,-0.053970337,0.003479004,-0.009597778,-40.13977,21.539307,4.0786743,0,0.0,0.0,0.0,0.0
0.821777344,0.051048193,0.27683342,-0.95956105,-0.040277205,0.96060276,0.27499124,0.9978837,0.024610631,0.0601871,0.11132955,0.27634886,-0.95458734,-0.055871766,0.96077985,0.27162546,0.9922117,0.023094539,0.12240329,9.9756775,0.16151428,0.6029968,9.785896,0.24134785,0.59023386,-0.044189453,0.002105713,-0.00440979,-40.13977,21.539307,4.0786743,0,0.0,0.0,0.0,0.0
0.830078125,0.050404802,0.2938058,-0.95453525,-0.04113981,0.9555497,0.29194567,0.9978812,0.024553936,0.060251407,0.108948864,0.27636808,-0.95485646,-0.05525879,0.9607729,0.27177548,0.99251026,0.023154575,0.11994688,9.98764,0.14237976,0.53001404,9.7858715,0.24079186,0.5908645,-0.04710388,0.013092041,-0.012207031,-40.25879,21.71936,4.559326,0,0.0,0.0,0.0,0.0
0.838378907,0.05032841,0.2936736,-0.95457995,-0.04103139,0.9555922,0.29182172,0.9978895,0.02448082,0.060143273,0.10777597,0.27671778,-0.9548883,-0.054998778,0.96067154,0.27218613,0.9926528,0.023182563,0.11875645,9.985245,0.16151428,0.47976685,9.7859535,0.24007484,0.58980405,-0.04786682,0.030349731,-0.009292603,-40.25879,21.71936,4.559326,0,0.0,0.0,0.0,0.0
0.846679688,0.04997127,0.30255726,-0.9518204,-0.04145111,0.95281816,0.30069822,0.9978901,0.024427742,0.060154866,0.106625065,0.27705777,-0.95491886,-0.054740798,0.9605729,0.27258596,0.9927913,0.023208529,0.11758752,9.985245,0.16151428,0.47976685,9.785959,0.23955432,0.5899177,-0.046340942,0.0491333,-0.015563965,-40.13977,21.539307,4.73938,0,0.0,0.0,0.0,0.0
0.854980469,0.05017297,0.3029064,-0.9516987,-0.04147782,0.9527087,0.3010412,0.9978789,0.024370259,0.060364123,0.10437306,0.2780715,-0.954873,-0.054274336,0.9602788,0.2737132,0.9930561,0.02325681,0.11531938,9.996017,0.14237976,0.46540833,9.78585,0.2389906,0.59196985,-0.050613403,0.090667725,-0.013885498,-40.13977,21.539307,4.73938,0,0.0,0.0,0.0,0.0
0.86328125,0.050985187,0.29741144,-0.9533871,-0.041317716,0.9544396,0.29553017,0.9978444,0.024324115,0.060950644,0.10221849,0.27905872,-0.95481807,-0.053823255,0.9599913,0.2748086,0.9933048,0.023300903,0.11314871,9.98764,0.14117432,0.5670929,9.785511,0.23853809,0.59772164,-0.048324585,0.115112305,-0.023651123,-39.839172,21.058655,4.4387817,0,0.0,0.0,0.0,0.0
0.871582032,0.051678784,0.2986351,-0.95296717,-0.04158967,0.95405793,0.29672155,0.9977973,0.02429938,0.061724693,0.10119136,0.2794268,-0.9548198,-0.053593516,0.95988375,0.27522892,0.9934224,0.023321368,0.1121074,9.98764,0.14117432,0.5670929,9.785049,0.23829551,0.60531247,-0.050460815,0.11816406,-0.01586914,-39.839172,21.058655,4.4387817,0,0.0,0.0,0.0,0.0
0.879882813,0.052307833,0.30396765,-0.9512452,-0.0422065,0.95237106,0.3020065,0.9977387,0.024351427,0.06264588,0.10019831,0.27981213,-0.9548117,-0.053373903,0.959771,0.2756644,0.9935348,0.023340927,0.1111021,9.956528,0.19142151,0.6053772,9.784474,0.23880593,0.61434627,-0.05015564,0.1131134,-0.015563965,-39.779663,21.299744,4.6188354,0,0.0,0.0,0.0,0.0
0.888183594,0.05320163,0.30551842,-0.95069873,-0.042608827,0.9518745,0.30351183,0.9976743,0.024360834,0.063659064,0.09737095,0.28123778,-0.9546854,-0.052786388,0.9593528,0.2772289,0.9938473,0.023400351,0.10825862,9.978073,0.15792847,0.69869995,9.783843,0.23889817,0.6242822,-0.05290222,0.082733154,-0.02885437,-39.779663,21.299744,4.6188354,0,0.0,0.0,0.0,0.0
0.896484375,0.054112338,0.30361894,-0.9512557,-0.04282442,0.9524806,0.30157384,0.9976162,0.024418108,0.06454326,0.09648378,0.2817252,-0.9546318,-0.05260545,0.95920926,0.2777593,0.99394345,0.02341956,0.10736842,9.978073,0.15792847,0.69869995,9.783273,0.23945984,0.63295317,-0.049545288,0.082733154,-0.02885437,-39.65912,21.539307,4.6188354,0,0.0,0.0,0.0,0.0
0.904785157,0.054798212,0.30479288,-0.950841,-0.04323631,0.952103,0.30270565,0.9975609,0.024523126,0.06535165,0.09563317,0.28216457,-0.9545875,-0.052429438,0.9590796,0.27823985,0.99403495,0.023439532,0.10651357,9.958923,0.16749573,0.7405853,9.782731,0.24048972,0.64088076,-0.049545288,0.07020569,-0.032058716,-39.65912,21.539307,4.6188354,0,0.0,0.0,0.0,0.0
0.913085938,0.055292916,0.30563933,-0.95054054,-0.043549508,0.9518292,0.3035204,0.99751997,0.024613043,0.06593985,0.09400998,0.2830638,-0.95448256,-0.052103173,0.95881355,0.2792164,0.99420696,0.023482442,0.10488657,9.958923,0.16749573,0.7405853,9.78233,0.24137151,0.64664906,-0.043121338,0.033096313,-0.026245117,-39.65912,21.539307,4.6188354,0,0.0,0.0,0.0,0.0
0.921386719,0.055327684,0.31200358,-0.9484686,-0.044082355,0.9497606,0.3098571,0.9974946,0.02466705,0.066301905,0.09247099,0.28396097,-0.9543664,-0.0518001,0.9585471,0.28018585,0.99436706,0.023527212,0.10334701,9.960129,0.15792847,0.7166443,9.782081,0.24190113,0.6501996,-0.043441772,0.013092041,-0.019226074,-39.538574,21.418762,4.73938,0,0.0,0.0,0.0,0.0
