Time,Rot1,Rot2,Rot3,Rot4,Rot5,Rot6,Rot7,Rot8,Rot9,FRot1,FRot2,FRot3,FRot4,FRot5,FRot6,FRot7,FRot8,FRot9,AccX,AccY,AccZ,GravX,GravY,GravZ,GyroX,GyroY,GyroZ,MagX,MagY,MagZ,Imid
0.0,0.0,0.0,0.0,0.0,0.0,0.0,0.0,0.0,0.0,1.0,0.0,0.0,0.0,1.0,0.0,0.0,0.0,1.0,9.936203,0.19262695,1.6019897,9.646523,0.24801832,1.7474144,0.0,0.0,0.0,0.0,0.0,0.0,0,0.0,0.0,0.0,0.0
0.008300781,0.0,0.0,0.0,0.0,0.0,0.0,0.0,0.0,0.0,1.0,0.0,0.0,0.0,1.0,0.0,0.0,0.0,1.0,9.936203,0.19262695,1.6019897,9.647981,0.25019604,1.739038,-0.024963379,-0.073028564,-0.050994873,0.0,0.0,0.0,0,0.0,0.0,0.0,0.0
0.016601562,0.16510773,0.24353777,-0.9557347,-0.067656025,0.9695483,0.23536979,0.9839523,0.02579984,0.1765567,1.0,0.0,0.0,0.0,1.0,0.0,0.0,0.0,1.0,9.792633,0.18544006,1.5672913,9.649276,0.25301,1.7314298,-0.0028076172,-0.033325195,-0.053588867,-38.339233,23.878479,-0.53863525,0,0.0,0.0,0.0,0.0
0.024902344,0.16457862,0.24268122,-0.9560438,-0.06768271,0.96975464,0.23451029,0.9840391,0.026112264,0.17602618,0.9984304,0.009745208,-0.055151965,-0.009786728,0.99995196,-4.8278633E-4,0.05514461,0.0010217859,0.9984778,9.73999,0.18424988,1.5565338,9.650127,0.25607383,1.7262272,-0.028320313,-0.008590698,-0.05480957,-38.339233,23.878479,-0.53863525,0,0.0,0.0,0.0,0.0
0.033203125,0.16423309,0.24399063,-0.95576996,-0.06816075,0.9694176,0.23576233,0.9840638,0.026426015,0.175841,0.99653846,0.014454217,-0.081866615,-0.014530433,0.9998944,-3.3525703E-4,0.08185313,0.0015236541,0.99664325,9.838089,0.1986084,1.5960083,9.65037,0.25915068,1.7244112,-0.028320313,0.039978027,-0.05038452,-38.69934,23.699951,-0.5996704,0,0.0,0.0,0.0,0.0
0.041503906,0.16320919,0.25879046,-0.9520453,-0.07099508,0.9655633,0.2502943,0.98403376,0.0267402,0.17596164,0.99076366,0.023644079,-0.13352294,-0.023767488,0.9997173,6.697844E-4,0.13350102,0.0025099067,0.9910455,9.887146,0.2524414,1.6187439,9.650075,0.2622318,1.7255943,-0.07015991,0.063797,-0.04045105,-38.339233,24.179077,0.0,0,0.0,0.0,0.0,0.0
0.049804687,0.16340299,0.25909778,-0.95192844,-0.07139285,0.9654729,0.2505294,0.9839728,0.02702363,0.17625889,0.9825983,0.0330736,-0.18277495,-0.033150494,0.99944687,0.0026353938,0.18276101,0.003469547,0.98315126,9.920639,0.29670715,1.6079712,9.649477,0.26501128,1.7285093,-0.09992981,0.07432556,-0.039993286,-38.339233,24.179077,0.0,0,0.0,0.0,0.0,0.0
0.058105469,0.1636937,0.25955874,-0.9517529,-0.07175567,0.96534365,0.25092375,0.9838981,0.027219027,0.1766455,0.9777234,0.037652757,-0.20649256,-0.037654698,0.99928313,0.0039220946,0.20649222,0.003940691,0.97844034,9.920639,0.29670715,1.6079712,9.648745,0.26692748,1.7323006,-0.09992981,0.077545166,-0.027160645,-38.339233,24.179077,0.0,0,0.0,0.0,0.0,0.0
0.06640625,0.16490668,0.24674688,-0.954946,-0.06987778,0.9686913,0.23823154,0.9838307,0.02744353,0.17698579,0.9665765,0.046554677,-0.25211614,-0.046275575,0.99890393,0.007039465,0.2521675,0.0048626363,0.9676714,9.937393,0.37208557,1.5613098,9.648084,0.2691291,1.7356377,-0.11566162,0.07449341,-0.029907227,-38.339233,23.999023,-0.4196167,0,0.0,0.0,0.0,0.0
0.074707031,0.16508012,0.24842773,-0.9544801,-0.070446804,0.9682558,0.23982923,0.9837611,0.027649032,0.1773407,0.9538248,0.054576714,-0.2953634,-0.05383894,0.99849296,0.010636218,0.2954988,0.005756962,0.9553257,9.996017,0.36012268,1.6187439,9.647401,0.2711444,1.7391182,-0.1083374,0.036315918,-0.04335022,-38.09967,23.939514,-0.35858154,0,0.0,0.0,0.0,0.0
0.083007812,0.16510275,0.24846396,-0.9544667,-0.070755854,0.968238,0.23980959,0.983735,0.027940884,0.17743905,0.94691813,0.058501203,-0.316107,-0.05745478,0.9982681,0.012637835,0.31629887,0.006194865,0.9486394,10.058228,0.33140564,1.6390839,9.647145,0.2740065,1.7400826,-0.09474182,-0.0026397705,-0.051452637,-38.09967,23.939514,-0.35858154,0,0.0,0.0,0.0,0.0
0.091308594,0.16476332,0.24797492,-0.9546525,-0.07092649,0.96835345,0.23929259,0.98377967,0.028283507,0.17713714,0.9321897,0.06611511,-0.35588086,-0.064287595,0.99778706,0.016973577,0.3562155,0.0070561296,0.93437713,9.900299,0.31585693,1.6366882,9.647583,0.27736646,1.7371219,-0.047409058,-0.058517456,-0.053131104,-38.279724,23.81897,-0.4196167,0,0.0,0.0,0.0,0.0
0.099609375,0.16417041,0.24701582,-0.95500326,-0.07098231,0.9685874,0.23832716,0.98387474,0.028662069,0.17654715,0.91641414,0.073403895,-0.39344236,-0.070572,0.997271,0.021681419,0.39396018,0.007896856,0.91909355,9.854843,0.3014984,1.6498566,9.648516,0.28107888,1.7313362,-0.013809204,-0.0771637,-0.0448761,-38.279724,23.81897,-0.4196167,0,0.0,0.0,0.0,0.0
0.107910156,0.16346273,0.24587119,-0.95541996,-0.07097113,0.96886754,0.23718938,0.9839934,0.02903561,0.17582348,0.908193,0.07691819,-0.41142333,-0.0735019,0.9970028,0.024144838,0.41204736,0.008312223,0.9111245,9.771088,0.25004578,1.6821594,9.649679,0.28474206,1.7242393,-0.004333496,-0.07608032,-0.04624939,-38.279724,23.81897,-0.4196167,0,0.0,0.0,0.0,0.0
0.116210937,0.16276282,0.24563958,-0.955599,-0.07107864,0.96891665,0.23695642,0.98410165,0.029354988,0.17516333,0.89119244,0.08368793,-0.44583884,-0.07894203,0.9964501,0.029244445,0.44670358,0.009132994,0.8946354,9.706482,0.1878357,1.6821594,9.650741,0.2878741,1.7177655,-0.016708374,-0.052261353,-0.045639038,-38.398743,23.579407,-0.47912598,0,0.0,0.0,0.0,0.0
0.124511719,0.16195613,0.2498563,-0.95464236,-0.07185749,0.96783197,0.24111769,0.9841782,0.029547717,0.17470036,0.8735832,0.09017646,-0.47824743,-0.08388478,0.99587625,0.034551688,0.479391,0.00993391,0.8775452,9.706482,0.1878357,1.6821594,9.651491,0.28976414,1.7132254,-0.059921265,0.0016479492,-0.0289917,-38.398743,23.519897,-0.35858154,0,0.0,0.0,0.0,0.0
0.1328125,0.16182657,0.24964361,-0.95472,-0.07184136,0.9678852,0.24090886,0.98420066,0.029602919,0.17456427,0.86458874,0.09340903,-0.4937216,-0.08625385,0.99557424,0.037311547,0.49502173,0.010326249,0.8688192,9.7005005,0.18066406,1.6450653,9.651711,0.29030547,1.7118907,-0.074279785,0.021499634,-0.024261475,-38.398743,23.519897,-0.35858154,0,0.0,0.0,0.0,0.0
0.141113281,0.1625118,0.24218673,-0.95652264,-0.07054559,0.9697803,0.23355792,0.98418146,0.029522536,0.17468594,0.8463258,0.09966991,-0.52325755,-0.0906311,0.9949587,0.04293108,0.5248986,0.0110897245,0.8510925,9.737595,0.23330688,1.6534424,9.651524,0.2895172,1.7130839,-0.107421875,0.05479431,-0.015716553,-38.398743,23.638916,-0.53863525,0,0.0,0.0,0.0,0.0
0.149414062,0.16278617,0.2426361,-0.95636207,-0.07068957,0.9696682,0.23397963,0.9841258,0.029516172,0.17500041,0.8278331,0.10537592,-0.5509884,-0.09430157,0.99436224,0.048487183,0.55299145,0.011819775,0.8331031,9.737595,0.23330688,1.6534424,9.650978,0.2894548,1.716168,-0.1184082,0.057235718,-0.010513306,-38.398743,23.638916,-0.53863525,0,0.0,0.0,0.0,0.0
0.157714844,0.16313471,0.2432069,-0.9561577,-0.070824966,0.96952695,0.2345237,0.9840584,0.029460879,0.1753886,0.81852627,0.10815155,-0.5641967,-0.0959902,0.99405986,0.051291697,0.5663926,0.012173758,0.82404566,9.911072,0.3014984,1.7108612,9.650316,0.28891253,1.7199748,-0.1184082,0.04196167,-0.014801025,-38.398743,23.638916,-0.53863525,0,0.0,0.0,0.0,0.0
0.166015625,0.16387482,0.23745665,-0.9574755,-0.069909096,0.970952,0.22883372,0.9840009,0.029436165,0.17571498,0.8091975,0.11088249,-0.5769788,-0.09758884,0.9937546,0.054111797,0.5793754,0.012519552,0.81496465,9.911072,0.3014984,1.7108612,9.649753,0.28867018,1.7231754,-0.103302,0.042419434,-0.021362305,-38.279724,23.519897,-0.71868896,0,0.0,0.0,0.0,0.0
0.174316406,0.16409926,0.23782592,-0.9573454,-0.07005747,0.9708609,0.22917485,0.98395294,0.02946177,0.17597903,0.7905403,0.11594602,-0.60133404,-0.100313656,0.993168,0.059620574,0.60413843,0.0131895505,0.7967702,9.897903,0.3026886,1.7144623,9.649282,0.28892127,1.7257649,-0.09275818,0.02897644,-0.018463135,-38.279724,23.519897,-0.71868896,0,0.0,0.0,0.0,0.0
0.182617187,0.1655047,0.21992698,-0.96137416,-0.06705663,0.9750714,0.2115163,0.9839266,0.029459575,0.17612647,0.7719147,0.12082102,-0.6241395,-0.10270493,0.99257797,0.0651214,0.62737507,0.013834026,0.7785944,9.943375,0.30508423,1.7348022,9.649024,0.28889975,1.7272106,-0.0753479,5.79834E-4,-0.009597778,-38.459778,23.699951,-1.1993408,0,0.0,0.0,0.0,0.0
0.190917969,0.16487457,0.2264946,-0.9599565,-0.068105526,0.97356755,0.21800873,0.98396033,0.029434249,0.17594208,0.753467,0.12477742,-0.6455371,-0.104223594,0.99207956,0.070112295,0.64917254,0.014452888,0.7605039,9.92543,0.29910278,1.6546326,9.649355,0.28865138,1.7254024,-0.036102295,-0.039901733,-0.020446777,-38.69934,23.339844,-1.1398315,0,0.0,0.0,0.0,0.0
0.19921875,0.16450399,0.22586983,-0.9601673,-0.06797417,0.97371066,0.21740986,0.98403144,0.029501786,0.1755326,0.74428254,0.12682943,-0.65571165,-0.104986474,0.99181485,0.07267173,0.65956146,0.014752557,0.75150585,9.92543,0.29910278,1.6546326,9.650052,0.2893137,1.7213868,-0.026031494,-0.04875183,-0.024261475,-38.69934,23.339844,-1.1398315,0,0.0,0.0,0.0,0.0
0.207519531,0.16450393,0.21580495,-0.96247953,-0.066285715,0.97598594,0.20750397,0.98414665,0.029663416,0.17485829,0.7260512,0.13078433,-0.67508894,-0.10630113,0.99129224,0.0777163,0.67937446,0.015336707,0.73363143,9.9062805,0.3026886,1.5553284,9.651182,0.29089874,1.714774,-0.0051116943,-0.057907104,-0.019683838,-38.99994,23.039246,-1.499939,0,0.0,0.0,0.0,0.0
0.215820312,0.16386062,0.21469264,-0.96283793,-0.06609599,0.97622657,0.20642948,0.98426676,0.02981406,0.1741554,0.7080783,0.13417548,-0.69326913,-0.10708931,0.99082994,0.0823886,0.69796634,0.015904123,0.715954,9.891922,0.28953552,1.5708923,9.65236,0.29237607,1.7078811,-0.008163452,-0.060668945,-0.015258789,-38.99994,23.039246,-1.499939,0,0.0,0.0,0.0,0.0
0.224121094,0.16322476,0.21359329,-0.9631903,-0.06587869,0.97646403,0.20537284,0.984387,0.029931786,0.17345436,0.69918424,0.13579719,-0.7019263,-0.10739444,0.99060446,0.084671006,0.7068294,0.016182361,0.70719886,9.891922,0.28953552,1.5708923,9.653539,0.29353055,1.7010062,-0.005264282,-0.04966736,-0.014038086,-38.99994,23.039246,-1.499939,0,0.0,0.0,0.0,0.0
0.232421875,0.16321796,0.20538071,-0.96497595,-0.06440014,0.978224,0.19730759,0.98448586,0.029940438,0.17289029,0.6816028,0.13889872,-0.71841824,-0.10784012,0.99016535,0.08912435,0.7237321,0.016726913,0.6898783,9.84288,0.27757263,1.5696869,9.654509,0.2936154,1.6954746,-0.05000305,-0.020812988,-0.0010528564,-39.29901,22.499084,-1.8585205,0,0.0,0.0,0.0,0.0
0.240722656,0.16325335,0.1988084,-0.9663454,-0.063096955,0.97958475,0.19087264,0.9845644,0.02981286,0.17246471,0.66436243,0.1415467,-0.73388493,-0.10789884,0.98978126,0.09322486,0.7395813,0.017250242,0.6728462,9.84288,0.27757263,1.5696869,9.655278,0.29236427,1.691301,-0.09062195,-0.0015563965,0.0013885498,-39.538574,22.558594,-2.0385742,0,0.0,0.0,0.0,0.0
0.249023437,0.16303018,0.1984064,-0.96646565,-0.06279484,0.9796719,0.19052483,0.98462075,0.029627768,0.172175,0.655879,0.14269784,-0.74125576,-0.107788205,0.9896115,0.09513507,0.7471308,0.017501526,0.6644466,9.846466,0.24526978,1.5302124,9.655831,0.29054916,1.6884601,-0.10940552,0.0024108887,0.0027618408,-39.538574,22.558594,-2.0385742,0,0.0,0.0,0.0,0.0
0.257324219,0.1629235,0.19821422,-0.9665232,-0.06259222,0.9797152,0.19036868,0.98465127,0.029481305,0.17202531,0.6391757,0.14491478,-0.755284,-0.10747142,0.9892807,0.09886117,0.7615144,0.017981786,0.64789844,9.866806,0.3134613,1.578064,9.656131,0.28911284,1.686992,-0.11367798,0.014160156,0.005508423,-39.538574,22.558594,-2.0385742,0,0.0,0.0,0.0,0.0
0.265625,0.16356266,0.18748066,-0.9685548,-0.060589496,0.981832,0.17981876,0.9846705,0.029272607,0.1719504,0.62284404,0.1470355,-0.7684048,-0.10705071,0.9889594,0.10246714,0.77498734,0.018437224,0.63170767,9.939789,0.29193115,1.5984039,9.65632,0.28706622,1.6862574,-0.11352539,0.008972168,7.7819824E-4,-39.718628,22.259521,-2.3986816,0,0.0,0.0,0.0,0.0
0.273925781,0.16353999,0.18743892,-0.9685666,-0.060384873,0.9818456,0.17981288,0.98468685,0.029080182,0.1718895,0.61484605,0.14784743,-0.7746647,-0.10667066,0.98883426,0.104058646,0.78139985,0.018653957,0.6237518,9.939789,0.29193115,1.5984039,9.65648,0.28517917,1.6856602,-0.10115051,0.008972168,7.7819824E-4,-39.718628,22.259521,-2.3986816,0,0.0,0.0,0.0,0.0
0.282226562,0.1626088,0.2024782,-0.965692,-0.06266931,0.9788614,0.19468683,0.98469836,0.028861454,0.17186065,0.59914535,0.1494209,-0.78657377,-0.10586444,0.9885898,0.107158154,0.79361045,0.019066883,0.60812736,9.970886,0.23568726,1.6773682,9.656592,0.28303418,1.6853772,-0.07946777,-0.013320923,-0.0033416748,-39.59961,22.079468,-2.0385742,0,0.0,0.0,0.0,0.0
0.290527344,0.16276677,0.19794105,-0.96660554,-0.0617185,0.97979397,0.19024898,0.9847324,0.02869123,0.17169455,0.5837833,0.15153204,-0.79764354,-0.10536068,0.9882609,0.11063262,0.8050443,0.019454788,0.5928957,9.876373,0.23808289,1.6426697,9.656926,0.28136486,1.6837484,-0.04786682,-0.045700073,-0.0079193115,-39.538574,22.259521,-2.0996094,0,0.0,0.0,0.0,0.0
0.298828125,0.16245009,0.19736232,-0.9667772,-0.06145381,0.97991365,0.1897178,0.98480123,0.028592465,0.17131571,0.57626396,0.1524642,-0.8029162,-0.105025575,0.9881138,0.11225273,0.8104872,0.019639537,0.58542705,9.876373,0.23808289,1.6426697,9.657601,0.2803963,1.6800333,-0.035949707,-0.05393982,-0.012512207,-39.538574,22.259521,-2.0996094,0,0.0,0.0,0.0,0.0
0.307128906,0.16196428,0.19647467,-0.96703947,-0.06114678,0.98009354,0.18888573,0.98490036,0.028538605,0.17075393,0.5615266,0.15424941,-0.8129544,-0.10429683,0.98782957,0.115389846,0.8208593,0.01999411,0.57078034,9.869202,0.19262695,1.6139526,9.658573,0.27986813,1.6745241,-0.033813477,-0.06341553,-0.029296875,-39.538574,22.259521,-2.0996094,0,0.0,0.0,0.0,0.0
0.315429687,0.16057962,0.20872632,-0.9647007,-0.06309781,0.97755593,0.20100476,0.98500395,0.028593238,0.17014574,0.5543067,0.15509725,-0.817734,-0.103902444,0.98769337,0.11690195,0.8258017,0.020165015,0.56360006,9.869202,0.19262695,1.6139526,9.65959,0.2804039,1.6685599,-0.03579712,-0.05807495,-0.03755188,-39.538574,22.37854,-1.739502,0,0.0,0.0,0.0,0.0
0.323730469,0.16002545,0.20772323,-0.9650093,-0.06291033,0.9777666,0.20003702,0.98510617,0.02869804,0.16953547,0.5401083,0.15723144,-0.8267776,-0.10335061,0.98734903,0.12025211,0.83522546,0.020498803,0.54952544,9.830917,0.18066406,1.5912323,9.660591,0.28143162,1.662575,-0.04374695,-0.053329468,-0.039535522,-39.538574,22.37854,-1.739502,0,0.0,0.0,0.0,0.0
0.33203125,0.1595438,0.2060898,-0.9654392,-0.06277281,0.97810495,0.19841999,0.9851931,0.028946655,0.1689874,0.52631325,0.15924029,-0.8352466,-0.10271993,0.9870202,0.12344921,0.8440634,0.020823523,0.53583896,9.818954,0.3062744,1.5158539,9.661444,0.2838697,1.6572002,-0.05732727,-0.040512085,-0.041519165,-39.538574,22.738647,-1.6799927,0,0.0,0.0,0.0,0.0
0.340332031,0.1590016,0.20512527,-0.9657339,-0.06275216,0.97829986,0.1974626,0.98528206,0.02920502,0.16842332,0.51956624,0.1601815,-0.8392811,-0.10237151,0.98686445,0.124974385,0.8482753,0.020986,0.52913946,9.818954,0.3062744,1.5158539,9.662316,0.28640342,1.6516687,-0.06817627,-0.033477783,-0.032821655,-39.538574,22.738647,-1.6799927,0,0.0,0.0,0.0,0.0
0.348632812,0.15858987,0.20453814,-0.96592623,-0.06283158,0.9784149,0.19686669,0.9853433,0.02946961,0.16801813,0.5063679,0.16196881,-0.8469696,-0.101630345,0.9865657,0.12790367,0.8563077,0.021311505,0.5160262,9.836899,0.35414124,1.503891,9.662917,0.28899816,1.6476951,-0.078704834,0.0068359375,-0.028244019,-39.419556,22.918701,-1.6189575,0,0.0,0.0,0.0,0.0
0.356933594,0.15832701,0.20407608,-0.9660671,-0.062936984,0.9785042,0.1963887,0.9853788,0.029707711,0.16776755,0.49356994,0.1636614,-0.85416836,-0.1008509,0.9862793,0.1306989,0.863839,0.021634595,0.50330323,9.890732,0.38046265,1.4799652,9.663265,0.29133314,1.6452377,-0.09550476,0.024246216,-0.025482178,-39.419556,22.918701,-1.6189575,0,0.0,0.0,0.0,0.0
0.365234375,0.1573115,0.21733902,-0.9633362,-0.06524667,0.9756379,0.20945972,0.98539126,0.029904058,0.16765974,0.48732033,0.16447291,-0.8575941,-0.100449644,0.9861407,0.13204649,0.8674265,0.021796072,0.4970877,9.890732,0.38046265,1.4799652,9.663388,0.29325867,1.6441805,-0.0962677,0.027145386,-0.023040771,-39.05945,23.2193,-1.1398315,0,0.0,0.0,0.0,0.0
0.373535156,0.15729105,0.21730407,-0.96334755,-0.06536583,0.97564185,0.20940468,0.98538667,0.030032529,0.16766399,0.47506607,0.16657718,-0.8640395,-0.0998918,0.9857803,0.13512495,0.87426186,0.022117179,0.4849505,9.918243,0.3481598,1.5349884,9.663342,0.2945185,1.6442221,-0.08528137,0.015075684,-0.021514893,-39.05945,23.2193,-1.1398315,0,0.0,0.0,0.0,0.0
0.381835937,0.15745191,0.21521467,-0.9637902,-0.06505668,0.97610414,0.20733625,0.9853814,0.030055506,0.16769062,0.46321362,0.16859597,-0.87006235,-0.09929663,0.98542994,0.13808662,0.88066643,0.022430655,0.47320563,9.915863,0.27278137,1.5924225,9.663291,0.29474384,1.6444833,-0.069244385,7.324219E-4,-0.017242432,-38.879395,23.339844,-1.1398315,0,0.0,0.0,0.0,0.0
0.390136719,0.15739076,0.2151112,-0.9638233,-0.06503531,0.97612673,0.20723698,0.98539263,0.030065358,0.16762315,0.4574407,0.16953272,-0.87293,-0.09896645,0.9852658,0.13948828,0.88371587,0.022583166,0.4674787,9.915863,0.27278137,1.5924225,9.663401,0.29484046,1.6438216,-0.05809021,-0.0052337646,-0.012207031,-38.879395,23.339844,-1.1398315,0,0.0,0.0,0.0,0.0
0.3984375,0.15775025,0.20780127,-0.965367,-0.06378822,0.97771025,0.20003462,0.98541665,0.030023532,0.1674893,0.4461845,0.17134577,-0.8783849,-0.098283395,0.98494524,0.14220837,0.8895278,0.022879489,0.45630774,9.867996,0.2596283,1.5828552,9.663636,0.2944303,1.6425091,-0.055038452,-0.0067596436,-0.005630493,-39.05945,23.519897,-1.3198853,0,0.0,0.0,0.0,0.0
0.406738281,0.15766363,0.20765482,-0.9654126,-0.06366674,0.97774357,0.19990958,0.9854383,0.029946208,0.16737533,0.435335,0.17279467,-0.88353,-0.097445786,0.9846855,0.14456423,0.8949792,0.023162415,0.4455062,9.881165,0.28115845,1.6199341,9.663849,0.293672,1.6413913,-0.07550049,-0.015304565,0.008407593,-39.05945,23.519897,-1.3198853,0,0.0,0.0,0.0,0.0
0.415039062,0.15814686,0.19808932,-0.96734184,-0.061946496,0.9797309,0.19049893,0.9854705,0.029796626,0.16721231,0.43004894,0.17349437,-0.88597834,-0.097021,0.98455924,0.14570527,0.89757717,0.023298101,0.44024128,9.881165,0.28115845,1.6199341,9.664165,0.2922051,1.6397926,-0.079315186,-0.018814087,0.0015411377,-39.29901,23.75946,-1.5594482,0,0.0,0.0,0.0,0.0
0.423339844,0.15798633,0.19781847,-0.9674235,-0.06163197,0.97979283,0.19028287,0.985516,0.029562123,0.16698581,0.41978422,0.17447078,-0.890697,-0.095999114,0.98438054,0.1475774,0.9025328,0.023555463,0.42997646,9.890732,0.22612,1.6319122,9.664611,0.2899054,1.6375715,-0.076416016,-0.038360596,-0.0048675537,-39.29901,23.75946,-1.5594482,0,0.0,0.0,0.0,0.0
0.431640625,0.15724175,0.20370467,-0.96632266,-0.062303662,0.978592,0.19615294,0.98559284,0.029362006,0.16656706,0.4098706,0.17539757,-0.8951211,-0.09497493,0.98421013,0.14936598,0.9071857,0.023793345,0.42005712,9.876373,0.21057129,1.5601196,9.665364,0.28794292,1.6334649,-0.07305908,-0.045547485,-0.0022735596,-39.179993,23.699951,-1.3793945,0,0.0,0.0,0.0,0.0
0.439941406,0.15685385,0.20305173,-0.96652305,-0.061936673,0.9787329,0.19556533,0.98567784,0.02918805,0.16609438,0.40502656,0.17596537,-0.8972122,-0.094511926,0.98410606,0.15034208,0.90940696,0.023904726,0.41521993,9.876373,0.21057129,1.5601196,9.666198,0.286237,1.6288295,-0.075042725,-0.040512085,-0.005630493,-39.179993,23.699951,-1.3793945,0,0.0,0.0,0.0,0.0
0.448242187,0.15706049,0.19253862,-0.96863866,-0.060028806,0.9808592,0.18523432,0.98576295,0.029053226,0.1656121,0.39558256,0.17704092,-0.90120524,-0.09357181,0.983908,0.15221462,0.9136513,0.024113962,0.40578288,9.814163,0.24287415,1.503891,9.667032,0.28491482,1.6241,-0.0765686,-0.018814087,-0.005935669,-39.118958,23.458862,-1.6799927,0,0.0,0.0,0.0,0.0
0.456542969,0.15668757,0.1919034,-0.96882516,-0.059819177,0.9809846,0.1846374,0.985835,0.029023936,0.16518758,0.38649756,0.17765567,-0.9050183,-0.0924697,0.9837924,0.15362893,0.9176432,0.024309566,0.39666116,9.8524475,0.31225586,1.4584198,9.667739,0.2846276,1.6199368,-0.07839966,0.022109985,-0.010513306,-39.118958,23.458862,-1.6799927,0,0.0,0.0,0.0,0.0
0.46484375,0.15670268,0.18821475,-0.96954596,-0.059176713,0.9816993,0.1810096,0.9858714,0.029009853,0.16497287,0.382071,0.17794105,-0.90684,-0.09192147,0.9837385,0.1543017,0.91955,0.02440386,0.39221454,9.8524475,0.31225586,1.4584198,9.668096,0.28448948,1.6178312,-0.08253479,0.02394104,-0.0051727295,-38.938904,23.458862,-1.739502,0,0.0,0.0,0.0,0.0
0.473144531,0.15668245,0.1881804,-0.969556,-0.059218377,0.9817044,0.18096846,0.9858721,0.029060949,0.16495958,0.37346265,0.17834839,-0.91033924,-0.09078776,0.98366016,0.15546773,0.92319185,0.024586268,0.38355216,9.882355,0.37088013,1.5086823,9.668103,0.28499058,1.617701,-0.0715332,0.01675415,-0.0033416748,-38.938904,23.458862,-1.739502,0,0.0,0.0,0.0,0.0
0.481445312,0.15674849,0.18620962,-0.9699257,-0.058834568,0.9820819,0.17903523,0.9858846,0.02900166,0.1648954,0.36516422,0.1787382,-0.9136234,-0.089687176,0.983585,0.15657838,0.9266128,0.024763474,0.37520057,9.917053,0.29910278,1.4895325,9.668225,0.28440914,1.6170715,-0.056869507,0.011108398,-0.0036468506,-39.05945,23.81897,-1.739502,0,0.0,0.0,0.0,0.0
0.489746094,0.15665059,0.18604565,-0.969973,-0.0587508,0.98211414,0.17888612,0.9859051,0.02896407,0.16477908,0.3611311,0.17888777,-0.9151959,-0.08913294,0.9835557,0.1570783,0.9282455,0.024848241,0.37113735,9.917053,0.29910278,1.4895325,9.6684265,0.2840405,1.6159308,-0.038848877,-1.8310547E-4,-0.0036468506,-39.05945,23.81897,-1.739502,0,0.0,0.0,0.0,0.0
0.498046875,0.15762958,0.16824599,-0.97306025,-0.055787817,0.9853227,0.16132894,0.98592126,0.028854694,0.16470206,0.35328242,0.17917149,-0.9181988,-0.08804548,0.9834999,0.15803789,0.93136436,0.02501124,0.36322847,9.854843,0.2368927,1.5565338,9.668585,0.2829679,1.6151755,-0.027709961,7.324219E-4,-0.0034942627,-39.118958,23.81897,-2.218628,0,0.0,0.0,0.0,0.0
0.506347656,0.15757567,0.16815518,-0.9730847,-0.05565326,0.9853414,0.16126107,0.9859375,0.028744515,0.16462421,0.3457811,0.17873926,-0.92113394,-0.086739525,0.9835747,0.15829459,0.93429744,0.025163447,0.35560527,9.920639,0.21894836,1.5804596,9.668744,0.2818874,1.6144121,-0.02709961,0.007446289,-0.00730896,-39.118958,23.81897,-2.218628,0,0.0,0.0,0.0,0.0
0.514648437,0.15701927,0.17730655,-0.971549,-0.05702676,0.98373824,0.17031455,0.98594767,0.028661618,0.16457707,0.3421329,0.17852777,-0.92253613,-0.086103775,0.9836112,0.15841436,0.9356982,0.025235072,0.35189766,9.920639,0.21894836,1.5804596,9.668844,0.28107446,1.6139498,-0.035949707,0.009277344,-0.0063934326,-39.239502,23.579407,-2.0385742,0,0.0,0.0,0.0,0.0
0.522949219,0.1570365,0.17733593,-0.97154075,-0.056909733,0.9837366,0.17036335,0.9859518,0.028536862,0.1645747,0.33500513,0.17847946,-0.92515767,-0.08499129,0.98361653,0.15898135,0.93837523,0.02537077,0.34468576,9.896713,0.19740295,1.5900269,9.668884,0.27985102,1.6139265,-0.08161926,0.012939453,-0.010070801,-39.239502,23.579407,-2.0385742,0,0.0,0.0,0.0,0.0
0.53125,0.1566135,0.18373272,-0.97041976,-0.057739474,0.98256713,0.1767142,0.98597074,0.028355695,0.16449192,0.3281414,0.1784342,-0.92762303,-0.08391523,0.9836215,0.15952131,0.940894,0.025496153,0.33774027,9.936203,0.17468262,1.5170441,9.66907,0.27807438,1.6131147,-0.11566162,0.014007568,-0.015106201,-38.879395,23.638916,-1.7990112,0,0.0,0.0,0.0,0.0
0.539550781,0.15658626,0.18368691,-0.9704328,-0.057540473,0.982581,0.17670181,0.9859867,0.028170086,0.16442813,0.32479382,0.17854026,-0.92878,-0.08343073,0.98360074,0.15990281,0.94209784,0.025553348,0.33436322,9.936203,0.17468262,1.5170441,9.669227,0.27625418,1.6124892,-0.11123657,0.008514404,-0.015716553,-38.879395,23.638916,-1.7990112,0,0.0,0.0,0.0,0.0
0.547851562,0.15622202,0.18975338,-0.96932364,-0.058308836,0.98143315,0.18272652,0.98599935,0.02797423,0.16438577,0.31828558,0.17874418,-0.9309913,-0.082478,0.983561,0.16063978,0.94440013,0.025656972,0.32779577,9.933807,0.16870117,1.5481567,9.669351,0.27433348,1.6120738,-0.11138916,0.0071411133,-0.012817383,-38.69934,23.278809,-1.6799927,0,0.0,0.0,0.0,0.0
0.556152344,0.15616421,0.18965523,-0.9693522,-0.05830908,0.98145133,0.18262875,0.98600847,0.028001953,0.16432619,0.31200042,0.17918064,-0.9330327,-0.081625916,0.98347914,0.16157323,0.94656897,0.025748739,0.3214717,9.933807,0.33499146,1.5565338,9.66944,0.27460536,1.6114895,-0.10620117,-0.0018615723,-0.016479492,-38.69934,23.278809,-1.6799927,0,0.0,0.0,0.0,0.0
0.564453125,0.15627418,0.18603796,-0.9700352,-0.057754118,0.98214227,0.17905563,0.9860237,0.028041752,0.16422795,0.30894598,0.17939036,-0.9340083,-0.081209145,0.9834398,0.16202253,0.9476062,0.025793806,0.3183979,9.933807,0.33499146,1.5565338,9.66959,0.27499565,1.6105261,-0.100234985,-0.011184692,-0.015106201,-38.879395,23.278809,-1.7990112,0,0.0,0.0,0.0,0.0
0.572753906,0.15605414,0.18566214,-0.97014254,-0.057746448,0.98221064,0.17868276,0.98605907,0.028138109,0.16399938,0.30301824,0.1796538,-0.9358976,-0.080351174,0.9833893,0.1627547,0.9495913,0.025882827,0.31242034,9.893127,0.35533142,1.5230255,9.669936,0.2759406,1.6082846,-0.089401245,-0.029663086,-0.01876831,-38.879395,23.278809,-1.7990112,0,0.0,0.0,0.0,0.0
0.581054687,0.15578224,0.18479358,-0.97035205,-0.057640493,0.9823718,0.1778289,0.98610824,0.028228993,0.16368769,0.29730633,0.17989188,-0.9376822,-0.07951909,0.9833434,0.16343915,0.951465,0.025972137,0.30665904,9.872787,0.33140564,1.5361938,9.670419,0.27683187,1.605228,-0.07809448,-0.029510498,-0.021972656,-38.819885,23.278809,-1.7990112,0,0.0,0.0,0.0,0.0
0.589355469,0.15543583,0.18420292,-0.97052,-0.057603464,0.9824792,0.17724714,0.98616505,0.028354753,0.16332318,0.29452705,0.17999,-0.9385401,-0.07910901,0.98332435,0.16375305,0.9523632,0.026017275,0.30385447,9.872787,0.33140564,1.5361938,9.670976,0.27806515,1.6016533,-0.054122925,-0.038208008,-0.023040771,-38.819885,23.278809,-1.7990112,0,0.0,0.0,0.0,0.0
0.59765625,0.15495254,0.18564028,-0.9703234,-0.057789467,0.98220766,0.17868546,0.9862302,0.028386705,0.1629236,0.28911436,0.18015692,-0.9401895,-0.07830538,0.98329127,0.16433655,0.95408654,0.026109839,0.2983909,9.902695,0.24047852,1.5409851,9.671615,0.2783785,1.5977348,-0.04067993,-0.041732788,-0.019836426,-38.938904,23.098755,-1.7990112,0,0.0,0.0,0.0,0.0
0.605957031,0.15454985,0.18494612,-0.9705201,-0.057608552,0.98233825,0.17802441,0.986304,0.028396612,0.16247472,0.28388748,0.1803742,-0.9417394,-0.07754471,0.9832491,0.1649488,0.95571685,0.026200006,0.29311916,9.828522,0.20936584,1.5170441,9.6723385,0.27847564,1.5933328,-0.027252197,-0.031188965,-0.018615723,-38.938904,23.098755,-1.7990112,0,0.0,0.0,0.0,0.0
0.614257812,0.1536387,0.19337565,-0.96902066,-0.05886326,0.98071355,0.18637626,0.9863723,0.02840511,0.16205826,0.28134167,0.18046568,-0.9424855,-0.07716888,0.98323107,0.16523187,0.9564997,0.02624394,0.29055023,9.828522,0.20936584,1.5170441,9.673008,0.27855897,1.5892488,-0.03366089,-0.02279663,-0.012817383,-38.75885,22.979736,-1.5594482,0,0.0,0.0,0.0,0.0
0.622558594,0.15325846,0.1927214,-0.96921116,-0.058692187,0.98084193,0.18575329,0.9864416,0.02841686,0.16163357,0.27882373,0.18072422,-0.943184,-0.07684629,0.9831825,0.16567108,0.95726275,0.026287165,0.28802258,9.873978,0.24287415,1.4536438,9.673688,0.27867422,1.5850838,-0.038391113,-0.016983032,-0.007156372,-38.75885,22.979736,-1.5594482,0,0.0,0.0,0.0,0.0
0.630859375,0.15310298,0.19245386,-0.9692888,-0.05851095,0.9808975,0.18551674,0.98647654,0.028310847,0.16143902,0.27391863,0.18119988,-0.9445291,-0.07620558,0.98309267,0.16649795,0.958729,0.026371501,0.28309584,9.846466,0.22132874,1.5110626,9.67403,0.27763456,1.5831759,-0.06451416,0.014160156,0.0019989014,-38.75885,22.979736,-1.5594482,0,0.0,0.0,0.0,0.0
0.639160156,0.15218005,0.20807637,-0.96620154,-0.060766503,0.9777081,0.20098342,0.986483,0.028127024,0.16143173,0.26919556,0.18164603,-0.9458004,-0.0755759,0.98300827,0.16728143,0.9601156,0.026448304,0.27834952,9.846466,0.22132874,1.5110626,9.674093,0.27583188,1.5831045,-0.08192444,0.03982544,0.0044403076,-38.819885,23.098755,-1.1398315,0,0.0,0.0,0.0,0.0
0.647460937,0.1522343,0.2119875,-0.96534246,-0.06121593,0.9768739,0.20486604,0.9864468,0.027906703,0.1616907,0.2668789,0.18217602,-0.94635487,-0.07534999,0.98290926,0.16796361,0.9607799,0.02648188,0.2760447,9.893127,0.21894836,1.6019897,9.6737385,0.27367127,1.5856441,-0.08175659,0.04058838,0.0027618408,-38.879395,23.278809,-1.0192871,0,0.0,0.0,0.0,0.0
0.655761719,0.15254645,0.21251608,-0.96517694,-0.061219588,0.9767633,0.20539144,0.98639834,0.027755998,0.16201192,0.2623798,0.18336,-0.94738376,-0.07493851,0.98268753,0.16943845,0.96205044,0.026538305,0.27157807,9.919449,0.25842285,1.6283112,9.673264,0.27219337,1.5887942,-0.08068848,0.029891968,-4.4250488E-4,-38.879395,23.278809,-1.0192871,0,0.0,0.0,0.0,0.0
0.6640625,0.1530135,0.2086517,-0.9659458,-0.06050809,0.97760034,0.20158422,0.9863699,0.027602425,0.16221121,0.25806633,0.18451788,-0.9483433,-0.07453387,0.98246956,0.17087536,0.9632479,0.026586527,0.26729512,9.930206,0.2416687,1.6175537,9.672984,0.2706873,1.5907484,-0.07748413,-0.0043182373,-0.0041046143,-38.938904,23.278809,-1.1398315,0,0.0,0.0,0.0,0.0
0.672363281,0.15305288,0.20871857,-0.9659251,-0.060462117,0.97758794,0.20165834,0.9863666,0.027537486,0.16224223,0.25598302,0.18500169,-0.9488135,-0.07431103,0.98237795,0.17149758,0.9638208,0.026606845,0.26521975,9.970886,0.28833008,1.6522369,9.672953,0.2700505,1.5910529,-0.07092285,-0.030273438,-0.007003784,-38.938904,23.278809,-1.1398315,0,0.0,0.0,0.0,0.0
0.680664062,0.15283768,0.20835304,-0.9660381,-0.06034676,0.9776662,0.20131347,0.9864071,0.027528992,0.16199766,0.25193936,0.18594308,-0.9497114,-0.07387035,0.9821992,0.17270751,0.96491957,0.0266437,0.26119033,9.970886,0.28833008,1.6522369,9.673349,0.2699672,1.5886544,-0.059158325,-0.056381226,-0.012512207,-38.938904,23.278809,-1.1398315,0,0.0,0.0,0.0,0.0
0.688964844,0.15232357,0.20639983,-0.9665384,-0.05995264,0.97807926,0.19941595,0.9865107,0.027570784,0.16135876,0.24804464,0.18683246,-0.9505617,-0.07343308,0.98202944,0.17385544,0.9659614,0.026678758,0.25730684,9.896713,0.279953,1.537384,9.674365,0.27037704,1.5823889,-0.03945923,-0.0947113,-0.019226074,-38.938904,23.399353,-1.1398315,0,0.0,0.0,0.0,0.0
0.697265625,0.15174673,0.2018961,-0.96757984,-0.05905063,0.9790195,0.19502214,0.9866539,0.027542228,0.16048515,0.24614486,0.18722457,-0.9509783,-0.073206745,0.9819543,0.17437467,0.9664644,0.026696598,0.2554091,9.836899,0.19381714,1.4667969,9.67577,0.270097,1.5738217,-0.03778076,-0.087387085,-0.019378662,-38.63983,23.579407,-1.1398315,0,0.0,0.0,0.0,0.0
0.705566406,0.15097009,0.20060454,-0.96796995,-0.05866401,0.9792854,0.19380002,0.9867961,0.027526993,0.15961108,0.24243653,0.18780641,-0.9518158,-0.072711125,0.9818423,0.17521085,0.9674387,0.026730089,0.25169003,9.836899,0.19381714,1.4667969,9.677164,0.2699476,1.56525,-0.03793335,-0.07287598,-0.012359619,-38.63983,23.579407,-1.1398315,0,0.0,0.0,0.0,0.0
0.713867187,0.14965129,0.20992853,-0.9661959,-0.059942976,0.977329,0.20306307,0.98692006,0.027528008,0.1588423,0.23884259,0.18831386,-0.9526238,-0.0722108,0.9817442,0.1759656,0.96836966,0.026761645,0.24808063,9.773483,0.22253418,1.421341,9.67838,0.26995754,1.5577109,-0.04878235,-0.023406982,-0.013122559,-38.879395,23.579407,-0.8987427,0,0.0,0.0,0.0,0.0
0.722167969,0.14919306,0.20916395,-0.9664326,-0.05971296,0.9774933,0.20233962,0.98700345,0.027520882,0.15832502,0.23706979,0.18874708,-0.95298076,-0.07200891,0.98166054,0.17651398,0.96882015,0.026776975,0.24631356,9.780655,0.24047852,1.3986053,9.679197,0.26988766,1.552638,-0.054275513,0.0013427734,-0.007003784,-38.879395,23.579407,-0.8987427,0,0.0,0.0,0.0,0.0
0.73046875,0.1490092,0.20885713,-0.9665273,-0.05954686,0.97756094,0.20206109,0.98704123,0.02744471,0.15810235,0.23361075,0.18955724,-0.95367396,-0.0716009,0.98150367,0.17754956,0.9696903,0.026806433,0.24286228,9.866806,0.22732544,1.409378,9.679568,0.26914066,1.5504544,-0.059005737,0.025466919,-9.0026855E-4,-38.879395,23.579407,-0.8987427,0,0.0,0.0,0.0,0.0
0.738769531,0.1485989,0.21582079,-0.96505946,-0.060507223,0.97605014,0.20896186,0.98704475,0.027341574,0.15809867,0.23027949,0.19032297,-0.95433146,-0.07119556,0.9813548,0.17853282,0.9705167,0.026831709,0.23953605,9.949356,0.24765015,1.4488525,9.679603,0.26812926,1.5504184,-0.056259155,0.035705566,0.0030670166,-38.99994,23.638916,-0.71868896,0,0.0,0.0,0.0,0.0
0.747070312,0.14867687,0.21761969,-0.9646434,-0.060633436,0.9756558,0.21075884,0.9870252,0.02715468,0.15825246,0.22865328,0.19083427,-0.9546203,-0.07102744,0.9812552,0.17914607,0.9709134,0.026841905,0.2379217,9.963715,0.21057129,1.5014954,9.679411,0.26629645,1.5519266,-0.059768677,0.040130615,0.0070343018,-38.99994,23.458862,-0.71868896,0,0.0,0.0,0.0,0.0
0.755371094,0.14892638,0.21803857,-0.9645103,-0.060500283,0.97556937,0.21119697,0.98699576,0.026900347,0.15847939,0.22549878,0.19189782,-0.95515734,-0.07070642,0.98104745,0.18040657,0.97167426,0.026854293,0.2347934,9.964905,0.18544006,1.5194397,9.679122,0.2638023,1.554152,-0.06436157,0.046539307,0.01008606,-38.99994,23.458862,-0.71868896,0,0.0,0.0,0.0,0.0
0.763671875,0.14917429,0.21845476,-0.9643778,-0.060364064,0.9754833,0.21163304,0.98696667,0.026643557,0.15870383,0.2239728,0.19242205,-0.95541084,-0.07054588,0.9809447,0.18102686,0.9720388,0.026855214,0.23327953,9.964905,0.18544006,1.5194397,9.678837,0.26128405,1.556353,-0.06893921,0.032180786,0.0013885498,-38.99994,23.458862,-0.71868896,0,0.0,0.0,0.0,0.0
0.771972656,0.14882585,0.22655676,-0.9625606,-0.06143973,0.9736389,0.21966477,0.98695296,0.026447667,0.15882222,0.22102024,0.19345567,-0.95588964,-0.070224956,0.9807416,0.18224792,0.97273767,0.026846834,0.23034917,10.001999,0.22372437,1.5433655,9.678702,0.25936303,1.557514,-0.073516846,0.002105713,-0.01159668,-38.69934,23.638916,-0.4196167,0,0.0,0.0,0.0,0.0
0.780273437,0.14883943,0.2265791,-0.9625532,-0.061352722,0.9736361,0.21970099,0.98695624,0.026355091,0.1588167,0.2181666,0.19477095,-0.956278,-0.06997563,0.98048174,0.18373632,0.97339964,0.026831025,0.22753759,9.961319,0.20219421,1.5589294,9.678735,0.25845516,1.5574598,-0.07260132,-0.010116577,-0.017089844,-38.69934,23.638916,-0.4196167,0,0.0,0.0,0.0,0.0
0.788574219,0.14955138,0.21291521,-0.96555763,-0.05919618,0.97671616,0.20620713,0.9869804,0.026318766,0.15867302,0.21678239,0.19540921,-0.9564625,-0.069850065,0.9803549,0.184459,0.9737178,0.026821507,0.22617303,9.930206,0.20578003,1.5876312,9.678971,0.25809893,1.5560508,-0.07260132,-0.022033691,-0.022125244,-38.519287,23.519897,-0.7797241,0,0.0,0.0,0.0,0.0
0.796875,0.14831777,0.22891876,-0.96208006,-0.061596937,0.9730894,0.22204232,0.98701954,0.026328368,0.15842713,0.2141294,0.19610368,-0.95691794,-0.069479726,0.9802168,0.1853309,0.97433114,0.0268016,0.22351846,9.929016,0.20817566,1.5625153,9.679356,0.2581931,1.5536395,-0.067718506,-0.05607605,-0.030075073,-38.519287,23.699951,-0.29907227,0,0.0,0.0,0.0,0.0
0.805175781,0.1479224,0.22827344,-0.9622943,-0.061480355,0.9732388,0.22141902,0.9870862,0.026409363,0.15799813,0.211526,0.1974076,-0.9572288,-0.06925607,0.9799556,0.18679047,0.97491556,0.026782857,0.22095777,9.877579,0.19142151,1.4990997,9.680009,0.2589874,1.5494324,-0.06297302,-0.05531311,-0.03831482,-38.519287,23.699951,-0.29907227,0,0.0,0.0,0.0,0.0
0.813476562,0.14743392,0.22747624,-0.9625579,-0.06135796,0.9734221,0.2206456,0.9871669,0.02652994,0.15747295,0.21025532,0.19802694,-0.9573808,-0.06914207,0.9798308,0.1874859,0.97519845,0.026775388,0.21970664,9.877579,0.19142151,1.4990997,9.6808,0.26016983,1.5442822,-0.06297302,-0.047531128,-0.0398407,-38.519287,23.699951,-0.29907227,0,0.0,0.0,0.0,0.0
0.821777344,0.14699309,0.22659215,-0.96283376,-0.06125243,0.9736244,0.21978039,0.9872391,0.02666971,0.15699542,0.20777053,0.1991967,-0.95768064,-0.06890991,0.97959393,0.18880454,0.97574735,0.026765667,0.21725737,9.836899,0.1878357,1.483551,9.681509,0.26154053,1.5395991,-0.049697876,-0.042037964,-0.037704468,-38.398743,23.638916,-0.29907227,0,0.0,0.0,0.0,0.0
0.830078125,0.1465906,0.22593564,-0.9630494,-0.061271768,0.97377104,0.2191245,0.9872978,0.026886152,0.15658918,0.2053668,0.20028466,-0.95797217,-0.068675324,0.9793722,0.19003643,0.9762726,0.026761867,0.21488515,9.8033905,0.23568726,1.4572296,9.682084,0.26366308,1.5356153,-0.045425415,-0.0055389404,-0.037704468,-38.398743,23.638916,-0.29907227,0,0.0,0.0,0.0,0.0
0.838378906,0.14625393,0.22733635,-0.96277094,-0.06162779,0.9734395,0.22049366,0.9873256,0.02708539,0.1563796,0.20419289,0.2007991,-0.95811534,-0.06855932,0.97926676,0.19062065,0.976527,0.026764354,0.21372595,9.829712,0.25723267,1.426117,9.682357,0.26561695,1.53356,-0.04510498,0.013397217,-0.03327942,-38.63983,23.339844,-0.35858154,0,0.0,0.0,0.0,0.0
0.846679687,0.14596009,0.23115729,-0.9619055,-0.062410668,0.9725333,0.22424105,0.9873199,0.027302913,0.15637769,0.20303556,0.20133136,-0.95824957,-0.068453215,0.97915727,0.19122015,0.9767757,0.026770774,0.21258552,9.829712,0.25723267,1.426117,9.682301,0.2677501,1.5335413,-0.055343628,0.025466919,-0.025634766,-38.519287,23.579407,-0.17852783,0,0.0,0.0,0.0,0.0
0.854980469,0.1461106,0.23140378,-0.9618232,-0.06262185,0.9724707,0.22445257,0.9872842,0.027436249,0.15657923,0.19968155,0.20309083,-0.958583,-0.06819839,0.978793,0.19316629,0.9774847,0.02680207,0.20929737,9.871582,0.3254242,1.4955139,9.6819515,0.26905772,1.5355178,-0.0652771,0.069747925,-0.020141602,-38.519287,23.579407,-0.17852783,0,0.0,0.0,0.0,0.0
0.86328125,0.14663823,0.2322679,-0.9615346,-0.06291868,0.972264,0.2252643,0.98718715,0.027466137,0.15718505,0.19861096,0.20365886,-0.9586849,-0.06811854,0.97867465,0.19379325,0.9777083,0.026814753,0.20824845,9.871582,0.25125122,1.6247253,9.680999,0.2693508,1.5414587,-0.0715332,0.07279968,-0.016784668,-38.519287,23.579407,-0.17852783,0,0.0,0.0,0.0,0.0
0.871582031,0.14728226,0.231414,-0.9616421,-0.06294812,0.97246695,0.224378,0.9870894,0.027486661,0.1577942,0.19655383,0.20479532,-0.9588668,-0.06797267,0.97843677,0.19504166,0.9781341,0.026840549,0.20623596,10.00798,0.2632141,1.6510468,9.68004,0.26955208,1.5474325,-0.0493927,0.039520264,-0.014801025,-38.519287,23.519897,-0.23956299,0,0.0,0.0,0.0,0.0
0.879882812,0.14763784,0.23199838,-0.9614467,-0.0631592,0.9723268,0.22492518,0.98702276,0.02751673,0.15820509,0.19460371,0.20585245,-0.9590382,-0.06782674,0.9782142,0.19620539,0.9785341,0.026866136,0.2043264,10.00798,0.2632141,1.6510468,9.679387,0.26984695,1.551462,-0.026947021,0.014160156,-0.014038086,-38.519287,23.519897,-0.23956299,0,0.0,0.0,0.0,0.0
0.888183594,0.1477534,0.23122698,-0.96161485,-0.06309562,0.97250956,0.22415197,0.9870095,0.027554475,0.15828097,0.19366483,0.20637688,-0.9591155,-0.06775893,0.97810334,0.19678067,0.978725,0.02687915,0.20340809,9.98645,0.25842285,1.6163483,9.679257,0.2702171,1.5522062,-0.026947021,-0.039733887,-0.012817383,-38.459778,23.579407,-0.23956299,0,0.0,0.0,0.0,0.0
0.896484375,0.14807485,0.2221469,-0.96370363,-0.061721064,0.9746221,0.21518019,0.9870483,0.027618041,0.15802813,0.19184758,0.20736364,-0.95926785,-0.0676204,0.9778938,0.19786634,0.9790924,0.026905894,0.20162857,9.940979,0.22253418,1.5684967,9.679638,0.27084047,1.5497266,5.493164E-4,-0.06768799,-0.018157959,-38.69934,23.458862,-0.53863525,0,0.0,0.0,0.0,0.0
0.904785156,0.14759131,0.2213433,-0.9639626,-0.06153634,0.9748032,0.21441072,0.98713225,0.027673572,0.15749313,0.19011684,0.20794998,-0.95948553,-0.06741395,0.97776854,0.1985548,0.9794442,0.026934097,0.19990899,9.879959,0.16870117,1.4667969,9.680461,0.27138504,1.5444801,-0.010604858,-0.06906128,-0.019836426,-38.69934,23.458862,-0.53863525,0,0.0,0.0,0.0,0.0
0.913085937,0.14697558,0.22032,-0.96429116,-0.061231904,0.9750351,0.2134419,0.98724306,0.02767463,0.15679693,0.18926774,0.20821825,-0.95959514,-0.0673088,0.9777111,0.19887334,0.97961587,0.026948886,0.19906409,9.796219,0.14955139,1.4775696,9.681547,0.27139542,1.5376527,-0.010604858,-0.06585693,-0.019683838,-38.69934,23.458862,-0.53863525,0,0.0,0.0,0.0,0.0
0.921386719,0.14625216,0.22289959,-0.96380806,-0.061448805,0.97444975,0.21603619,0.987337,0.027629104,0.15621229,0.18759584,0.2086981,-0.9598192,-0.06708997,0.977608,0.1994533,0.9799524,0.026977628,0.19739674,9.814163,0.23330688,1.4763641,9.682468,0.27094895,1.5319192,-0.04649353,-0.03149414,-0.00730896,-38.819885,23.399353,-0.47912598,0,0.0,0.0,0.0,0.0
