Time,Rot1,Rot2,Rot3,Rot4,Rot5,Rot6,Rot7,Rot8,Rot9,FRot1,FRot2,FRot3,FRot4,FRot5,FRot6,FRot7,FRot8,FRot9,AccX,AccY,AccZ,GravX,GravY,GravZ,GyroX,GyroY,GyroZ,MagX,MagY,MagZ,Imid
0.0,0.0,0.0,0.0,0.0,0.0,0.0,0.0,0.0,0.0,1.0,0.0,0.0,0.0,1.0,0.0,0.0,0.0,1.0,9.759125,0.047851563,1.9094696,9.609074,0.08497747,1.9567477,0.0,0.0,0.0,0.0,0.0,0.0,0,0.0,0.0,0.0,0.0
0.008300781,0.0,0.0,0.0,0.0,0.0,0.0,0.0,0.0,0.0,1.0,0.0,0.0,0.0,1.0,0.0,0.0,0.0,1.0,9.756729,0.062210083,1.8412781,9.609477,0.08602259,1.9547222,-0.018081665,-0.003250122,-0.02670288,0.0,0.0,0.0,0,0.0,0.0,0.0,0.0
0.016601563,-0.095872864,0.89692295,0.43166834,-0.17474325,-0.4420969,0.87978125,0.9799353,0.008916023,0.19911633,1.0,0.0,0.0,0.0,1.0,0.0,0.0,0.0,1.0,9.756729,0.062210083,1.853241,9.609882,0.08743632,1.9526643,-0.018081665,0.0016479492,-0.027313232,-24.778748,-6.7199707,8.459473,0,0.0,0.0,0.0,0.0
0.024902344,-0.09398265,0.9018597,0.42168272,-0.17556563,-0.43193296,0.8846528,0.9799714,0.009109022,0.19892977,0.99530584,0.08025207,-0.054091822,-0.08015304,0.99677455,0.004001328,0.054238465,3.5307888E-4,0.99852794,9.710068,0.105285645,1.8233337,9.610237,0.089329,1.9508348,-0.036865234,0.005004883,-0.021057129,-24.719238,-6.4193726,8.21991,0,0.0,0.0,0.0,0.0
0.033203125,-0.094032936,0.90190756,0.42156893,-0.17538683,-0.43182966,0.8847386,0.9799986,0.009256928,0.19878896,0.9820972,0.15640326,-0.10499025,-0.15559241,0.987693,0.015920894,0.10618822,6.998188E-4,0.9943458,9.710068,0.105285645,1.8233337,9.610503,0.09077946,1.9494538,-0.032440186,0.012939453,-0.014190674,-24.719238,-6.4193726,8.21991,0,0.0,0.0,0.0,0.0
0.041503906,-0.094061635,0.901935,0.421504,-0.17526264,-0.43177047,0.88479215,0.980018,0.009351097,0.19868857,0.9726762,0.19303438,-0.12899145,-0.19147564,0.98119164,0.024497112,0.13129412,8.709634E-4,0.9913431,9.725632,0.19262695,1.8568268,9.610694,0.09170294,1.9484693,-0.03488159,0.0138549805,-0.011123657,-24.719238,-6.4193726,8.21991,0,0.0,0.0,0.0,0.0
0.049804688,-0.097499795,0.8934928,0.43836555,-0.17338969,-0.4489779,0.87655854,0.9800152,0.009456217,0.1986977,0.94894123,0.26330364,-0.17372933,-0.259224,0.96471226,0.046186246,0.1797598,0.0012067816,0.9837098,9.747162,0.13519287,1.8723907,9.610666,0.092733815,1.9485588,-0.041900635,0.034622192,-0.0146484375,-24.899292,-6.7199707,8.1588745,0,0.0,0.0,0.0,0.0
0.058105469,-0.097561605,0.8935539,0.43822727,-0.17353418,-0.44885594,0.87659246,0.9799835,0.009474352,0.19885325,0.91939,0.33021992,-0.21372133,-0.32201126,0.94390273,0.07318679,0.2258999,0.0015334642,0.97414935,9.747162,0.13519287,1.8723907,9.610355,0.09291166,1.9500843,-0.039154053,0.05218506,-0.025939941,-24.899292,-6.7199707,8.1588745,0,0.0,0.0,0.0,0.0
0.06640625,-0.103021786,0.87937015,0.46485987,-0.17071775,-0.47604376,0.8626923,0.97991943,0.009516264,0.19916695,0.9028383,0.36211112,-0.23185912,-0.3511811,0.93213344,0.088312894,0.24810271,0.0016922844,0.9687323,9.692123,0.052642822,1.9142609,9.609727,0.09332267,1.9531606,-0.031829834,0.055541992,-0.021972656,-25.318909,-6.8984985,7.4386597,0,0.0,0.0,0.0,0.0
0.074707031,-0.105841726,0.8719632,0.47799322,-0.1695337,-0.4894791,0.8553762,0.9798244,0.009498537,0.19963449,0.8663373,0.4238667,-0.2641906,-0.4060778,0.9057223,0.1215229,0.29079285,0.0020021186,0.9567839,9.71965,0.0023956299,1.9956207,9.608795,0.09314883,1.9577457,-0.016708374,0.057540894,-0.018157959,-25.2594,-7.0785522,7.319641,0,0.0,0.0,0.0,0.0
0.083007813,-0.10599196,0.87213707,0.47764283,-0.17001075,-0.48917004,0.8554584,0.9797255,0.009467292,0.20012075,0.8263866,0.48191243,-0.29128277,-0.4553755,0.87621635,0.1577277,0.33123767,0.0022989814,0.94354457,9.71965,0.0023956299,1.9956207,9.607825,0.09284242,1.9625142,-0.011978149,0.062576294,-0.020599365,-25.2594,-7.0785522,7.319641,0,0.0,0.0,0.0,0.0
0.091308594,-0.10615568,0.87232625,0.47726086,-0.17044418,-0.4888324,0.85556513,0.97963244,0.009476757,0.20057526,0.78412193,0.5357271,-0.31328785,-0.49862158,0.8443873,0.19592519,0.3694987,0.0025828513,0.92922765,9.779465,0.01675415,1.9992065,9.606913,0.09293524,1.9669715,-0.026031494,0.022720337,-0.012207031,-25.2594,-7.0785522,7.319641,0,0.0,0.0,0.0,0.0
0.099609375,-0.10435393,0.87772214,0.4676688,-0.17197429,-0.47907782,0.8607609,0.97955865,0.0093967635,0.20093928,0.7623783,0.5610818,-0.3224384,-0.5180414,0.82775587,0.2155304,0.38783047,0.0027207318,0.9217267,9.808182,-0.032302856,2.0446625,9.606189,0.09215077,1.9705412,-0.028015137,0.016448975,-0.0119018555,-25.19989,-6.9595337,7.4386597,0,0.0,0.0,0.0,0.0
0.107910156,-0.10434962,0.87771726,0.46767887,-0.17220786,-0.47908905,0.8607079,0.97951806,0.009276572,0.20114258,0.74046713,0.5852483,-0.33044335,-0.53587645,0.81084913,0.23528735,0.40564123,0.0028542543,0.9140279,9.808182,-0.032302856,2.0446625,9.605791,0.090972096,1.9725349,-0.027709961,0.010192871,-0.010818481,-25.19989,-6.9595337,7.4386597,0,0.0,0.0,0.0,0.0
0.116210938,-0.10786045,0.86725837,0.48603404,-0.17011067,-0.4977761,0.85045946,0.97950417,0.009051374,0.20122024,0.6961208,0.63067067,-0.34303123,-0.5674803,0.77604437,0.27517483,0.43975216,0.0031085818,0.8981138,9.759125,-0.09451294,1.9884338,9.605655,0.08876366,1.9732965,-0.035186768,0.010955811,-0.009902954,-25.379944,-7.258606,7.319641,0,0.0,0.0,0.0,0.0
0.124511719,-0.10455904,0.8762267,0.47041923,-0.17222221,-0.4818185,0.85918015,0.9794932,0.008818421,0.20128416,0.6510485,0.67297935,-0.35104796,-0.59449476,0.7396537,0.31541774,0.47192353,0.0033439198,0.8816331,9.828522,-0.06460571,2.0207367,9.605547,0.086479165,1.9739233,-0.03152466,0.0031738281,-0.007156372,-25.079346,-7.019043,7.499695,0,0.0,0.0,0.0,0.0
0.1328125,-0.104455955,0.8761116,0.47065616,-0.17232178,-0.48203093,0.85904086,0.97948664,0.008627624,0.20132414,0.6066785,0.7111317,-0.35529292,-0.6161961,0.70304984,0.35499763,0.5022387,0.003560713,0.8647217,9.767502,0.0023956299,2.0207367,9.605483,0.08460809,1.9743154,-0.02709961,-0.020202637,-0.01020813,-25.079346,-7.019043,7.499695,0,0.0,0.0,0.0,0.0
0.141113281,-0.10438129,0.87602824,0.47082797,-0.17227432,-0.48218396,0.85896456,0.979503,0.008548264,0.20124817,0.58472425,0.7289311,-0.3560294,-0.6253728,0.6845772,0.37451681,0.5167266,0.0036620526,0.85614264,9.767502,0.0023956299,2.0207367,9.605643,0.083829835,1.9735705,-0.016860962,-0.02798462,-0.014343262,-25.079346,-7.019043,7.499695,0,0.0,0.0,0.0,0.0
0.149414063,-0.107022926,0.8680918,0.48472947,-0.17032441,-0.49633008,0.8512614,0.9795589,0.008543223,0.20097594,0.54149514,0.762095,-0.3549567,-0.6406168,0.6474537,0.41281196,0.54442,0.003855549,0.8388039,9.725632,0.028717041,1.9728851,9.606192,0.0837804,1.9709008,-0.019607544,-0.048294067,-0.023498535,-25.079346,-7.0785522,7.1395874,0,0.0,0.0,0.0,0.0
0.157714844,-0.10692472,0.86797565,0.48495921,-0.16996206,-0.4965325,0.8512159,0.9796326,0.008591345,0.20061453,0.5200846,0.7777098,-0.35309982,-0.6469457,0.6286111,0.43163574,0.5576498,0.0039493036,0.8300669,9.725632,0.028717041,1.9728851,9.606914,0.084252305,1.9673563,-0.021133423,-0.04219055,-0.025024414,-25.079346,-7.0785522,7.1395874,0,0.0,0.0,0.0,0.0
0.166015625,-0.111595735,0.85301006,0.5098236,-0.16637433,-0.5218244,0.8366713,0.97972757,0.008547389,0.20015238,0.478241,0.8066774,-0.34721345,-0.65687007,0.5909776,0.46825972,0.5829299,0.004133131,0.812512,9.829712,-0.071777344,1.8987122,9.607845,0.08382125,1.9628243,-0.02999878,-0.024475098,-0.02670288,-25.2594,-7.499695,7.019043,0,0.0,0.0,0.0,0.0
0.174316406,-0.11151198,0.85299224,0.5098719,-0.16604753,-0.5218521,0.8367189,0.9797925,0.00864121,0.19983001,0.43710762,0.83342946,-0.3381304,-0.66396314,0.552609,0.503762,0.606704,0.0043079373,0.7949161,9.774673,0.035888672,1.9226379,9.608481,0.084741324,1.9596629,-0.036865234,-0.0256958,-0.018920898,-25.079346,-7.4386597,6.9595337,0,0.0,0.0,0.0,0.0
0.182617188,-0.111423336,0.8528827,0.5100744,-0.1657615,-0.5220305,0.8366643,0.97985095,0.008673227,0.1995415,0.41715384,0.84575266,-0.33269367,-0.66633004,0.53355706,0.520885,0.61805093,0.004394604,0.7861258,9.774673,0.035888672,1.9226379,9.609056,0.085055314,1.9568338,-0.039764404,-0.022949219,-0.012664795,-25.079346,-7.4386597,6.9595337,0,0.0,0.0,0.0,0.0
0.190917969,-0.111359,0.8528033,0.5102213,-0.16552608,-0.5221597,0.8366304,0.9798981,0.008711392,0.19930834,0.37854984,0.86842096,-0.32022655,-0.66893077,0.49580657,0.5538118,0.63971215,0.0045640394,0.768601,9.755539,0.06819153,1.9369965,9.609518,0.08542958,1.9545472,-0.04801941,-0.017745972,-0.01953125,-25.079346,-7.4386597,6.9595337,0,0.0,0.0,0.0,0.0
0.19921875,-0.10780779,0.86367154,0.49239093,-0.16755538,-0.5039773,0.84730864,0.9799503,0.008843728,0.19904551,0.3417657,0.8886096,-0.30589077,-0.66897184,0.45863995,0.58491546,0.6600552,0.0047282767,0.7512022,9.76152,0.13160706,1.8999023,9.61003,0.08672735,1.9519697,-0.060836792,-0.028900146,-0.028076172,-24.719238,-7.258606,7.319641,0,0.0,0.0,0.0,0.0
0.207519531,-0.107800074,0.86366266,0.4924082,-0.16720301,-0.5039895,0.84737104,0.9800114,0.009014535,0.19873713,0.32435825,0.8976451,-0.2983706,-0.6679948,0.44069284,0.5996438,0.6697571,0.0048105866,0.7425646,9.76152,0.13160706,1.8999023,9.610629,0.08840239,1.9489455,-0.06542969,-0.034088135,-0.03312683,-24.719238,-7.258606,7.319641,0,0.0,0.0,0.0,0.0
0.215820313,-0.10544626,0.8706553,0.4804587,-0.16838282,-0.49180815,0.854267,0.98006546,0.009178265,0.1984627,0.29094478,0.91414064,-0.28230843,-0.6645588,0.4053667,0.6277256,0.6882679,0.0049770647,0.7254395,9.753143,0.107681274,1.9453583,9.611159,0.090008035,1.9462543,-0.063583374,-0.011947632,-0.023345947,-24.778748,-7.1395874,7.499695,0,0.0,0.0,0.0,0.0
0.224121094,-0.10546649,0.8706778,0.48041326,-0.16817375,-0.49176556,0.8543325,0.98009914,0.009310554,0.19828995,0.27512744,0.9215337,-0.2740082,-0.6620917,0.38826537,0.64100283,0.6970936,0.00506109,0.7169623,9.753143,0.107681274,1.9453583,9.611489,0.091305345,1.9445602,-0.059158325,-9.460449E-4,-0.020751953,-24.778748,-7.1395874,7.499695,0,0.0,0.0,0.0,0.0
0.232421875,-0.11145135,0.8522124,0.5111874,-0.16414294,-0.5231132,0.8363071,0.98012024,0.00929976,0.19818634,0.24488138,0.9349638,-0.25666296,-0.6560066,0.3547047,0.6662132,0.7139248,0.005229371,0.70020294,9.712463,0.056228638,1.8939209,9.611696,0.091199495,1.9435441,-0.06741333,0.0028686523,-0.0119018555,-24.958801,-7.4386597,6.9595337,0,0.0,0.0,0.0,0.0
0.240722656,-0.11134009,0.85207546,0.51144004,-0.16422074,-0.5233398,0.8361501,0.9801198,0.00910797,0.19819714,0.21553396,0.9471751,-0.23749626,-0.6488942,0.32067165,0.69000435,0.72971326,0.0053905603,0.68373203,9.748352,-0.03111267,1.9573364,9.611692,0.08931867,1.94365,-0.05580139,0.007446289,-0.009902954,-24.958801,-7.4386597,6.9595337,0,0.0,0.0,0.0,0.0
0.249023438,-0.112062804,0.8493387,0.51581556,-0.16377468,-0.52777284,0.83344686,0.98011214,0.008920871,0.19824389,0.20155808,0.95265466,-0.22764741,-0.6448712,0.30400515,0.7012289,0.737235,0.005464909,0.67561424,9.748352,-0.03111267,1.9573364,9.611617,0.08748386,1.9441085,-0.04801941,0.015533447,-0.012664795,-24.899292,-7.4386597,6.8389893,0,0.0,0.0,0.0,0.0
0.257324219,-0.11202285,0.8492887,0.51590663,-0.16392286,-0.52785563,0.8333654,0.9800919,0.008787064,0.19834971,0.17484763,0.96250546,-0.20739244,-0.6360582,0.2712046,0.7224113,0.7515705,0.005601766,0.659629,9.775879,-0.01914978,1.9752808,9.611419,0.086171664,1.9451463,-0.03503418,0.012634277,-0.011291504,-24.899292,-7.4386597,6.8389893,0,0.0,0.0,0.0,0.0
0.265625,-0.111272216,0.8517692,0.51196456,-0.16451769,-0.52384377,0.83577615,0.9800778,0.0087714335,0.19842035,0.14992218,0.9709043,-0.18673036,-0.62632567,0.23939942,0.7418923,0.7650095,0.0057279053,0.64399356,9.773483,0.037094116,1.9788666,9.61128,0.086018376,1.9458389,-0.026031494,-0.009048462,-0.018615723,-25.019836,-7.3791504,6.8389893,0,0.0,0.0,0.0,0.0
0.273925781,-0.111272044,0.8517689,0.5119649,-0.16447322,-0.52384365,0.83578473,0.9800852,0.00879497,0.19838236,0.13816659,0.9745791,-0.1763676,-0.621157,0.2239688,0.75100064,0.7714104,0.0057887766,0.63631165,9.773483,0.037094116,1.9788666,9.611353,0.086249195,1.9454664,-0.021133423,-0.01576233,-0.017242432,-25.019836,-7.3791504,6.8389893,0,0.0,0.0,0.0,0.0
0.282226563,-0.11257077,0.84732443,0.5190078,-0.16334137,-0.5310023,0.83147836,0.98012626,0.008824712,0.19817849,0.11589913,0.9810095,-0.15552442,-0.6103452,0.19386993,0.76804507,0.78361094,0.005907823,0.62122375,9.767502,0.023925781,1.907074,9.611755,0.08654086,1.9434671,-0.02281189,-0.014083862,-0.021209717,-25.2594,-7.6187134,6.9595337,0,0.0,0.0,0.0,0.0
0.290527344,-0.11253521,0.8472799,0.51908803,-0.16310789,-0.53107184,0.83147967,0.98016924,0.008903378,0.19796236,0.09502627,0.98636526,-0.13436358,-0.5990463,0.16446057,0.78364295,0.7950557,0.006023333,0.6065066,9.707687,-0.059814453,1.8915253,9.612177,0.08731231,1.9413476,-0.022979736,-0.007675171,-0.018157959,-25.2594,-7.6187134,6.9595337,0,0.0,0.0,0.0,0.0
0.298828125,-0.111668825,0.8496128,0.5154494,-0.16351266,-0.5273331,0.83377653,0.9802008,0.0088243345,0.19780913,0.0756819,0.9906797,-0.113252036,-0.58734244,0.1360739,0.7978175,0.8057922,0.0061373836,0.59216654,9.707687,-0.059814453,1.8915253,9.612487,0.08653716,1.939845,-0.022369385,0.008972168,-0.016326904,-25.19989,-7.6797485,7.1990967,0,0.0,0.0,0.0,0.0
0.307128906,-0.11155602,0.8494764,0.51569873,-0.16350216,-0.5275553,0.83363813,0.98021543,0.008679493,0.19774319,0.066612154,0.9924676,-0.10281456,-0.58136874,0.122350655,0.8043884,0.81090885,0.0061911233,0.5851397,9.774673,-0.090927124,1.9142609,9.61263,0.08511675,1.9391983,-0.021896362,0.0082092285,-0.018310547,-25.19989,-7.6797485,7.1990967,0,0.0,0.0,0.0,0.0
0.315429688,-0.11384245,0.84183556,0.52759165,-0.16183573,-0.5396646,0.82617885,0.98022914,0.008671049,0.19767578,0.04951466,0.9953954,-0.08207469,-0.5692622,0.095647246,0.81657344,0.8206637,0.0062896637,0.5713769,9.811768,0.007171631,1.886734,9.612764,0.085033946,1.9385372,-0.030914307,-0.002029419,-0.020751953,-25.2594,-7.739258,6.8984985,0,0.0,0.0,0.0,0.0
0.323730469,-0.11379162,0.8417711,0.5277055,-0.16174452,-0.5397654,0.82613087,0.98025006,0.008653293,0.1975726,0.041306343,0.99658054,-0.071560904,-0.56316406,0.08238334,0.8222282,0.8253121,0.0063372916,0.56464136,9.811768,0.007171631,1.886734,9.612969,0.084859826,1.9375254,-0.04374695,-0.0029449463,-0.012207031,-25.2594,-7.739258,6.8984985,0,0.0,0.0,0.0,0.0
0.33203125,-0.11446078,0.8396792,0.53088385,-0.16122356,-0.5430125,0.82410216,0.9802579,0.00873639,0.19752969,0.025860503,0.99837613,-0.050757512,-0.55089164,0.05660175,0.8326552,0.83417606,0.0064290054,0.5514608,9.78186,0.110076904,1.9656982,9.613047,0.08567472,1.9371046,-0.05809021,-0.008590698,-0.01159668,-25.379944,-7.8598022,6.9595337,0,0.0,0.0,0.0,0.0
0.340332031,-0.11445777,0.83967537,0.53089046,-0.16104105,-0.54301673,0.824135,0.98028827,0.008833482,0.1973747,0.011560187,0.9994776,-0.030178674,-0.538585,0.031652406,0.8419764,0.8424918,0.0065203784,0.53866965,9.771088,0.14596558,1.9046936,9.613345,0.08662687,1.9355848,-0.06297302,-0.022338867,-0.017242432,-25.379944,-7.8598022,6.9595337,0,0.0,0.0,0.0,0.0
0.348632813,-0.117157325,0.83023554,0.5449616,-0.15880772,-0.55734116,0.81495464,0.9803338,0.008933785,0.1971444,0.0048477952,0.99978745,-0.020038223,-0.53243566,0.019542536,0.84624493,0.84645665,0.006566641,0.5324172,9.771088,0.14596558,1.9046936,9.6137905,0.08761051,1.9333262,-0.068481445,-0.025390625,-0.019683838,-25.439453,-8.039856,6.77948,0,0.0,0.0,0.0,0.0
0.356933594,-0.117034934,0.8300757,0.5452312,-0.15859193,-0.5575797,0.8148333,0.9803833,0.008894701,0.19689964,-0.008102743,0.99996704,4.9935165E-4,-0.5201737,-0.004641457,0.85404783,0.854022,0.0066603804,0.5201942,9.78186,0.041870117,1.927414,9.614276,0.08722722,1.9309258,-0.06802368,-0.021118164,-0.01373291,-25.439453,-8.039856,6.77948,0,0.0,0.0,0.0,0.0
0.365234375,-0.10945512,0.8545813,0.5076518,-0.16362189,-0.5192439,0.8388168,0.9804323,0.00874984,0.19666211,-0.019981138,0.9995886,0.020576973,-0.50799745,-0.027876703,0.8609074,0.8611268,0.0067488602,0.5083454,9.773483,-0.026321411,1.9286194,9.614757,0.085806616,1.9285966,-0.072753906,-0.021118164,-0.022583008,-25.2594,-7.6187134,7.3791504,0,0.0,0.0,0.0,0.0
0.373535156,-0.109296426,0.8543938,0.50800145,-0.1634678,-0.5195545,0.83865446,0.98047566,0.008620067,0.19645134,-0.025080113,0.99924576,0.029645089,-0.5019787,-0.038232896,0.86403453,0.8645162,0.00678888,0.502559,9.773483,-0.026321411,1.9286194,9.615182,0.08453398,1.9265295,-0.071380615,-0.016983032,-0.014801025,-25.2594,-7.6187134,7.3791504,0,0.0,0.0,0.0,0.0
0.381835938,-0.108837605,0.85515237,0.506822,-0.16349185,-0.5183068,0.8394214,0.98052275,0.008499361,0.19622175,-0.034622427,0.9982738,0.0474416,-0.49008554,-0.058329575,0.8697205,0.87098646,0.006861395,0.49125907,9.736389,-0.029907227,1.866394,9.6156435,0.083350256,1.9242781,-0.054275513,-0.00340271,-0.020141602,-25.498962,-7.6187134,7.3791504,0,0.0,0.0,0.0,0.0
0.390136719,-0.10883495,0.8551494,0.50682795,-0.16336681,-0.518311,0.8394433,0.98054385,0.008561907,0.19611336,-0.043307617,0.99696434,0.0647035,-0.478414,-0.07755076,0.87470335,0.87706584,0.006926259,0.48032025,9.701706,0.01914978,1.9058838,9.61585,0.08396363,1.9232152,-0.041763306,1.2207031E-4,-0.018310547,-25.498962,-7.6187134,7.3791504,0,0.0,0.0,0.0,0.0
0.3984375,-0.11277987,0.8424219,0.5268834,-0.16060933,-0.53874916,0.82701516,0.98055357,0.008648264,0.19606087,-0.047361836,0.9961959,0.07314822,-0.47266924,-0.086864136,0.87694836,0.8799663,0.0069589717,0.47498518,9.723236,0.08973694,1.9034882,9.615946,0.0848105,1.9227004,-0.046035767,0.012939453,-0.023345947,-25.79956,-7.9193115,7.1395874,0,0.0,0.0,0.0,0.0
0.406738281,-0.112866,0.84252995,0.5266921,-0.16061512,-0.53857833,0.8271253,0.9805428,0.008759635,0.19611022,-0.055370424,0.99435604,0.0904996,-0.46132356,-0.10586169,0.8808939,0.8855025,0.0070258677,0.46458146,9.717255,0.09690857,1.9286194,9.61584,0.085902676,1.9231843,-0.044662476,0.0095825195,-0.01953125,-25.79956,-7.9193115,7.1395874,0,0.0,0.0,0.0,0.0
0.415039063,-0.11347565,0.8405623,0.52969646,-0.16027695,-0.5416444,0.82518643,0.9805277,0.008740429,0.1961862,-0.06266359,0.992249,0.10730875,-0.4502462,-0.12406273,0.8842436,0.8907029,0.0070945253,0.45453057,9.851257,-0.009567261,1.9405823,9.615692,0.085714325,1.9239295,-0.042373657,4.272461E-4,-0.01876831,-25.619507,-7.9193115,7.0785522,0,0.0,0.0,0.0,0.0
0.423339844,-0.113439925,0.8405173,0.52977544,-0.16028668,-0.541715,0.8251382,0.9805303,0.008687675,0.19617586,-0.06609131,0.99109733,0.11557728,-0.44480902,-0.13294874,0.8857029,0.8931835,0.0071274433,0.44963577,9.851257,-0.009567261,1.9405823,9.615718,0.085196994,1.923828,-0.031219482,-0.012252808,-0.014953613,-25.619507,-7.9193115,7.0785522,0,0.0,0.0,0.0,0.0
0.431640625,-0.116732724,0.8289728,0.5469713,-0.15782763,-0.5592217,0.813856,0.98054266,0.008676441,0.19611427,-0.07247244,0.98863506,0.13171346,-0.43415037,-0.15016325,0.8882367,0.8979204,0.0071892287,0.44009897,9.734009,0.021530151,1.9656982,9.615839,0.08508682,1.9232241,-0.025268555,-0.02798462,-0.012817383,-25.738525,-7.978821,6.5994263,0,0.0,0.0,0.0,0.0
0.439941406,-0.11665665,0.8288698,0.5471436,-0.15751511,-0.5593731,0.8138125,0.98060197,0.008753274,0.1958141,-0.07861436,0.9858501,0.14805165,-0.42372054,-0.16747232,0.89017636,0.902375,0.007248123,0.43089068,9.768692,0.090927124,1.8747711,9.616421,0.08584029,1.9202805,-0.022979736,-0.040512085,-0.008987427,-25.738525,-7.978821,6.5994263,0,0.0,0.0,0.0,0.0
0.448242188,-0.11082588,0.84826326,0.51784855,-0.1612199,-0.52950144,0.83284837,0.9806762,0.00881366,0.19543937,-0.081469014,0.9843895,0.15601337,-0.41861048,-0.17585336,0.89097744,0.9045043,0.0072782263,0.42640236,9.768692,0.090927124,1.8747711,9.617148,0.08643248,1.9166055,-0.022201538,-0.043411255,-0.0132751465,-25.679016,-7.8598022,7.3791504,0,0.0,0.0,0.0,0.0
0.456542969,-0.11068774,0.84809625,0.51815134,-0.16078958,-0.5297679,0.83276194,0.9807624,0.008863211,0.19500388,-0.08619382,0.98162186,0.17026171,-0.40872428,-0.19069494,0.8925132,0.9085786,0.0073390296,0.41764942,9.743576,0.0765686,1.8520508,9.617994,0.086918406,1.9123349,-0.026489258,-0.037750244,-0.009460449,-25.679016,-7.8598022,7.3791504,0,0.0,0.0,0.0,0.0
0.46484375,-0.11029955,0.8484354,0.5176789,-0.16046879,-0.5292254,0.83316886,0.98085874,0.00882684,0.19452071,-0.09046411,0.9787508,0.18401942,-0.39913395,-0.20491987,0.8937002,0.91241896,0.0073993877,0.40919057,9.797409,0.025131226,1.8113708,9.618938,0.08656173,1.9075966,-0.02709961,-0.02432251,-0.0062408447,-25.2594,-7.8598022,7.499695,0,0.0,0.0,0.0,0.0
0.473144531,-0.11009611,0.8481964,0.5181136,-0.16010167,-0.52960944,0.83299536,0.98094153,0.0087586865,0.1941056,-0.09243151,0.9772866,0.1907023,-0.39444876,-0.21179183,0.89417803,0.9142574,0.0074279364,0.40506575,9.797409,0.025131226,1.8113708,9.619751,0.08589338,1.9035258,-0.028625488,-0.015304565,-0.012359619,-25.2594,-7.8598022,7.499695,0,0.0,0.0,0.0,0.0
0.481445313,-0.111134194,0.84408885,0.5245599,-0.15910465,-0.53613317,0.8290036,0.9809867,0.008670721,0.1938812,-0.09606982,0.97430384,0.20372206,-0.38529718,-0.2251136,0.89491343,0.9177782,0.0074806344,0.39702314,9.745972,0.013153076,1.8520508,9.6201935,0.08503073,1.9013251,-0.033355713,0.0010375977,-0.006088257,-25.318909,-7.9193115,7.3791504,0,0.0,0.0,0.0,0.0
0.489746094,-0.111082576,0.8440269,0.5246705,-0.15909463,-0.53623164,0.82894176,0.98099416,0.008608738,0.19384617,-0.09944816,0.97119564,0.21653908,-0.37641937,-0.23816474,0.8953134,0.9210964,0.007527762,0.38926187,9.754349,0.033493042,1.9202423,9.620267,0.08442288,1.9009815,-0.033355713,-0.0029449463,-0.014038086,-25.318909,-7.9193115,7.3791504,0,0.0,0.0,0.0,0.0
0.498046875,-0.11460932,0.83166796,0.5433168,-0.1565472,-0.55520725,0.8168463,0.9809983,0.008563487,0.19382721,-0.10100447,0.9696244,0.2227704,-0.3720954,-0.24448223,0.895418,0.9226826,0.007549382,0.38548657,9.754349,0.033493042,1.9202423,9.620307,0.08397912,1.9007957,-0.040527344,-0.0055389404,-0.009460449,-25.498962,-8.099365,7.019043,0,0.0,0.0,0.0,0.0
0.506347656,-0.114588745,0.8316417,0.5433612,-0.15655904,-0.55524695,0.8168169,0.98099875,0.008529915,0.1938261,-0.10419537,0.9662278,0.23568428,-0.36358267,-0.25757748,0.8952438,0.92571646,0.007589541,0.3781421,9.773483,0.04067993,1.9656982,9.620312,0.08364989,1.9007847,-0.04573059,-0.027679443,-0.008834839,-25.498962,-8.099365,7.019043,0,0.0,0.0,0.0,0.0
0.514648438,-0.114517316,0.83155066,0.5435156,-0.1564911,-0.5553842,0.8167367,0.981018,0.008475142,0.1937314,-0.1056643,0.96451634,0.24195705,-0.3594389,-0.26391336,0.89507174,0.927167,0.007608348,0.3745709,9.750748,0.0035858154,1.9908295,9.620501,0.08311275,1.8998561,-0.050613403,-0.027679443,-0.01020813,-25.498962,-8.099365,7.019043,0,0.0,0.0,0.0,0.0
0.522949219,-0.115461655,0.82728094,0.5497952,-0.15551472,-0.5617267,0.812575,0.98106253,0.008319999,0.19351228,-0.10836723,0.9610752,0.25414765,-0.35136998,-0.27618122,0.8945742,0.9299439,0.0076426733,0.367622,9.737595,-0.0382843,1.9513397,9.620937,0.08159132,1.8977072,-0.04006958,-0.03012085,-0.010375977,-25.318909,-8.1588745,6.9595337,0,0.0,0.0,0.0,0.0
0.53125,-0.112050496,0.8387122,0.5329225,-0.15764865,-0.5445116,0.82380444,0.9811175,0.008293194,0.19323467,-0.10965757,0.95930666,0.26020363,-0.34742558,-0.28226244,0.89421666,0.9312737,0.00765622,0.3642399,9.72084,0.04067993,1.8987122,9.621476,0.08132845,1.8949847,-0.037322998,-0.020812988,-0.012817383,-25.19989,-7.978821,7.258606,0,0.0,0.0,0.0,0.0
0.539550781,-0.11196872,0.83861244,0.53309673,-0.15742648,-0.5446651,0.8237456,0.98116255,0.008310203,0.19300526,-0.11174512,0.95600563,0.27123114,-0.3398349,-0.29324785,0.8935983,0.93382293,0.0076814448,0.35765308,9.729218,0.059814453,1.8448639,9.621918,0.08149526,1.8927351,-0.037628174,-0.007369995,-0.01586914,-25.19989,-7.978821,7.258606,0,0.0,0.0,0.0,0.0
0.547851563,-0.11542399,0.8261715,0.5514688,-0.15472662,-0.5633567,0.8115964,0.9811916,0.008350796,0.19285563,-0.11359488,0.95271474,0.2818349,-0.33251834,-0.30376852,0.8928361,0.93623066,0.007706343,0.35130164,9.729218,0.059814453,1.8448639,9.622203,0.08189333,1.8912677,-0.038848877,-0.0056915283,-0.017852783,-25.439453,-8.1588745,6.8984985,0,0.0,0.0,0.0,0.0
0.556152344,-0.11539919,0.8261394,0.5515222,-0.15458106,-0.5634031,0.811592,0.98121744,0.008402176,0.19272177,-0.114584684,0.95093787,0.28738043,-0.3289097,-0.30928558,0.8922784,0.93738395,0.0077192322,0.3482121,9.73999,0.071777344,1.8759766,9.622457,0.08239721,1.889955,-0.038848877,-0.0050811768,-0.018920898,-25.439453,-8.1588745,6.8984985,0,0.0,0.0,0.0,0.0
0.564453125,-0.115390085,0.8261276,0.55154186,-0.15440542,-0.5634192,0.81161433,0.9812462,0.008491195,0.19257155,-0.11639422,0.94739836,0.2981421,-0.3218914,-0.319963,0.8910722,0.93959475,0.007746278,0.34220123,9.795013,0.08734131,1.8376923,9.622738,0.08327018,1.8884819,-0.03366089,-0.0035552979,-0.018005371,-25.439453,-8.1588745,6.8984985,0,0.0,0.0,0.0,0.0
0.572753906,-0.1107021,0.84289217,0.5265717,-0.15769069,-0.53801316,0.8280552,0.9812639,0.008631995,0.19247545,-0.11799436,0.9438859,0.3084748,-0.31513372,-0.33018014,0.8897594,0.94168365,0.0077757766,0.3364097,9.834503,0.10887146,1.8963165,9.622911,0.084650956,1.8875395,-0.04220581,-0.014083862,-0.022277832,-25.2594,-8.039856,7.559204,0,0.0,0.0,0.0,0.0
0.581054688,-0.110196225,0.8444993,0.524097,-0.15786862,-0.53548616,0.82965773,0.9812921,0.008686679,0.19232851,-0.11853326,0.94234633,0.31294295,-0.31192228,-0.3345485,0.8892591,0.94268465,0.0077929012,0.33359393,9.834503,0.041870117,1.8903351,9.623189,0.08518723,1.8860984,-0.043441772,-0.016067505,-0.019073486,-25.138855,-7.8598022,7.3791504,0,0.0,0.0,0.0,0.0
0.589355469,-0.11011665,0.8444043,0.5242668,-0.15768838,-0.535636,0.8295953,0.9813301,0.00868147,0.1921352,-0.11946219,0.93934184,0.3215054,-0.30569643,-0.34289306,0.8882421,0.94460493,0.007828294,0.3281162,9.808182,0.026321411,1.8939209,9.623561,0.08513614,1.8842027,-0.04878235,-0.028289795,-0.01586914,-25.138855,-7.8598022,7.3791504,0,0.0,0.0,0.0,0.0
0.59765625,-0.111869775,0.83770186,0.53454727,-0.1560985,-0.54605955,0.8230748,0.9813859,0.008635165,0.19185156,-0.12025489,0.93638426,0.3297321,-0.29970765,-0.35088843,0.8871599,0.9464217,0.00786208,0.32283756,9.808182,0.026321411,1.8939209,9.624108,0.08468205,1.8814211,-0.05381775,-0.039123535,-0.0079193115,-25.2594,-8.1588745,7.499695,0,0.0,0.0,0.0,0.0
0.605957031,-0.111549914,0.83732104,0.5352102,-0.15583454,-0.54664725,0.8227346,0.98146427,0.008371733,0.19146201,-0.120675296,0.9348372,0.33394134,-0.29676798,-0.35498914,0.8865165,0.9472941,0.007877542,0.32026815,9.762711,-0.10647583,1.8364868,9.624877,0.08209866,1.877601,-0.05366516,-0.030578613,-0.011749268,-25.2594,-8.1588745,7.499695,0,0.0,0.0,0.0,0.0
0.614257813,-0.111261085,0.8369768,0.5358085,-0.15561597,-0.54717803,0.82242316,0.9815318,0.008123334,0.19112659,-0.121415116,0.9317742,0.34213337,-0.29105005,-0.36295247,0.8851866,0.9489722,0.007897112,0.31526083,9.762711,-0.10647583,1.8364868,9.625539,0.079662696,1.8743116,-0.057632446,-0.023406982,-0.019378662,-25.2594,-8.1588745,7.499695,0,0.0,0.0,0.0,0.0
0.622558594,-0.10952382,0.8421163,0.5280575,-0.15647353,-0.53923666,0.8274901,0.9815908,0.0080028605,0.19082816,-0.12203269,0.9287594,0.35002002,-0.28554812,-0.37059882,0.88380927,0.9505632,0.00790607,0.31043068,9.792633,-0.0382843,1.8065796,9.626118,0.07848125,1.871385,-0.04725647,-0.014083862,-0.016174316,-25.019836,-8.21991,7.9193115,0,0.0,0.0,0.0,0.0
0.630859375,-0.107140124,0.8499228,0.5158996,-0.1578378,-0.5268458,0.8351771,0.98163545,0.008052529,0.19059624,-0.1222437,0.9273453,0.35367668,-0.2828988,-0.37412322,0.88317615,0.95132786,0.007908005,0.3080791,9.769897,0.07417297,1.8065796,9.626555,0.07896833,1.8691107,-0.035491943,-0.007980347,-0.016479492,-24.778748,-8.039856,8.099365,0,0.0,0.0,0.0,0.0
0.639160156,-0.1071174,0.8498982,0.5159446,-0.15767293,-0.5268844,0.8351838,0.9816644,0.008112221,0.19044442,-0.12243595,0.92478395,0.36025563,-0.27782264,-0.3804104,0.8821012,0.952798,0.007913728,0.3035018,9.735199,0.07417297,1.8029938,9.62684,0.079553716,1.8676219,-0.029083252,0.0069885254,-0.014801025,-24.778748,-8.039856,8.099365,0,0.0,0.0,0.0,0.0
0.647460938,-0.10319211,0.8629117,0.49470663,-0.16028759,-0.505288,0.8479339,0.9816615,0.00820476,0.1904558,-0.122558735,0.9222832,0.36656943,-0.272945,-0.38643372,0.8810051,0.95419097,0.007921589,0.2990934,9.774673,0.095718384,1.8305054,9.626811,0.08046121,1.8677334,-0.034423828,0.02180481,-0.018157959,-24.659729,-7.798767,8.459473,0,0.0,0.0,0.0,0.0
0.655761719,-0.103306815,0.8630281,0.49447963,-0.16038033,-0.50508755,0.84803575,0.98163426,0.008303059,0.19059174,-0.122461565,0.92125225,0.36918485,-0.270642,-0.38888487,0.880637,0.9548592,0.007927252,0.29695302,9.772293,0.090927124,1.8675995,9.626544,0.0814252,1.8690665,-0.033050537,0.02180481,-0.021209717,-24.659729,-7.798767,8.459473,0,0.0,0.0,0.0,0.0
0.6640625,-0.10344967,0.86317307,0.49419683,-0.16049922,-0.50483793,0.8481619,0.98159975,0.008423866,0.19076389,-0.12224181,0.91923696,0.37424648,-0.26618093,-0.39362472,0.87989056,0.9561405,0.007942134,0.29280072,9.772293,0.090927124,1.9010925,9.626205,0.08260991,1.8707547,-0.029388428,0.0152282715,-0.020446777,-24.659729,-7.798767,8.459473,0,0.0,0.0,0.0,0.0
0.672363281,-0.10099233,0.8713179,0.4802142,-0.1622187,-0.49064428,0.8561269,0.981573,0.008562517,0.19089536,-0.12212096,0.9182529,0.37669373,-0.2640216,-0.3959147,0.8795136,0.9567545,0.007951769,0.29078808,9.82254,0.061019897,1.9010925,9.625943,0.083969615,1.8720441,-0.029693604,0.011413574,-0.024261475,-24.479675,-7.499695,8.459473,0,0.0,0.0,0.0,0.0
0.680664063,-0.09529616,0.8881009,0.4496614,-0.1657075,-0.4595673,0.8725474,0.9815598,0.008638134,0.19095999,-0.12169474,0.9165864,0.38086718,-0.25991613,-0.39975715,0.8789982,0.9579321,0.007975955,0.28688392,9.701706,0.08015442,1.8580322,9.6258135,0.084711164,1.8726778,-0.033355713,-0.0018615723,-0.010681152,-24.35913,-7.1395874,8.938599,0,0.0,0.0,0.0,0.0
0.688964844,-0.095321275,0.88812375,0.44961116,-0.16565658,-0.4595223,0.87258077,0.98156595,0.008694471,0.19092576,-0.12089871,0.91553414,0.3836414,-0.25614747,-0.40216064,0.8790081,0.95904744,0.008002178,0.28313246,9.789032,0.049057007,1.8795624,9.625874,0.085263625,1.872342,-0.044052124,-0.0015563965,-0.013580322,-24.35913,-7.1395874,8.938599,0,0.0,0.0,0.0,0.0
0.697265625,-0.09528985,0.8880952,0.449674,-0.1655971,-0.45957753,0.8725629,0.98157907,0.008681672,0.19085906,-0.120505586,0.9150219,0.3849849,-0.25431925,-0.40332457,0.87900573,0.95958334,0.008016025,0.28131056,9.8022,0.041870117,1.8855438,9.626002,0.08513812,1.8716881,-0.04145813,-0.0050811768,-0.011749268,-24.35913,-7.1395874,8.938599,0,0.0,0.0,0.0,0.0
0.705566406,-0.09340098,0.8930459,0.440165,-0.16661884,-0.44988313,0.87740713,0.9815877,0.00861091,0.1908178,-0.11972802,0.9140226,0.38759235,-0.2507708,-0.40558347,0.8789858,0.9606139,0.008042386,0.2777699,9.725632,0.0011901855,1.8735809,9.626087,0.08444418,1.8712834,-0.04206848,1.2207031E-4,-0.015106201,-24.41864,-6.9595337,8.938599,0,0.0,0.0,0.0,0.0
0.713867188,-0.09332844,0.89298075,0.44031245,-0.16665512,-0.4500144,0.87733287,0.9815884,0.008499774,0.190819,-0.11885418,0.9132334,0.3897158,-0.24741563,-0.40735692,0.87911654,0.961592,0.008064899,0.27436426,9.787842,-0.035888672,1.9190369,9.626095,0.08335432,1.8712953,-0.036865234,-0.00843811,-0.011123657,-24.41864,-6.9595337,8.938599,0,0.0,0.0,0.0,0.0
0.722167969,-0.09544259,0.886795,0.4522006,-0.16540268,-0.4620874,0.87127334,0.981597,0.0083613945,0.19078107,-0.11842405,0.9128482,0.390748,-0.24578911,-0.40821937,0.87917274,0.9620621,0.008073596,0.27271113,9.787842,-0.035888672,1.9190369,9.626179,0.081997275,1.8709233,-0.042373657,-0.012863159,-0.0065460205,-24.539185,-7.1990967,8.938599,0,0.0,0.0,0.0,0.0
0.73046875,-0.092362635,0.89486754,0.4366705,-0.16703245,-0.44625515,0.87917936,0.9816156,0.008265174,0.19068924,-0.11770502,0.911878,0.3932227,-0.24257177,-0.41038176,0.8790596,0.9629665,0.008084994,0.26949987,9.759125,0.027511597,1.915451,9.626361,0.08105367,1.8700227,-0.050460815,-0.018814087,-0.004714966,-24.598694,-6.9595337,9.059143,0,0.0,0.0,0.0,0.0
0.738769531,-0.0922125,0.89473414,0.43697575,-0.16689003,-0.44652522,0.8790694,0.981654,0.008134293,0.19049738,-0.116826035,0.9112316,0.39497948,-0.23956427,-0.41181505,0.87921405,0.96382606,0.008092129,0.26640922,9.753143,0.01675415,1.8771667,9.626738,0.07977017,1.8681412,-0.04220581,-0.02645874,-0.00440979,-24.598694,-6.9595337,9.059143,0,0.0,0.0,0.0,0.0
0.747070313,-0.091429986,0.8963258,0.43386707,-0.16703774,-0.44332302,0.8806606,0.981702,0.008046615,0.19025326,-0.11639354,0.9109147,0.395837,-0.23810269,-0.41251534,0.8792827,0.9642405,0.0080929715,0.26490536,9.745972,0.020339966,1.8472595,9.627209,0.078910336,1.8657471,-0.04220581,-0.02003479,-0.018005371,-24.598694,-6.7199707,8.699036,0,0.0,0.0,0.0,0.0
0.755371094,-0.09134395,0.8962465,0.4340491,-0.16677757,-0.4434834,0.8806292,0.9817543,0.0080505,0.18998331,-0.11550695,0.910357,0.3973767,-0.23527625,-0.41374466,0.879466,0.9650405,0.008091135,0.26197577,9.8033905,0.0382843,1.7850494,9.627721,0.07894844,1.8630998,-0.033050537,0.002105713,-0.019836426,-24.598694,-6.7199707,8.699036,0,0.0,0.0,0.0,0.0
0.763671875,-0.09180207,0.8949311,0.43665874,-0.16635616,-0.44613123,0.8793706,0.9817831,0.008087172,0.18983305,-0.11464491,0.9098169,0.39886042,-0.23255198,-0.41493088,0.8796317,0.9658034,0.008089526,0.25914943,9.769897,0.056228638,1.8221283,9.628003,0.07930807,1.8616263,-0.037322998,0.0082092285,-0.01739502,-24.719238,-6.8389893,8.81958,0,0.0,0.0,0.0,0.0
0.771972656,-0.0918264,0.89495337,0.43660784,-0.16630284,-0.44608542,0.87940395,0.9817899,0.008143373,0.1897957,-0.1142371,0.9095298,0.39963156,-0.2312211,-0.41555995,0.8796855,0.96617115,0.008089478,0.25777486,9.769897,0.056228638,1.8221283,9.62807,0.079859205,1.86126,-0.037322998,0.004852295,-0.017700195,-24.719238,-6.8389893,8.81958,0,0.0,0.0,0.0,0.0
0.780273438,-0.093515776,0.89045316,0.4453628,-0.16534436,-0.45500126,0.8750057,0.9817922,0.008188606,0.18978119,-0.11344084,0.90897226,0.40112412,-0.2286372,-0.41677803,0.87978464,0.9668796,0.008091612,0.25510454,9.725632,0.055038452,1.8604126,9.628093,0.0803028,1.8611177,-0.039916992,0.016296387,-0.021209717,-24.839783,-6.9595337,8.699036,0,0.0,0.0,0.0,0.0
0.788574219,-0.09358163,0.8905153,0.44522452,-0.1653799,-0.4548782,0.8750629,0.98177993,0.008258634,0.1898416,-0.11275974,0.9082699,0.40290323,-0.22611058,-0.41830638,0.87971234,0.9675532,0.0080954535,0.25253755,9.76152,0.059814453,1.8568268,9.627973,0.08098954,1.8617102,-0.043441772,0.0051574707,-0.024261475,-24.839783,-6.9595337,8.699036,0,0.0,0.0,0.0,0.0
0.796875,-0.093624875,0.8905562,0.4451338,-0.16536702,-0.45479718,0.8751076,0.981778,0.008321389,0.18984894,-0.1124273,0.9079294,0.4037627,-0.22488637,-0.41904488,0.8796747,0.9678772,0.008098718,0.25129306,9.809372,0.037094116,1.853241,9.6279545,0.08160496,1.8617823,-0.031982422,4.272461E-4,-0.022277832,-24.839783,-6.9595337,8.699036,0,0.0,0.0,0.0,0.0
0.805175781,-0.09771376,0.87909406,0.46652502,-0.1629614,-0.47657442,0.86389834,0.98178184,0.008389195,0.1898263,-0.11177763,0.9072685,0.4054252,-0.22251138,-0.42047366,0.8795968,0.96850115,0.008107536,0.24887712,9.805786,0.053833008,1.8640137,9.627992,0.082269914,1.8615602,-0.03778076,0.0054626465,-0.012969971,-25.138855,-7.3791504,8.639526,0,0.0,0.0,0.0,0.0
0.813476563,-0.097732425,0.8791125,0.46648642,-0.1629443,-0.47653994,0.8639206,0.98178285,0.008421761,0.18981977,-0.111362815,0.90622014,0.40787667,-0.22012122,-0.42272818,0.8791174,0.96909493,0.008118689,0.2465545,9.756729,0.0657959,1.861618,9.628001,0.08258927,1.8614961,-0.037322998,-0.0023345947,-0.008377075,-25.138855,-7.3791504,8.639526,0,0.0,0.0,0.0,0.0
0.821777344,-0.099474594,0.8738463,0.4759174,-0.16184321,-0.48612955,0.8587693,0.98178995,0.008401734,0.18978365,-0.111157686,0.9057099,0.40906408,-0.21896236,-0.42382005,0.87888116,0.969381,0.008124751,0.24542724,9.757935,0.1040802,1.8544312,9.628071,0.082392864,1.8611418,-0.042373657,-0.010116577,-0.0024261475,-24.839783,-7.499695,8.578491,0,0.0,0.0,0.0,0.0
0.830078125,-0.0988457,0.8756336,0.47275305,-0.16212013,-0.48290277,0.860536,0.9818079,0.008417497,0.18969068,-0.11084438,0.90453154,0.41174775,-0.21666628,-0.4263291,0.87823635,0.9699326,0.008135721,0.24323767,9.777069,0.07417297,1.8317108,9.628246,0.082547456,1.8602301,-0.04159546,-0.009963989,-0.0132751465,-24.958801,-7.319641,8.338928,0,0.0,0.0,0.0,0.0
0.838378906,-0.098801024,0.875588,0.47284672,-0.16198047,-0.48298514,0.86051595,0.98183537,0.008427926,0.18954758,-0.11067151,0.90398896,0.4129839,-0.21555974,-0.4274782,0.8779501,0.97019887,0.008141356,0.2421733,9.777069,0.07417297,1.8317108,9.628516,0.08264973,1.8588269,-0.044189453,-0.0096588135,-0.017547607,-24.958801,-7.319641,8.338928,0,0.0,0.0,0.0,0.0
0.846679688,-0.09875242,0.87553847,0.47294867,-0.16189156,-0.48307532,0.8604821,0.9818549,0.008408291,0.18944713,-0.110327035,0.9029304,0.41538498,-0.21340859,-0.42970946,0.8773862,0.9707135,0.008152704,0.24010167,9.795013,0.01675415,1.861618,9.628708,0.08245717,1.8578417,-0.040222168,-8.087158E-4,-0.021209717,-24.958801,-7.319641,8.338928,0,0.0,0.0,0.0,0.0
0.854980469,-0.09749526,0.8790643,0.46662682,-0.16255876,-0.47662956,0.8639438,0.9818703,0.008376151,0.18936872,-0.109984875,0.90190685,0.41769293,-0.21134096,-0.43185347,0.87683386,0.9712046,0.008162825,0.23810722,9.806976,-0.011962891,1.8352966,9.628859,0.08214199,1.8570728,-0.032440186,0.008514404,-0.01586914,-24.958801,-7.258606,8.459473,0,0.0,0.0,0.0,0.0
0.86328125,-0.097468756,0.87903786,0.4666823,-0.16253993,-0.4766789,0.86392015,0.981876,0.008350705,0.18934004,-0.109783225,0.90147215,0.41868314,-0.2103537,-0.43276,0.87662435,0.9714417,0.008167092,0.2371378,9.806976,-0.011962891,1.8352966,9.628915,0.08189244,1.8567916,-0.024658203,0.0036315918,-0.020751953,-24.958801,-7.258606,8.459473,0,0.0,0.0,0.0,0.0
0.871582031,-0.09803885,0.8775201,0.46941125,-0.16223346,-0.47946638,0.86243397,0.98187,0.008397821,0.18936944,-0.109385505,0.90062505,0.42060587,-0.20843841,-0.43452004,0.876211,0.9718993,0.008174362,0.23525505,9.718445,0.034698486,1.8711853,9.628856,0.08235449,1.8570799,-0.018234253,-0.0015563965,-0.016174316,-24.839783,-7.1395874,8.1588745,0,0.0,0.0,0.0,0.0
0.879882813,-0.09298556,0.89195687,0.44245526,-0.16517216,-0.452042,0.8765708,0.98187166,0.008427146,0.18935981,-0.10902453,0.89975345,0.42256042,-0.20658693,-0.4363218,0.87575406,0.9723351,0.008183211,0.23344709,9.789032,0.013153076,1.8759766,9.628872,0.08264207,1.8569854,-0.039764404,-0.0137786865,-0.018005371,-24.778748,-6.77948,8.459473,0,0.0,0.0,0.0,0.0
0.888183594,-0.092946544,0.8919192,0.44253933,-0.16510415,-0.4521166,0.876545,0.98188674,0.008406753,0.18928224,-0.10871975,0.89960027,0.42296502,-0.20575656,-0.43663752,0.8757922,0.97254527,0.00818809,0.23256978,9.789032,0.013153076,1.8759766,9.62902,0.08244208,1.8562248,-0.037017822,-0.010574341,-0.019073486,-24.778748,-6.77948,8.459473,0,0.0,0.0,0.0,0.0
0.896484375,-0.09290527,0.8918794,0.44262835,-0.16495563,-0.45219502,0.87653255,0.9819156,0.008420457,0.18913181,-0.10812518,0.8993011,0.4237528,-0.20414273,-0.43725315,0.87586266,0.9729515,0.008196749,0.23086385,9.78186,0.027511597,1.8161469,9.629303,0.082576476,1.8547496,-0.037628174,0.007446289,-0.021057129,-24.778748,-6.77948,8.459473,0,0.0,0.0,0.0,0.0
0.904785156,-0.09209049,0.894085,0.43832803,-0.16534768,-0.44781783,0.87870324,0.9819264,0.008443688,0.18907462,-0.10755034,0.89901185,0.42451218,-0.20258698,-0.43784738,0.87592703,0.97334033,0.0082056075,0.22921874,9.796219,0.04307556,1.8053894,9.629409,0.08280429,1.8541887,-0.031677246,0.010192871,-0.01739502,-24.958801,-6.6589355,8.338928,0,0.0,0.0,0.0,0.0
0.913085938,-0.0921118,0.89410585,0.4382809,-0.16531841,-0.44777527,0.87873036,0.9819293,0.0084855305,0.18905754,-0.1072508,0.89891446,0.42479423,-0.2018418,-0.43804735,0.8759991,0.9735282,0.008210369,0.22841944,9.796219,0.04307556,1.8053894,9.629437,0.08321463,1.8540212,-0.03488159,0.014465332,-0.017852783,-24.958801,-6.6589355,8.338928,0,0.0,0.0,0.0,0.0
