Time,Rot1,Rot2,Rot3,Rot4,Rot5,Rot6,Rot7,Rot8,Rot9,FRot1,FRot2,FRot3,FRot4,FRot5,FRot6,FRot7,FRot8,FRot9,AccX,AccY,AccZ,GravX,GravY,GravZ,GyroX,GyroY,GyroZ,MagX,MagY,MagZ,Imid
0.0,0.0,0.0,0.0,0.0,0.0,0.0,0.0,0.0,0.0,0.0,0.0,0.0,0.0,0.0,0.0,0.0,0.0,0.0,0.0,0.0,0.0,9.613606,0.21399765,1.9243608,0.0,0.0,0.0,0.0,0.0,0.0,0,0.0,0.0,0.0,0.0
0.008300781,0.0,0.0,0.0,0.0,0.0,0.0,0.0,0.0,0.0,1.0,0.0,0.0,0.0,1.0,0.0,0.0,0.0,1.0,9.74118,0.31585693,1.8221283,9.614259,0.21678634,1.9207872,-0.024963379,-0.031341553,-0.012817383,0.0,0.0,0.0,0,0.0,0.0,0.0,0.0
0.016601563,0.01584087,-0.99928534,0.034318425,0.19602725,-0.030552847,-0.98012227,0.9804705,0.022253342,0.1954032,1.0,0.0,0.0,0.0,1.0,0.0,0.0,0.0,1.0,9.74118,0.31585693,1.8221283,9.61513,0.21823072,1.9162507,-0.05809021,-0.0554657,0.017425537,-31.318665,-1.499939,-29.219055,0,0.0,0.0,0.0,0.0
0.024902344,0.015750898,-0.9992835,0.034414772,0.19544688,-0.030678056,-0.98023427,0.9805878,0.022165833,0.19482364,0.99911016,-0.03202172,-0.027449744,0.03199741,0.99948704,-0.0013246024,0.027478078,4.4510313E-4,0.9996223,9.775879,0.27397156,1.8149567,9.6162815,0.21737257,1.9105673,-0.07489014,-0.060668945,0.02017212,-31.318665,-1.499939,-29.219055,0,0.0,0.0,0.0,0.0
0.033203125,0.015526255,-0.9992787,0.034655314,0.19480987,-0.030972075,-0.98035187,0.9807181,0.021972388,0.19418846,0.992328,-0.0940385,-0.08026201,0.093626626,0.99556774,-0.008888166,0.0807421,0.0013053148,0.9967342,9.854843,0.32302856,1.8245239,9.617559,0.21547553,1.9043384,-0.08695984,-0.061279297,0.0178833,-31.318665,-1.499939,-29.219055,0,0.0,0.0,0.0,0.0
0.041503906,0.017870937,-0.9996054,0.02167569,0.19383298,-0.01780415,-0.98087305,0.98087174,0.02173058,0.19343828,0.97131604,-0.18181922,-0.15325455,0.17919734,0.98332876,-0.030869057,0.1563122,0.0025208045,0.9877045,9.88356,0.16630554,1.8149567,9.619066,0.21310419,1.8969815,-0.09474182,-0.026611328,-0.009460449,-31.498718,-1.1993408,-29.3396,0,0.0,0.0,0.0,0.0
0.049804688,0.01623296,-0.9994532,0.028806422,0.19341078,-0.025127333,-0.9807959,0.9809835,0.021492695,0.19289714,0.97131604,-0.18181922,-0.15325455,0.17919734,0.98332876,-0.030869057,0.1563122,0.0025208045,0.9877045,9.88356,0.16630554,1.8149567,9.620163,0.21077137,1.891675,-0.09474182,-0.026611328,-0.009460449,-31.799316,-1.3793945,-29.93927,0,0.0,0.0,0.0,0.0
0.058105469,0.016062468,-0.99945074,0.028987393,0.19298865,-0.025347015,-0.9808735,0.9810695,0.021349488,0.19247551,0.951386,-0.23653099,-0.19727613,0.2309192,0.9716185,-0.051321965,0.20381635,0.003272153,0.97900367,9.877579,0.15434265,1.7479553,9.621005,0.20936695,1.8875399,-0.07824707,0.0040893555,-0.02456665,-31.799316,-1.3793945,-29.93927,0,0.0,0.0,0.0,0.0
0.06640625,0.013483396,-0.99902564,0.042024143,0.19296971,-0.038638067,-0.9804437,0.98111206,0.021329096,0.19226071,0.9276378,-0.2883892,-0.23731762,0.27835646,0.957505,-0.07551111,0.2490094,0.003988074,0.96849287,9.877579,0.15434265,1.7479553,9.621423,0.20916699,1.8854336,-0.05519104,0.027297974,-0.031448364,-32.099915,-1.6799927,-29.638672,0,0.0,0.0,0.0,0.0
0.074707031,0.013795373,-0.9990354,0.041686814,0.19290808,-0.038248368,-0.980471,0.9811198,0.02156769,0.19219437,0.91448635,-0.3135047,-0.25579187,0.30068356,0.94957674,-0.08884477,0.27074724,0.0043349233,0.9626407,9.812973,0.27038574,1.7204437,9.621499,0.21150678,1.884783,-0.042510986,0.046691895,-0.038772583,-32.099915,-1.6799927,-29.638672,0,0.0,0.0,0.0,0.0
0.083007813,0.014179435,-0.99904734,0.041271534,0.19305943,-0.037763596,-0.9804601,0.98108464,0.02187023,0.19234005,0.8861998,-0.3615882,-0.28966185,0.34201756,0.9323244,-0.11745302,0.31252843,0.0050173984,0.9498952,9.772293,0.27038574,1.7204437,9.621154,0.2144737,1.8862115,-0.023590088,0.07203674,-0.038467407,-32.099915,-1.6799927,-29.638672,0,0.0,0.0,0.0,0.0
0.091308594,0.016302899,-0.9993327,0.03268472,0.19323061,-0.028923867,-0.980727,0.98101795,0.02230438,0.19263014,0.8558052,-0.40686277,-0.31946853,0.37898684,0.9134716,-0.14811687,0.35208866,0.0056848284,0.9359494,9.808182,0.33857727,1.7264252,9.6205,0.21873125,1.8890564,-0.02420044,0.07249451,-0.03892517,-32.03888,-1.499939,-29.87976,0,0.0,0.0,0.0,0.0
0.099609375,0.015795164,-0.9991737,0.037450433,0.19362974,-0.033689428,-0.9804961,0.9809475,0.022738611,0.1929376,0.8400705,-0.42831734,-0.3329052,0.39572898,0.9036083,-0.16398326,0.37105277,0.0060172495,0.92859226,9.759125,0.38763428,1.812561,9.619809,0.2229896,1.8920715,-0.020523071,0.06440735,-0.03465271,-32.27997,-1.6189575,-29.579163,0,0.0,0.0,0.0,0.0
0.107910156,0.01633616,-0.9991869,0.036860753,0.19397373,-0.032998227,-0.9804515,0.98087066,0.023166833,0.19327696,0.8076469,-0.4694222,-0.35686052,0.42630583,0.88294864,-0.19663449,0.40739408,0.0066794776,0.91322803,9.76033,0.34576416,1.8508453,9.619056,0.22718903,1.8953995,-0.036865234,0.045166016,-0.010070801,-32.27997,-1.6189575,-29.579163,0,0.0,0.0,0.0,0.0
0.116210938,0.014987118,-0.99890155,0.04439672,0.19416732,-0.04064902,-0.9801259,0.980854,0.023309654,0.19334483,0.7744472,-0.5079409,-0.3771308,0.4529284,0.8613608,-0.2300295,0.44168705,0.007332441,0.8971392,9.86322,0.30867004,1.7742767,9.618892,0.22858962,1.8960651,-0.07672119,0.01171875,0.011917114,-32.458496,-1.7990112,-29.519653,0,0.0,0.0,0.0,0.0
0.124511719,0.014942562,-0.9989001,0.04444562,0.19409098,-0.040707424,-0.9801386,0.9808697,0.023272274,0.19326921,0.7576086,-0.52640224,-0.38591442,0.4649505,0.8502013,-0.246939,0.45809415,0.0076520173,0.8888708,9.932602,0.3146515,1.8089752,9.619046,0.22822306,1.8953235,-0.09352112,0.01461792,0.009796143,-32.458496,-1.7990112,-29.519653,0,0.0,0.0,0.0,0.0
0.1328125,0.01252495,-0.9983475,0.056082644,0.19415434,-0.052591454,-0.97956014,0.980891,0.023157632,0.19317481,0.7238112,-0.56151974,-0.40098995,0.48631278,0.827422,-0.28084284,0.4894867,0.008270639,0.8719715,9.932602,0.3146515,1.8843536,9.619255,0.2270988,1.8943977,-0.108795166,0.0068359375,0.009628296,-32.759094,-2.0996094,-30.059814,0,0.0,0.0,0.0,0.0
0.141113281,0.0124110235,-0.99834204,0.05620641,0.19407529,-0.052736767,-0.9795681,0.98090816,0.02306572,0.19309899,0.7068146,-0.5783969,-0.4072717,0.4958826,0.81571054,-0.29785374,0.5044935,0.008568407,0.863373,9.974487,0.27038574,1.8843536,9.619423,0.22619745,1.8936543,-0.108795166,-0.016220093,-0.0051727295,-32.759094,-2.0996094,-30.059814,0,0.0,0.0,0.0,0.0
0.149414063,0.01195269,-0.9982341,0.05818717,0.19389647,-0.054772988,-0.97949165,0.98094916,0.022989852,0.19289939,0.67302984,-0.61044675,-0.4175949,0.5125908,0.7920045,-0.33163148,0.5331804,0.009142554,0.84595215,9.994827,0.25842285,1.8963165,9.619825,0.22545344,1.8916969,-0.087875366,-0.026763916,-0.012817383,-32.818604,-2.1591187,-30.299377,0,0.0,0.0,0.0,0.0
0.157714844,0.0119593935,-0.99823445,0.058179937,0.19357514,-0.05477213,-0.9795553,0.9810126,0.02297708,0.19257835,0.63968575,-0.64037627,-0.42511213,0.5263162,0.7680002,-0.3649204,0.5601726,0.009690957,0.8283192,9.94696,0.29670715,1.8771667,9.620447,0.22532819,1.8885485,-0.06388855,-0.054855347,-0.012054443,-32.818604,-2.1591187,-30.299377,0,0.0,0.0,0.0,0.0
0.166015625,0.012149989,-0.99824417,0.05797419,0.19309567,-0.05454481,-0.97966266,0.9811047,0.023097456,0.1920939,0.6232586,-0.6545566,-0.4279069,0.5321167,0.7559474,-0.3813074,0.57306236,0.0099567035,0.8194512,9.909882,0.23928833,1.8173523,9.62135,0.22650866,1.8837976,-0.055648804,-0.058517456,-0.025787354,-32.818604,-2.1591187,-30.299377,0,0.0,0.0,0.0,0.0
0.174316406,0.009183438,-0.9972232,0.07390173,0.1927357,-0.07075385,-0.9786964,0.9812077,0.023231305,0.19155076,0.59100664,-0.68141395,-0.43172464,0.54174036,0.7318232,-0.41346365,0.59768605,0.010477125,0.8016618,9.762711,0.24287415,1.7623138,9.622361,0.22782128,1.8784713,-0.035491943,-0.027069092,-0.031600952,-32.818604,-2.5787354,-30.718994,0,0.0,0.0,0.0,0.0
0.182617188,0.0094750775,-0.99724346,0.073591866,0.19235542,-0.07040296,-0.97879666,0.98127955,0.023429967,0.1911581,0.5593165,-0.7068268,-0.43308303,0.5493016,0.7073014,-0.44496349,0.6208323,0.010982237,0.78386647,9.744766,0.23449707,1.7324066,9.623066,0.22976951,1.8746208,-0.034118652,0.0028686523,-0.025024414,-32.818604,-2.5787354,-30.718994,0,0.0,0.0,0.0,0.0
0.190917969,0.008402204,-0.9967538,0.08006994,0.19221391,-0.07696966,-0.97832996,0.9813171,0.023610685,0.19094324,0.54385835,-0.7188326,-0.4330101,0.5522235,0.6950925,-0.46032128,0.631876,0.011231214,0.7749881,9.744766,0.23449707,1.7324066,9.623434,0.23154174,1.8725137,-0.038391113,0.018447876,-0.029769897,-32.818604,-2.758789,-30.899048,0,0.0,0.0,0.0,0.0
0.19921875,0.007501321,-0.9962449,0.086254746,0.19221318,-0.083212145,-0.977819,0.98132455,0.023914231,0.19086719,0.5136242,-0.7416988,-0.43136185,0.5566416,0.67063063,-0.49031073,0.65294737,0.011721486,0.75731254,9.765106,0.3409729,1.7001038,9.623507,0.2345185,1.8717678,-0.051376343,0.044403076,-0.020599365,-32.939148,-2.9388428,-31.079102,0,0.0,0.0,0.0,0.0
0.207519531,0.0077963388,-0.9962694,0.08594439,0.19230181,-0.082849026,-0.97783226,0.9813048,0.024150776,0.1909385,0.484422,-0.76303667,-0.42791387,0.55926853,0.6462399,-0.51922315,0.6727213,0.012204364,0.7397952,9.799805,0.33857727,1.6905365,9.623313,0.2368382,1.8724672,-0.06436157,0.04928589,-0.006088257,-32.939148,-2.9388428,-31.079102,0,0.0,0.0,0.0,0.0
0.215820313,0.007921969,-0.99627984,0.085812226,0.19244738,-0.08269172,-0.977817,0.9812753,0.024260573,0.19107635,0.47028375,-0.7730946,-0.42562655,0.5599231,0.6341687,-0.5332131,0.6821432,0.012443314,0.7311127,9.877579,0.3397827,1.7359924,9.623023,0.23791493,1.8738189,-0.078552246,0.059677124,4.7302246E-4,-32.939148,-2.9388428,-31.079102,0,0.0,0.0,0.0,0.0
0.224121094,0.005592811,-0.99521035,0.097596794,0.19275838,-0.094695,-0.97666633,0.9812303,0.02427491,0.19130552,0.44294846,-0.79205996,-0.4200449,0.56005037,0.6103068,-0.5602403,0.7001002,0.012911321,0.7139279,9.9015045,0.36610413,1.812561,9.622582,0.23805554,1.8760663,-0.068481445,0.05479431,0.0047454834,-33.059692,-3.239441,-31.13861,0,0.0,0.0,0.0,0.0
0.232421875,0.005594632,-0.9952105,0.09759487,0.1930456,-0.094685644,-0.9766105,0.9811738,0.024304038,0.19159128,0.41661,-0.80986124,-0.4129901,0.55896723,0.58646923,-0.58618206,0.7169321,0.013361359,0.6970149,9.902695,0.32901,1.8592224,9.622028,0.2383412,1.8788687,-0.06878662,0.04135132,0.0013885498,-33.059692,-3.239441,-31.13861,0,0.0,0.0,0.0,0.0
0.240722656,0.005161939,-0.9950003,0.09973844,0.19326615,-0.09686659,-0.97635293,0.98113275,0.02431594,0.19179985,0.40392268,-0.8182383,-0.40906304,0.55794257,0.5747188,-0.59866387,0.7249459,0.013580233,0.68867195,9.902695,0.32901,1.8592224,9.621626,0.23845792,1.8809141,-0.06878662,0.0138549805,-0.009292603,-33.059692,-3.2989502,-31.199646,0,0.0,0.0,0.0,0.0
0.249023438,0.0022847613,-0.99345505,0.11420066,0.19337884,-0.111606374,-0.97475564,0.9811215,0.024311077,0.1918582,0.37945896,-0.8340529,-0.40045792,0.5550648,0.5515065,-0.62269056,0.740212,0.014005404,0.67222756,9.866806,0.2536316,1.8652039,9.621515,0.23841023,1.8814863,-0.061447144,-0.0017242432,-0.027313232,-33.47931,-3.718567,-31.678772,0,0.0,0.0,0.0,0.0
0.257324219,0.002283009,-0.9934549,0.11420251,0.19339034,-0.11160824,-0.9747532,0.9811193,0.024311028,0.19186977,0.3559369,-0.8489319,-0.39067054,0.5513682,0.5283056,-0.6456673,0.7545211,0.014413544,0.6561175,9.839279,0.18424988,1.9142609,9.621493,0.23840976,1.8815997,-0.06175232,-0.013473511,-0.03465271,-33.47931,-3.718567,-31.678772,0,0.0,0.0,0.0,0.0
0.265625,0.0023786565,-0.9934661,0.11410273,0.19345027,-0.111490496,-0.9747547,0.9811072,0.024391811,0.19192109,0.3446502,-0.8559173,-0.385515,0.54916686,0.51690626,-0.6566762,0.7613356,0.014611511,0.6481933,9.879959,0.18902588,2.0243225,9.621375,0.23920196,1.882103,-0.05747986,-0.024475098,-0.036636353,-33.47931,-3.718567,-31.678772,0,0.0,0.0,0.0,0.0
0.273925781,0.003284779,-0.99389267,0.11030139,0.19334367,-0.10758947,-0.9752141,0.9811256,0.02452944,0.19180948,0.31265247,-0.87518215,-0.36919448,0.5413543,0.48355505,-0.6878299,0.7805024,0.015186719,0.62496835,9.939789,0.19142151,1.927414,9.621555,0.24055164,1.8810085,-0.042678833,-0.0663147,-0.04273987,-33.4198,-3.5995483,-31.439209,0,0.0,0.0,0.0,0.0
0.282226563,0.003530142,-0.99389994,0.1102298,0.19293803,-0.10748237,-0.97530645,0.98120457,0.024710491,0.19138165,0.30263337,-0.8810385,-0.36357158,0.5383741,0.47279477,-0.69758046,0.7864899,0.015373589,0.6174118,9.857239,0.20100403,1.8628082,9.622331,0.24232717,1.876813,-0.04298401,-0.0713501,-0.04472351,-33.599854,-3.5995483,-31.3797,0,0.0,0.0,0.0,0.0
0.290527344,0.003955822,-0.99394804,0.10977954,0.19213997,-0.1069794,-0.9755191,0.98135954,0.02495202,0.19055398,0.2929073,-0.8866482,-0.35785523,0.53523713,0.46218276,-0.707042,0.792292,0.015560342,0.60994375,9.817749,0.22132874,1.6905365,9.62385,0.24469574,1.8686962,-0.042678833,-0.073791504,-0.039230347,-33.599854,-3.5995483,-31.3797,0,0.0,0.0,0.0,0.0
0.298828125,0.0043424405,-0.99399626,0.109328106,0.19132365,-0.106483616,-0.9757339,0.9815174,0.025154117,0.18971258,0.27431762,-0.89715886,-0.34620205,0.5285367,0.44142064,-0.72511846,0.80336714,0.015932282,0.5952709,9.7986145,0.28833008,1.5385895,9.625398,0.24667764,1.8604449,-0.044052124,-0.04966736,-0.027160645,-33.53882,-3.5385132,-30.839539,0,0.0,0.0,0.0,0.0
0.307128906,0.004753031,-0.9940429,0.108886935,0.19047044,-0.10599476,-0.9759541,0.98168147,0.025378477,0.18883194,0.2654426,-0.90207785,-0.34028772,0.524998,0.43127224,-0.7337447,0.80865157,0.016116735,0.5880671,9.7986145,0.28833008,1.5385895,9.627007,0.24887784,1.8518088,-0.054885864,-0.02355957,-0.025634766,-33.53882,-3.5385132,-30.839539,0,0.0,0.0,0.0,0.0
0.315429688,0.005090664,-0.9940808,0.1085241,0.19001345,-0.10558669,-0.97608733,0.9817683,0.02558997,0.18835121,0.24850382,-0.91128665,-0.32833305,0.5175994,0.4114426,-0.75020385,0.81874096,0.01648353,0.5739265,9.754349,0.33021545,1.5649109,9.627858,0.2509519,1.8470944,-0.07199097,0.025314331,-0.012817383,-33.53882,-3.5385132,-30.839539,0,0.0,0.0,0.0,0.0
0.323730469,0.00778869,-0.9953934,0.095557906,0.18980102,-0.09235208,-0.97746956,0.98179173,0.025750197,0.18820739,0.23260956,-0.9197138,-0.31625834,0.50986594,0.39222804,-0.7656329,0.8282086,0.016844178,0.5601668,9.805786,0.36489868,1.5984039,9.628088,0.25252318,1.845684,-0.068481445,0.056015015,-0.0024261475,-33.17871,-3.1799316,-30.419922,0,0.0,0.0,0.0,0.0
0.33203125,0.007904294,-0.9954045,0.09543298,0.18983285,-0.0922068,-0.9774771,0.98178464,0.025842583,0.18823165,0.22517194,-0.9235537,-0.31039676,0.505842,0.3830911,-0.7728939,0.83271927,0.017022315,0.5534336,9.805786,0.36489868,1.5984039,9.628018,0.25342917,1.845922,-0.053359985,0.06074524,-0.0054779053,-33.17871,-3.1799316,-30.419922,0,0.0,0.0,0.0,0.0
0.340332031,0.009933949,-0.9962491,0.08595957,0.1901515,-0.08251317,-0.9782811,0.9817045,0.026063535,0.18861859,0.21100438,-0.9307432,-0.29865396,0.4976609,0.36526054,-0.78671366,0.84131485,0.017371627,0.5402661,9.907486,0.44506836,1.8173523,9.627233,0.25559598,1.8497164,-0.050308228,0.06639099,-0.015106201,-33.059692,-2.9388428,-30.239868,0,0.0,0.0,0.0,0.0
0.348632813,0.009991652,-0.99622965,0.08617865,0.19060305,-0.08270537,-0.97817713,0.9816164,0.026199512,0.18905802,0.19793221,-0.9371895,-0.28722572,0.48928604,0.34837037,-0.7995231,0.84936565,0.017715853,0.5275075,9.937393,0.3254242,1.8807526,9.6263685,0.25692946,1.8540258,-0.0385437,0.035079956,-0.03175354,-33.239746,-2.9388428,-30.119324,0,0.0,0.0,0.0,0.0
0.356933594,0.01027279,-0.9962534,0.08587068,0.19094084,-0.082340725,-0.978142,0.98154783,0.026444467,0.18937957,0.18569867,-0.94309443,-0.27584198,0.48086157,0.33203453,-0.8114956,0.8569061,0.018051835,0.51515627,9.9015045,0.20817566,1.956131,9.625696,0.25933164,1.8571792,-0.043273926,0.028060913,-0.03892517,-33.239746,-2.9388428,-30.119324,0,0.0,0.0,0.0,0.0
0.365234375,0.010427429,-0.99626625,0.08570127,0.19126153,-0.08213642,-0.9780964,0.98148376,0.026590394,0.18969095,0.17988895,-0.9458537,-0.2701863,0.47664165,0.32408136,-0.81718045,0.86049557,0.018219702,0.50913197,9.9015045,0.20817566,1.956131,9.625068,0.2607627,1.8602328,-0.043273926,0.017364502,-0.036483765,-33.239746,-2.9388428,-30.119324,0,0.0,0.0,0.0,0.0
0.373535156,0.01404011,-0.9976175,0.06754378,0.19126445,-0.06362361,-0.97947425,0.9814381,0.02667065,0.1899155,0.16884814,-0.9510136,-0.25896612,0.46821308,0.30859196,-0.82797796,0.8673332,0.018551212,0.4973822,9.867996,0.17228699,1.9633179,9.62462,0.26154974,1.8624347,-0.046035767,-0.007217407,-0.030075073,-33.239746,-2.519226,-30.299377,0,0.0,0.0,0.0,0.0
0.381835938,0.0140899345,-0.9976205,0.06748937,0.1913139,-0.06355937,-0.9794688,0.9814277,0.026712302,0.1899631,0.16377449,-0.95331323,-0.2537161,0.463952,0.30140296,-0.8330095,0.87058973,0.018713616,0.49165368,9.867996,0.17228699,1.9633179,9.624518,0.2619582,1.8629017,-0.047561646,-0.03668213,-0.028686523,-33.239746,-2.519226,-30.299377,0,0.0,0.0,0.0,0.0
0.390136719,0.014418713,-0.9977142,0.06601892,0.19105788,-0.062060166,-0.9796149,0.98147285,0.026738219,0.18972632,0.15412776,-0.9576193,-0.24333073,0.45548528,0.28740746,-0.84257346,0.87679976,0.019030388,0.480479,9.847656,0.19142151,1.886734,9.624961,0.26221237,1.8605797,-0.03656006,-0.06021118,-0.032058716,-33.1192,-2.4597168,-29.93927,0,0.0,0.0,0.0,0.0
0.3984375,0.016212437,-0.998215,0.057478737,0.19030838,-0.05335475,-0.98027337,0.9815905,0.02683131,0.1891037,0.14513616,-0.9615451,-0.2331661,0.4470954,0.27396545,-0.8514979,0.8826331,0.019335642,0.4696647,9.762711,0.18902588,1.7539368,9.626115,0.26312527,1.8544737,-0.038085938,-0.0625,-0.032974243,-32.939148,-2.279663,-30.299377,0,0.0,0.0,0.0,0.0
0.406738281,0.016379843,-0.99822277,0.057297334,0.18966703,-0.053162538,-0.98040813,0.9817118,0.026926346,0.18845916,0.14093974,-0.96333474,-0.22830285,0.44290698,0.26759395,-0.8557026,0.88542044,0.019485567,0.4643823,9.762711,0.18902588,1.7539368,9.627305,0.26405728,1.8481532,-0.053207397,-0.04890442,-0.030380249,-32.939148,-2.279663,-30.299377,0,0.0,0.0,0.0,0.0
0.415039063,0.016585683,-0.9982322,0.057074264,0.18899208,-0.052923247,-0.9805515,0.9818385,0.027049702,0.1877802,0.13296318,-0.9666847,-0.21872728,0.43460837,0.25520498,-0.8637048,0.89075047,0.019780243,0.45406207,9.756729,0.25723267,1.6307068,9.628547,0.26526695,1.8414948,-0.07885742,-0.02003479,-0.019226074,-32.939148,-2.279663,-30.299377,0,0.0,0.0,0.0,0.0
0.423339844,0.015812209,-0.99798864,0.061389275,0.18859723,-0.057317987,-0.98038036,0.98192716,0.027079826,0.18731156,0.12551443,-0.9697494,-0.20936142,0.4264335,0.24327627,-0.8711894,0.89576817,0.020068137,0.4440683,9.810577,0.3409729,1.5744781,9.629416,0.2655624,1.8368989,-0.09413147,0.008666992,-0.01449585,-33.059692,-2.3986816,-30.479431,0,0.0,0.0,0.0,0.0
0.431640625,0.015962474,-0.9979962,0.061226886,0.18822426,-0.057140633,-0.98046243,0.98199636,0.027174992,0.18693501,0.12193804,-0.97120386,-0.20468062,0.42240888,0.23739137,-0.8747663,0.8981658,0.020208381,0.43919218,9.810577,0.3409729,1.5744781,9.630095,0.26649565,1.8332062,-0.08894348,0.012329102,-0.017089844,-33.059692,-2.3986816,-30.479431,0,0.0,0.0,0.0,0.0
0.439941406,0.01572855,-0.9978796,0.06315849,0.18812354,-0.059084848,-0.9803666,0.9820194,0.027301341,0.1867953,0.11514636,-0.9739225,-0.19549,0.41447058,0.22595446,-0.88156605,0.9027489,0.020484282,0.42968002,9.923035,0.35533142,1.7084808,9.630321,0.26773468,1.831836,-0.08589172,0.029281616,-0.03327942,-33.17871,-2.4597168,-30.599976,0,0.0,0.0,0.0,0.0
0.448242188,0.016000431,-0.9978938,0.06286483,0.18809493,-0.058746338,-0.9803924,0.98202056,0.027511256,0.18675879,0.111907355,-0.9752012,-0.19094348,0.41056824,0.22035757,-0.88480294,0.90493673,0.020620633,0.42504627,9.923035,0.35533142,1.7084808,9.630332,0.26979327,1.8314781,-0.07611084,0.029586792,-0.036636353,-33.17871,-2.4597168,-30.599976,0,0.0,0.0,0.0,0.0
0.456542969,0.014198848,-0.9971748,0.07376189,0.18835615,-0.069781214,-0.9796185,0.9819981,0.027802957,0.18683319,0.105767556,-0.9775875,-0.18203264,0.4028945,0.20949017,-0.89094883,0.90911454,0.020893523,0.41602188,9.894318,0.3637085,1.7527466,9.630112,0.27265388,1.8322078,-0.056259155,0.024856567,-0.033737183,-33.53882,-2.758789,-30.839539,0,0.0,0.0,0.0,0.0
0.46484375,0.014442231,-0.9971907,0.073498614,0.18851438,-0.06947258,-0.97961,0.98196423,0.028003303,0.18698145,0.09987515,-0.97985214,-0.1729588,0.39545125,0.19859947,-0.8967589,0.91304064,0.021167155,0.4073189,9.877579,0.28953552,1.8281097,9.62978,0.2746186,1.8336617,-0.05076599,0.014312744,-0.032821655,-33.53882,-2.758789,-30.839539,0,0.0,0.0,0.0,0.0
0.473144531,0.014906588,-0.9972838,0.07213019,0.18858965,-0.068039246,-0.97969615,0.98194283,0.028206937,0.18706317,0.097085506,-0.9809056,-0.16851889,0.39180008,0.19331414,-0.8995123,0.91491365,0.02130389,0.40308687,9.877579,0.28953552,1.8281097,9.62957,0.27661556,1.8344631,-0.051071167,0.010498047,-0.034957886,-33.599854,-2.758789,-31.199646,0,0.0,0.0,0.0,0.0
0.481445313,0.01512973,-0.9972977,0.07189112,0.18865609,-0.06776071,-0.97970265,0.9819267,0.028385336,0.1871211,0.09181857,-0.98285776,-0.15987478,0.38463512,0.18309839,-0.90472686,0.9184907,0.021577273,0.39485347,9.838089,0.26560974,1.8448639,9.629411,0.27836505,1.835031,-0.05290222,0.00592041,-0.031448364,-33.599854,-2.758789,-31.199646,0,0.0,0.0,0.0,0.0
0.489746094,0.014167293,-0.99688184,0.0776275,0.18875039,-0.07357325,-0.9792653,0.9819229,0.028525757,0.18711947,0.08691664,-0.9846304,-0.15148789,0.377662,0.17327954,-0.9095854,0.92185515,0.021846894,0.38691834,9.793823,0.27038574,1.8257294,9.6293745,0.27974212,1.8350152,-0.061904907,-0.008132935,-0.015563965,-33.53882,-2.9388428,-31.619263,0,0.0,0.0,0.0,0.0
0.498046875,0.014212843,-0.9968848,0.07757947,0.18866709,-0.07351995,-0.9792852,0.98193824,0.028555123,0.18703444,0.08454968,-0.9854744,-0.14728083,0.3742575,0.1683958,-0.9119069,0.92346233,0.021980481,0.383059,9.793823,0.27038574,1.8257294,9.629525,0.2800301,1.8341814,-0.06970215,-0.017440796,-0.0062408447,-33.53882,-2.9388428,-31.619263,0,0.0,0.0,0.0,0.0
0.506347656,0.010919678,-0.99543864,0.09477736,0.18859011,-0.09103181,-0.9778277,0.98199517,0.02855164,0.18673582,0.0800578,-0.9870426,-0.13906008,0.36758924,0.15890972,-0.91631097,0.92653596,0.022240857,0.37554815,9.847656,0.30867004,1.7431641,9.630083,0.27999595,1.8312529,-0.07260132,-0.01713562,-0.0146484375,-33.4198,-3.3599854,-31.439209,0,0.0,0.0,0.0,0.0
0.514648438,0.010960987,-0.9954423,0.09473385,0.18835875,-0.09098809,-0.97787625,0.9820391,0.028562443,0.18650296,0.07561553,-0.9885667,-0.13045354,0.36115536,0.14909728,-0.920509,0.9294348,0.02249078,0.36830023,9.838089,0.28833008,1.7742767,9.630514,0.2801019,1.8289694,-0.07733154,-5.0354004E-4,-0.030380249,-33.4198,-3.3599854,-31.439209,0,0.0,0.0,0.0,0.0
0.522949219,0.012662907,-0.9961677,0.08654223,0.1881324,-0.08262991,-0.9786616,0.98206204,0.028674094,0.18636508,0.073508516,-0.9892707,-0.12625343,0.35800362,0.14433336,-0.9224973,0.93082213,0.022612222,0.36477223,9.838089,0.28833008,1.7742767,9.630739,0.2811968,1.8276172,-0.069244385,0.0031738281,-0.03327942,-33.239746,-3.1799316,-31.739807,0,0.0,0.0,0.0,0.0
0.53125,0.012775179,-0.9961765,0.08642552,0.18805422,-0.08249662,-0.97868794,0.9820756,0.028755592,0.18628125,0.06963019,-0.9905262,-0.11836183,0.35181072,0.13540922,-0.9262255,0.9334778,0.02285229,0.3579063,9.848862,0.24406433,1.7742767,9.630872,0.28199604,1.826795,-0.06756592,0.0037841797,-0.02885437,-33.239746,-3.1799316,-31.739807,0,0.0,0.0,0.0,0.0
0.539550781,0.01017365,-0.9948877,0.10047341,0.18811043,-0.09678048,-0.9773678,0.9820951,0.028843498,0.18616414,0.066018455,-0.99165535,-0.11073057,0.3458031,0.12683347,-0.92969537,0.93598175,0.023086077,0.35129088,9.893127,0.24406433,1.7491608,9.631063,0.2828581,1.8256466,-0.064971924,0.0037841797,-0.034957886,-33.17871,-3.5385132,-31.678772,0,0.0,0.0,0.0,0.0
0.547851563,0.010328335,-0.9949023,0.10031303,0.18801646,-0.0965969,-0.9774041,0.9821116,0.028955465,0.18606032,0.06420812,-0.9922114,-0.10674198,0.34288588,0.1223856,-0.9313705,0.93718016,0.02320123,0.34807342,9.893127,0.24406433,1.7491608,9.631225,0.2839561,1.8246286,-0.053970337,0.016448975,-0.036331177,-33.17871,-3.5385132,-31.678772,0,0.0,0.0,0.0,0.0
0.556152344,0.008889269,-0.99402624,0.10877925,0.18808809,-0.105179735,-0.9765041,0.98211193,0.029140484,0.18602951,0.062463358,-0.9927365,-0.10282317,0.34001157,0.11802807,-0.9329853,0.93834454,0.023316324,0.34491432,9.918243,0.28355408,1.7515411,9.6312275,0.2857705,1.8243262,-0.052444458,0.02684021,-0.035110474,-33.299255,-3.718567,-31.259155,0,0.0,0.0,0.0,0.0
0.564453125,0.009237955,-0.99406314,0.108412184,0.18802519,-0.10475615,-0.9765617,0.9821208,0.029405653,0.18594117,0.057423364,-0.9941956,-0.090982005,0.33168608,0.1049544,-0.93753344,0.94164056,0.023658857,0.33578768,9.853638,0.34217834,1.6665955,9.631315,0.28837097,1.8234601,-0.032440186,0.025466919,-0.026245117,-33.299255,-3.718567,-31.259155,0,0.0,0.0,0.0,0.0
0.572753906,0.0087281205,-0.9936282,0.11236884,0.18800844,-0.10873843,-0.9761294,0.9821286,0.029646067,0.18586142,0.05586563,-0.9946252,-0.08717602,0.32899642,0.10077417,-0.93893874,0.94267726,0.0237738,0.33285797,9.853638,0.34217834,1.6665955,9.6313925,0.29072863,1.8226781,-0.041290283,0.025466919,-0.026245117,-33.059692,-3.8391113,-31.3797,0,0.0,0.0,0.0,0.0
0.581054688,0.009021837,-0.99366015,0.11206332,0.1880725,-0.10838175,-0.97615683,0.9821137,0.029882751,0.18590234,0.052867003,-0.99542326,-0.07960926,0.32375252,0.092499994,-0.9416093,0.94466364,0.024006361,0.32716098,9.815353,0.36968994,1.7180481,9.631246,0.2930497,1.8230792,-0.044799805,0.032180786,-0.013885498,-33.059692,-3.8391113,-31.3797,0,0.0,0.0,0.0,0.0
0.589355469,0.0112214815,-0.99480516,0.10117679,0.18810599,-0.09727655,-0.9773195,0.98208463,0.029998936,0.18603721,0.05008544,-0.99612343,-0.07231617,0.31868002,0.084561504,-0.9440828,0.94653815,0.024239082,0.32167995,9.826126,0.33738708,1.7706909,9.63096,0.29418907,1.8244019,-0.0652771,0.028518677,-0.0068511963,-32.939148,-3.5385132,-31.13861,0,0.0,0.0,0.0,0.0
0.59765625,0.011252877,-0.9948082,0.10114395,0.1882316,-0.097234614,-0.9772996,0.9820602,0.030035917,0.18616016,0.04883931,-0.99642205,-0.0689766,0.31619874,0.08093157,-0.9452346,0.947435,0.024354288,0.31902006,9.826126,0.33738708,1.7706909,9.630721,0.29455173,1.8256077,-0.06939697,0.02027893,-0.005783081,-32.939148,-3.5385132,-31.13861,0,0.0,0.0,0.0,0.0
0.605957031,0.009902448,-0.9941104,0.10791924,0.1884219,-0.104136184,-0.9765516,0.98203826,0.0300046,0.18628095,0.046476617,-0.9969637,-0.06247674,0.31136772,0.07388692,-0.9474127,0.94915223,0.024579296,0.3138563,9.845276,0.30867004,1.8101654,9.630506,0.29424462,1.8267921,-0.079315186,0.0065307617,-0.013122559,-32.63855,-3.718567,-31.259155,0,0.0,0.0,0.0,0.0
0.614257813,0.009744179,-0.99409413,0.10808256,0.18851852,-0.10432318,-0.9765129,0.98202133,0.029890884,0.18638864,0.04418835,-0.99745536,-0.05594834,0.30671984,0.06684368,-0.9494497,0.9507735,0.024794152,0.30889305,9.902695,0.23928833,1.8855438,9.63034,0.29312944,1.8278482,-0.08068848,-0.010726929,-0.012969971,-32.63855,-3.718567,-31.259155,0,0.0,0.0,0.0,0.0
0.622558594,0.0106978435,-0.9946602,0.102648124,0.18843576,-0.09880947,-0.97710216,0.98202723,0.029795466,0.1863725,0.043099515,-0.9976762,-0.05276968,0.30445874,0.06342233,-0.95041174,0.95154995,0.024896093,0.30648473,9.902695,0.23928833,1.8855438,9.630398,0.2921937,1.82769,-0.072143555,-0.018356323,-0.016784668,-32.51953,-3.5385132,-30.899048,0,0.0,0.0,0.0,0.0
0.630859375,0.010694585,-0.9946599,0.10265153,0.18824045,-0.09881934,-0.97713876,0.98206466,0.02977326,0.18617839,0.041094434,-0.9980588,-0.046795737,0.30004534,0.057000697,-0.9522204,0.9530393,0.025090117,0.30180532,9.949356,0.26081848,1.8352966,9.630765,0.29197595,1.8257864,-0.05458069,-0.03164673,-0.024719238,-32.51953,-3.5385132,-30.899048,0,0.0,0.0,0.0,0.0
0.639160156,0.011699507,-0.9951029,0.098149486,0.1878661,-0.09422078,-0.97766495,0.982125,0.02987716,0.18584378,0.039222308,-0.9983874,-0.041039545,0.29578018,0.050830882,-0.95390266,0.9544505,0.025275582,0.2972969,9.878769,0.29431152,1.7611237,9.631356,0.29299486,1.822505,-0.03366089,-0.018966675,-0.030212402,-32.63855,-3.4194946,-30.778503,0,0.0,0.0,0.0,0.0
0.647460938,0.01193538,-0.99512446,0.09790175,0.18756348,-0.09394279,-0.97774976,0.98217994,0.03003261,0.18552777,0.038362518,-0.99852854,-0.038328774,0.29369467,0.047929756,-0.95469695,0.9551292,0.02536762,0.2951012,9.878769,0.29431152,1.7611237,9.631895,0.2945193,1.8194059,-0.031066895,-0.016067505,-0.02532959,-32.63855,-3.4194946,-30.778503,0,0.0,0.0,0.0,0.0
0.655761719,0.010995887,-0.99451894,0.10397608,0.18733414,-0.100092396,-0.97718334,0.98223466,0.03022327,0.18520677,0.036738187,-0.9987777,-0.033066623,0.28962368,0.04231043,-0.95620495,0.95643526,0.025552364,0.2908241,9.799805,0.33857727,1.6941223,9.632432,0.29638904,1.8162581,-0.031219482,0.0031738281,-0.015716553,-32.818604,-3.5995483,-30.958557,0,0.0,0.0,0.0,0.0
0.6640625,0.011130867,-0.99453235,0.10383454,0.18714893,-0.09993404,-0.9772352,0.9822685,0.030309996,0.1850133,0.03515919,-0.998996,-0.027762873,0.2856962,0.036667902,-0.9576184,0.957675,0.025737343,0.28669858,9.86441,0.3026886,1.7288208,9.632763,0.2972395,1.8143605,-0.033813477,0.023483276,-0.02609253,-32.818604,-3.5995483,-30.958557,0,0.0,0.0,0.0,0.0
0.672363281,0.012169327,-0.99500966,0.09903447,0.1870458,-0.09502838,-0.97774416,0.98227584,0.030422468,0.18495592,0.03441206,-0.99909025,-0.025187861,0.28378218,0.03393363,-0.9582881,0.9582711,0.025828803,0.28469175,9.86441,0.3026886,1.7288208,9.632835,0.2983425,1.8137981,-0.049087524,0.028213501,-0.027618408,-32.998657,-3.479004,-30.899048,0,0.0,0.0,0.0,0.0
0.680664063,0.012378952,-0.9950291,0.098812796,0.18709803,-0.09477014,-0.9777592,0.98226327,0.03059131,0.1849948,0.03305187,-0.99924606,-0.020368755,0.28005052,0.028822813,-0.95955247,0.95941615,0.026010724,0.280792,9.818954,0.31944275,1.7192383,9.632711,0.29999825,1.8141792,-0.044662476,0.027297974,-0.019683838,-32.998657,-3.479004,-30.899048,0,0.0,0.0,0.0,0.0
0.688964844,0.012741468,-0.9951775,0.09725917,0.18724613,-0.09317176,-0.9778844,0.9822304,0.030671084,0.18515599,0.03179147,-0.99937063,-0.015737833,0.27645737,0.023923825,-0.9607284,0.9605002,0.026192129,0.27704394,9.931412,0.29193115,1.8149567,9.63239,0.3007806,1.81576,-0.05229187,0.031723022,-0.013885498,-33.1192,-3.479004,-31.259155,0,0.0,0.0,0.0,0.0
0.697265625,0.012741618,-0.9951775,0.09725901,0.18742129,-0.09316609,-0.9778513,0.9821969,0.030687816,0.18533038,0.031203466,-0.9994216,-0.0135184005,0.27471313,0.021579506,-0.96128404,0.9610198,0.026281713,0.2752276,9.931412,0.29193115,1.8149567,9.632062,0.3009447,1.8174702,-0.05885315,0.035079956,-0.011123657,-33.1192,-3.479004,-31.259155,0,0.0,0.0,0.0,0.0
0.705566406,0.01254799,-0.99508923,0.09818289,0.18766224,-0.09410226,-0.9777155,0.9821535,0.030693589,0.1855599,0.03008708,-0.9995049,-0.009205345,0.27132893,0.017030561,-0.962336,0.96201634,0.026456203,0.271707,9.951752,0.31944275,1.8580322,9.631636,0.30100128,1.819721,-0.069244385,0.012939453,-0.0048675537,-33.17871,-3.479004,-31.019592,0,0.0,0.0,0.0,0.0
0.713867188,0.0125426315,-0.9950888,0.098188564,0.18782912,-0.09410362,-0.9776834,0.9821217,0.030705394,0.18572633,0.029034734,-0.9995658,-0.0050191595,0.26808134,0.012624176,-0.9633135,0.96295863,0.02662401,0.26833147,9.911072,0.3481598,1.8747711,9.631324,0.30111706,1.8213532,-0.07443237,-0.006149292,-0.017089844,-33.17871,-3.479004,-31.019592,0,0.0,0.0,0.0,0.0
0.722167969,0.012418394,-0.9950099,0.0990001,0.18787196,-0.094922684,-0.9775958,0.982115,0.030739516,0.18575568,0.028535046,-0.9995883,-0.0029858602,0.26650667,0.0104867965,-0.963776,0.96341056,0.026705641,0.26669618,9.911072,0.3481598,1.8747711,9.631258,0.30145168,1.8216411,-0.08345032,-0.011489868,-0.0146484375,-33.358765,-3.5385132,-31.3797,0,0.0,0.0,0.0,0.0
0.73046875,0.012344769,-0.9950032,0.09907761,0.18777582,-0.09501554,-0.9776055,0.98213434,0.030672692,0.18566458,0.027577695,-0.9996191,9.963727E-4,0.26344854,0.0063065505,-0.9646529,0.9642792,0.026865393,0.26352212,9.847656,0.2596283,1.8412781,9.631448,0.30079636,1.8207476,-0.08053589,-0.01927185,-0.023956299,-33.358765,-3.5385132,-31.3797,0,0.0,0.0,0.0,0.0
0.738769531,0.011280619,-0.99447,0.10441287,0.18760058,-0.10046053,-0.9770944,0.9821806,0.03061015,0.18542992,0.026679315,-0.99963236,0.0048294393,0.26050207,0.0022881755,-0.9654706,0.96510464,0.027016172,0.26046735,9.779465,0.24287415,1.7479553,9.631902,0.30018303,1.8184464,-0.07519531,-0.00340271,-0.01586914,-33.239746,-3.6590576,-31.259155,0,0.0,0.0,0.0,0.0
0.747070313,0.011244822,-0.9944665,0.104450524,0.1874083,-0.10051015,-0.97712624,0.98221767,0.030562507,0.18524106,0.026222695,-0.9996331,0.006796011,0.25906911,2.2958832E-4,-0.96585876,0.96550274,0.027088055,0.25898007,9.779465,0.24287415,1.7479553,9.632265,0.29971582,1.8165942,-0.06619263,0.0010375977,-0.01373291,-33.239746,-3.6590576,-31.259155,0,0.0,0.0,0.0,0.0
0.755371094,0.011159926,-0.9944182,0.104918495,0.18725044,-0.10099061,-0.977107,0.9822488,0.030550476,0.18507819,0.025779888,-0.99962956,0.0087252315,0.25765994,-0.0017888333,-0.966234,0.9658917,0.027157547,0.25751838,9.812973,0.29193115,1.7228394,9.63257,0.29959783,1.8149971,-0.060836792,0.0025634766,-0.008377075,-33.299255,-3.6590576,-31.13861,0,0.0,0.0,0.0,0.0
0.763671875,0.011176048,-0.99441993,0.10490145,0.18715288,-0.10097392,-0.9771276,0.98226726,0.030553028,0.18498002,0.024931945,-0.99961114,0.012490636,0.25491574,-0.005724455,-0.9669463,0.9666418,0.027291913,0.2546739,9.836899,0.29910278,1.7539368,9.632751,0.29962286,1.8140343,-0.06236267,0.0030212402,-0.016174316,-33.299255,-3.6590576,-31.13861,0,0.0,0.0,0.0,0.0
0.771972656,0.011439081,-0.9945293,0.10382913,0.18708706,-0.09987362,-0.9772531,0.98227674,0.03060397,0.18492112,0.024138637,-0.9995788,0.01611071,0.2522718,-0.009503385,-0.96760976,0.9673553,0.027421057,0.25193614,9.836899,0.29910278,1.7539368,9.632845,0.30012244,1.8134569,-0.06542969,0.015380859,-0.023498535,-33.299255,-3.6590576,-31.3797,0,0.0,0.0,0.0,0.0
0.780273438,0.011552287,-0.99454045,0.10371031,0.18712588,-0.0997347,-0.9772599,0.98226804,0.030696468,0.18495208,0.023767754,-0.99955815,0.017846914,0.2509861,-0.01131409,-0.96792454,0.9676988,0.02748472,0.2506063,9.793823,0.30747986,1.7814636,9.632759,0.30102953,1.8137604,-0.064193726,0.010955811,-0.02319336,-33.299255,-3.6590576,-31.3797,0,0.0,0.0,0.0,0.0
0.788574219,0.011646668,-0.99454975,0.103611216,0.18714876,-0.09961914,-0.9772673,0.9822625,0.030772619,0.1849685,0.023066469,-0.99950886,0.021214357,0.24848978,-0.014822051,-0.9685212,0.9683598,0.02761191,0.24802582,9.875183,0.2871399,1.7395782,9.632705,0.30177632,1.8139213,-0.057937622,0.0037841797,-0.017547607,-33.299255,-3.6590576,-31.3797,0,0.0,0.0,0.0,0.0
0.796875,0.011232247,-0.9943168,0.105867505,0.18714386,-0.10191306,-0.97703177,0.98226833,0.030786717,0.18493557,0.02241372,-0.9994498,0.024448283,0.24608967,-0.018186478,-0.9690764,0.9689879,0.027737077,0.24554665,9.899109,0.28115845,1.7826538,9.632762,0.30191457,1.8135985,-0.06388855,0.016143799,-0.016326904,-33.239746,-3.6590576,-30.839539,0,0.0,0.0,0.0,0.0
0.805175781,0.012963735,-0.99521875,0.09680646,0.18703777,-0.09269226,-0.97796977,0.98226714,0.030784603,0.18494187,0.02209201,-0.9994162,0.026062842,0.24492471,-0.019864436,-0.9693386,0.96929044,0.027798072,0.24434286,9.867996,0.2596283,1.7383881,9.6327505,0.30189383,1.8136603,-0.0640564,0.019058228,-0.013885498,-33.1192,-3.4194946,-30.718994,0,0.0,0.0,0.0,0.0
0.813476563,0.012935308,-0.99521625,0.09683681,0.1871222,-0.09272472,-0.9779507,0.9822515,0.03077041,0.18502761,0.021568118,-0.99935126,0.028841825,0.2426543,-0.022753293,-0.96984595,0.9698731,0.027916344,0.24200614,9.912262,0.2907257,1.7958069,9.632597,0.30175465,1.8145012,-0.08161926,0.023788452,-0.013580322,-33.1192,-3.4194946,-30.718994,0,0.0,0.0,0.0,0.0
0.821777344,0.014081362,-0.99579716,0.09049741,0.18713683,-0.08628258,-0.97853726,0.9822329,0.030714536,0.18513533,0.021076564,-0.99928105,0.031514164,0.24047501,-0.025528777,-0.97031957,0.97042644,0.028029371,0.23976405,9.912262,0.2907257,1.7958069,9.632415,0.3012067,1.8155575,-0.09779358,0.020126343,-0.014038086,-32.818604,-3.239441,-30.53894,0,0.0,0.0,0.0,0.0
0.830078125,0.013991187,-0.9957897,0.09059353,0.18723162,-0.08639077,-0.97850955,0.9822161,0.030652482,0.18523459,0.020872407,-0.9992477,0.032685276,0.23941657,-0.026745565,-0.97054857,0.9706926,0.028083077,0.2386782,9.942184,0.2871399,1.8113708,9.63225,0.30059817,1.8165308,-0.09031677,0.013244629,-0.02319336,-32.818604,-3.239441,-30.53894,0,0.0,0.0,0.0,0.0
0.838378906,0.014029903,-0.9957928,0.09055227,0.18727392,-0.08634173,-0.97850573,0.98220754,0.030686421,0.18527468,0.020480137,-0.99917877,0.034962725,0.23736542,-0.029110882,-0.97098416,0.9712045,0.02818483,0.23657429,9.932602,0.3026886,1.8113708,9.632166,0.300931,1.816924,-0.088638306,0.0037841797,-0.028549194,-32.818604,-3.239441,-30.53894,0,0.0,0.0,0.0,0.0
0.846679688,0.013940038,-0.9956889,0.09170257,0.18733692,-0.087486744,-0.97839206,0.98219675,0.0308181,0.18530971,0.020114375,-0.99910724,0.037149955,0.23539557,-0.031380385,-0.971393,0.9716915,0.028283894,0.23455422,9.851257,0.32063293,1.8424683,9.63206,0.3022223,1.8172675,-0.08482361,-0.0015563965,-0.038009644,-32.759094,-3.2989502,-30.839539,0,0.0,0.0,0.0,0.0
0.854980469,0.013419334,-0.99536544,0.09522344,0.18734795,-0.091042615,-0.9780654,0.98220193,0.030964904,0.18525796,0.019937353,-0.9990699,0.038234428,0.23444085,-0.03250417,-0.9715869,0.9719259,0.02833458,0.23357473,9.818954,0.29312134,1.8113708,9.632111,0.30366197,1.81676,-0.08711243,-0.013015747,-0.045028687,-32.51953,-3.3599854,-30.53894,0,0.0,0.0,0.0,0.0
0.86328125,0.013634804,-0.9953843,0.094996065,0.18721692,-0.09078341,-0.97811466,0.982224,0.03112127,0.18511495,0.019572886,-0.9989887,0.040478606,0.23258825,-0.03482604,-0.97195154,0.9723783,0.028438743,0.23167136,9.804596,0.26919556,1.7958069,9.632327,0.30519542,1.8153576,-0.090774536,-0.018966675,-0.04472351,-32.51953,-3.3599854,-30.53894,0,0.0,0.0,0.0,0.0
0.871582031,0.013755198,-0.9953466,0.09537242,0.18698235,-0.091138415,-0.9781264,0.98226696,0.031287283,0.18485862,0.019239739,-0.9989058,0.04262641,0.2308022,-0.037045415,-0.97229517,0.9728104,0.028544975,0.22983691,9.808182,0.29193115,1.7455597,9.632749,0.30682343,1.8128438,-0.07672119,-0.019897461,-0.020599365,-32.63855,-3.3599854,-30.358887,0,0.0,0.0,0.0,0.0
0.879882813,0.013872786,-0.99535704,0.09524715,0.18672475,-0.09100179,-0.9781885,0.98231435,0.0313552,0.18459533,0.019082874,-0.99886346,0.043676205,0.2299306,-0.03812895,-0.97245985,0.9730199,0.028599823,0.22894166,9.860825,0.26081848,1.7611237,9.633213,0.30748945,1.8102618,-0.07397461,-0.020507813,-0.0132751465,-32.63855,-3.3599854,-30.358887,0,0.0,0.0,0.0,0.0
0.888183594,0.014546791,-0.9956987,0.09150169,0.18641086,-0.08720643,-0.978594,0.98236424,0.031292308,0.18434046,0.018788312,-0.99877816,0.045709115,0.22822839,-0.04022587,-0.9727763,0.97342634,0.02870894,0.22719373,9.860825,0.26081848,1.7611237,9.633702,0.30687273,1.8077625,-0.0703125,-0.016830444,-0.011291504,-32.57904,-3.2989502,-30.718994,0,0.0,0.0,0.0,0.0
0.896484375,0.014464089,-0.9956918,0.09158867,0.18616728,-0.08731489,-0.9786305,0.98241156,0.031205816,0.18410234,0.018664405,-0.9987383,0.046620958,0.22739589,-0.04116675,-0.97293186,0.9736235,0.02876061,0.22634062,9.854843,0.26200867,1.7395782,9.634167,0.30602452,1.8054273,-0.0703125,-0.016220093,-0.01159668,-32.57904,-3.2989502,-30.718994,0,0.0,0.0,0.0,0.0
0.904785156,0.01561471,-0.9962433,0.085179076,0.18588316,-0.0808121,-0.97924304,0.9824478,0.031123953,0.18392299,0.018424684,-0.99865836,0.04839413,0.22577052,-0.04299661,-0.9732312,0.9740063,0.028857443,0.22467542,9.818954,0.26560974,1.7874451,9.634522,0.30522174,1.8036686,-0.08053589,-0.015151978,-0.010986328,-32.398987,-3.1188965,-30.53894,0,0.0,0.0,0.0,0.0
0.913085938,0.015746685,-0.99625313,0.08504008,0.18561989,-0.080659546,-0.9793055,0.9824954,0.031205941,0.18365425,0.018338557,-0.9986242,0.049126916,0.2249758,-0.043753695,-0.97338146,0.9741918,0.028902777,0.22386388,9.818954,0.26560974,1.7874451,9.63499,0.30602577,1.8010331,-0.07229614,-0.017745972,-0.015716553,-32.398987,-3.1188965,-30.53894,0,0.0,0.0,0.0,0.0
