Time,Rot1,Rot2,Rot3,Rot4,Rot5,Rot6,Rot7,Rot8,Rot9,FRot1,FRot2,FRot3,FRot4,FRot5,FRot6,FRot7,FRot8,FRot9,AccX,AccY,AccZ,GravX,GravY,GravZ,GyroX,GyroY,GyroZ,MagX,MagY,MagZ,Imid
0.0,0.0,0.0,0.0,0.0,0.0,0.0,0.0,0.0,0.0,0.0,0.0,0.0,0.0,0.0,0.0,0.0,0.0,0.0,0.15322876,9.830582,0.53868103,0.18748474,9.794373,0.45204163,0.0,0.0,0.0,0.0,0.0,0.0,0,0.0,0.0,0.0,0.0
0.004394531,0.0,0.0,0.0,0.0,0.0,0.0,0.0,0.0,0.0,1.0,0.0,0.0,0.0,1.0,0.0,0.0,0.0,1.0,0.13885498,9.720444,0.47164917,0.18673706,9.794373,0.4523468,0.0,0.0,0.0,0.0,0.0,0.0,0,0.0,0.0,0.0,0.0
0.00881958,0.0,0.0,0.0,0.0,0.0,0.0,0.0,0.0,0.0,0.99999905,1.2264261E-4,0.0014009166,-1.2271642E-4,1.0,5.2600608E-5,-0.0014009101,-5.277247E-5,0.99999905,0.01914978,9.883255,0.36151123,0.1852417,9.794373,0.45144653,-0.0032043457,0.08520508,-0.007461548,0.0,0.0,0.0,0,0.0,0.0,0.0,0.0
0.013214111,0.8450218,-0.040506892,0.5331954,0.53440017,0.028861385,-0.8447386,0.018828982,0.9987623,0.046035394,0.99999905,1.2018976E-4,0.0013728981,-1.2026064E-4,1.0,5.1551964E-5,-0.001372892,-5.1717023E-5,0.99999905,0.18673706,9.739609,0.509964,0.1846466,9.794373,0.45144653,0.012771606,0.047927856,-0.020248413,11.654663,-32.600403,-20.947266,0,0.0,0.0,0.0,0.0
0.01763916,0.84505516,-0.040463127,0.53314584,0.53434855,0.028855514,-0.84477144,0.018797899,0.9987642,0.046005916,0.99980414,-0.018906876,-0.0058440026,0.018720314,0.99935997,-0.03048075,0.0064165588,0.03036538,0.9995182,0.08139038,9.854523,0.39982605,0.18434143,9.794373,0.45115662,0.007446289,0.02128601,-0.010650635,11.654663,-32.600403,-20.947266,0,0.0,0.0,0.0,0.0
0.022033691,0.84495944,-0.040588792,0.5332882,0.53449845,0.02895216,-0.8446735,0.018844431,0.9987564,0.04615804,0.9992276,-0.037487786,-0.011780035,0.036707677,0.9974853,-0.06062706,0.014023186,0.06014782,0.998091,0.028717041,9.8736725,0.62008667,0.1847992,9.794373,0.45265198,0.015975952,0.007461548,-0.0053253174,11.654663,-32.600403,-20.947266,0,0.0,0.0,0.0,0.0
0.02645874,0.8575276,-0.039756656,0.5128994,0.51409435,0.029796127,-0.85721594,0.018797621,0.99876505,0.045989677,0.9982873,-0.055966415,-0.017032424,0.054214954,0.99445844,-0.09007312,0.021979108,0.08899545,0.9957895,0.0622406,9.864105,0.52911377,0.18434143,9.794525,0.45100403,-0.017028809,-0.031951904,0.023422241,11.654663,-32.24182,-21.984863,0,0.0,0.0,0.0,0.0
0.030853271,0.85754323,-0.039734483,0.51287514,0.514069,0.029791968,-0.8572313,0.01878208,0.998766,0.04597416,0.99711263,-0.07307128,-0.020662874,0.07010645,0.99038315,-0.11927396,0.029179666,0.11748098,0.99264634,0.0,9.792282,0.6536102,0.18418884,9.794525,0.45085144,0.04260254,-0.03302002,-0.0021362305,11.654663,-32.24182,-21.984863,0,0.0,0.0,0.0,0.0
0.035247803,0.85749483,-0.039803423,0.51295054,0.51414514,0.029659934,-0.8571903,0.018905027,0.9987673,0.04589798,0.9957032,-0.089637265,-0.023242466,0.08524948,0.9853182,-0.14792085,0.036160447,0.14530386,0.9887261,0.21546936,9.830582,0.4955902,0.18539429,9.794525,0.45010376,0.020233154,-0.06817627,0.010650635,11.654663,-32.24182,-21.984863,0,0.0,0.0,0.0,0.0
0.039672851,0.822486,-0.04166474,0.56725746,0.56846976,0.02698803,-0.82226145,0.018950146,0.9987671,0.04588241,0.9940864,-0.105701804,-0.024884904,0.09972726,0.9793287,-0.17598225,0.042972144,0.17245989,0.9840787,0.05744934,9.696503,0.63446045,0.18583679,9.794525,0.44995117,0.020233154,-0.078826904,0.020217896,13.088989,-31.524658,-21.29364,0,0.0,0.0,0.0,0.0
0.044281006,0.8224935,-0.041654687,0.5672473,0.5684568,0.026865061,-0.8222745,0.019012457,0.9987709,0.045775224,0.992079,-0.122726515,-0.026782637,0.11476528,0.97223115,-0.20394966,0.05106895,0.19926049,0.9786149,0.1484375,9.792282,0.4812317,0.18644714,9.794525,0.44889832,0.020233154,-0.090545654,0.015960693,13.088989,-31.524658,-21.29364,0,0.0,0.0,0.0,0.0
0.048858642,0.82246244,-0.04169586,0.56728905,0.56849843,0.026761763,-0.8222488,0.01910272,0.99877185,0.045714583,0.9899608,-0.13887198,-0.026309002,0.12915231,0.96439505,-0.23078522,0.057421874,0.22507046,0.9726489,0.12449646,9.758759,0.49079895,0.18733215,9.794525,0.44830322,0.023422241,-0.09161377,0.012786865,13.088989,-31.524658,-21.29364,0,0.0,0.0,0.0,0.0
0.053833008,0.84584093,-0.04052674,0.5318935,0.5330908,0.02839598,-0.84558135,0.019165017,0.9987748,0.045622915,0.9876916,-0.1544027,-0.025000881,0.1429132,0.95579994,-0.25694796,0.06356931,0.2502124,0.9661018,0.10055542,9.7827,0.3040619,0.1879425,9.794525,0.44740295,0.015975952,-0.116119385,0.02128601,11.476135,-33.139038,-20.774841,0,0.0,0.0,0.0,0.0
0.05883789,0.8457646,-0.04062472,0.5320076,0.53320605,0.02822461,-0.84551454,0.01933308,0.9987757,0.04553271,0.98543,-0.16849801,-0.023152713,0.15523274,0.946654,-0.2823987,0.06950123,0.27469012,0.9590177,0.15800476,9.739609,0.3375702,0.18959045,9.794525,0.44651794,0.008514404,-0.10333252,0.015960693,11.476135,-33.139038,-20.774841,0,0.0,0.0,0.0,0.0
0.063812256,0.8457129,-0.04069086,0.5320845,0.5332822,0.028035747,-0.8454726,0.019485617,0.99877834,0.045409907,0.9829273,-0.18260899,-0.022535324,0.16697817,0.9367512,-0.30759647,0.07727987,0.29858208,0.95125,0.12927246,9.849731,0.29927063,0.19108582,9.794525,0.4453125,0.007446289,-0.11930847,0.036209106,11.476135,-33.139038,-20.774841,0,0.0,0.0,0.0,0.0
0.068817139,0.7863807,-0.04351097,0.61620796,0.617429,0.023602236,-0.78627247,0.019667584,0.9987741,0.045425273,0.9805036,-0.19554485,-0.019357145,0.17821005,0.92641443,-0.33165866,0.08278688,0.3217429,0.9432008,0.28729248,9.787491,0.39982605,0.1928711,9.794525,0.4454651,0.015975952,-0.11291504,0.034072876,14.881897,-32.600403,-21.29364,0,0.0,0.0,0.0,0.0
0.073791504,0.786231,-0.043695446,0.6163858,0.6176142,0.023548143,-0.7861286,0.019835496,0.9987674,0.04550121,0.97763556,-0.2097792,-0.014879048,0.19096568,0.9151405,-0.35503528,0.08809544,0.34425372,0.9347345,0.25856018,9.864105,0.45729065,0.19451904,9.794525,0.44621277,-0.008514404,-0.08947754,0.030883789,14.881897,-32.600403,-21.29364,0,0.0,0.0,0.0,0.0
0.078765869,0.7861468,-0.04379914,0.6164858,0.61771643,0.023423823,-0.7860519,0.019987948,0.9987657,0.045470014,0.97457486,-0.22377105,-0.011417292,0.20300114,0.9033896,-0.3777272,0.09483868,0.36580575,0.9258465,0.25378418,9.8688965,0.39024353,0.1960144,9.794525,0.4459076,-0.018096924,-0.0980072,0.027679443,14.881897,-32.600403,-21.29364,0,0.0,0.0,0.0,0.0
0.083770752,0.8264026,-0.04221557,0.5614949,0.56271875,0.026222136,-0.82623243,0.02015628,0.9987644,0.045425538,0.97157955,-0.23664404,-0.005734004,0.21470147,0.8911742,-0.39963946,0.0996823,0.38705042,0.91665447,0.31123352,9.902405,0.5434723,0.19766235,9.794373,0.4454651,0.0,-0.092681885,0.024490356,12.910461,-32.780457,-21.466064,0,0.0,0.0,0.0,0.0
0.088745117,0.82631135,-0.042333636,0.56162024,0.5628488,0.026192341,-0.8261446,0.020263556,0.99876004,0.04547047,0.97157955,-0.23664404,-0.005734004,0.21470147,0.8911742,-0.39963946,0.0996823,0.38705042,0.91665447,0.31123352,9.902405,0.5434723,0.19871521,9.794373,0.4459076,0.0,-0.092681885,0.024490356,12.910461,-32.780457,-21.466064,0,0.0,0.0,0.0,0.0
0.09375,0.8261795,-0.042504106,0.5618013,0.5630374,0.026181418,-0.8260165,0.020400342,0.9987532,0.045561958,0.966067,-0.2582476,0.0047564805,0.23375049,0.86629575,-0.44146615,0.10988706,0.42759773,0.89726526,0.3256073,9.792282,0.5626373,0.20005798,9.794373,0.44680786,-0.004272461,-0.0703125,0.010650635,12.910461,-32.780457,-21.466064,0,0.0,0.0,0.0,0.0
0.098724365,0.8032797,-0.043563586,0.5940067,0.5952504,0.024457457,-0.8031679,0.020460986,0.9987512,0.045577426,0.96334755,-0.26802254,0.011201084,0.24280494,0.8534347,-0.46118876,0.11404959,0.4470047,0.8872314,0.33996582,9.653412,0.56741333,0.20065308,9.794373,0.44696045,-0.012771606,-0.0745697,0.017028809,13.447571,-32.958984,-20.602417,0,0.0,0.0,0.0,0.0
0.10369873,0.803214,-0.043642357,0.5940897,0.595337,0.02445326,-0.803104,0.02052192,0.99874794,0.04562311,0.96334755,-0.26802254,0.011201084,0.24280494,0.8534347,-0.46118876,0.11404959,0.4470047,0.8872314,0.33996582,9.653412,0.56741333,0.20124817,9.79422,0.44740295,-0.012771606,-0.0745697,0.017028809,13.447571,-32.958984,-20.602417,0,0.0,0.0,0.0,0.0
0.108306885,0.8031888,-0.0436725,0.5941215,0.5953693,0.024412468,-0.80308115,0.02056859,0.9987475,0.045609087,0.96334755,-0.26802254,0.011201084,0.24280494,0.8534347,-0.46118876,0.11404959,0.4470047,0.8872314,0.33996582,9.653412,0.56741333,0.20170593,9.79422,0.44726563,-0.012771606,-0.0745697,0.017028809,13.447571,-32.958984,-20.602417,0,0.0,0.0,0.0,0.0
0.112701416,0.80313325,-0.043739133,0.5941918,0.59544116,0.024341416,-0.80303013,0.020660372,0.99874645,0.04559348,0.95473206,-0.2955862,0.03340012,0.26972514,0.81286997,-0.51622736,0.12543973,0.50186765,0.85580003,0.42137146,9.916779,0.41897583,0.2026062,9.79422,0.44711304,0.0095825195,-0.019180298,-0.0032043457,13.447571,-32.958984,-20.602417,0,0.0,0.0,0.0,0.0
0.116668701,0.80309916,-0.043779932,0.5942349,0.59548503,0.024290401,-0.8029992,0.020721044,0.9987459,0.045577895,0.95191026,-0.30355948,0.04145409,0.27803457,0.79906976,-0.53308934,0.12869962,0.5189789,0.8450428,0.3543396,9.830582,0.41418457,0.2032013,9.79422,0.44696045,-0.0021362305,-0.015975952,-0.0053253174,13.447571,-32.958984,-20.602417,0,0.0,0.0,0.0,0.0
0.120635986,0.80319315,-0.043667294,0.5941161,0.5953598,0.024226254,-0.8030939,0.020675732,0.99875236,0.04545611,0.94912475,-0.31094936,0.049727216,0.28601414,0.78517413,-0.54927,0.13175063,0.5355484,0.8341641,0.3543396,9.854523,0.3663025,0.20275879,9.794373,0.44577026,0.01171875,-0.010650635,-0.018112183,13.447571,-32.958984,-20.602417,0,0.0,0.0,0.0,0.0
0.124603271,0.8232273,-0.042838946,0.56609344,0.5673343,0.025711074,-0.8230861,0.020705268,0.99875104,0.045470055,0.946386,-0.31775317,0.058194146,0.29366937,0.7712199,-0.5647815,0.13458064,0.5515911,0.82318604,0.29208374,9.878464,0.4812317,0.2030487,9.794373,0.4459076,0.019165039,0.0053253174,-0.022369385,12.910461,-30.987549,-21.11969,0,0.0,0.0,0.0,0.0
0.128570556,0.82328856,-0.042756837,0.56601036,0.56724805,0.025734477,-0.82314485,0.020629087,0.9987541,0.045440633,0.94401604,-0.32312295,0.06652242,0.30013412,0.75749695,-0.57975674,0.13694218,0.56726533,0.8120695,0.27293396,9.897629,0.4860077,0.20230103,9.794373,0.44561768,0.007446289,0.004257202,-0.022369385,12.910461,-30.987549,-21.11969,0,0.0,0.0,0.0,0.0
0.132537842,0.8233839,-0.042629156,0.5658814,0.5671136,0.025751103,-0.82323694,0.020521829,0.99875903,0.045378618,0.9415949,-0.3283178,0.0748757,0.30656686,0.7437424,-0.59402347,0.13934027,0.582284,0.8009555,0.27293396,9.8688965,0.55784607,0.20124817,9.794373,0.44500732,0.012771606,0.003189087,-0.0234375,12.910461,-30.987549,-21.11969,0,0.0,0.0,0.0,0.0
0.136505127,0.8393466,-0.041792247,0.5419878,0.54321086,0.02692639,-0.8391645,0.020476796,0.9987635,0.045302577,0.93924046,-0.33299026,0.083335996,0.31273255,0.7300213,-0.60767365,0.14151235,0.59681356,0.78980243,0.30645752,9.720444,0.5530548,0.20080566,9.794373,0.44425964,0.023422241,0.013839722,-0.030899048,12.193298,-33.49762,-21.466064,0,0.0,0.0,0.0,0.0
0.140472412,0.8394549,-0.041652128,0.5418306,0.5430467,0.026895195,-0.8392715,0.020384809,0.99877006,0.04519636,0.9371293,-0.33676934,0.09151539,0.31812003,0.71653914,-0.6207828,0.14348628,0.61086667,0.7786229,0.21546936,9.816223,0.58657837,0.1999054,9.794525,0.44322205,0.027694702,-0.004257202,-0.02130127,12.193298,-33.49762,-21.466064,0,0.0,0.0,0.0,0.0
0.144439697,0.83954924,-0.041530192,0.5416939,0.5429033,0.0268321,-0.83936644,0.020324264,0.99877685,0.045073748,0.9351701,-0.3397419,0.10016093,0.3232081,0.70284116,-0.63368034,0.14489055,0.6249718,0.7670834,0.1819458,9.753967,0.38067627,0.1993103,9.794525,0.4420166,0.03727722,0.013839722,-0.019180298,12.193298,-33.49762,-21.466064,0,0.0,0.0,0.0,0.0
0.148406982,0.8576306,-0.0404467,0.5126731,0.5138679,0.028179664,-0.8574062,0.020232294,0.9987842,0.04495201,0.933187,-0.34265244,0.10840367,0.3281809,0.689511,-0.64565617,0.14649011,0.63809395,0.75589466,0.22505188,9.739609,0.55784607,0.19841003,9.794678,0.44082642,0.022369385,0.008514404,-0.0138549805,11.476135,-33.139038,-21.812439,0,0.0,0.0,0.0,0.0
0.152374267,0.8577431,-0.04029196,0.5124971,0.5136839,0.028118111,-0.8575187,0.020140655,0.9987923,0.044815447,0.931495,-0.3446916,0.11621037,0.3323267,0.67651683,-0.6571788,0.14790575,0.65077853,0.74472225,0.15322876,9.816223,0.5243225,0.19750977,9.794678,0.43948364,0.04046631,0.020217896,-0.02130127,11.476135,-33.139038,-21.812439,0,0.0,0.0,0.0,0.0
0.156341553,0.8578739,-0.040111817,0.51229227,0.5134689,0.02801751,-0.8576506,0.020048771,0.99880224,0.044631664,0.9298673,-0.3463661,0.124005005,0.3363064,0.6636346,-0.6681969,0.14914674,0.66303813,0.7335773,0.30645752,9.911987,0.42855835,0.1966095,9.794815,0.4376831,0.03727722,0.003189087,-0.019180298,11.476135,-33.139038,-21.812439,0,0.0,0.0,0.0,0.0
0.160308838,0.83130014,-0.041349035,0.55428374,0.5554649,0.02596861,-0.83113444,0.019972628,0.99880725,0.04455564,0.92841315,-0.3471834,0.13233523,0.34007034,0.650553,-0.67906773,0.14966995,0.6754587,0.72204876,0.22026062,9.821014,0.6009369,0.19586182,9.794815,0.43693542,0.04260254,0.02128601,-0.027694702,11.476135,-33.8562,-19.737244,0,0.0,0.0,0.0,0.0
0.164276123,0.83142555,-0.041203115,0.5541064,0.5552821,0.026014518,-0.83125526,0.01983549,0.99881214,0.044508487,0.9265604,-0.34882483,0.1407372,0.3446818,0.63758177,-0.688973,0.15059943,0.68688476,0.7109916,0.19152832,9.830582,0.67276,0.19451904,9.794968,0.43647766,0.03302002,0.02128601,-0.017044067,11.476135,-33.8562,-19.737244,0,0.0,0.0,0.0,0.0
0.168243408,0.8315911,-0.041010354,0.553872,0.5550382,0.025967192,-0.83141935,0.019714305,0.99882126,0.044356406,0.9247716,-0.35009423,0.14910215,0.34912702,0.6247718,-0.6984057,0.15135297,0.6979214,0.69999856,0.23461914,9.801849,0.4860077,0.19332886,9.794968,0.4349823,0.028762817,0.015960693,-0.03302002,11.476135,-33.8562,-19.737244,0,0.0,0.0,0.0,0.0
0.172424316,0.8093037,-0.041789304,0.585902,0.587063,0.024250016,-0.8091779,0.01960685,0.99883205,0.044158585,0.9230407,-0.3510234,0.15741168,0.35341984,0.61212325,-0.7073893,0.15195483,0.7085815,0.68907326,0.14364624,9.7827,0.33277893,0.192276,9.79512,0.43304443,0.041534424,0.01171875,-0.029830933,12.730408,-32.600403,-19.909668,0,0.0,0.0,0.0,0.0
0.176605224,0.8094388,-0.04162952,0.58572674,0.5868799,0.024202548,-0.80931234,0.019515201,0.99884003,0.044022013,0.9211558,-0.35170037,0.16667004,0.35828257,0.5990434,-0.716087,0.15200546,0.71934265,0.6778204,0.19631958,9.730026,0.4955902,0.19137573,9.79512,0.43170166,0.03727722,0.015960693,-0.020248413,12.730408,-32.600403,-19.909668,0,0.0,0.0,0.0,0.0
0.181030273,0.8096332,-0.04139945,0.5854743,0.5866167,0.024169128,-0.80950403,0.019362612,0.99885035,0.043853734,0.9192448,-0.3524604,0.17538679,0.36301345,0.58646435,-0.7240724,0.15234876,0.7292676,0.6670522,0.14364624,9.864105,0.49079895,0.18988037,9.795273,0.4300537,0.036209106,0.003189087,-0.022369385,12.730408,-32.600403,-19.909668,0,0.0,0.0,0.0,0.0
0.186248779,0.8005122,-0.04149514,0.5978781,0.59901035,0.023521796,-0.8003956,0.019149365,0.9988618,0.04368551,0.91738766,-0.35289672,0.18402109,0.36759645,0.5740768,-0.7316479,0.15255393,0.7388503,0.6563746,0.13406372,9.821014,0.44291687,0.18778992,9.795425,0.42840576,0.04473877,0.017028809,-0.027694702,14.703369,-30.628967,-21.812439,0,0.0,0.0,0.0,0.0
0.191467285,0.8006361,-0.041325945,0.5977241,0.59884787,0.023463145,-0.80051917,0.019057725,0.99887025,0.043533392,0.9154697,-0.3531901,0.19280045,0.37232327,0.56178325,-0.7387659,0.15261272,0.74810183,0.6457964,0.20588684,9.849731,0.3663025,0.18688965,9.795425,0.4269104,0.041534424,0.015960693,-0.042617798,14.703369,-30.628967,-21.812439,0,0.0,0.0,0.0,0.0
0.196716308,0.8007992,-0.041102998,0.59752095,0.598635,0.023464758,-0.80067813,0.018889584,0.9988793,0.04339625,0.9136751,-0.35273942,0.20192228,0.3769289,0.5494977,-0.7456385,0.15206027,0.75738174,0.63502014,0.13406372,9.821014,0.5817871,0.1852417,9.795563,0.42556763,0.027694702,0.019165039,-0.024505615,14.703369,-30.628967,-21.812439,0,0.0,0.0,0.0,0.0
0.201934814,0.84736365,-0.03883508,0.5295911,0.5306808,0.026656613,-0.8471525,0.01878213,0.99889,0.043196876,0.9118473,-0.35246605,0.21048105,0.38139436,0.53761494,-0.752003,0.15189777,0.7659882,0.6246513,0.0909729,9.897629,0.25616455,0.18418884,9.795715,0.4236145,0.045806885,0.014892578,-0.031951904,12.013245,-32.958984,-21.638489,0,0.0,0.0,0.0,0.0
0.20715332,0.84747326,-0.038687006,0.52942646,0.53050727,0.026521109,-0.8472654,0.018737182,0.99889934,0.04299967,0.9106941,-0.35107362,0.21767758,0.38424248,0.52651286,-0.7583811,0.15163757,0.7742942,0.61438954,0.13885498,9.840164,0.3184204,0.18374634,9.795715,0.42167664,0.031951904,0.01171875,-0.0138549805,12.013245,-32.958984,-21.638489,0,0.0,0.0,0.0,0.0
0.212402344,0.8474751,-0.038684428,0.52942353,0.53050524,0.026575923,-0.8472648,0.018706035,0.99889797,0.04304473,0.90963155,-0.34926507,0.22490929,0.3869092,0.5151999,-0.76476806,0.15123354,0.78267676,0.603776,0.10533142,9.883255,0.533905,0.18344116,9.795715,0.42211914,0.03514099,-0.0032043457,-0.007461548,12.013245,-32.958984,-21.638489,0,0.0,0.0,0.0,0.0
0.217620849,0.8112373,-0.040186454,0.5833346,0.5844203,0.02394081,-0.8110978,0.018629638,0.99890524,0.04290745,0.90855086,-0.34752318,0.23186839,0.38960853,0.5044842,-0.7705198,0.15079959,0.79039437,0.59374756,0.11012268,9.92157,0.3471527,0.18269348,9.795868,0.42077637,0.017044067,0.0010681152,-0.0053253174,13.447571,-32.600403,-20.947266,0,0.0,0.0,0.0,0.0
0.222503662,0.81127954,-0.040133607,0.5832795,0.5843627,0.023923086,-0.81114,0.018600125,0.99890786,0.042860884,0.90699315,-0.34626406,0.2397181,0.3934186,0.4935108,-0.7756732,0.15028429,0.79783976,0.5838376,0.11012268,9.821014,0.28489685,0.18240356,9.795868,0.4203186,0.022369385,-0.008529663,-0.0138549805,13.447571,-32.600403,-20.947266,0,0.0,0.0,0.0,0.0
0.226898193,0.8113116,-0.04009342,0.5832375,0.5843185,0.023897761,-0.8111725,0.018584607,0.9989101,0.042815857,0.90546274,-0.3448584,0.2474063,0.39711517,0.48264885,-0.78060853,0.14978904,0.80506074,0.573969,0.14364624,9.801849,0.3184204,0.18225098,9.795868,0.4198761,0.0053253174,-0.004257202,0.004257202,13.447571,-32.600403,-20.947266,0,0.0,0.0,0.0,0.0
0.231292724,0.8426722,-0.038650885,0.5370378,0.53810656,0.02605639,-0.84247386,0.018569099,0.99891293,0.042755295,0.90397173,-0.34323758,0.2549961,0.40074408,0.4720899,-0.7851976,0.14912823,0.81198466,0.5643064,0.15800476,9.82579,0.2609558,0.18209839,9.795868,0.419281,-0.006378174,-0.004257202,-0.004257202,12.193298,-32.421875,-21.466064,0,0.0,0.0,0.0,0.0
0.235687256,0.8427379,-0.03856216,0.5369411,0.53800684,0.026097242,-0.8425364,0.018477341,0.9989154,0.042739842,0.9029616,-0.34094182,0.26157033,0.4032815,0.46211648,-0.7898179,0.14840601,0.81866175,0.554769,0.06703186,9.7444,0.39024353,0.18119812,9.795868,0.41912842,0.0053253174,-0.019180298,0.0053253174,12.193298,-32.421875,-21.466064,0,0.0,0.0,0.0,0.0
0.240081787,0.84275335,-0.038541295,0.53691834,0.5379831,0.026092751,-0.84255165,0.018463353,0.99891627,0.04272432,0.9019838,-0.33851224,0.26802012,0.40575594,0.45234838,-0.7941934,0.1476057,0.82510024,0.5453642,0.12449646,9.849731,0.35194397,0.18106079,9.795868,0.41897583,0.0010528564,-0.02130127,-0.010650635,12.193298,-32.421875,-21.466064,0,0.0,0.0,0.0,0.0
0.244476318,0.8465403,-0.03831798,0.5309437,0.53200483,0.026334565,-0.8463316,0.018447546,0.9989185,0.042678624,0.9009958,-0.33616042,0.27423102,0.40822223,0.44299614,-0.7981911,0.14683695,0.83111405,0.5363658,0.2394104,9.667786,0.4093933,0.1809082,9.7960205,0.41853333,-0.020233154,0.0,0.0063934326,12.730408,-32.958984,-22.676086,0,0.0,0.0,0.0,0.0
0.248870849,0.84649193,-0.038386356,0.53101593,0.5320808,0.02638032,-0.8462825,0.018477328,0.99891466,0.04275537,0.9009958,-0.33616042,0.27423102,0.40822223,0.44299614,-0.7981911,0.14683695,0.83111405,0.5363658,0.2394104,9.667786,0.4093933,0.18119812,9.795868,0.419281,-0.020233154,0.0,0.0063934326,12.730408,-32.958984,-22.676086,0,0.0,0.0,0.0,0.0
0.253265381,0.84653795,-0.038321204,0.5309471,0.53200895,0.026368074,-0.84632796,0.018432256,0.9989175,0.04270881,0.8992764,-0.33067688,0.28627768,0.4126558,0.42450544,-0.80592203,0.14497337,0.8428807,0.51820344,0.08139038,9.753967,0.32800293,0.18075562,9.795868,0.41882324,-0.017028809,-0.020248413,0.0,12.730408,-32.958984,-22.676086,0,0.0,0.0,0.0,0.0
0.257659912,0.81107295,-0.03997075,0.5835777,0.584652,0.023827435,-0.81093407,0.018508485,0.9989166,0.04269477,0.89845026,-0.32780704,0.29211253,0.41480148,0.41554457,-0.8094829,0.14396839,0.84844875,0.509321,0.34475708,9.749176,0.35673523,0.1815033,9.795868,0.4186859,-0.019165039,0.0,0.010650635,13.447571,-32.958984,-20.947266,0,0.0,0.0,0.0,0.0
0.262054443,0.8110615,-0.0399849,0.5835926,0.5846684,0.02387231,-0.8109211,0.018492896,0.99891514,0.042739827,0.89702284,-0.32551417,0.29898262,0.4182244,0.4063239,-0.8123973,0.14296304,0.8537807,0.50061977,0.17237854,9.849731,0.54826355,0.18135071,9.795868,0.41912842,-0.0021362305,0.0095825195,0.007461548,13.447571,-32.958984,-20.947266,0,0.0,0.0,0.0,0.0
0.266448974,0.8110185,-0.040038142,0.5836488,0.58472717,0.02388781,-0.8108783,0.018523969,0.9989126,0.042784844,0.89570755,-0.3229953,0.30558452,0.4213972,0.39732996,-0.81520134,0.14188832,0.85895455,0.4920008,0.24899292,9.849731,0.53868103,0.18165588,9.795868,0.41957092,-0.010650635,0.0095825195,-0.015975952,13.447571,-32.958984,-20.947266,0,0.0,0.0,0.0,0.0
0.270843506,0.82971686,-0.039252363,0.55680245,0.5578769,0.025210902,-0.82954067,0.018523945,0.9989113,0.04281591,0.89441305,-0.32038978,0.31205076,0.42450678,0.38853163,-0.81782466,0.14078104,0.8639407,0.48351538,0.19631958,9.888046,0.509964,0.18165588,9.795868,0.4198761,-0.014907837,0.008514404,-0.008529663,12.730408,-32.958984,-21.29364,0,0.0,0.0,0.0,0.0
0.275238037,0.82974106,-0.039221272,0.5567688,0.5578427,0.025251467,-0.8295626,0.01847727,0.99891156,0.042831477,0.89341986,-0.3174517,0.31784505,0.42696834,0.38013765,-0.8204837,0.13963906,0.8687461,0.47516432,0.20588684,9.749176,0.57699585,0.18119812,9.795868,0.4200287,0.003189087,0.013839722,-0.0021362305,12.730408,-32.958984,-21.29364,0,0.0,0.0,0.0,0.0
0.279632568,0.8297786,-0.039172854,0.5567163,0.5577894,0.025321025,-0.8295963,0.018401029,0.9989116,0.042861044,0.89241105,-0.31417328,0.32387912,0.429576,0.3718944,-0.8228967,0.13808334,0.87349284,0.46684396,0.20111084,9.82579,0.51474,0.18045044,9.795868,0.4203186,0.010650635,0.02128601,-0.014907837,12.730408,-32.958984,-21.29364,0,0.0,0.0,0.0,0.0
0.284027099,0.8394683,-0.038654245,0.542032,0.543099,0.026014674,-0.8392655,0.018340388,0.99891394,0.04283158,0.8914581,-0.31110954,0.32941353,0.43193582,0.36388347,-0.8252395,0.13687174,0.877952,0.45876622,0.19152832,9.76355,0.39982605,0.17985535,9.795868,0.4200287,0.004257202,0.02128601,-0.015975952,12.193298,-31.34613,-21.11969,0,0.0,0.0,0.0,0.0
0.288421631,0.8394875,-0.038628075,0.5420043,0.5430695,0.025976876,-0.8392859,0.018340426,0.998916,0.04278499,0.89067644,-0.30786744,0.3345342,0.43393612,0.35616425,-0.8275545,0.13562797,0.8822498,0.4508219,0.21546936,9.76355,0.63446045,0.17985535,9.795868,0.41957092,0.006378174,0.027679443,-0.0138549805,12.193298,-31.34613,-21.11969,0,0.0,0.0,0.0,0.0
0.292816162,0.8395647,-0.038522456,0.5418921,0.542953,0.025993785,-0.83936054,0.018248403,0.99891955,0.042739354,0.88990843,-0.30459544,0.3395359,0.4358997,0.34861314,-0.8297351,0.13436686,0.8863918,0.44300684,0.27772522,9.792282,0.4812317,0.17895508,9.7960205,0.41912842,0.028762817,0.026611328,-0.0021362305,12.193298,-31.34613,-21.11969,0,0.0,0.0,0.0,0.0
0.297210693,0.82788676,-0.038912352,0.55954385,0.56060225,0.025164627,-0.8277027,0.018127149,0.9989257,0.042647813,0.8891075,-0.30079347,0.34498003,0.43811867,0.34121686,-0.8316389,0.13243853,0.8905585,0.43516168,0.19631958,9.897629,0.31362915,0.1777649,9.7960205,0.41822815,0.015975952,0.03300476,-0.027694702,13.269043,-31.34613,-21.812439,0,0.0,0.0,0.0,0.0
0.301605224,0.8279563,-0.03881599,0.5594477,0.5605025,0.025195003,-0.82776934,0.0180354,0.99892867,0.04261682,0.88818306,-0.29760236,0.35009107,0.44037968,0.33388734,-0.8334177,0.13113609,0.8944004,0.4276111,0.27293396,9.811432,0.51953125,0.17686462,9.7960205,0.41792297,0.013839722,0.027679443,-0.028762817,13.269043,-31.34613,-21.812439,0,0.0,0.0,0.0,0.0
0.305999756,0.82807857,-0.038646333,0.5592783,0.56032616,0.025204886,-0.8278884,0.017898308,0.99893504,0.04252618,0.88727665,-0.29437324,0.35508388,0.44259518,0.32673427,-0.8350774,0.12980635,0.89810306,0.42019185,0.16279602,9.792282,0.4668579,0.17552185,9.796173,0.41703796,0.018096924,0.034072876,-0.028762817,13.269043,-31.34613,-21.812439,0,0.0,0.0,0.0,0.0
0.310394287,0.8134183,-0.039174084,0.58035845,0.5814083,0.024316723,-0.81324846,0.01774585,0.99893653,0.04255581,0.8863892,-0.2911072,0.35995942,0.44476423,0.3197559,-0.8366247,0.12844832,0.9016722,0.41290227,0.14364624,9.758759,0.63446045,0.17402649,9.796173,0.41732788,0.024490356,0.036209106,-0.028762817,12.371826,-32.958984,-19.56482,0,0.0,0.0,0.0,0.0
0.314788818,0.81350833,-0.03906964,0.58023936,0.58128524,0.024339307,-0.8133358,0.01765411,0.99894005,0.042510834,0.88517475,-0.28744584,0.36584216,0.4477784,0.31281933,-0.8376386,0.12633325,0.90527284,0.40561184,0.22505188,9.844955,0.54826355,0.17312622,9.796173,0.41688538,0.014907837,0.04258728,-0.029830933,12.371826,-32.958984,-19.56482,0,0.0,0.0,0.0,0.0
0.319183349,0.8135604,-0.039009172,0.5801705,0.5812143,0.024365328,-0.8133858,0.017593456,0.9989418,0.042495348,0.88409054,-0.2842859,0.3708983,0.45030266,0.30604056,-0.83878887,0.12494593,0.90858173,0.39858225,0.25378418,9.888046,0.52911377,0.17253113,9.796173,0.4167328,0.022369385,0.051116943,-0.024505615,12.371826,-32.958984,-19.56482,0,0.0,0.0,0.0,0.0
0.323577881,0.81374234,-0.038797867,0.57992953,0.5809642,0.024354171,-0.81356484,0.017440876,0.9989503,0.04235819,0.8830227,-0.28110152,0.3758363,0.45277756,0.29942727,-0.83984274,0.12354544,0.9117704,0.39167753,0.07182312,9.892838,0.45729065,0.17103577,9.79631,0.41539,0.012771606,0.039398193,-0.018112183,12.371826,-32.958984,-19.56482,0,0.0,0.0,0.0,0.0
0.327972412,0.81382495,-0.038701814,0.57982,0.58085114,0.02438756,-0.8136445,0.017349124,0.9989532,0.042327195,0.8819194,-0.27730903,0.3812058,0.4554487,0.2926618,-0.8407827,0.12159228,0.9151223,0.38440415,0.19152832,9.849731,0.44770813,0.1701355,9.79631,0.41508484,0.036209106,0.026611328,-0.024505615,12.371826,-32.958984,-19.56482,0,0.0,0.0,0.0,0.0
0.332366943,0.8139421,-0.03856554,0.57966447,0.58069,0.024395514,-0.8137591,0.017241849,0.99895823,0.042251166,0.8808854,-0.27408904,0.38589644,0.45781952,0.28638142,-0.8416573,0.120175466,0.91807455,0.3777525,0.13885498,9.844955,0.42855835,0.16908264,9.79631,0.41433716,0.01171875,0.031936646,-0.022369385,12.371826,-32.958984,-19.56482,0,0.0,0.0,0.0,0.0
0.336761474,0.85486835,-0.036553588,0.5175558,0.5185604,0.027161904,-0.8546094,0.017181236,0.9989624,0.042175096,0.87986827,-0.2708536,0.3904742,0.46014217,0.280258,-0.8424516,0.11874753,0.9209201,0.37122127,0.16279602,9.854523,0.47644043,0.16848755,9.79631,0.41358948,0.017044067,0.023422241,-0.02130127,11.834717,-32.063293,-21.812439,0,0.0,0.0,0.0,0.0
0.341156006,0.85501707,-0.03634161,0.51732486,0.51831967,0.027099136,-0.85475755,0.017044207,0.998972,0.042006798,0.87955177,-0.2672046,0.39368826,0.4611132,0.27468014,-0.8437567,0.11731734,0.92366254,0.36480695,0.11012268,9.935928,0.26574707,0.16714478,9.796463,0.41194153,0.023422241,0.03300476,-0.010650635,11.834717,-32.063293,-21.812439,0,0.0,0.0,0.0,0.0
0.345550537,0.85515505,-0.03614497,0.51711065,0.51809657,0.027062897,-0.85489386,0.016905596,0.99898,0.041869555,0.8792444,-0.2630003,0.39719015,0.4621929,0.26907048,-0.84497267,0.115355924,0.926516,0.35813558,0.1197052,9.840164,0.20350647,0.16578674,9.796616,0.41059875,0.026626587,0.018096924,-0.027694702,11.834717,-32.063293,-21.812439,0,0.0,0.0,0.0,0.0
0.349945068,0.8316041,-0.037196204,0.5541218,0.55511326,0.025408544,-0.83138657,0.016844997,0.99898493,0.04177796,0.87894034,-0.25939706,0.40022123,0.46312493,0.26375276,-0.8461382,0.1139263,0.9290574,0.3519562,0.14364624,9.749176,0.38067627,0.16519165,9.796616,0.4096985,0.012771606,0.030883789,-0.0234375,12.730408,-32.600403,-21.29364,0,0.0,0.0,0.0,0.0
0.354339599,0.8316806,-0.037095852,0.5540139,0.5550012,0.025405422,-0.8314616,0.016768819,0.99898875,0.041717436,0.8782319,-0.25604764,0.40391624,0.46481472,0.25833,-0.8468842,0.11249903,0.93150693,0.34588835,0.0,9.797058,0.25616455,0.16444397,9.796616,0.4091034,0.022369385,0.026611328,-0.0138549805,12.730408,-32.600403,-21.29364,0,0.0,0.0,0.0,0.0
0.358734131,0.83177024,-0.03697806,0.5538871,0.55487084,0.025487185,-0.8315459,0.01663193,0.9989909,0.041717526,0.8775343,-0.25270993,0.4075184,0.46647257,0.25303876,-0.8475699,0.111071385,0.9338678,0.33993247,0.16279602,9.849731,0.35194397,0.1631012,9.796616,0.4091034,0.003189087,0.008514404,-0.008529663,12.730408,-32.600403,-21.29364,0,0.0,0.0,0.0,0.0
0.363128662,0.8431633,-0.036352776,0.53642714,0.53740305,0.026289057,-0.84291565,0.016540162,0.99899316,0.041702062,0.87673336,-0.24898262,0.4115169,0.46846545,0.24816917,-0.84791046,0.10898916,0.9361729,0.33421797,0.07661438,9.787491,0.35194397,0.16220093,9.796616,0.4089508,-0.004272461,0.03514099,-0.029830933,11.834717,-32.063293,-20.774841,0,0.0,0.0,0.0,0.0
0.367523193,0.84320366,-0.03629917,0.5363674,0.5373416,0.026323892,-0.8429537,0.016479239,0.9989941,0.04170145,0.8762525,-0.24557745,0.4145762,0.46969134,0.24323632,-0.8486615,0.10757213,0.93836445,0.328482,0.16758728,9.806641,0.3663025,0.16160583,9.796768,0.4089508,-0.0032043457,0.018096924,-0.015975952,11.834717,-32.063293,-20.774841,0,0.0,0.0,0.0,0.0
0.371917724,0.84318894,-0.03631864,0.53638905,0.537366,0.026438799,-0.84293455,0.016432755,0.9989905,0.041809313,0.8757784,-0.24219655,0.4175561,0.47089583,0.23842224,-0.84935975,0.106157325,0.9404763,0.32285437,0.0909729,9.82579,0.4237671,0.16114807,9.796616,0.41000366,0.0,0.026611328,-0.010650635,11.834717,-32.063293,-20.774841,0,0.0,0.0,0.0,0.0
0.376312256,0.82934016,-0.03698446,0.55751854,0.5585031,0.025579331,-0.8291079,0.016403157,0.99898845,0.04186991,0.8753104,-0.23884062,0.42046016,0.47208107,0.23372784,-0.85000634,0.10474278,0.9425107,0.31733656,0.17237854,9.897629,0.4524994,0.16085815,9.796616,0.41059875,-0.023422241,0.031936646,-0.0053253174,12.55188,-31.704712,-20.774841,0,0.0,0.0,0.0,0.0
0.380706787,0.82941717,-0.03688339,0.55741084,0.55839205,0.025631323,-0.8291812,0.016295835,0.99899083,0.04185445,0.874432,-0.23563685,0.42408,0.47406033,0.22919284,-0.8501396,0.10312811,0.94442886,0.31211963,0.04788208,9.926346,0.4237671,0.1598053,9.796616,0.41044617,-0.0095825195,0.027679443,-0.004257202,12.55188,-31.704712,-20.774841,0,0.0,0.0,0.0,0.0
0.385101318,0.8294471,-0.036844026,0.5573689,0.55834794,0.025604561,-0.8292116,0.016280308,0.99899286,0.041809414,0.8737431,-0.23244508,0.4272496,0.47563052,0.22460735,-0.8504864,0.10172798,0.94631964,0.30680707,0.12927246,9.686935,0.34236145,0.15965271,9.796616,0.41000366,0.006378174,0.027679443,-0.0138549805,12.55188,-31.704712,-20.774841,0,0.0,0.0,0.0,0.0
0.389495849,0.8606784,-0.03522861,0.507929,0.50889033,0.027710978,-0.8603853,0.016234966,0.998995,0.04177773,0.8730624,-0.22928217,0.43033922,0.47717258,0.22012855,-0.8507936,0.100341864,0.94814193,0.30159312,0.15322876,9.768341,0.3088379,0.1592102,9.796768,0.4096985,0.004257202,0.038330078,-0.0021362305,11.654663,-32.24182,-21.984863,0,0.0,0.0,0.0,0.0
0.393890381,0.8607139,-0.03517694,0.50787216,0.5088324,0.02777889,-0.86041725,0.016158722,0.99899495,0.041808847,0.87294924,-0.22589341,0.43235594,0.47766653,0.21602136,-0.85156876,0.09896566,0.94989836,0.2964774,0.2681427,9.854523,0.44291687,0.15846252,9.796768,0.41000366,0.0,0.029815674,-0.008529663,11.654663,-32.24182,-21.984863,0,0.0,0.0,0.0,0.0
0.398284912,0.8607597,-0.035110682,0.50779915,0.5087564,0.027765585,-0.8604626,0.016112087,0.9989976,0.04176228,0.8726255,-0.22224918,0.4348907,0.4786533,0.2122666,-0.8519589,0.09703438,0.95160294,0.29160956,0.25856018,9.844955,0.27053833,0.15800476,9.796768,0.4095459,-0.0053253174,0.041534424,-0.0234375,11.654663,-32.24182,-21.984863,0,0.0,0.0,0.0,0.0
0.402679443,0.79629445,-0.038007434,0.603714,0.604697,0.023583435,-0.79610634,0.01602031,0.9989991,0.04176234,0.8725146,-0.2189522,0.4367817,0.4791251,0.20833768,-0.85266316,0.095694385,0.95323414,0.28668317,0.19631958,9.830582,0.41418457,0.15710449,9.796768,0.4095459,0.0021209717,0.06602478,-0.017044067,13.6276245,-33.49762,-20.083618,0,0.0,0.0,0.0,0.0
0.407073974,0.7963098,-0.037989717,0.60369486,0.60467803,0.023636393,-0.7961192,0.015975175,0.9989985,0.041793436,0.87129205,-0.21616578,0.44059342,0.48160845,0.20400247,-0.8523124,0.09435861,0.95480645,0.281853,0.2394104,9.8736725,0.50038147,0.15666199,9.796768,0.40985107,0.0,0.041534424,-0.0234375,13.6276245,-33.49762,-20.083618,0,0.0,0.0,0.0,0.0
0.411468506,0.7964047,-0.037880126,0.6035765,0.60455614,0.023703173,-0.79620975,0.015853852,0.99900115,0.041777987,0.8698174,-0.21313736,0.44496092,0.48461273,0.19988267,-0.8515852,0.09256465,0.95635736,0.27715048,0.15800476,9.892838,0.34236145,0.1554718,9.796768,0.4096985,0.0021209717,0.04472351,-0.017044067,13.6276245,-33.49762,-20.083618,0,0.0,0.0,0.0,0.0
0.415863037,0.81592,-0.037011538,0.5769789,0.5779499,0.025005843,-0.81568897,0.01576206,0.9990019,0.04179358,0.8686295,-0.21038316,0.44857737,0.48698545,0.19576967,-0.85118705,0.09125759,0.9578169,0.27250487,0.22026062,9.878464,0.33277893,0.15457153,9.796768,0.40985107,-0.0021362305,0.06283569,-0.024505615,13.269043,-31.34613,-20.774841,0,0.0,0.0,0.0,0.0
0.420257568,0.81602967,-0.03686836,0.576833,0.57779884,0.025053717,-0.81579465,0.0156252,0.99900603,0.04174707,0.86778,-0.20751625,0.45154703,0.48873878,0.19190302,-0.85106266,0.08995609,0.95922375,0.2679509,0.11012268,9.849731,0.509964,0.15322876,9.796768,0.4093933,-0.007446289,0.060699463,-0.022369385,13.269043,-31.34613,-20.774841,0,0.0,0.0,0.0,0.0
0.424652099,0.81603557,-0.03686067,0.57682514,0.5777913,0.025097415,-0.81579864,0.015594067,0.99900526,0.04177816,0.86694455,-0.20466909,0.45444226,0.4904558,0.18813819,-0.85091543,0.088658154,0.96058035,0.2634865,0.23461914,9.854523,0.4381256,0.15292358,9.796768,0.4096985,0.018096924,0.06283569,-0.027694702,13.269043,-31.34613,-20.774841,0,0.0,0.0,0.0,0.0
0.429046631,0.86057127,-0.034647442,0.50815016,0.50909305,0.02808656,-0.86025304,0.015533378,0.99900484,0.04180926,0.86554545,-0.20170125,0.4584185,0.49324006,0.18455075,-0.8500913,0.086863,0.9619031,0.25922424,0.29208374,9.859314,0.4955902,0.15232849,9.796768,0.41000366,0.0,0.080947876,-0.010650635,11.654663,-32.958984,-21.984863,0,0.0,0.0,0.0,0.0
0.433441162,0.8606124,-0.034589205,0.50808465,0.5090265,0.02817476,-0.86028963,0.015441567,0.99900436,0.041854363,0.8655484,-0.1986192,0.45975694,0.49345458,0.18129459,-0.85066736,0.08560742,0.96316284,0.25492877,0.1819458,9.811432,0.4860077,0.15142822,9.796768,0.41044617,0.0010528564,0.07029724,-0.0234375,11.654663,-32.958984,-21.984863,0,0.0,0.0,0.0,0.0
0.437835693,0.8607008,-0.034463715,0.5079434,0.5088807,0.028217725,-0.86037445,0.015318693,0.9990075,0.041824933,0.8655501,-0.19557904,0.46105516,0.4936666,0.1781165,-0.8512155,0.08435839,0.96437716,0.25071958,0.21546936,9.835373,0.4093933,0.15022278,9.796768,0.41015625,-0.0021362305,0.07562256,-0.018112183,11.654663,-32.958984,-21.984863,0,0.0,0.0,0.0,0.0
0.442230224,0.7882524,-0.037754904,0.6141927,0.615164,0.023672774,-0.78804374,0.015212872,0.9990066,0.04188558,0.8655517,-0.1925792,0.46231312,0.49387443,0.17501408,-0.85173833,0.08311577,0.9655482,0.24659368,0.16758728,9.830582,0.6009369,0.14918518,9.796768,0.41075134,0.006378174,0.07562256,-0.029830933,13.447571,-31.88324,-19.218445,0,0.0,0.0,0.0,0.0
0.446624756,0.78836215,-0.037628386,0.61405957,0.61502594,0.023697212,-0.78815067,0.015105337,0.9990108,0.04182442,0.8636848,-0.18969929,0.466972,0.4974512,0.1715881,-0.85035276,0.08118449,0.9667325,0.24256416,0.1484375,9.811432,0.44291687,0.14813232,9.796921,0.41015625,0.006378174,0.08627319,-0.022369385,13.447571,-31.88324,-19.218445,0,0.0,0.0,0.0,0.0
0.451019287,0.78841317,-0.037569568,0.6139977,0.6149632,0.023801766,-0.7881965,0.014997971,0.9990105,0.04186953,0.8624343,-0.1872103,0.47027588,0.49980986,0.16816074,-0.8496541,0.07998207,0.96781933,0.23859715,0.13406372,9.806641,0.44291687,0.14707947,9.796921,0.41059875,0.019165039,0.07241821,-0.022369385,13.447571,-31.88324,-19.218445,0,0.0,0.0,0.0,0.0
0.455413818,0.84866166,-0.034793053,0.5277906,0.5287252,0.027622955,-0.84834355,0.014937322,0.99901277,0.041838504,0.86120176,-0.1847382,0.47350115,0.5021198,0.16482778,-0.848945,0.078786425,0.9688672,0.23471068,0.13885498,9.979019,0.375885,0.14648438,9.796921,0.41029358,-0.007446289,0.07774353,-0.019180298,11.834717,-31.704712,-21.11969,0,0.0,0.0,0.0,0.0
0.459808349,0.8487303,-0.034698047,0.5276865,0.5286189,0.027739257,-0.848406,0.014800398,0.9990128,0.041885186,0.8610453,-0.18194814,0.47486413,0.5025719,0.16196314,-0.84922874,0.077605106,0.9698777,0.23089962,0.009567261,9.945511,0.4237671,0.1451416,9.796921,0.41075134,0.006378174,0.07987976,-0.010650635,11.834717,-31.704712,-21.11969,0,0.0,0.0,0.0,0.0
0.464202881,0.84879106,-0.034613863,0.52759415,0.5285233,0.027757045,-0.8484648,0.014724189,0.99901515,0.041854165,0.86040735,-0.17902303,0.4771266,0.50392187,0.1594281,-0.8489083,0.07590674,0.9708416,0.22738674,0.04309082,9.849731,0.39024353,0.14439392,9.796921,0.41044617,-0.008514404,0.06816101,-0.017044067,11.834717,-31.704712,-21.11969,0,0.0,0.0,0.0,0.0
0.468597412,0.8059513,-0.03654943,0.5908525,0.591801,0.025074346,-0.80569404,0.014632417,0.99901724,0.04183869,0.86026275,-0.17631704,0.4783935,0.5043397,0.15669194,-0.8491696,0.07476267,0.97178185,0.22371992,0.08618164,9.911987,0.28489685,0.14349365,9.796921,0.41029358,0.0053253174,0.07029724,-0.0063934326,14.164734,-31.88324,-21.29364,0,0.0,0.0,0.0,0.0
0.472991943,0.8059651,-0.036531407,0.59083474,0.59178215,0.025051389,-0.8057085,0.014632435,0.99901843,0.04180918,0.8593461,-0.17388609,0.480924,0.50606614,0.15375379,-0.8486795,0.07362967,0.97268873,0.22012559,0.05265808,9.835373,0.35673523,0.14349365,9.796921,0.41000366,-0.006378174,0.050048828,-0.012786865,14.164734,-31.88324,-21.29364,0,0.0,0.0,0.0,0.0
0.477386474,0.80591214,-0.03660032,0.5909027,0.59185386,0.025112867,-0.8056539,0.014647935,0.9990144,0.04190081,0.8584417,-0.17148834,0.48339382,0.5077589,0.15088402,-0.84818333,0.07251715,0.97356343,0.21659985,0.1819458,9.7827,0.5722046,0.14364624,9.796921,0.41090393,0.0021209717,0.037261963,0.0095825195,14.164734,-31.88324,-21.29364,0,0.0,0.0,0.0,0.0
0.481781006,0.83109254,-0.035480164,0.55500114,0.5559411,0.026718367,-0.83079207,0.014647917,0.9990131,0.04193032,0.85734737,-0.1691603,0.48614836,0.5097738,0.148181,-0.8474509,0.07131711,0.97438556,0.21327609,0.1819458,9.844955,0.47644043,0.14364624,9.796921,0.41119385,-0.006378174,0.025543213,-0.0010681152,13.088989,-31.88324,-21.638489,0,0.0,0.0,0.0,0.0
0.486175537,0.8310965,-0.03547487,0.55499566,0.5559366,0.026794903,-0.8307927,0.014601211,0.9990113,0.04199093,0.8569177,-0.16670093,0.4877529,0.5106444,0.14559156,-0.84737563,0.0702456,0.9751994,0.20988488,0.16758728,9.844955,0.36151123,0.14318848,9.796921,0.41178894,-0.004272461,0.02128601,-0.008529663,13.088989,-31.88324,-21.638489,0,0.0,0.0,0.0,0.0
0.490570068,0.8310965,-0.03547487,0.55499566,0.5559366,0.026794903,-0.8307927,0.014601211,0.9990113,0.04199093,0.8564937,-0.16427809,0.48931706,0.5114994,0.14306477,-0.8472903,0.0691872,0.9759842,0.20656222,0.15322876,9.725235,0.42855835,0.14318848,9.796921,0.41178894,-0.017028809,0.02128601,-0.014907837,13.088989,-31.88324,-21.638489,0,0.0,0.0,0.0,0.0
0.494964599,0.8222772,-0.03587126,0.56795555,0.568901,0.026286539,-0.8219857,0.014556077,0.99901056,0.042022016,0.85607487,-0.16189507,0.49084187,0.5123394,0.14059372,-0.8471964,0.068147615,0.9767412,0.20330398,0.12927246,9.878464,0.42855835,0.14274597,9.796921,0.41209412,-0.0053253174,0.012786865,-0.004257202,12.013245,-34.39331,-19.56482,0,0.0,0.0,0.0,0.0
