Time,Rot1,Rot2,Rot3,Rot4,Rot5,Rot6,Rot7,Rot8,Rot9,FRot1,FRot2,FRot3,FRot4,FRot5,FRot6,FRot7,FRot8,FRot9,AccX,AccY,AccZ,GravX,GravY,GravZ,GyroX,GyroY,GyroZ,MagX,MagY,MagZ,Imid
0.0,0.0,0.0,0.0,0.0,0.0,0.0,0.0,0.0,0.0,0.0,0.0,0.0,0.0,0.0,0.0,0.0,0.0,0.0,-0.12689209,0.11491394,9.821014,-0.23536682,-0.05177307,9.80365,0.0,0.0,0.0,0.0,0.0,0.0,0,0.0,0.0,0.0,0.0
0.004394531,0.0,0.0,0.0,0.0,0.0,0.0,0.0,0.0,0.0,1.0,0.0,0.0,0.0,1.0,0.0,0.0,0.0,1.0,-0.18434143,-0.04309082,9.619888,-0.23551941,-0.052963257,9.80365,0.0,0.0,0.0,0.0,0.0,0.0,0,0.0,0.0,0.0,0.0
0.008789062,0.0,0.0,0.0,0.0,0.0,0.0,0.0,0.0,0.0,1.0,0.0,0.0,0.0,1.0,0.0,0.0,0.0,1.0,-0.25138855,-0.07661438,9.696503,-0.23657227,-0.054016113,9.803497,-0.028747559,0.009597778,0.004257202,0.0,0.0,0.0,0,0.0,0.0,0.0,0.0
0.013214111,0.9139972,-0.40523386,0.019866753,0.4049991,0.9141963,0.014861936,-0.024184672,-0.0055377497,0.9996922,0.99999994,5.2619118E-5,3.5023797E-4,-5.274784E-5,0.99999994,3.6753013E-4,-3.502186E-4,-3.6754858E-4,0.9999999,-0.14125061,-0.11491394,9.7348175,-0.23716736,-0.05430603,9.803497,-0.022354126,0.02130127,-0.0032043457,12.013245,25.848389,-25.440979,0,0.0,0.0,0.0,0.0
0.017608643,0.9139942,-0.405241,0.019858092,0.40500674,0.91419315,0.014842993,-0.024169121,-0.005523748,0.99969256,0.99996525,-0.008293157,8.2302757E-4,0.008292766,0.9999655,4.7779476E-4,-8.269616E-4,-4.7095303E-4,0.9999995,-0.16998291,-0.028717041,9.797058,-0.23701477,-0.0541687,9.803497,0.0,0.024490356,0.0063934326,12.013245,25.848389,-25.440979,0,0.0,0.0,0.0,0.0
0.022003174,0.91398996,-0.405251,0.01984595,0.40501618,0.91418856,0.01487023,-0.02416912,-0.005553311,0.9996925,0.9998635,-0.016471617,0.0012842611,0.016470868,0.99986416,5.932433E-4,-0.0012938584,-5.7200936E-4,0.999999,-0.25616455,-0.10533142,9.691727,-0.23701477,-0.05445862,9.803497,0.0053253174,0.013839722,0.0010681152,12.013245,25.848389,-25.440979,0,0.0,0.0,0.0,0.0
0.026428223,0.91418064,-0.4048214,0.019832416,0.40458652,0.9143787,0.014868833,-0.024153562,-0.005568872,0.9996927,0.99969864,-0.02448566,0.0017344467,0.024484454,0.99969995,7.1431807E-4,-0.0017514168,-6.7163585E-4,0.9999982,-0.21786499,-0.10055542,9.92157,-0.23686218,-0.054611206,9.803497,-0.0021209717,0.017028809,-0.0032043457,12.013245,25.848389,-26.133728,0,0.0,0.0,0.0,0.0
0.030822754,0.91420037,-0.40477392,0.019888448,0.40453902,0.9143999,0.014858229,-0.024200222,-0.0055377474,0.9996918,0.99947417,-0.032345563,0.0022700552,0.032344364,0.9994766,5.6303653E-4,-0.0022870789,-4.89317E-4,0.99999726,-0.3184204,-0.004776001,9.859314,-0.23731995,-0.05430603,9.803497,0.017044067,0.0053253174,0.0010681152,12.013245,25.848389,-26.133728,0,0.0,0.0,0.0,0.0
0.035247803,0.91421515,-0.40473855,0.019930266,0.40450302,0.91441566,0.014875703,-0.02424532,-0.005537742,0.9996908,0.9991949,-0.040028244,0.0026995826,0.040026493,0.9991984,6.9890363E-4,-0.0027253944,-5.9028604E-4,0.9999961,-0.3663025,-0.028717041,9.658203,-0.23776245,-0.05430603,9.803497,0.0032043457,-0.0010528564,-0.007461548,12.013245,25.848389,-26.133728,0,0.0,0.0,0.0,0.0
0.039642334,0.9110281,-0.41187397,0.019691376,0.4116372,0.9112236,0.015044209,-0.024139564,-0.005599993,0.99969286,0.99886376,-0.047554202,0.0031194997,0.047551803,0.9988684,8.385262E-4,-0.0031558452,-6.892356E-4,0.99999475,-0.21307373,-0.02394104,9.629471,-0.23672485,-0.05491638,9.803497,0.0032043457,-0.004257202,0.0053253174,11.834717,24.952698,-25.61493,0,0.0,0.0,0.0,0.0
0.044036865,0.91102755,-0.41187513,0.019690001,0.4116392,0.9112233,0.015009483,-0.024124019,-0.0055688764,0.99969345,0.99847555,-0.055083126,0.0035267684,0.055079978,0.99848145,9.832045E-4,-0.0035755709,-7.874512E-4,0.9999933,-0.21307373,0.01914978,9.730026,-0.23657227,-0.054611206,9.803497,-0.017028809,-0.022369385,-0.0010681152,11.834717,24.952698,-25.61493,0,0.0,0.0,0.0,0.0
0.048461914,0.9110199,-0.41189292,0.019669127,0.41165692,0.9112151,0.015017641,-0.024108466,-0.005584438,0.99969375,0.99803114,-0.062598795,0.0038954252,0.06259415,0.99803823,0.0013038411,-0.003969402,-0.0010574431,0.9999916,-0.19392395,-0.06703186,9.811432,-0.23641968,-0.054763794,9.803497,-0.010635376,-0.0010528564,0.008514404,11.834717,24.952698,-25.61493,0,0.0,0.0,0.0,0.0
0.052856445,0.9142088,-0.4047613,0.019759668,0.40452653,0.9144051,0.01488425,-0.02409291,-0.005614003,0.999694,0.99755037,-0.069820836,0.004281413,0.06981521,0.9975589,0.0014504443,-0.0043722326,-0.0011479835,0.9999898,-0.21307373,-0.13406372,9.773117,-0.23626709,-0.05505371,9.803497,0.0053253174,-0.004257202,0.0063934326,11.117554,23.876953,-25.268555,0,0.0,0.0,0.0,0.0
0.057250977,0.9142217,-0.4047307,0.01979428,0.40449575,0.91441876,0.0148833655,-0.024124013,-0.005599995,0.9996933,0.99704033,-0.076739095,0.004657693,0.076732405,0.9970504,0.0015994341,-0.0047666943,-0.0012373043,0.99998784,-0.31362915,-0.0335083,9.7827,-0.23657227,-0.05491638,9.803497,0.0,0.013839722,-0.0010681152,11.117554,23.876953,-25.268555,0,0.0,0.0,0.0,0.0
0.061676025,0.9142241,-0.40472504,0.019800667,0.40449038,0.91442144,0.014869019,-0.024124017,-0.005584436,0.9996934,0.99649113,-0.08354869,0.0050095436,0.08354205,0.9965031,0.0015204379,-0.005119056,-0.0010965954,0.9999863,-0.18913269,0.09576416,9.801849,-0.23657227,-0.054763794,9.803497,0.0138549805,-0.0021209717,0.0021362305,11.117554,23.876953,-25.268555,0,0.0,0.0,0.0,0.0
0.066070557,0.9142259,-0.40472084,0.0198054,0.4044873,0.9144236,0.014819965,-0.024108471,-0.0055377595,0.999694,0.99649113,-0.08354869,0.0050095436,0.08354205,0.9965031,0.0015204379,-0.005119056,-0.0010965954,0.9999863,-0.18913269,0.09576416,9.801849,-0.23641968,-0.05430603,9.803497,0.0138549805,-0.0021209717,0.0021362305,11.117554,23.876953,-25.268555,0,0.0,0.0,0.0,0.0
0.070495605,0.9247345,-0.38007677,0.020195339,0.3798486,0.9249383,0.014284027,-0.024108471,-0.0055377595,0.999694,0.99529874,-0.09668303,0.0057206047,0.09667401,0.99531436,0.0018341229,-0.0058711288,-0.0012724664,0.99998194,-0.24659729,-0.05265808,9.888046,-0.23641968,-0.05430603,9.803497,0.0032043457,0.0063934326,0.007461548,11.117554,25.66986,-25.959778,0,0.0,0.0,0.0,0.0
0.074890137,0.92473036,-0.3800873,0.02018324,0.3798605,0.92493427,0.014230495,-0.024077,-0.005492556,0.999695,0.99471307,-0.102514885,0.006063883,0.10250457,0.9947306,0.001989869,-0.0062359213,-0.0013577726,0.9999797,-0.31362915,-0.0909729,9.82579,-0.2361145,-0.053863525,9.80365,-0.0021209717,-0.004257202,0.0,11.117554,25.66986,-25.959778,0,0.0,0.0,0.0,0.0
0.079284668,0.9247382,-0.38006687,0.020206725,0.3798393,0.9249425,0.014256473,-0.024108475,-0.0055081965,0.9996941,0.99471307,-0.102514885,0.006063883,0.10250457,0.9947306,0.001989869,-0.0062359213,-0.0013577726,0.9999797,-0.31362915,-0.0909729,9.82579,-0.23641968,-0.054016113,9.803497,-0.0021209717,-0.004257202,0.0,11.117554,25.66986,-25.959778,0,0.0,0.0,0.0,0.0
0.083709717,0.9036732,-0.42778155,0.019435823,0.42754364,0.9038653,0.015290771,-0.024108475,-0.0055081965,0.9996941,0.99348086,-0.113802426,0.0066899946,0.11379035,0.99350244,0.002160142,-0.0068923556,-0.0013848029,0.99997526,-0.23222351,-0.04309082,9.615112,-0.23641968,-0.054016113,9.803497,-0.0010528564,-0.0010528564,-0.0053253174,12.193298,24.594116,-25.61493,0,0.0,0.0,0.0,0.0
0.088104248,0.9036783,-0.42777005,0.019449325,0.4275328,0.903871,0.015262402,-0.024108479,-0.0054770783,0.99969435,0.99271077,-0.12031718,0.0070076236,0.120303616,0.99273443,0.0023272778,-0.0072367205,-0.0014672711,0.99997276,-0.21786499,0.0,9.682144,-0.23641968,-0.053710938,9.803497,0.0053253174,-0.0063934326,-0.0063934326,12.193298,24.594116,-25.61493,0,0.0,0.0,0.0,0.0
0.092498779,0.91642964,-0.39970103,0.019894224,0.3994709,0.9166294,0.01461437,-0.024077008,-0.005445879,0.9996953,0.9919146,-0.12669636,0.007317116,0.12668125,0.9919403,0.002494579,-0.007574197,-0.0015474678,0.99997014,-0.16040039,0.028717041,9.691727,-0.2361145,-0.05340576,9.80365,-0.0074310303,-0.013839722,0.003189087,11.654663,25.489807,-24.749756,0,0.0,0.0,0.0,0.0
0.096923828,0.91642725,-0.39970705,0.019886894,0.3994774,0.916627,0.014596077,-0.024063015,-0.0054318774,0.9996957,0.9911866,-0.13224626,0.0077506653,0.13222766,0.99121517,0.0028686607,-0.008061947,-0.0018185257,0.99996585,-0.20350647,-0.004776001,9.701294,-0.23597717,-0.053268433,9.80365,-0.011703491,0.009597778,-0.0053253174,11.654663,25.489807,-24.749756,0,0.0,0.0,0.0,0.0
0.101318359,0.91643584,-0.39968613,0.019912492,0.3994569,0.9166363,0.014572695,-0.024077013,-0.005400757,0.99969554,0.99043214,-0.13776658,0.008041617,0.1377463,0.9904629,0.0030274629,-0.0083820075,-0.0018907931,0.9999631,-0.2753296,0.0335083,9.777908,-0.2361145,-0.052963257,9.80365,-0.009567261,0.015975952,0.0010681152,11.654663,25.489807,-24.749756,0,0.0,0.0,0.0,0.0
0.105743408,0.90966773,-0.41486812,0.01972867,0.41463578,0.9098659,0.014879985,-0.02412367,-0.005355629,0.99969465,0.9896629,-0.1431719,0.008325625,0.14314988,0.9896959,0.0031857367,-0.008695945,-0.0019609928,0.9999603,-0.3471527,0.05744934,9.701294,-0.23657227,-0.052520752,9.80365,-0.0053253174,0.0,-0.02130127,12.013245,25.131226,-25.440979,0,0.0,0.0,0.0,0.0
0.110137939,0.90966207,-0.41488123,0.019713063,0.41464996,0.9098601,0.014839066,-0.024092574,-0.005324515,0.9996956,0.98883086,-0.14879374,0.008602442,0.14876996,0.9888661,0.0033460432,-0.009004535,-0.0020288858,0.9999574,-0.16040039,0.0335083,9.8736725,-0.23626709,-0.052215576,9.80365,0.0010681152,-0.003189087,0.003189087,12.013245,25.131226,-25.440979,0,0.0,0.0,0.0,0.0
0.114532471,0.9096668,-0.4148702,0.019726148,0.41463953,0.9098652,0.014810519,-0.024092577,-0.0052933963,0.9996957,0.9879843,-0.15430146,0.0088404585,0.154273,0.9880209,0.003819376,-0.009323893,-0.0024096393,0.9999536,-0.22744751,-0.004776001,9.854523,-0.23626709,-0.0519104,9.80365,-0.01914978,0.0010681152,0.0,12.013245,25.131226,-25.440979,0,0.0,0.0,0.0,0.0
0.11895752,0.9205701,-0.39005864,0.020120293,0.38983345,0.9207747,0.01427046,-0.024092577,-0.0052933963,0.9996957,0.98712504,-0.15969144,0.009101893,0.15966111,0.9871639,0.003971668,-0.009619302,-0.0024673147,0.9999507,-0.23701477,-0.01914978,9.76355,-0.23626709,-0.0519104,9.80365,-0.006378174,0.013839722,0.010650635,11.117554,24.952698,-24.923706,0,0.0,0.0,0.0,0.0
0.123352051,0.92056537,-0.390071,0.020105785,0.38984603,0.9207697,0.014264669,-0.024077028,-0.005293398,0.9996961,0.9863436,-0.16443431,0.009358967,0.1644021,0.98638487,0.0041187173,-0.009908801,-0.0025238364,0.9999477,-0.18434143,-0.08618164,9.715668,-0.2361145,-0.0519104,9.80365,-0.0021209717,0.012771606,0.0,11.117554,24.952698,-24.923706,0,0.0,0.0,0.0,0.0
0.127746582,0.9205691,-0.39006102,0.020117464,0.38983664,0.9207738,0.014237234,-0.02407703,-0.005263835,0.9996962,0.98555577,-0.1690789,0.009609417,0.16904478,0.98559916,0.0042652586,-0.010192198,-0.002579228,0.99994475,-0.24659729,0.05265808,9.811432,-0.2361145,-0.051620483,9.80365,-0.018081665,-0.007446289,-0.004257202,11.117554,24.952698,-24.923706,0,0.0,0.0,0.0,0.0
0.132171631,0.9121678,-0.40933874,0.019794472,0.40910995,0.91236717,0.014665626,-0.024063032,-0.0052793967,0.99969643,0.98476154,-0.17364404,0.00961244,0.17360905,0.984805,0.0043681134,-0.010224875,-0.0026327437,0.99994427,-0.19871521,-0.09576416,9.8688965,-0.23597717,-0.05177307,9.80365,0.0,-0.014907837,0.0010681152,12.013245,25.489807,-26.478577,0,0.0,0.0,0.0,0.0
0.136566162,0.9121749,-0.4093219,0.019813878,0.40909323,0.91237485,0.014656793,-0.02407703,-0.005263835,0.9996962,0.98388857,-0.17851084,0.009853629,0.17847392,0.9839342,0.0045170686,-0.010501669,-0.0026856768,0.99994123,-0.29927063,-0.0143585205,9.878464,-0.2361145,-0.051620483,9.80365,-0.006378174,0.013839722,0.0,12.013245,25.489807,-26.478577,0,0.0,0.0,0.0,0.0
0.140991211,0.9121701,-0.40933314,0.019800927,0.40910473,0.91236985,0.014651313,-0.024063036,-0.0052638375,0.9996966,0.98300976,-0.18327574,0.010089122,0.18323681,0.98305774,0.0046652015,-0.010773207,-0.0027372402,0.9999382,-0.19871521,-0.0622406,9.7827,-0.23597717,-0.051620483,9.80365,-0.015960693,-0.004257202,0.003189087,12.013245,25.489807,-26.478577,0,0.0,0.0,0.0,0.0
0.145385742,0.9242743,-0.38119105,0.02025934,0.38096896,0.9244815,0.014028797,-0.024077034,-0.005248277,0.9996964,0.98212606,-0.1879414,0.0103184525,0.18790047,0.9821763,0.0048126355,-0.011039033,-0.0027877723,0.9999352,-0.24180603,-0.02394104,9.677353,-0.2361145,-0.051467896,9.80365,-0.0074310303,-0.004257202,0.0010681152,10.9375,25.131226,-26.133728,0,0.0,0.0,0.0,0.0
0.149780273,0.9242627,-0.38122103,0.020225637,0.38099906,0.924469,0.014032578,-0.024047485,-0.00526384,0.99969697,0.98134273,-0.19197734,0.010538725,0.19193403,0.9813951,0.004986861,-0.011300018,-0.0028710798,0.99993205,-0.16998291,-0.08139038,9.749176,-0.23582458,-0.051620483,9.80365,-0.0021209717,0.0,0.004257202,10.9375,25.131226,-26.133728,0,0.0,0.0,0.0,0.0
0.154205322,0.9242677,-0.38120803,0.02024021,0.38098583,0.9244743,0.014038218,-0.024063036,-0.0052638375,0.9996966,0.98057264,-0.19586104,0.01075957,0.19581573,0.9806273,0.005125401,-0.011554995,-0.0029189351,0.999929,-0.2896881,-0.05265808,9.835373,-0.23597717,-0.051620483,9.80365,0.007461548,0.004272461,-0.008529663,10.9375,25.131226,-26.133728,0,0.0,0.0,0.0,0.0
0.158599854,0.9192557,-0.39314908,0.020069571,0.39292398,0.91945964,0.014304672,-0.02407703,-0.005263835,0.9996962,0.979803,-0.1996638,0.010975396,0.19961646,0.97985995,0.005263,-0.011805182,-0.0029658333,0.9999259,-0.25616455,-0.04788208,9.792282,-0.2361145,-0.051620483,9.80365,-0.01914978,0.007461548,0.0053253174,11.296082,25.131226,-25.09613,0,0.0,0.0,0.0,0.0
0.162994385,0.9192505,-0.3931619,0.020054433,0.3929379,0.9194544,0.014264738,-0.02404749,-0.0052327216,0.9996972,0.9790091,-0.20350315,0.011302123,0.20345396,0.9790699,0.0053550857,-0.012155345,-0.0029432157,0.9999218,-0.17955017,0.0335083,9.797058,-0.23582458,-0.051315308,9.80365,0.004272461,0.0063934326,-0.008529663,11.296082,25.131226,-25.09613,0,0.0,0.0,0.0,0.0
0.167419434,0.91924846,-0.39316717,0.020048238,0.39294282,0.919452,0.014279156,-0.024047486,-0.0052482802,0.999697,0.97818846,-0.20740089,0.011503909,0.20734964,0.9782515,0.0054941745,-0.012393213,-0.002989006,0.99991876,-0.20828247,-0.11012268,9.945511,-0.23582458,-0.051467896,9.80365,-0.017028809,0.007461548,-0.0032043457,11.296082,25.131226,-25.09613,0,0.0,0.0,0.0,0.0
0.171813965,0.9252685,-0.378771,0.020266015,0.3785507,0.92547566,0.013929879,-0.024031939,-0.005217164,0.99969757,0.97736907,-0.2112176,0.011700689,0.21116428,0.9774344,0.0056324266,-0.012626323,-0.0030341917,0.9999157,-0.19392395,0.009567261,9.648621,-0.235672,-0.05116272,9.80365,0.017044067,0.010650635,-0.007461548,10.041809,23.15979,-25.61493,0,0.0,0.0,0.0,0.0
0.176239014,0.92526513,-0.37877974,0.020256791,0.37855995,0.92547226,0.013911227,-0.024016391,-0.005203163,0.99969804,0.97736907,-0.2112176,0.011700689,0.21116428,0.9774344,0.0056324266,-0.012626323,-0.0030341917,0.9999157,-0.19392395,0.009567261,9.648621,-0.23551941,-0.05102539,9.80365,0.017044067,0.010650635,-0.007461548,10.041809,23.15979,-25.61493,0,0.0,0.0,0.0,0.0
0.180633545,0.9252748,-0.37875456,0.020283349,0.3785352,0.9254827,0.01388777,-0.024031946,-0.005172042,0.99969786,0.97589517,-0.21791002,0.0119953705,0.21785197,0.9759636,0.005966005,-0.013007098,-0.0032089802,0.9999103,-0.29927063,0.028717041,9.801849,-0.235672,-0.050720215,9.80365,-0.0053253174,-0.004257202,-0.0063934326,10.041809,23.15979,-25.61493,0,0.0,0.0,0.0,0.0
0.185028076,0.8974427,-0.44070694,0.019341387,0.44047275,0.8976362,0.015273342,-0.024092592,-0.005187594,0.9996963,0.9751516,-0.22120322,0.012181541,0.22114314,0.9752223,0.0060935197,-0.013227616,-0.0032482415,0.9999072,-0.37109375,-0.0909729,9.816223,-0.23626709,-0.050872803,9.80365,0.0010681152,0.008529663,-0.0063934326,13.447571,26.20697,-26.824951,0,0.0,0.0,0.0,0.0
0.189453125,0.8974427,-0.44070694,0.019341387,0.44047275,0.8976362,0.015273342,-0.024092592,-0.005187594,0.9996963,0.97410643,-0.225752,0.012355931,0.22568977,0.9741792,0.0062371376,-0.013444939,-0.0032870288,0.9999042,-0.24180603,-0.06703186,9.629471,-0.23626709,-0.050872803,9.80365,-0.004257202,-0.004257202,0.010650635,13.447571,26.20697,-26.824951,0,0.0,0.0,0.0,0.0
0.193847656,0.8974323,-0.4407291,0.019314481,0.44049537,0.8976251,0.015260803,-0.024063045,-0.005187597,0.99969697,0.9730615,-0.23020501,0.012525786,0.23014063,0.9731364,0.0063795885,-0.013657913,-0.00332504,0.9999012,-0.16519165,-0.0335083,9.907196,-0.23597717,-0.050872803,9.80365,-0.0084991455,-0.004257202,0.004257202,13.447571,26.20697,-26.824951,0,0.0,0.0,0.0,0.0
0.198242187,0.92355955,-0.38291928,0.020261237,0.3826992,0.9237675,0.0139621515,-0.024063053,-0.0051409197,0.99969727,0.97198683,-0.23468317,0.012860503,0.2346165,0.97206634,0.0064894427,-0.014024225,-0.0032903664,0.9998962,-0.24180603,0.04309082,9.667786,-0.23597717,-0.05041504,9.80365,0.004272461,0.009597778,0.007461548,10.758972,24.594116,-25.61493,0,0.0,0.0,0.0,0.0
0.202667236,0.9235277,-0.38300112,0.020169282,0.38278195,0.9237336,0.013943197,-0.0239713,-0.0051564905,0.99969935,0.9712473,-0.23771614,0.013026431,0.23764741,0.971329,0.0066132233,-0.01422502,-0.0033273776,0.99989325,-0.27053833,0.04309082,9.840164,-0.2350769,-0.050567627,9.80365,-0.0053253174,0.0010681152,0.008514404,10.758972,24.594116,-25.61493,0,0.0,0.0,0.0,0.0
0.207061768,0.9234443,-0.3832148,0.019929076,0.3830003,0.9236451,0.013800772,-0.023696052,-0.0051114014,0.9997061,0.970513,-0.2406879,0.013186542,0.24061716,0.97059673,0.0067354776,-0.014419963,-0.00336396,0.9998904,-0.4668579,-0.08618164,9.543274,-0.2323761,-0.050125122,9.80365,-0.010635376,-0.025558472,0.01171875,10.758972,24.594116,-25.61493,0,0.0,0.0,0.0,0.0
0.211486816,0.9232611,-0.3836827,0.01940289,0.38347965,0.92345166,0.013430143,-0.023070546,-0.004958915,0.9997216,0.9697834,-0.24360253,0.013337689,0.24352981,0.9698692,0.006854142,-0.0146055,-0.003398909,0.9998875,-0.4093933,0.07182312,9.677353,-0.22624207,-0.04862976,9.8038025,0.0138549805,-0.08201599,-0.004257202,10.758972,24.594116,-25.61493,0,0.0,0.0,0.0,0.0
0.215881348,0.9230766,-0.38415274,0.018874079,0.3839597,0.9232568,0.01310664,-0.022460574,-0.0048515466,0.99973595,0.9690934,-0.24644443,0.011099523,0.24639152,0.9691522,0.0059279487,-0.012218039,-0.0030099074,0.99992085,-0.14604187,-0.07661438,9.878464,-0.22026062,-0.047576904,9.803955,0.02557373,-0.15551758,-0.0010681152,10.758972,24.594116,-25.61493,0,0.0,0.0,0.0,0.0
0.220275879,0.9229544,-0.38446346,0.018524425,0.38428187,0.923129,0.012670973,-0.021971958,-0.0045761294,0.9997482,0.96837115,-0.2492594,0.011271479,0.24920467,0.96843195,0.0060469024,-0.012422907,-0.0030467405,0.99991816,-0.16040039,0.0335083,9.595947,-0.21546936,-0.0448761,9.804092,0.024505615,-0.13208008,0.01171875,10.758972,24.594116,-25.61493,0,0.0,0.0,0.0,0.0
0.224700928,0.93528485,-0.3534017,0.018691344,0.3532327,0.93546116,0.011788925,-0.021651255,-0.004423609,0.9997558,0.9676538,-0.25202256,0.011431299,0.25196615,0.9677165,0.006156777,-0.012613904,-0.0030773284,0.9999157,-0.08378601,0.0143585205,9.672562,-0.21232605,-0.043380737,9.804245,0.05645752,-0.104385376,0.0063934326,9.683228,24.235535,-26.306152,0,0.0,0.0,0.0,0.0
0.229095459,0.93528163,-0.35341096,0.018681627,0.35324243,0.9354578,0.0117705185,-0.021635704,-0.0044096066,0.9997562,0.96711326,-0.254082,0.011586158,0.254024,0.9671777,0.006253059,-0.012794664,-0.0031042541,0.99991333,-0.15560913,-0.004776001,9.682144,-0.21217346,-0.04324341,9.804245,0.030899048,-0.06071472,0.0053253174,9.683228,24.235535,-26.306152,0,0.0,0.0,0.0,0.0
0.23348999,0.9352984,-0.35336405,0.018730974,0.35319242,0.93547493,0.011901133,-0.021727787,-0.0045154714,0.99975365,0.966535,-0.25626674,0.011727076,0.25620937,0.9666015,0.006181796,-0.012919599,-0.0029703353,0.99991214,-0.13166809,0.0622406,9.730026,-0.21307373,-0.044281006,9.804092,0.009597778,-0.003189087,0.010650635,9.683228,24.235535,-26.306152,0,0.0,0.0,0.0,0.0
0.237915039,0.92149585,-0.3879527,0.018390276,0.38776976,0.9216676,0.0127891265,-0.021911295,-0.004653933,0.9997491,0.96600825,-0.25823826,0.011876666,0.2581793,0.9660766,0.0062810513,-0.013095776,-0.0030012382,0.9999097,-0.15083313,-0.05265808,9.662994,-0.21487427,-0.045639038,9.804092,-0.031936646,0.030883789,-0.0095825195,11.476135,26.028442,-25.959778,0,0.0,0.0,0.0,0.0
0.24230957,0.9215065,-0.38792562,0.018422123,0.387739,0.9216782,0.012950338,-0.022003038,-0.0047908463,0.9997464,0.96529406,-0.26088846,0.012020983,0.2608278,0.9653642,0.0063915215,-0.013272101,-0.003034292,0.9999073,-0.14125061,-0.01914978,9.768341,-0.21577454,-0.04698181,9.804092,-0.031936646,0.04685974,0.0010681152,11.476135,26.028442,-25.959778,0,0.0,0.0,0.0,0.0
0.246734619,0.92150706,-0.38792437,0.018423578,0.387737,0.9216786,0.012982983,-0.022017032,-0.0048204074,0.99974597,0.96457714,-0.26350626,0.012468451,0.26343453,0.9646511,0.0071132598,-0.013902093,-0.003576667,0.999897,-0.27053833,-0.15322876,9.701294,-0.21591187,-0.04727173,9.804092,-0.03086853,0.027694702,0.0010681152,11.476135,26.028442,-25.959778,0,0.0,0.0,0.0,0.0
0.25112915,0.90320915,-0.42883083,0.017810723,0.42863616,0.9033719,0.013789416,-0.022003034,-0.0048204088,0.99974626,0.9638778,-0.2660467,0.012599516,0.2659733,0.9639534,0.0072132344,-0.014064403,-0.003601542,0.9998946,-0.16040039,-0.04309082,9.720444,-0.21577454,-0.04727173,9.804092,-0.015960693,0.007461548,0.004257202,11.834717,23.876953,-25.268555,0,0.0,0.0,0.0,0.0
0.255523682,0.9032116,-0.4288256,0.017816808,0.42863116,0.90337443,0.013776664,-0.022003034,-0.004806405,0.99974626,0.9629449,-0.26939797,0.012720701,0.2693228,0.9630221,0.0073232586,-0.014223188,-0.0036259193,0.9998923,-0.21786499,0.0143585205,9.691727,-0.21577454,-0.0471344,9.804092,-0.0053253174,-0.0010528564,0.0,11.834717,23.876953,-25.268555,0,0.0,0.0,0.0,0.0
0.25994873,0.9032116,-0.4288256,0.017816808,0.42863116,0.90337443,0.013776664,-0.022003034,-0.004806405,0.99974626,0.96201944,-0.27267894,0.012838943,0.27260208,0.9620981,0.007431713,-0.014378795,-0.003649529,0.99988997,-0.19871521,-0.07182312,9.691727,-0.21577454,-0.0471344,9.804092,0.0010681152,-0.0010528564,0.0053253174,11.834717,23.876953,-25.268555,0,0.0,0.0,0.0,0.0
0.264343262,0.9208878,-0.38939467,0.018372802,0.38920814,0.9210586,0.012967588,-0.021971934,-0.004790849,0.99974704,0.9611027,-0.27588895,0.012918475,0.2758133,0.96118313,0.0073461533,-0.014443743,-0.0034973207,0.99988955,-0.13166809,0.0,9.677353,-0.21546936,-0.04698181,9.804092,0.010665894,-0.0053253174,0.0,10.758972,24.235535,-25.61493,0,0.0,0.0,0.0,0.0
0.268737793,0.9208795,-0.38941517,0.018349916,0.3892294,0.92104995,0.012941563,-0.021940831,-0.004775293,0.9997479,0.9604336,-0.27820387,0.013038177,0.2781266,0.9605156,0.007443987,-0.014594318,-0.0035231914,0.9998873,-0.14125061,0.004776001,9.7444,-0.21516418,-0.046829224,9.804092,-0.0021209717,-0.01171875,-0.0053253174,10.758972,24.235535,-25.61493,0,0.0,0.0,0.0,0.0
0.273162842,0.92087704,-0.3894214,0.018342996,0.38923603,0.9210474,0.01292191,-0.021926835,-0.0047597354,0.99974823,0.9597722,-0.28047132,0.013154586,0.28039238,0.9598558,0.007539997,-0.01474126,-0.0035482335,0.999885,-0.16519165,-0.0335083,9.739609,-0.21502686,-0.046676636,9.804092,0.0063934326,-0.008514404,-0.0095825195,10.758972,24.235535,-25.61493,0,0.0,0.0,0.0,0.0
0.277557373,0.93312305,-0.35906622,0.018785374,0.35888723,0.93330026,0.012277526,-0.021940837,-0.0047146115,0.9997482,0.9591189,-0.2826921,0.013268115,0.28261155,0.959204,0.007634284,-0.014884981,-0.0035724635,0.9998828,-0.28012085,0.08618164,9.907196,-0.21516418,-0.04623413,9.804092,0.0021362305,-0.019165039,-0.0063934326,10.400391,25.66986,-25.959778,0,0.0,0.0,0.0,0.0
0.281982422,0.9331141,-0.35909083,0.018757468,0.35891223,0.9332907,0.012267416,-0.021911288,-0.0047146147,0.9997488,0.95865583,-0.28425702,0.013297598,0.2841746,0.9587411,0.007764906,-0.014956183,-0.0036650335,0.9998814,-0.10772705,-0.028717041,9.768341,-0.21487427,-0.04623413,9.804092,-0.004257202,-0.004257202,0.0010681152,10.400391,25.66986,-25.959778,0,0.0,0.0,0.0,0.0
0.286376953,0.9331524,-0.358985,0.018877458,0.35880697,0.93333185,0.012212547,-0.022003055,-0.004622804,0.99974716,0.95820355,-0.28577268,0.013412619,0.28568873,0.95829034,0.0078457855,-0.015095294,-0.003686025,0.99987924,-0.19392395,0.04788208,9.653412,-0.21577454,-0.045333862,9.804092,0.0053253174,0.0053253174,-0.008529663,10.400391,25.66986,-25.959778,0,0.0,0.0,0.0,0.0
0.290771484,0.9086691,-0.41712558,0.01807601,0.41693616,0.9088371,0.013398612,-0.02201705,-0.0046383627,0.99974686,0.95775855,-0.28725517,0.013527426,0.28716972,0.95784694,0.007924156,-0.015233459,-0.0037047607,0.9998771,-0.25138855,-0.09576416,9.557648,-0.21591187,-0.04548645,9.804092,0.012786865,0.024490356,-0.008529663,12.371826,25.848389,-25.440979,0,0.0,0.0,0.0,0.0
0.295196533,0.90867144,-0.41712022,0.018082578,0.41693103,0.9088395,0.0133843655,-0.02201705,-0.0046228026,0.99974686,0.9569552,-0.28991535,0.013629802,0.28982833,0.9570451,0.008018907,-0.015369139,-0.0037234325,0.99987495,-0.23222351,0.0143585205,9.62468,-0.21591187,-0.045333862,9.804092,0.0010681152,-0.0010528564,-0.0053253174,12.371826,25.848389,-25.440979,0,0.0,0.0,0.0,0.0
0.299591064,0.90866685,-0.4171307,0.018069701,0.4169417,0.90883464,0.013378738,-0.022003055,-0.004622804,0.99974716,0.9561601,-0.29252216,0.013734171,0.292431,0.9562508,0.008277902,-0.015554782,-0.0038987023,0.9998714,-0.16998291,-0.04788208,9.854523,-0.21577454,-0.045333862,9.804092,-0.009567261,0.0032043457,0.0,12.371826,25.848389,-25.440979,0,0.0,0.0,0.0,0.0
0.303985596,0.92510575,-0.37925267,0.018619606,0.3790706,0.9252815,0.012626606,-0.02201705,-0.0046228026,0.99974686,0.95537466,-0.29507285,0.013830996,0.29498017,0.9554668,0.008366408,-0.015683757,-0.003913184,0.99986935,-0.25138855,-0.05265808,9.768341,-0.21591187,-0.045333862,9.804092,0.0032043457,-0.013839722,0.003189087,10.758972,24.952698,-26.306152,0,0.0,0.0,0.0,0.0
0.308410645,0.92511094,-0.37923953,0.018634178,0.3790573,0.925287,0.01263224,-0.022032605,-0.0046228017,0.99974656,0.95484364,-0.2967818,0.0139327645,0.2966877,0.9549373,0.008442279,-0.015810432,-0.003927376,0.9998673,-0.24180603,-0.06703186,9.801849,-0.21606445,-0.045333862,9.804092,0.0010681152,-0.0063934326,0.015960693,10.758972,24.952698,-26.306152,0,0.0,0.0,0.0,0.0
0.312805176,0.92510784,-0.37924728,0.01862558,0.3790655,0.92528385,0.012612104,-0.022017054,-0.004607244,0.999747,0.9543204,-0.29845545,0.014032575,0.29835996,0.95441544,0.0085171005,-0.015934883,-0.0039412845,0.9998653,-0.20350647,0.02394104,9.878464,-0.21591187,-0.045181274,9.804092,0.0032043457,0.0010681152,0.0063934326,10.758972,24.952698,-26.306152,0,0.0,0.0,0.0,0.0
0.317230225,0.9458834,-0.32392973,0.019344445,0.32376,0.94607025,0.011427965,-0.022003064,-0.004546563,0.9997476,0.95384103,-0.2999776,0.014168749,0.29988062,0.9539381,0.0085841715,-0.016091168,-0.003939002,0.9998628,-0.16040039,0.07661438,9.830582,-0.21577454,-0.04458618,9.804092,0.0010681152,0.0021362305,-0.007461548,9.683228,26.745605,-25.61493,0,0.0,0.0,0.0,0.0
0.321624756,0.9458898,-0.3239095,0.019368012,0.32374018,0.94607717,0.011402646,-0.022017062,-0.004515443,0.99974734,0.9536881,-0.30045858,0.014273551,0.30036038,0.9537867,0.008638425,-0.016209412,-0.0039511533,0.9998608,-0.25616455,0.05265808,9.892838,-0.21591187,-0.044281006,9.804092,0.0,0.007461548,-0.01171875,9.683228,26.745605,-25.61493,0,0.0,0.0,0.0,0.0
0.326019287,0.94589245,-0.3239011,0.019377789,0.32373133,0.9460801,0.011422227,-0.022032615,-0.0045310007,0.999747,0.95353806,-0.30092946,0.014376668,0.30083,0.95363814,0.008691181,-0.016325573,-0.003962439,0.99985886,-0.25616455,-0.07182312,9.739609,-0.21606445,-0.044433594,9.804092,0.0021362305,0.009597778,0.0,9.683228,26.745605,-25.61493,0,0.0,0.0,0.0,0.0
0.330444336,0.92352796,-0.38307855,0.018625595,0.38289857,0.9237049,0.012562731,-0.022017067,-0.0044703204,0.9997476,0.95339715,-0.30137268,0.014437534,0.3012739,0.9534985,0.008638797,-0.016369663,-0.0038865516,0.99985844,-0.19392395,0.10055542,9.701294,-0.21591187,-0.0438385,9.804092,0.0053253174,-0.004257202,-0.0010681152,10.9375,25.131226,-25.440979,0,0.0,0.0,0.0,0.0
0.334838867,0.9235349,-0.38306078,0.018646164,0.38288093,0.9237124,0.01255396,-0.022032622,-0.00445476,0.99974734,0.9528699,-0.30303124,0.014526589,0.30293113,0.95297265,0.008709251,-0.016482618,-0.0038982271,0.9998566,-0.22744751,0.0,9.643829,-0.21606445,-0.043685913,9.804092,0.0053253174,0.0,0.008514404,10.9375,25.131226,-25.440979,0,0.0,0.0,0.0,0.0
0.339233398,0.92352796,-0.38307855,0.018625595,0.38289857,0.9237049,0.012562731,-0.022017067,-0.0044703204,0.9997476,0.95235056,-0.30465537,0.014614062,0.30455396,0.9524546,0.008778416,-0.016593624,-0.003909358,0.9998547,-0.18913269,-0.07661438,9.706085,-0.21591187,-0.0438385,9.804092,-0.010635376,0.0,-0.0063934326,10.9375,25.131226,-25.440979,0,0.0,0.0,0.0,0.0
0.343658447,0.91797227,-0.39621434,0.01847113,0.39603224,0.9181473,0.012804703,-0.022032622,-0.0044392,0.99974734,0.95183873,-0.3062465,0.014699206,0.3061438,0.9519442,0.008846716,-0.016702099,-0.0039205765,0.99985284,-0.25138855,0.0335083,9.691727,-0.21606445,-0.043533325,9.804092,-0.0084991455,-0.003189087,-0.0063934326,11.654663,25.848389,-24.749756,0,0.0,0.0,0.0,0.0
0.348052979,0.9179749,-0.39620766,0.018479336,0.3960251,0.91815007,0.01282501,-0.022048173,-0.004454758,0.999747,0.95125306,-0.30805784,0.014768321,0.30795613,0.95136,0.008784808,-0.01675622,-0.0038085796,0.99985236,-0.2609558,-0.08618164,9.797058,-0.21621704,-0.043685913,9.804092,0.007461548,-0.003189087,-0.0010681152,11.654663,25.848389,-24.749756,0,0.0,0.0,0.0,0.0
0.352478027,0.9179838,-0.39618587,0.018506248,0.3960037,0.9181596,0.012802165,-0.022063728,-0.0044236374,0.9997468,0.9506694,-0.3098503,0.014848374,0.30974725,0.95077765,0.008857703,-0.016862065,-0.0038215034,0.9998505,-0.24659729,0.0335083,9.76355,-0.21636963,-0.043380737,9.804092,0.0021362305,0.007461548,0.003189087,11.654663,25.848389,-24.749756,0,0.0,0.0,0.0,0.0
0.356872559,0.9144887,-0.4041921,0.018415863,0.40400767,0.91466326,0.012990148,-0.02209483,-0.0044391938,0.99974597,0.95009434,-0.3116054,0.014927103,0.31150103,0.9502039,0.008928959,-0.016966103,-0.003833546,0.9998487,-0.29447937,-0.09576416,9.720444,-0.2166748,-0.043533325,9.804092,0.0021362305,0.0,0.008514404,11.296082,24.414063,-25.09613,0,0.0,0.0,0.0,0.0
0.36126709,0.91449094,-0.4041866,0.01842223,0.4040025,0.91466576,0.01297581,-0.022094835,-0.0044236346,0.9997461,0.94947284,-0.31349027,0.015002971,0.3133846,0.9495836,0.009002214,-0.017068682,-0.0038456589,0.99984694,-0.20350647,0.009567261,9.92157,-0.2166748,-0.043380737,9.804092,-0.0053253174,-0.008514404,-0.004257202,11.296082,24.414063,-25.09613,0,0.0,0.0,0.0,0.0
0.365692139,0.9145075,-0.40414718,0.018468052,0.4039635,0.91468346,0.012945687,-0.022124385,-0.0043785092,0.9997456,0.9488148,-0.3154716,0.015105114,0.3153612,0.94892645,0.009267589,-0.017257305,-0.004029659,0.999843,-0.29447937,0.07661438,9.749176,-0.21696472,-0.042938232,9.804092,-0.010635376,0.0053253174,0.008514404,11.296082,24.414063,-25.09613,0,0.0,0.0,0.0,0.0
0.37008667,0.91633445,-0.39998522,0.018518675,0.39980286,0.9165112,0.012841132,-0.022108838,-0.0043629515,0.9997461,0.9482119,-0.31727573,0.015177568,0.3171641,0.94832474,0.009333795,-0.01735465,-0.0040366356,0.9998412,-0.20350647,-0.028717041,9.844955,-0.21681213,-0.042785645,9.804092,0.010665894,-0.003189087,-0.0095825195,11.117554,24.235535,-26.651001,0,0.0,0.0,0.0,0.0
0.374481201,0.9163446,-0.39996082,0.018545095,0.39977878,0.916522,0.012819765,-0.022124391,-0.004333387,0.99974585,0.9476466,-0.31895655,0.015249038,0.3188437,0.9477607,0.0093971975,-0.017449737,-0.0040431623,0.99983954,-0.22265625,0.05744934,9.701294,-0.21696472,-0.042495728,9.804092,0.0021362305,0.0,-0.0032043457,11.117554,24.235535,-26.651001,0,0.0,0.0,0.0,0.0
0.37890625,0.91632855,-0.39999953,0.018503215,0.3998181,0.91650504,0.012802515,-0.022079289,-0.004333391,0.9997468,0.94708997,-0.32060227,0.015319396,0.32048824,0.9472052,0.009459136,-0.017543234,-0.004048967,0.9998379,-0.10293579,-0.0622406,9.720444,-0.21652222,-0.042495728,9.804092,0.010665894,0.009597778,-0.0010681152,11.117554,24.235535,-26.651001,0,0.0,0.0,0.0,0.0
0.383300781,0.90997624,-0.4142549,0.01833449,0.41407064,0.9101507,0.013087818,-0.022108842,-0.004317829,0.99974626,0.94656456,-0.32214814,0.015365632,0.32203388,0.94668067,0.009475337,-0.01759881,-0.0040207645,0.99983704,-0.3088379,0.028717041,9.653412,-0.21681213,-0.04234314,9.804092,0.0021362305,-0.0021209717,-0.004257202,11.654663,24.414063,-26.824951,0,0.0,0.0,0.0,0.0
0.38772583,0.90995735,-0.4142987,0.018286362,0.4141147,0.91013074,0.013084181,-0.022063738,-0.0043333927,0.99974716,0.9459229,-0.32402438,0.015430231,0.32390893,0.94604015,0.009540625,-0.017689014,-0.004026706,0.99983543,-0.09815979,-0.08618164,9.696503,-0.21636963,-0.042495728,9.804092,0.0053253174,0.008529663,-0.0021362305,11.654663,24.414063,-26.824951,0,0.0,0.0,0.0,0.0
0.392120361,0.90995157,-0.41431174,0.018272016,0.41412798,0.9101247,0.013078002,-0.022048187,-0.0043333946,0.9997476,0.9452902,-0.3258627,0.015492382,0.3257461,0.9454085,0.009604906,-0.017776512,-0.0040328396,0.9998339,-0.18434143,-0.05744934,9.8688965,-0.21621704,-0.042495728,9.804092,0.0063934326,0.0010681152,0.0,11.654663,24.414063,-26.824951,0,0.0,0.0,0.0,0.0
0.396514893,0.92961,-0.3680598,0.018903894,0.36788392,0.9297919,0.012191086,-0.022063734,-0.0043785153,0.999747,0.9446665,-0.32766336,0.0155528085,0.3275456,0.9447859,0.009668073,-0.01786195,-0.0040388503,0.9998323,-0.22265625,-0.15322876,9.648621,-0.21636963,-0.042938232,9.804092,-0.0021209717,0.0021362305,-0.019180298,10.400391,24.952698,-25.61493,0,0.0,0.0,0.0,0.0
0.400939941,0.92961,-0.3680598,0.018903894,0.36788392,0.9297919,0.012191086,-0.022063734,-0.0043785153,0.999747,0.9443593,-0.3285447,0.015615208,0.32842466,0.94447947,0.009787371,-0.017963832,-0.0041143764,0.9998302,-0.22265625,-0.0335083,9.821014,-0.21636963,-0.042938232,9.804092,-0.004257202,0.0010681152,0.004257202,10.400391,24.952698,-25.61493,0,0.0,0.0,0.0,0.0
0.405334473,0.929605,-0.36807275,0.01888926,0.36789703,0.92978656,0.012185626,-0.022048183,-0.0043785167,0.99974734,0.9440808,-0.32934096,0.01568264,0.32921994,0.9442021,0.009832524,-0.018045833,-0.0041196593,0.9998287,-0.18434143,-0.05265808,9.658203,-0.21621704,-0.042938232,9.804092,0.007461548,-0.0063934326,-0.0063934326,10.400391,24.952698,-25.61493,0,0.0,0.0,0.0,0.0
0.409729004,0.9236495,-0.38277978,0.018742593,0.38260087,0.92382926,0.012487296,-0.022094836,-0.0043629524,0.99974626,0.9438072,-0.3301213,0.015748363,0.3299993,0.9439295,0.0098767895,-0.018125882,-0.0041248365,0.9998272,-0.34236145,0.004776001,9.725235,-0.2166748,-0.042785645,9.804092,0.0032043457,-0.0095825195,-0.007461548,11.476135,26.387024,-26.651001,0,0.0,0.0,0.0,0.0
0.414154053,0.92364746,-0.38278496,0.01873657,0.3826058,0.92382705,0.0125017725,-0.022094836,-0.004378512,0.99974626,0.9434493,-0.33113888,0.015823696,0.33101168,0.94357204,0.010152198,-0.018292585,-0.0043402556,0.9998233,-0.19392395,-0.08618164,9.682144,-0.2166748,-0.042938232,9.804092,-0.012756348,0.0053253174,-0.0032043457,11.476135,26.387024,-26.651001,0,0.0,0.0,0.0,0.0
0.418548584,0.9236386,-0.38280752,0.018710425,0.3826298,0.92381793,0.012442702,-0.022048187,-0.0043333946,0.9997476,0.94308144,-0.33218226,0.015883936,0.3320541,0.94320524,0.01019567,-0.018368632,-0.0043410207,0.99982184,-0.12689209,0.05265808,9.739609,-0.21621704,-0.042495728,9.804092,-0.011703491,0.0053253174,0.003189087,11.476135,26.387024,-26.651001,0,0.0,0.0,0.0,0.0
0.422973633,0.92362976,-0.38282993,0.018684437,0.38265184,0.9238084,0.012464508,-0.02203263,-0.004362959,0.9997477,0.94271976,-0.3332048,0.015942317,0.3330758,0.9428445,0.010237261,-0.018442228,-0.004340868,0.99982053,-0.28012085,-0.028717041,9.777908,-0.21606445,-0.042785645,9.804092,-0.012756348,-0.0063934326,0.0095825195,11.476135,26.387024,-26.651001,0,0.0,0.0,0.0,0.0
0.427368164,0.9236396,-0.38280484,0.018713513,0.38262635,0.9238188,0.012475904,-0.022063736,-0.0043629557,0.99974704,0.94271976,-0.3332048,0.015942317,0.3330758,0.9428445,0.010237261,-0.018442228,-0.004340868,0.99982053,-0.28012085,-0.028717041,9.777908,-0.21636963,-0.042785645,9.804092,-0.012756348,-0.0063934326,0.0095825195,11.476135,26.387024,-26.651001,0,0.0,0.0,0.0,0.0
0.431762695,0.9236515,-0.38277453,0.018748617,0.38259596,0.9238315,0.012472819,-0.02209484,-0.0043473933,0.9997464,0.9420886,-0.334976,0.016129097,0.33484092,0.94221586,0.010531377,-0.01872485,-0.0045208083,0.99981445,-0.31362915,-0.0143585205,9.830582,-0.2166748,-0.042633057,9.804092,-0.010635376,0.008529663,-0.0138549805,11.476135,26.387024,-26.651001,0,0.0,0.0,0.0,0.0
0.436187744,0.9135593,-0.40628657,0.01845604,0.4061033,0.9137355,0.01294765,-0.022124391,-0.004333387,0.99974585,0.94174397,-0.33594096,0.016182953,0.3358051,0.94187224,0.010567265,-0.018792251,-0.00451734,0.9998132,-0.2753296,0.0,9.701294,-0.21696472,-0.042495728,9.804092,0.0032043457,0.004272461,0.01171875,11.476135,24.594116,-26.651001,0,0.0,0.0,0.0,0.0
0.440582275,0.9135482,-0.40631273,0.018427093,0.40613064,0.9137239,0.012901431,-0.022079293,-0.0043022726,0.999747,0.94123286,-0.33736813,0.0162309,0.33723143,0.94136196,0.0106107965,-0.018858897,-0.004513661,0.99981195,-0.10772705,0.04788208,9.643829,-0.21652222,-0.04219055,9.804092,-0.0074310303,0.0032043457,-0.0021362305,11.476135,24.594116,-26.651001,0,0.0,0.0,0.0,0.0
0.444976807,0.9135458,-0.40631858,0.01842069,0.40613618,0.91372126,0.012915764,-0.02207929,-0.0043178317,0.99974686,0.9407297,-0.33876655,0.016277151,0.33862907,0.9408596,0.010652741,-0.018923307,-0.004509433,0.99981076,-0.21307373,-0.0909729,9.701294,-0.21652222,-0.04234314,9.804092,0.0063934326,-0.0010528564,0.008514404,11.476135,24.594116,-26.651001,0,0.0,0.0,0.0,0.0
0.449401855,0.9173085,-0.3977456,0.018532729,0.39756536,0.9174856,0.012722269,-0.02206374,-0.004302274,0.9997473,0.94021547,-0.34018597,0.016382443,0.34004664,0.94034725,0.010734464,-0.0190569,-0.0045219148,0.99980813,-0.18434143,0.0,9.7348175,-0.21636963,-0.04219055,9.804092,-0.0010528564,0.004272461,0.003189087,10.9375,24.055481,-25.09613,0,0.0,0.0,0.0,0.0
0.453796387,0.91730326,-0.3977583,0.018518282,0.39757827,0.91748005,0.012716342,-0.022048188,-0.0043022754,0.99974763,0.93979245,-0.3413507,0.01642716,0.34121063,0.93992513,0.010771148,-0.019117039,-0.004517522,0.99980706,-0.15083313,-0.028717041,9.662994,-0.21621704,-0.04219055,9.804092,0.0,0.0010681152,0.017028809,10.9375,24.055481,-25.09613,0,0.0,0.0,0.0,0.0
0.458221436,0.91729814,-0.39777103,0.01850384,0.39759117,0.9174747,0.012710415,-0.022032637,-0.0043022768,0.999748,0.9393764,-0.3424919,0.016470622,0.3423511,0.9395099,0.010807119,-0.019175664,-0.004513217,0.9998059,-0.18913269,-0.0622406,9.653412,-0.21606445,-0.04219055,9.804092,-0.009567261,-0.0010528564,0.0053253174,10.9375,24.055481,-25.09613,0,0.0,0.0,0.0,0.0
0.462615967,0.9126242,-0.40838724,0.01835664,0.40820462,0.9127985,0.012958959,-0.022048187,-0.0043333946,0.9997476,0.9389673,-0.34361,0.016512858,0.34346852,0.9391016,0.010842387,-0.019232804,-0.0045089982,0.99980485,-0.25616455,-0.11012268,9.753967,-0.21621704,-0.042495728,9.804092,-0.0084991455,0.008529663,0.0010681152,11.834717,25.31128,-25.268555,0,0.0,0.0,0.0,0.0
0.467010498,0.9126222,-0.40839207,0.018350855,0.40820915,0.9127963,0.012971835,-0.022048185,-0.0043473975,0.99974746,0.938485,-0.34492427,0.016527604,0.34478083,0.9386194,0.010947292,-0.019289114,-0.0045754677,0.9998034,-0.22265625,-0.09576416,9.643829,-0.21621704,-0.042633057,9.804092,-0.004257202,0.0,0.0,11.834717,25.31128,-25.268555,0,0.0,0.0,0.0,0.0
0.471435547,0.9126191,-0.40839916,0.018342271,0.4082167,0.91279316,0.012952849,-0.022032633,-0.004333396,0.9997479,0.93801063,-0.34621048,0.016565932,0.34606636,0.93814576,0.010984757,-0.019344298,-0.0045709065,0.9998025,-0.16998291,-0.004776001,9.706085,-0.21606445,-0.042495728,9.804092,0.0,-0.0053253174,0.0021362305,11.834717,25.31128,-25.268555,0,0.0,0.0,0.0,0.0
