Time,Rot1,Rot2,Rot3,Rot4,Rot5,Rot6,Rot7,Rot8,Rot9,FRot1,FRot2,FRot3,FRot4,FRot5,FRot6,FRot7,FRot8,FRot9,AccX,AccY,AccZ,GravX,GravY,GravZ,GyroX,GyroY,GyroZ,MagX,MagY,MagZ,Imid
0.0,0.0,0.0,0.0,0.0,0.0,0.0,0.0,0.0,0.0,0.0,0.0,0.0,0.0,0.0,0.0,0.0,0.0,0.0,0.03111267,9.797058,-0.20350647,0.0368042,9.805145,-0.16235352,0.0,0.0,0.0,0.0,0.0,0.0,0,0.0,0.0,0.0,0.0
0.004394531,0.99913836,-0.003050685,0.041392744,0.04133639,-0.016664961,-0.99900633,0.0037374613,0.9998565,-0.016524496,1.0,0.0,0.0,0.0,1.0,0.0,0.0,0.0,1.0,-0.01675415,9.8688965,-0.09815979,0.03665161,9.805145,-0.16204834,0.0,0.0,0.0,0.71868896,-32.421875,-19.737244,0,0.0,0.0,0.0,0.0
0.008789062,0.9991382,-0.003052503,0.041395724,0.041339513,-0.016619898,-0.9990069,0.0037374643,0.99985725,-0.016479386,0.9959614,0.06651161,-0.06030779,-0.06824514,0.99729896,-0.027153501,0.058338877,0.031159554,0.9978104,0.03111267,9.816223,-0.03590393,0.03665161,9.805145,-0.16160583,0.0053253174,-0.0010528564,-0.008529663,0.71868896,-32.421875,-19.737244,0,0.0,0.0,0.0,0.0
0.013183593,0.9991402,-0.0030231818,0.041347634,0.041291863,-0.01663252,-0.99900866,0.0037079002,0.9998571,-0.016493388,0.98378694,0.13109599,-0.12238142,-0.13751012,0.9894553,-0.045489118,0.1151275,0.061580274,0.9914402,-0.04548645,9.821014,-0.18913269,0.036361694,9.805145,-0.16174316,0.004272461,0.0010681152,-0.0021362305,0.71868896,-32.421875,-19.737244,0,0.0,0.0,0.0,0.0
0.017578125,0.9971656,-0.0023942154,0.075198896,0.07514862,-0.016736303,-0.9970318,0.0036456606,0.99985707,-0.016508946,0.9634909,0.19346376,-0.18508667,-0.2067275,0.97684664,-0.05508585,0.17014416,0.09133721,0.9811771,-0.11251831,9.955078,-0.19392395,0.035751343,9.805145,-0.16189575,0.0010681152,-0.0053253174,-0.0095825195,1.435852,-32.780457,-20.083618,0,0.0,0.0,0.0,0.0
0.021972656,0.997163,-0.002416046,0.07523433,0.07518402,-0.01664604,-0.99703074,0.0036612258,0.9998585,-0.016417166,0.93544084,0.25260168,-0.2472708,-0.2741208,0.9600476,-0.056270927,0.2231776,0.120420195,0.967311,0.07421875,9.888046,0.04548645,0.03590393,9.805145,-0.16099548,0.010665894,-0.003189087,-0.0063934326,1.435852,-32.780457,-20.083618,0,0.0,0.0,0.0,0.0
0.026367187,0.9971632,-0.0024149066,0.07523249,0.07518214,-0.016661547,-0.9970306,0.0036612246,0.9998582,-0.016432721,0.8998955,0.30895486,-0.3077904,-0.33939287,0.9393471,-0.049391575,0.27386224,0.14890914,0.95017135,0.011962891,9.787491,-0.18913269,0.03590393,9.805145,-0.16114807,0.0063934326,0.0032043457,0.004257202,1.435852,-32.780457,-20.083618,0,0.0,0.0,0.0,0.0
0.030761718,0.9999889,-0.0037398282,-0.002857107,-0.0029182145,-0.016437544,-0.99986064,0.0036923434,0.9998579,-0.016448276,0.8572314,0.36244962,-0.36576575,-0.40170345,0.9151144,-0.034639418,0.32216245,0.17662336,0.9300621,0.12210083,9.777908,-0.18434143,0.036209106,9.805145,-0.16130066,0.009597778,0.011703491,0.008514404,-0.17852783,-33.317566,-18.873596,0,0.0,0.0,0.0,0.0
0.03515625,0.99998885,-0.0037245785,-0.0028840264,-0.0029447135,-0.016392378,-0.99986124,0.003676786,0.9998587,-0.016403165,0.8073065,0.4142459,-0.4203053,-0.4614409,0.88708955,-0.012017503,0.36787027,0.20364788,0.90730315,0.01675415,9.849731,-0.03590393,0.03605652,9.805145,-0.16085815,0.007461548,-0.0021209717,-0.0032043457,-0.17852783,-33.317566,-18.873596,0,0.0,0.0,0.0,0.0
0.039550781,0.99998885,-0.0037094106,-0.002910802,-0.0029711798,-0.016376771,-0.9998614,0.0036612274,0.999859,-0.01638761,0.7514073,0.46255365,-0.47056472,-0.5163414,0.8562115,0.017130628,0.41082677,0.23009996,0.88219917,-0.026321411,9.907196,-0.12210083,0.03590393,9.805145,-0.16070557,0.009597778,0.007461548,0.004257202,-0.17852783,-33.317566,-18.873596,0,0.0,0.0,0.0,0.0
0.043945312,0.99998903,-0.0037238698,-0.0028515938,-0.0029120452,-0.01633028,-0.99986243,0.0036767898,0.9998597,-0.016340943,0.6900867,0.5075236,-0.515946,-0.5658883,0.8228093,0.0524922,0.45116615,0.2557436,0.85501134,0.08857727,9.849731,-0.05984497,0.03605652,9.805145,-0.1602478,0.018112183,0.0010681152,0.003189087,-0.17852783,-32.958984,-19.56482,0,0.0,0.0,0.0,0.0
0.048339843,0.999989,-0.0037236584,-0.0028519502,-0.002912118,-0.016254054,-0.9998636,0.0036767945,0.99986094,-0.01626472,0.6241948,0.5490137,-0.55584604,-0.609543,0.7872677,0.09309618,0.4887107,0.2807019,0.8260559,0.007171631,9.854523,0.026321411,0.03605652,9.805145,-0.15950012,0.021316528,0.009597778,-0.0053253174,-0.17852783,-32.958984,-19.56482,0,0.0,0.0,0.0,0.0
0.052734375,0.99998903,-0.003708472,-0.0028775323,-0.0029373984,-0.016240006,-0.99986386,0.0036612358,0.99986124,-0.01625072,0.5545275,0.5869966,-0.58985955,-0.6469103,0.74994826,0.13814726,0.5234561,0.30497977,0.79560107,-0.002380371,9.82579,-0.11251831,0.03590393,9.805145,-0.1593628,0.0021362305,-0.0063934326,-0.015975952,-0.17852783,-32.958984,-19.56482,0,0.0,0.0,0.0,0.0
0.057128906,0.99911886,-0.0029593308,0.04186592,0.041811742,-0.016465187,-0.9989898,0.0036456715,0.99986005,-0.016326945,0.4818145,0.6213222,-0.6179106,-0.67759895,0.7112952,0.18686604,0.55562085,0.3286608,0.7637196,-0.002380371,9.844955,-0.34236145,0.035751343,9.805145,-0.16011047,0.009597778,-0.012771606,0.0053253174,0.71868896,-31.704712,-19.392395,0,0.0,0.0,0.0,0.0
0.061523437,0.9991223,-0.0029111165,0.041787222,0.041733474,-0.016568761,-0.99899143,0.0036005424,0.9998585,-0.016432727,0.40763968,0.6516988,-0.63962376,-0.70125705,0.6720664,0.23783457,0.5848661,0.35158986,0.7309693,-0.03111267,9.777908,-0.09336853,0.035308838,9.805145,-0.16114807,0.009597778,-0.010650635,-0.004257202,0.71868896,-31.704712,-19.392395,0,0.0,0.0,0.0,0.0
0.065917968,0.9991222,-0.0029123195,0.041789185,0.04173552,-0.016539237,-0.9989918,0.003600544,0.999859,-0.01640317,0.33210266,0.678712,-0.655025,-0.71821123,0.6321248,0.2908451,0.61145765,0.3738559,0.69738895,0.02154541,9.911987,-0.06463623,0.035308838,9.805145,-0.16085815,0.031967163,-0.015975952,-0.0032043457,0.71868896,-31.704712,-19.392395,0,0.0,0.0,0.0,0.0
0.070922851,0.9999756,-0.0035017335,0.006048634,0.005990342,-0.016424548,-0.99984723,0.003600544,0.999859,-0.01640317,0.25593132,0.7025069,-0.6640657,-0.7285495,0.5916819,0.34514958,0.6353856,0.39547014,0.6632409,0.04069519,9.777908,-0.17477417,0.035308838,9.805145,-0.16085815,0.014923096,-0.018096924,0.0,0.0,-31.704712,-18.354797,0,0.0,0.0,0.0,0.0
0.075927734,0.9999758,-0.0034866924,0.006022653,0.005964667,-0.01640881,-0.9998476,0.0035849854,0.9998593,-0.016387615,0.17916124,0.7234689,-0.6667039,-0.732483,0.5504957,0.40052852,0.6567876,0.41659006,0.6285562,0.007171631,9.82579,-0.13166809,0.03515625,9.805145,-0.16070557,0.010665894,-0.008514404,-0.0032043457,0.0,-31.704712,-18.354797,0,0.0,0.0,0.0,0.0
0.080963134,0.999976,-0.0034714693,0.0059963576,0.005938569,-0.01642418,-0.99984735,0.0035694244,0.999859,-0.01640317,0.103250116,0.74145406,-0.6630124,-0.7299859,0.5092564,0.45582736,0.6756183,0.4369254,0.5938317,-0.02154541,9.878464,-0.08857727,0.035003662,9.805145,-0.16085815,0.0010681152,-0.034088135,0.0,0.0,-31.704712,-18.354797,0,0.0,0.0,0.0,0.0
0.085968017,0.9999762,-0.0034565176,0.0059705316,0.0059131035,-0.016392892,-0.9998482,0.003553867,0.9998597,-0.016372062,0.103250116,0.74145406,-0.6630124,-0.7299859,0.5092564,0.45582736,0.6756183,0.4369254,0.5938317,-0.02154541,9.878464,-0.08857727,0.034851074,9.805145,-0.16055298,0.0010681152,-0.034088135,0.0,0.0,-31.704712,-18.354797,0,0.0,0.0,0.0,0.0
0.091003418,0.99988264,-0.0033409076,0.014952425,0.014895789,-0.016378637,-0.9997549,0.0035849889,0.9998603,-0.016326949,-0.044213712,0.768648,-0.63814217,-0.7064843,0.42757547,0.56396735,0.7063463,0.4757725,0.5241331,0.09336853,9.864105,-0.04069519,0.03515625,9.805145,-0.16011047,0.004272461,-0.02130127,0.0010681152,0.18005371,-33.676147,-19.56482,0,0.0,0.0,0.0,0.0
0.0960083,0.9998848,-0.0032663278,0.014824072,0.014768572,-0.016406639,-0.9997563,0.003508745,0.99986005,-0.01635651,-0.1143733,0.77814764,-0.61757994,-0.68638253,0.38752183,0.61539084,0.71819067,0.49428037,0.48978484,0.03111267,9.907196,-0.02154541,0.03440857,9.805145,-0.16040039,0.004272461,-0.013839722,-0.0053253174,0.18005371,-33.676147,-19.56482,0,0.0,0.0,0.0,0.0
0.101043701,0.9998848,-0.003267203,0.01482558,0.014770277,-0.016345983,-0.99975723,0.0035087483,0.999861,-0.016295841,-0.1143733,0.77814764,-0.61757994,-0.68638253,0.38752183,0.61539084,0.71819067,0.49428037,0.48978484,0.03111267,9.907196,-0.02154541,0.03440857,9.805145,-0.1598053,0.004272461,-0.013839722,-0.0053253174,0.18005371,-33.676147,-19.56482,0,0.0,0.0,0.0,0.0
0.106048584,0.9999876,-0.0036256597,-0.0034030585,-0.0034619954,-0.016375266,-0.9998598,0.0035694255,0.9998593,-0.016387615,-0.24585393,0.7897181,-0.56205094,-0.63108695,0.30970344,0.71120536,0.7357208,0.5295556,0.42223898,0.002380371,9.883255,-0.20828247,0.035003662,9.805145,-0.16070557,0.017044067,-0.0053253174,-0.008529663,-0.17852783,-31.524658,-18.873596,0,0.0,0.0,0.0,0.0
0.111083984,0.9999876,-0.0036105642,-0.0034282717,-0.0034870133,-0.016390786,-0.9998595,0.003553865,0.9998591,-0.016403172,-0.30667153,0.792174,-0.52764857,-0.5963383,0.272156,0.7551899,0.74184453,0.54625225,0.38894117,-0.026321411,9.7827,-0.03590393,0.034851074,9.805145,-0.16085815,0.015991211,-0.02130127,0.017028809,-0.17852783,-31.524658,-18.873596,0,0.0,0.0,0.0,0.0
0.11553955,0.9999876,-0.0035818855,-0.003476174,-0.0035345429,-0.016420275,-0.9998589,0.0035243,0.9998587,-0.016432729,-0.30667153,0.792174,-0.52764857,-0.5963383,0.272156,0.7551899,0.74184453,0.54625225,0.38894117,-0.026321411,9.7827,-0.03590393,0.034561157,9.805145,-0.16114807,0.015991211,-0.02130127,0.017028809,-0.17852783,-31.524658,-18.873596,0,0.0,0.0,0.0,0.0
0.119964599,0.99998754,-0.0035665855,-0.0035017296,-0.0035596855,-0.016375128,-0.9998596,0.0035087431,0.9998595,-0.01638762,-0.30667153,0.792174,-0.52764857,-0.5963383,0.272156,0.7551899,0.74184453,0.54625225,0.38894117,-0.026321411,9.7827,-0.03590393,0.03440857,9.805145,-0.16070557,0.015991211,-0.02130127,0.017028809,-0.17852783,-31.524658,-18.873596,0,0.0,0.0,0.0,0.0
0.124420166,0.99949944,-0.0029903217,0.03149657,0.03144304,-0.01651947,-0.9993691,0.0035087415,0.9998591,-0.016417176,-0.4656782,0.7877376,-0.40325338,-0.47104183,0.1651218,0.86651856,0.7491752,0.59346795,0.29416376,0.06463623,9.830582,-0.22744751,0.03440857,9.805145,-0.16099548,0.008529663,-0.017044067,-0.0010681152,0.53863525,-33.317566,-20.256042,0,0.0,0.0,0.0,0.0
0.128662109,0.99944437,-0.0029601192,0.03319839,0.033144895,-0.016586725,-0.9993128,0.0035087378,0.999858,-0.016479397,-0.50991136,0.7827097,-0.3568696,-0.42392468,0.13233879,0.8959768,0.7485174,0.60815454,0.2643289,0.02154541,9.7827,-0.31362915,0.03440857,9.805145,-0.16160583,0.0010681152,-0.015975952,-0.004257202,0.53863525,-33.676147,-19.218445,0,0.0,0.0,0.0,0.0
0.132873535,0.99944884,-0.0028880609,0.033072244,0.033020176,-0.016521651,-0.99931806,0.003432499,0.9998593,-0.01641718,-0.54984707,0.77621776,-0.30847093,-0.3746923,0.10084585,0.9216485,0.7465079,0.6223473,0.235393,-0.05027771,9.926346,-0.07421875,0.03366089,9.805145,-0.16099548,0.0032043457,-0.026626587,-0.0010681152,0.53863525,-33.676147,-19.218445,0,0.0,0.0,0.0,0.0
0.137084961,0.9994497,-0.0028738943,0.033047445,0.032995716,-0.016491527,-0.9993194,0.003416941,0.9998598,-0.016387625,-0.5854763,0.76839375,-0.25843504,-0.32370505,0.07068697,0.9435139,0.7432582,0.63606167,0.2073474,0.01675415,9.907196,-0.10293579,0.0335083,9.805145,-0.16070557,-0.0074310303,-0.019165039,-0.010650635,0.53863525,-33.676147,-19.218445,0,0.0,0.0,0.0,0.0
0.141296386,0.99945045,-0.0028602763,0.033023607,0.032972265,-0.016444305,-0.99932086,0.003401384,0.99986064,-0.016340958,-0.6167858,0.75946534,-0.20685188,-0.27116185,0.041695453,0.9616302,0.7389496,0.6492102,0.18022084,-0.002380371,9.821014,-0.026321411,0.033355713,9.805145,-0.1602478,-0.010635376,-0.012771606,0.0053253174,0.53863525,-33.676147,-19.218445,0,0.0,0.0,0.0,0.0
0.14553833,0.9994513,-0.002847619,0.03300145,0.032950424,-0.016414242,-0.99932224,0.003387382,0.99986124,-0.016311403,-0.6438605,0.7493618,-0.15459828,-0.21784426,0.01415631,0.97588086,0.7334764,0.6620095,0.15412949,-0.026321411,9.749176,-0.10293579,0.033218384,9.805145,-0.15995789,-0.0074310303,-0.01171875,-0.010650635,0.53863525,-33.676147,-19.218445,0,0.0,0.0,0.0,0.0
0.149749755,0.9994512,-0.002848617,0.033003196,0.032952257,-0.016383152,-0.99932265,0.003387384,0.9998617,-0.016280293,-0.6667581,0.73829615,-0.10174686,-0.16388434,-0.012064966,0.98640573,0.72703207,0.67436874,0.1290396,0.04548645,9.844955,-0.05027771,0.033218384,9.805145,-0.15965271,0.0,-0.01171875,-0.0063934326,0.53863525,-33.676147,-19.218445,0,0.0,0.0,0.0,0.0
0.153961181,0.9992548,-0.0040103747,-0.03838756,-0.03844754,-0.016138129,-0.99913025,0.003387384,0.9998617,-0.016280293,-0.68557566,0.72637695,-0.04860538,-0.109606735,-0.036984425,0.9932867,0.7197029,0.6863007,0.104971424,0.03111267,9.892838,-0.16519165,0.033218384,9.805145,-0.15965271,0.010665894,-0.0053253174,-0.0021362305,-0.8956909,-32.600403,-19.909668,0,0.0,0.0,0.0,0.0
0.158203125,0.9992548,-0.0040103747,-0.03838756,-0.03844754,-0.016138129,-0.99913025,0.003387384,0.9998617,-0.016280293,-0.70036715,0.7137562,0.006149672,-0.054140937,-0.061712176,0.9966244,0.7117264,0.69767016,0.08186461,0.026321411,9.840164,-0.15083313,0.033218384,9.805145,-0.15965271,-0.006378174,-0.010650635,0.01171875,-0.8956909,-32.600403,-19.909668,0,0.0,0.0,0.0,0.0
0.16241455,0.9992506,-0.0039373073,-0.03850701,-0.0385659,-0.01617168,-0.9991252,0.0033111395,0.9998614,-0.016311407,-0.7113096,0.7002786,0.060404122,9.165853E-4,-0.08501394,0.99637944,0.7028783,0.7087895,0.059829365,0.007171631,9.777908,0.002380371,0.032470703,9.805145,-0.15995789,0.008529663,-0.0063934326,0.0,-0.8956909,-32.600403,-19.909668,0,0.0,0.0,0.0,0.0
0.166625976,0.9999104,-0.0035061596,-0.0129229305,-0.012978229,-0.01623625,-0.999784,0.0032955816,0.999862,-0.016280297,-0.71841955,0.6861925,0.11407574,0.055498913,-0.10692828,0.99271655,0.6933926,0.71951807,0.03873643,-0.026321411,9.787491,-0.09336853,0.032318115,9.805145,-0.15965271,0.022369385,-0.0063934326,-0.015975952,-0.35858154,-32.063293,-19.04602,0,0.0,0.0,0.0,0.0
0.17086792,0.99991006,-0.0034908166,-0.012948753,-0.013003748,-0.016220808,-0.9997838,0.0032800226,0.9998623,-0.016264742,-0.71841955,0.6861925,0.11407574,0.055498913,-0.10692828,0.99271655,0.6933926,0.71951807,0.03873643,-0.026321411,9.787491,-0.09336853,0.032165527,9.805145,-0.15950012,0.022369385,-0.0063934326,-0.015975952,-0.35858154,-32.063293,-19.04602,0,0.0,0.0,0.0,0.0
0.175079345,0.99991006,-0.0034916012,-0.012947433,-0.013002644,-0.01628303,-0.9997828,0.0032800194,0.9998613,-0.016326966,-0.72207636,0.6567003,0.21760145,0.161391,-0.14595783,0.9760375,0.6727248,0.73989254,-5.9283135E-4,0.05505371,9.888046,-0.3471527,0.032165527,9.805145,-0.16011047,0.014923096,0.0063934326,-0.0032043457,-0.35858154,-32.063293,-19.04602,0,0.0,0.0,0.0,0.0
0.179290771,0.9996992,-0.002881062,0.024355408,0.024304895,-0.016431488,-0.9995696,0.0032800178,0.9998609,-0.016356522,-0.71892923,0.6414081,0.2678364,0.21276918,-0.16375846,0.9632821,0.6617174,0.74951905,-0.018741138,0.02154541,9.979019,-0.23701477,0.032165527,9.805145,-0.16040039,0.017044067,-0.003189087,-0.0032043457,0.36010742,-33.139038,-18.701172,0,0.0,0.0,0.0,0.0
0.183532714,0.99969995,-0.0028659452,0.024328636,0.024278376,-0.016431034,-0.9995703,0.0032644582,0.99986094,-0.016356522,-0.7129276,0.62598205,0.31603917,0.26230785,-0.17990811,0.9480652,0.6503298,0.7588014,-0.035938535,-0.011962891,9.897629,-0.13166809,0.03201294,9.805145,-0.16040039,0.0,0.0010681152,-0.007461548,0.36010742,-33.139038,-18.701172,0,0.0,0.0,0.0,0.0
0.18774414,0.99970144,-0.002833626,0.024271397,0.024221182,-0.016582558,-0.9995692,0.0032348868,0.9998585,-0.01650897,-0.7041351,0.6103757,0.36281577,0.3104216,-0.19493558,0.930397,0.63861734,0.76775104,-0.052212816,-0.03111267,9.715668,-0.25616455,0.031723022,9.805145,-0.16189575,0.019180298,0.007461548,0.0,0.36010742,-33.139038,-18.701172,0,0.0,0.0,0.0,0.0
0.191955566,0.9999889,-0.0033656198,-0.0032740242,-0.003329123,-0.016497942,-0.99985826,0.0033111288,0.9998582,-0.016508965,-0.6928258,0.59479856,0.40768486,0.35689867,-0.2084193,0.9105958,0.6265905,0.7763865,-0.06788456,0.12210083,9.76355,-0.03590393,0.032470703,9.805145,-0.16189575,0.027709961,0.007461548,-0.0032043457,-0.17852783,-33.676147,-19.909668,0,0.0,0.0,0.0,0.0
0.196197509,0.9999889,-0.0033357395,-0.0033245657,-0.0033795673,-0.016620766,-0.9998561,0.0032800029,0.99985623,-0.016631855,-0.6788063,0.57887745,0.4517996,0.40218878,-0.22168894,0.888312,0.61438274,0.7847005,-0.08233417,-0.03111267,9.92157,-0.14125061,0.032165527,9.805145,-0.1631012,0.012786865,0.02130127,0.008514404,-0.17852783,-33.676147,-19.909668,0,0.0,0.0,0.0,0.0
0.200408935,0.9999888,-0.0033206996,-0.003350004,-0.0034048487,-0.016650291,-0.9998555,0.0032644419,0.9998559,-0.016661413,-0.6625097,0.56293696,0.4941485,0.44573748,-0.23390022,0.86406523,0.60199577,0.79271215,-0.09596096,-0.03111267,9.8736725,-0.25616455,0.03201294,9.805145,-0.16339111,0.029830933,0.007461548,0.0,-0.17852783,-33.676147,-19.909668,0,0.0,0.0,0.0,0.0
0.204620361,0.99875927,-0.002417144,0.04974081,0.049693417,-0.01678836,-0.9986235,0.003248883,0.9998562,-0.016647413,-0.6441262,0.5470145,0.5346743,0.48746663,-0.24511766,0.83802956,0.5894724,0.8004327,-0.10876459,-0.002380371,9.8736725,-0.12689209,0.03186035,9.805145,-0.16325378,0.0063934326,0.022354126,0.0021362305,0.8972168,-31.88324,-19.56482,0,0.0,0.0,0.0,0.0
0.208862304,0.99876165,-0.0023883982,0.049694076,0.04964717,-0.01678678,-0.99862576,0.0032193195,0.99985623,-0.016647415,-0.6245719,0.53152174,0.5721841,0.5264704,-0.2545978,0.8111775,0.5768353,0.80787665,-0.1208158,-0.05505371,9.854523,-0.16040039,0.031570435,9.805145,-0.16325378,0.014923096,0.014907837,-0.0032043457,0.8972168,-31.88324,-19.56482,0,0.0,0.0,0.0,0.0
0.21307373,0.9987644,-0.0023559597,0.04964134,0.049594846,-0.016830169,-0.99862766,0.003188198,0.9998556,-0.016692527,-0.60319406,0.5160436,0.6081579,0.5638188,-0.26344115,0.7827561,0.56415004,0.81504464,-0.13204898,-0.04548645,9.883255,-0.27053833,0.03126526,9.805145,-0.16369629,-0.003189087,0.02130127,-0.007461548,0.8972168,-31.88324,-19.56482,0,0.0,0.0,0.0,0.0
0.217285156,0.9992182,-0.0038394537,-0.039347306,-0.03940542,-0.016462324,-0.9990877,0.0031882029,0.9998571,-0.01660075,-0.58031833,0.50071484,0.64227355,0.59929365,-0.27144614,0.75310296,0.55143255,0.8219499,-0.14255007,0.04069519,9.878464,0.07899475,0.03126526,9.805145,-0.16279602,-0.003189087,0.0053253174,-0.004257202,-0.8956909,-32.600403,-19.56482,0,0.0,0.0,0.0,0.0
0.221527099,0.9992191,-0.0038534573,-0.039324015,-0.039382268,-0.016432269,-0.9990891,0.003203764,0.99985754,-0.016571194,-0.55497915,0.4850469,0.6758163,0.63386023,-0.2795477,0.7211618,0.5387202,0.82860285,-0.15230878,0.05984497,9.844955,-0.10772705,0.031417847,9.805145,-0.1625061,-0.0053253174,-0.0095825195,0.003189087,-0.8956909,-32.600403,-19.56482,0,0.0,0.0,0.0,0.0
0.225738525,0.99921817,-0.0038388576,-0.039348297,-0.03940635,-0.016446775,-0.99908787,0.0031882036,0.99985737,-0.016585194,-0.5283847,0.46948406,0.7073856,0.6664474,-0.28682742,0.68816996,0.52598244,0.83505374,-0.16133124,-0.011962891,9.653412,-0.16998291,0.03126526,9.805145,-0.16264343,-0.0021209717,-0.0010528564,-0.004257202,-0.8956909,-32.600403,-19.56482,0,0.0,0.0,0.0,0.0
0.229949951,0.995821,-0.0016323993,0.09131178,0.09127179,-0.016774733,-0.9956846,0.0031570857,0.9998579,-0.016555639,-0.50064605,0.45419195,0.7369282,0.6970037,-0.29334453,0.65432006,0.5133608,0.8412245,-0.16971171,-0.02154541,9.8736725,-0.08857727,0.030960083,9.805145,-0.16235352,0.007461548,0.0053253174,0.0063934326,1.6143799,-32.24182,-18.182373,0,0.0,0.0,0.0,0.0
0.234191894,0.99582475,-0.0016093205,0.0912712,0.09123179,-0.016710008,-0.99568945,0.0031275258,0.9998591,-0.01649342,-0.4738328,0.4399133,0.7628622,0.7243397,-0.29796502,0.6217305,0.5008138,0.84716773,-0.17746109,-0.04548645,9.8688965,-0.011962891,0.030670166,9.805145,-0.16174316,0.007461548,-0.014907837,-0.0010681152,1.6143799,-32.24182,-18.182373,0,0.0,0.0,0.0,0.0
0.23840332,0.99582946,-0.0015804558,0.09122043,0.091181554,-0.016693149,-0.99569434,0.003096407,0.9998594,-0.016479421,-0.4462871,0.42589182,0.7870476,0.7498865,-0.30197966,0.58862424,0.48836264,0.8528918,-0.1846009,-0.07899475,9.797058,-0.11251831,0.03036499,9.805145,-0.16160583,0.0021362305,0.0053253174,-0.0095825195,1.6143799,-32.24182,-18.182373,0,0.0,0.0,0.0,0.0
0.242614746,0.9987344,-0.0022072815,0.05024679,0.05020355,-0.01654896,-0.9986019,0.0030357274,0.99986064,-0.016417202,-0.41798925,0.41216773,0.8095695,0.7737368,-0.30545667,0.55500233,0.47604248,0.8583787,-0.19123174,-0.10772705,9.849731,-0.026321411,0.029769897,9.805145,-0.16099548,0.0,-0.008514404,0.003189087,0.8972168,-31.524658,-19.218445,0,0.0,0.0,0.0,0.0
0.246856689,0.99873286,-0.0022246223,0.050275166,0.05023177,-0.016504746,-0.99860114,0.0030512894,0.9998613,-0.016372088,-0.38866532,0.3984582,0.8307649,0.79611814,-0.3086658,0.520501,0.46382663,0.8636877,-0.19725212,0.05984497,9.8736725,-0.02154541,0.029922485,9.805145,-0.16055298,-0.006378174,-0.01171875,0.004257202,0.8972168,-31.524658,-19.218445,0,0.0,0.0,0.0,0.0
0.251068115,0.99872786,-0.0022844037,0.05037299,0.050328646,-0.016492484,-0.99859655,0.0031119732,0.9998614,-0.016356532,-0.3589197,0.38502422,0.85025465,0.81675184,-0.3113577,0.48577043,0.45176673,0.86879957,-0.20271683,0.16519165,9.945511,-0.12689209,0.030517578,9.805145,-0.16040039,0.0032043457,-0.003189087,-0.007461548,0.8972168,-31.524658,-19.218445,0,0.0,0.0,0.0,0.0
0.255279541,0.99998385,-0.003002417,0.0048178164,0.0047680396,-0.01637111,-0.9998545,0.0030808535,0.9998614,-0.016356532,-0.32885554,0.37186018,0.86808646,0.83567566,-0.31357846,0.4509043,0.43988657,0.8737211,-0.20763248,-0.03111267,9.835373,-0.15560913,0.030212402,9.805145,-0.16040039,-0.014892578,-0.0063934326,0.0095825195,0.0,-32.780457,-20.428467,0,0.0,0.0,0.0,0.0
0.259521484,0.99998367,-0.0030176537,0.004842266,0.0047922847,-0.016355703,-0.9998546,0.0030964138,0.9998616,-0.016340975,-0.29783976,0.35887516,0.88459027,0.8531475,-0.31567168,0.41531995,0.4282881,0.8783849,-0.21215385,0.05984497,9.883255,-0.13645935,0.03036499,9.805145,-0.1602478,0.008529663,0.0063934326,0.0063934326,0.0,-32.780457,-20.428467,0,0.0,0.0,0.0,0.0
0.26373291,0.9999836,-0.0030329577,0.0048668236,0.00481668,-0.016326295,-0.9998551,0.0031119753,0.9998621,-0.016311418,-0.26661587,0.34603152,0.8995433,0.86903584,-0.3172761,0.37962186,0.41676468,0.8829485,-0.21612293,0.07899475,9.773117,-0.08378601,0.030517578,9.805145,-0.15995789,0.0053253174,0.015975952,-0.0021362305,0.0,-32.780457,-20.428467,0,0.0,0.0,0.0,0.0
0.268035888,0.99991465,-0.0032876963,-0.012646135,-0.01269811,-0.01630062,-0.9997865,0.0030808544,0.9998617,-0.016340977,-0.23532274,0.3334925,0.9129107,0.8833122,-0.3184455,0.34402338,0.40544155,0.8873417,-0.21964051,-0.04548645,9.801849,-0.21786499,0.030212402,9.805145,-0.1602478,-0.0021209717,0.0053253174,0.0,-0.35858154,-33.139038,-19.737244,0,0.0,0.0,0.0,0.0
0.272308349,0.99991435,-0.0032740647,-0.012669017,-0.0127207665,-0.016300723,-0.9997861,0.0030668506,0.9998617,-0.016340977,-0.20372215,0.32117227,0.9248489,0.89611125,-0.31929803,0.30827457,0.39431173,0.89157003,-0.22275804,-0.04069519,9.8736725,-0.18434143,0.030075073,9.805145,-0.1602478,0.008529663,0.012771606,0.0095825195,-0.35858154,-33.139038,-19.737244,0,0.0,0.0,0.0,0.0
0.276641845,0.99991494,-0.003302288,-0.01262164,-0.012673717,-0.016255395,-0.99978757,0.0030964164,0.9998624,-0.016295863,-0.17228472,0.30900732,0.9353248,0.9073528,-0.31983235,0.27279678,0.38344333,0.8956683,-0.22527643,0.10772705,9.8736725,-0.04069519,0.03036499,9.805145,-0.1598053,-0.011703491,0.0063934326,0.0021362305,-0.35858154,-33.139038,-19.737244,0,0.0,0.0,0.0,0.0
0.281066894,0.9994882,-0.0025916805,0.031882674,0.0318361,-0.01637119,-0.9993589,0.003111977,0.9998626,-0.016280307,-0.14090806,0.29732418,0.94432163,0.91717374,-0.31991574,0.23758414,0.37274286,0.8995845,-0.22761922,0.10293579,9.821014,-0.13645935,0.030517578,9.805145,-0.15965271,-0.0053253174,0.015975952,-0.0063934326,0.53863525,-32.958984,-19.56482,0,0.0,0.0,0.0,0.0
0.285461425,0.99948925,-0.0025741805,0.03185322,0.031806704,-0.016446808,-0.9993587,0.0030964133,0.9998614,-0.016356532,-0.11056343,0.28624094,0.95175725,0.9254942,-0.31940326,0.20357296,0.36226532,0.9033536,-0.22960003,-0.011962891,9.964661,-0.32800293,0.03036499,9.805145,-0.16040039,0.004272461,0.004272461,-0.0021362305,0.53863525,-32.958984,-19.56482,0,0.0,0.0,0.0,0.0
0.289886474,0.9994901,-0.0025599618,0.03182929,0.031783096,-0.01641671,-0.9993599,0.003080855,0.9998619,-0.016326975,-0.080476075,0.27548498,0.95793086,0.9325332,-0.31858265,0.16996148,0.352002,0.9069802,-0.23126061,-0.04069519,9.892838,-0.07899475,0.030212402,9.805145,-0.16011047,0.008529663,0.008529663,-0.0063934326,0.53863525,-32.958984,-19.56482,0,0.0,0.0,0.0,0.0
0.294281005,0.998845,-0.0022814998,0.047995288,0.04795151,-0.016424237,-0.99871457,0.0030668527,0.99986243,-0.016295865,-0.05089867,0.26509023,0.9628793,0.93834215,-0.317409,0.13698745,0.3419406,0.91048265,-0.23258962,-0.007171631,9.945511,-0.10772705,0.030075073,9.805145,-0.1598053,0.0032043457,0.011703491,-0.004257202,0.8972168,-33.317566,-20.256042,0,0.0,0.0,0.0,0.0
0.2991333,0.99884737,-0.0022519552,0.047946796,0.04790356,-0.0164071,-0.9987173,0.0030357344,0.9998629,-0.016280312,-0.021766812,0.25506473,0.966679,0.94298553,-0.3159689,0.10460383,0.33212125,0.9138411,-0.2336447,-0.04069519,9.8736725,-0.11730957,0.029769897,9.805145,-0.15965271,0.004272461,0.004272461,-0.012786865,0.8972168,-33.317566,-20.256042,0,0.0,0.0,0.0,0.0
0.303955078,0.9988475,-0.0022512288,0.047945604,0.04790233,-0.016422637,-0.9987171,0.0030357335,0.9998626,-0.016295867,0.0069844723,0.24535267,0.96940875,0.94653684,-0.31429112,0.07272589,0.32252005,0.91707313,-0.2344305,0.04548645,9.821014,-0.18434143,0.029769897,9.805145,-0.1598053,0.0234375,0.004272461,-0.0010681152,0.8972168,-33.317566,-20.256042,0,0.0,0.0,0.0,0.0
0.308776855,0.9999878,-0.0030988904,-0.0038591556,-0.0039090295,-0.016252838,-0.9998602,0.0030357349,0.999863,-0.016264753,0.035096645,0.23596063,0.9711286,0.9491117,-0.31218663,0.041552782,0.31297818,0.92025113,-0.23490968,0.011962891,9.964661,-0.08857727,0.029769897,9.805145,-0.15950012,0.0010681152,0.010650635,-0.0138549805,-0.17852783,-33.676147,-19.218445,0,0.0,0.0,0.0,0.0
0.31362915,0.99998766,-0.003068688,-0.0039120773,-0.0039615002,-0.016268356,-0.9998598,0.0030046145,0.9998629,-0.016280312,0.06398064,0.22652042,0.9719027,0.9505737,-0.31034562,0.009755403,0.30383557,0.9232411,-0.23518047,-0.04069519,9.8688965,-0.20828247,0.029464722,9.805145,-0.15965271,0.0,0.017028809,0.003189087,-0.17852783,-33.676147,-19.218445,0,0.0,0.0,0.0,0.0
0.318450927,0.9999876,-0.0030400606,-0.0039622406,-0.004011283,-0.016299432,-0.9998591,0.0029750494,0.99986243,-0.016311424,0.09237975,0.21739319,0.97170275,0.9510492,-0.30829492,-0.021443248,0.2949094,0.92611796,-0.23523182,-0.07421875,9.768341,-0.21786499,0.029174805,9.805145,-0.15995789,-0.0010528564,0.008529663,0.0063934326,-0.17852783,-33.676147,-19.218445,0,0.0,0.0,0.0,0.0
0.323303222,0.99928945,-0.0023274485,0.03761765,0.03757443,-0.016440114,-0.9991585,0.0029439286,0.9998621,-0.016340982,0.12027031,0.20857419,0.9705833,0.95059216,-0.30605242,-0.05202371,0.28619856,0.92888576,-0.23507799,-0.02154541,9.806641,-0.26574707,0.028869629,9.805145,-0.1602478,-0.018081665,0.0032043457,-0.0021362305,0.71868896,-32.780457,-21.11969,0,0.0,0.0,0.0,0.0
0.328125,0.99928766,-0.0023577767,0.037664663,0.03762094,-0.016441396,-0.99915683,0.002975048,0.999862,-0.01634098,0.14700153,0.20028487,0.96864676,0.9493054,-0.30366632,-0.08127788,0.27786663,0.9314895,-0.23477092,0.09815979,9.902405,-0.15560913,0.029174805,9.805145,-0.1602478,0.0,-0.007446289,0.012786865,0.71868896,-32.780457,-21.11969,0,0.0,0.0,0.0,0.0
0.332977295,0.99928856,-0.0023426125,0.037641156,0.037597682,-0.016440757,-0.99915767,0.0029594884,0.9998621,-0.016340982,0.17303586,0.19228496,0.96596336,0.94729996,-0.3009485,-0.109785706,0.26959506,0.9340538,-0.23422639,-0.026321411,9.888046,-0.14125061,0.029022217,9.805145,-0.1602478,0.0021362305,-0.003189087,-0.008529663,0.71868896,-32.780457,-21.11969,0,0.0,0.0,0.0,0.0
0.337799072,0.99998486,-0.0028517353,0.0047150454,0.0046678362,-0.016340543,-0.9998556,0.0029283697,0.9998624,-0.016326983,0.19852847,0.18455942,0.9625613,0.944555,-0.29810482,-0.13765672,0.26153836,0.9365209,-0.23350883,-0.04548645,9.792282,-0.13166809,0.028717041,9.805145,-0.16011047,-0.0010528564,-0.01171875,-0.0063934326,0.0,-32.063293,-19.392395,0,0.0,0.0,0.0,0.0
0.342651367,0.9999851,-0.0028232285,0.0046679126,0.0046213563,-0.01627805,-0.99985677,0.002898809,0.9998635,-0.01626476,0.22399911,0.17668535,0.9584397,0.9409721,-0.2952738,-0.16548392,0.25376356,0.93893325,-0.23239705,-0.06942749,9.7444,0.011962891,0.028427124,9.805145,-0.15950012,-0.013824463,0.0063934326,0.003189087,0.0,-32.063293,-19.392395,0,0.0,0.0,0.0,0.0
0.347473144,0.9999853,-0.0028080049,0.0046427413,0.004596391,-0.016293464,-0.99985665,0.0028832485,0.99986327,-0.016280318,0.24898568,0.16931444,0.9535925,0.9367125,-0.29230985,-0.19267741,0.24612142,0.941216,-0.23137994,0.01675415,9.902405,-0.22265625,0.028274536,9.805145,-0.15965271,-0.015960693,-0.007446289,0.0021362305,0.0,-32.063293,-19.392395,0,0.0,0.0,0.0,0.0
0.352325439,0.99998534,-0.002808307,0.0046432414,0.004597107,-0.016216991,-0.99985796,0.0028832073,0.9998645,-0.016203843,0.27338812,0.16220714,0.9481285,0.9318199,-0.28924483,-0.2192012,0.23868528,0.94341207,-0.23022394,0.002380371,9.897629,0.03111267,0.028274536,9.805298,-0.15890503,-0.0010528564,0.004272461,-0.007461548,0.0,-32.063293,-19.392395,0,0.0,0.0,0.0,0.0
0.357147216,0.99998564,-0.0027782684,0.0045935754,0.0045481077,-0.016156048,-0.99985915,0.0028520909,0.9998656,-0.016143177,0.29720065,0.15534507,0.94209325,0.926336,-0.2860941,-0.24505457,0.23145929,0.9455253,-0.22892906,-0.026321411,9.854523,-0.007171631,0.02796936,9.805298,-0.15830994,0.0021362305,0.012771606,-0.0010681152,0.0,-32.063293,-19.392395,0,0.0,0.0,0.0,0.0
0.361999511,0.99998564,-0.0027784705,0.0045939097,0.004548567,-0.016110936,-0.9998598,0.0028520927,0.99986625,-0.016098065,0.32039955,0.14885786,0.93551344,0.9203195,-0.282862,-0.27018714,0.22440174,0.94753915,-0.22762567,0.026321411,9.753967,-0.03590393,0.02796936,9.805298,-0.15786743,0.007461548,0.0010681152,-0.0021362305,0.0,-32.063293,-19.392395,0,0.0,0.0,0.0,0.0
0.366729736,0.9995151,-0.002366827,0.031044198,0.031001944,-0.016179282,-0.9993882,0.0028676526,0.99986625,-0.016098065,0.3430281,0.14247686,0.9284568,0.9137792,-0.2795657,-0.29470444,0.21757612,0.9494964,-0.22609127,0.06942749,9.864105,-0.14604187,0.028121948,9.805298,-0.15786743,0.004272461,0.004272461,-0.012786865,0.53863525,-33.676147,-19.909668,0,0.0,0.0,0.0,0.0
0.371246337,0.9995144,-0.0023819671,0.031069787,0.031027285,-0.016179826,-0.9993875,0.002883212,0.9998662,-0.016098063,0.3430281,0.14247686,0.9284568,0.9137792,-0.2795657,-0.29470444,0.21757612,0.9494964,-0.22609127,0.06942749,9.864105,-0.14604187,0.028274536,9.805298,-0.15786743,0.004272461,0.004272461,-0.012786865,0.53863525,-33.676147,-19.909668,0,0.0,0.0,0.0,0.0
0.375518798,0.9995143,-0.0023829082,0.031071376,0.03102895,-0.016148735,-0.999388,0.0028832138,0.9998668,-0.016066954,0.38548025,0.13068797,0.91341424,0.8997698,-0.27263075,-0.34071502,0.20449747,0.95320153,-0.22268288,0.02154541,9.902405,-0.08378601,0.028274536,9.805298,-0.15756226,0.0,0.0053253174,-0.0032043457,0.53863525,-33.676147,-19.909668,0,0.0,0.0,0.0,0.0
0.379791259,0.9991079,-0.0022033355,0.04217351,0.04213249,-0.016174216,-0.9989812,0.0028832138,0.9998668,-0.016066954,0.40589738,0.12510353,0.90531564,0.89215493,-0.26913056,-0.3628062,0.19825976,0.9549439,-0.22085111,0.05027771,9.907196,-0.17477417,0.028274536,9.805298,-0.15756226,0.0063934326,0.007461548,-0.008529663,0.71868896,-32.063293,-18.701172,0,0.0,0.0,0.0,0.0
0.38406372,0.99910676,-0.0022184637,0.0421994,0.04215813,-0.016174927,-0.99898005,0.0028987732,0.9998667,-0.016066952,0.40589738,0.12510353,0.90531564,0.89215493,-0.26913056,-0.3628062,0.19825976,0.9549439,-0.22085111,0.05027771,9.907196,-0.17477417,0.028427124,9.805298,-0.15756226,0.0063934326,0.007461548,-0.008529663,0.71868896,-32.063293,-18.701172,0,0.0,0.0,0.0,0.0
0.388336181,0.99910676,-0.0022184637,0.0421994,0.04215813,-0.016174927,-0.99898005,0.0028987732,0.9998667,-0.016066952,0.44465968,0.114653766,0.8883312,0.876102,-0.26200196,-0.40472257,0.18634155,0.95823246,-0.2169501,0.03590393,9.835373,-0.14604187,0.028427124,9.805298,-0.15756226,0.004272461,0.0,0.0,0.71868896,-32.063293,-18.701172,0,0.0,0.0,0.0,0.0
0.392608642,0.9878874,-3.973618E-4,0.15517215,0.15514503,-0.016342102,-0.9877566,0.0029283357,0.9998664,-0.016082507,0.4631037,0.10987988,0.87946653,0.86768216,-0.25854605,-0.42459583,0.18072805,0.9597293,-0.21507445,0.10293579,9.758759,-0.19392395,0.028717041,9.805298,-0.15771484,0.012786865,0.008529663,0.003189087,2.8701782,-32.063293,-18.354797,0,0.0,0.0,0.0,0.0
0.396881103,0.9878874,-3.973618E-4,0.15517215,0.15514503,-0.016342102,-0.9877566,0.0029283357,0.9998664,-0.016082507,0.47917932,0.10569601,0.8713297,0.8600513,-0.25471085,-0.4420793,0.17521112,0.96122354,-0.21295616,0.04069519,9.935928,-0.15083313,0.028717041,9.805298,-0.15771484,0.012786865,0.0021362305,-0.004257202,2.8701782,-32.063293,-18.354797,0,0.0,0.0,0.0,0.0
0.401153564,0.98789245,-3.7834566E-4,0.15513971,0.15511309,-0.016276034,-0.9877626,0.0028987753,0.99986744,-0.016020285,0.49480352,0.101664245,0.8630375,0.85224205,-0.25089464,-0.45905924,0.16986158,0.962661,-0.2107861,-0.06463623,9.821014,-0.03590393,0.028427124,9.805298,-0.15710449,0.0032043457,-0.01171875,-0.010650635,2.8701782,-32.063293,-18.354797,0,0.0,0.0,0.0,0.0
0.405426025,0.99947864,-0.0023646683,0.03220007,0.032157786,-0.016151417,-0.9993523,0.0028832138,0.9998668,-0.016066954,0.50998473,0.0977844,0.85460734,0.8442744,-0.24709684,-0.47554576,0.16466983,0.9640443,-0.2085725,0.002380371,9.830582,-0.2609558,0.028274536,9.805298,-0.15756226,0.0063934326,0.015975952,-0.0063934326,0.53863525,-34.03473,-19.218445,0,0.0,0.0,0.0,0.0
0.409698486,0.9994787,-0.0023636941,0.032198347,0.032155987,-0.016182506,-0.99935174,0.002883212,0.9998662,-0.016098063,0.5266136,0.093552336,0.8449415,0.8349838,-0.24355231,-0.49344125,0.15962486,0.96536535,-0.20637266,0.03590393,9.878464,-0.24180603,0.028274536,9.805298,-0.15786743,0.0053253174,0.012771606,-0.0032043457,0.53863525,-34.03473,-19.218445,0,0.0,0.0,0.0,0.0
0.413970947,0.9994787,-0.0023636941,0.032198347,0.032155987,-0.016182506,-0.99935174,0.002883212,0.9998662,-0.016098063,0.5429191,0.08938511,0.83501446,0.82540536,-0.24001426,-0.51097864,0.1547415,0.9666455,-0.20408726,0.026321411,9.816223,-0.16040039,0.028274536,9.805298,-0.15786743,-0.0021209717,-0.014907837,-0.008529663,0.53863525,-34.03473,-19.218445,0,0.0,0.0,0.0,0.0
0.418243408,0.99640274,-0.0015078647,0.08473012,0.08469447,-0.016298398,-0.9962735,0.0028832115,0.99986595,-0.016112063,0.55872256,0.08537911,0.8249482,0.8156754,-0.23648366,-0.527967,0.15000941,0.967877,-0.20177038,-0.002380371,9.840164,-0.17955017,0.028274536,9.805298,-0.15800476,-0.003189087,-0.008514404,-0.0032043457,1.6143799,-32.600403,-19.56482,0,0.0,0.0,0.0,0.0
0.422515869,0.9964026,-0.0015090201,0.08473203,0.084696405,-0.016284453,-0.99627364,0.002883212,0.9998662,-0.016098063,0.5731858,0.081774935,0.8153349,0.80641794,-0.23287827,-0.5435603,0.14542417,0.9690617,-0.19942729,0.03590393,9.92157,-0.11251831,0.028274536,9.805298,-0.15786743,0.019180298,0.0021362305,0.003189087,1.6143799,-32.600403,-19.56482,0,0.0,0.0,0.0,0.0
0.42678833,0.99639857,-0.0015380589,0.08478008,0.08474394,-0.016301114,-0.99626946,0.0029143307,0.99986595,-0.016112063,0.5871315,0.07832937,0.8056929,0.7971533,-0.22906107,-0.5586391,0.14079504,0.9702554,-0.19692948,0.09336853,9.792282,-0.19871521,0.028579712,9.805298,-0.15800476,-0.0074310303,0.004272461,-0.012786865,1.6143799,-32.600403,-19.56482,0,0.0,0.0,0.0,0.0
0.431060791,0.9999846,-0.0028220855,0.0047843745,0.0047383043,-0.016111685,-0.999859,0.0028987718,0.9998662,-0.016098063,0.6007179,0.07498847,0.79593635,0.7877209,-0.22551316,-0.5732709,0.13650542,0.97134984,-0.19453979,0.02154541,9.811432,-0.14125061,0.028427124,9.805298,-0.15786743,-0.0010528564,0.0063934326,0.0010681152,0.0,-31.704712,-18.701172,0,0.0,0.0,0.0,0.0
0.435333252,0.99998486,-0.0027913025,0.0047321874,0.0046863165,-0.016217167,-0.99985737,0.0028676474,0.9998645,-0.016203843,0.615126,0.071424425,0.78518695,0.7772413,-0.22210638,-0.58869743,0.13234766,0.9724029,-0.19213745,-0.026321411,9.878464,-0.12689209,0.028121948,9.805298,-0.15890503,0.0010681152,0.009597778,-0.0095825195,0.0,-31.704712,-18.701172,0,0.0,0.0,0.0,0.0
0.439605712,0.99998486,-0.0027911298,0.0047318945,0.004685892,-0.016264087,-0.99985665,0.00286769,0.9998638,-0.016250763,0.6290648,0.06801634,0.7743714,0.76669014,-0.21871446,-0.60361415,0.1283106,0.9734155,-0.18973304,0.05027771,9.897629,-0.25616455,0.028121948,9.805145,-0.1593628,0.027709961,-0.013839722,-0.004257202,0.0,-31.704712,-18.701172,0,0.0,0.0,0.0,0.0
0.443878173,0.9977523,-0.0017475501,0.06698621,0.066948876,-0.016342016,-0.9976225,0.0028380854,0.99986494,-0.01618829,0.64244306,0.064772815,0.7635912,0.75615084,-0.21547398,-0.61790526,0.12451056,0.974359,-0.18740779,-0.05984497,9.797058,-0.01675415,0.027832031,9.805298,-0.15875244,0.0063934326,0.008529663,0.0053253174,1.2557983,-32.958984,-19.56482,0,0.0,0.0,0.0,0.0
0.448150634,0.9977489,-0.0017771755,0.0670359,0.0669981,-0.016330114,-0.99761933,0.002867649,0.999865,-0.016174287,0.6545482,0.061903168,0.7534817,0.7463205,-0.21204384,-0.6309066,0.12071603,0.9752976,-0.18499252,0.08857727,9.801849,-0.12689209,0.028121948,9.805298,-0.15861511,0.0032043457,-0.003189087,-0.0032043457,1.2557983,-32.958984,-19.56482,0,0.0,0.0,0.0,0.0
0.452423095,0.9977489,-0.0017771755,0.0670359,0.0669981,-0.016330114,-0.99761933,0.002867649,0.999865,-0.016174287,0.66625977,0.05913911,0.743371,0.73647636,-0.20864987,-0.6434811,0.11704937,0.9762007,-0.18256955,0.03111267,9.888046,-0.13645935,0.028121948,9.805298,-0.15861511,0.0010681152,0.0,0.0063934326,1.2557983,-32.958984,-19.56482,0,0.0,0.0,0.0,0.0
0.456695556,0.9906164,-6.1294576E-4,0.13667059,0.1366422,-0.016426183,-0.9904843,0.002852089,0.99986494,-0.01618829,0.67758906,0.056484852,0.73326844,0.72662985,-0.20529108,-0.65564066,0.11349969,0.9770696,-0.18014656,-0.01675415,9.888046,-0.22744751,0.02796936,9.805298,-0.15875244,-0.003189087,-0.010650635,0.0021362305,2.5115967,-33.49762,-18.354797,0,0.0,0.0,0.0,0.0
0.460968017,0.99061686,-6.1088044E-4,0.1366669,0.1366385,-0.01644159,-0.9904845,0.0028520883,0.99986464,-0.016203845,0.6875235,0.054154333,0.72414,0.717754,-0.20199165,-0.6663546,0.11018423,0.9778889,-0.1777435,0.026321411,9.816223,-0.16519165,0.02796936,9.805298,-0.15890503,0.0010681152,0.0021362305,0.007461548,2.5115967,-33.49762,-18.354797,0,0.0,0.0,0.0,0.0
0.465240478,0.99061877,-6.033956E-4,0.13665348,0.13662533,-0.016394978,-0.9904871,0.0028380866,0.99986535,-0.016158734,0.69716144,0.051983,0.7150271,0.7089069,-0.19863552,-0.6767533,0.10685011,0.97869384,-0.17533214,-0.02154541,9.768341,-0.07421875,0.027832031,9.805298,-0.15846252,-0.004257202,-0.010650635,-0.0053253174,2.5115967,-33.49762,-18.354797,0,0.0,0.0,0.0,0.0
0.469512939,0.99949014,-0.002335891,0.03184434,0.031802263,-0.016256865,-0.999362,0.0028520895,0.9998651,-0.016174288,0.7064928,0.04989641,0.7059591,0.7000932,-0.19532457,-0.68681717,0.103621446,0.9794686,-0.17292754,0.07421875,9.888046,-0.18913269,0.02796936,9.805298,-0.15861511,0.009597778,-0.0010528564,0.0021362305,0.53863525,-31.524658,-19.218445,0,0.0,0.0,0.0,0.0
0.4737854,0.99949014,-0.002335891,0.03184434,0.031802263,-0.016256865,-0.999362,0.0028520895,0.9998651,-0.016174288,0.71697956,0.047483284,0.6954751,0.68981177,-0.19216116,-0.69802135,0.10049895,0.980214,-0.17053014,0.04548645,9.840164,-0.16040039,0.02796936,9.805298,-0.15861511,0.01171875,0.0032043457,0.01171875,0.53863525,-31.524658,-19.218445,0,0.0,0.0,0.0,0.0
