Time,Rot1,Rot2,Rot3,Rot4,Rot5,Rot6,Rot7,Rot8,Rot9,FRot1,FRot2,FRot3,FRot4,FRot5,FRot6,FRot7,FRot8,FRot9,AccX,AccY,AccZ,GravX,GravY,GravZ,GyroX,GyroY,GyroZ,MagX,MagY,MagZ,Imid
0.0,0.0,0.0,0.0,0.0,0.0,0.0,0.0,0.0,0.0,0.0,0.0,0.0,0.0,0.0,0.0,0.0,0.0,0.0,0.16519165,9.76355,-0.16279602,0.18778992,9.804092,-0.11566162,0.0,0.0,0.0,0.0,0.0,0.0,0,0.0,0.0,0.0,0.0
0.004425049,0.99812704,-0.019828811,-0.057872374,-0.058090974,-0.01063121,-0.99825466,0.019178953,0.99974686,-0.011763174,1.0,0.0,0.0,0.0,1.0,0.0,0.0,0.0,1.0,0.16519165,9.691727,0.0143585205,0.18807983,9.804092,-0.115356445,0.0,0.0,0.0,-1.9989014,-30.192566,-24.130249,0,0.0,0.0,0.0,0.0
0.008850098,0.9981281,-0.019849379,-0.057846732,-0.058067318,-0.010722429,-0.99825495,0.019194484,0.99974537,-0.011854959,0.99830437,-0.041227356,-0.041094553,0.039898198,0.99867,-0.0326559,0.042386215,0.030960925,0.99862146,0.20828247,9.830582,-0.21546936,0.18823242,9.804092,-0.116256714,0.0032043457,-0.03727722,0.007461548,-1.9989014,-30.192566,-24.130249,0,0.0,0.0,0.0,0.0
0.013275147,0.9981237,-0.019765997,-0.057950694,-0.058172718,-0.010848398,-0.9982476,0.01910269,0.99974585,-0.011977886,0.9935615,-0.08151066,-0.07868685,0.07624893,0.9947873,-0.06770843,0.08379563,0.061272703,0.9945974,0.05505371,9.8736725,-0.14364624,0.18733215,9.804092,-0.11746216,0.012786865,-0.02130127,0.0,-1.9989014,-30.192566,-24.130249,0,0.0,0.0,0.0,0.0
0.017700195,0.99660575,-0.019984283,-0.07985959,-0.080078386,-0.010397313,-0.99673426,0.019088693,0.9997462,-0.011962331,0.98622525,-0.12068285,-0.11311722,0.10890187,0.9884789,-0.10511827,0.12449995,0.091351606,0.98800534,0.13166809,9.753967,-0.09576416,0.18719482,9.804092,-0.11730957,0.02557373,-0.022369385,-0.007446289,-2.5360107,-30.731201,-23.957825,0,0.0,0.0,0.0,0.0
0.022125244,0.99660575,-0.019984283,-0.07985959,-0.080078386,-0.010397313,-0.99673426,0.019088693,0.9997462,-0.011962331,0.97689295,-0.15822838,-0.14368033,0.13764568,0.980044,-0.14341347,0.16350514,0.12032262,0.97917753,0.18913269,9.739609,-0.11012268,0.18719482,9.804092,-0.11730957,-0.003189087,-0.0234375,0.0010681152,-2.5360107,-30.731201,-23.957825,0,0.0,0.0,0.0,0.0
0.026519776,0.99660575,-0.019984283,-0.07985959,-0.080078386,-0.010397313,-0.99673426,0.019088693,0.9997462,-0.011962331,0.96594423,-0.1944063,-0.17075689,0.16285433,0.96959776,-0.18264385,0.2010726,0.14861527,0.9682372,0.18434143,9.92157,-0.12927246,0.18719482,9.804092,-0.11730957,-0.0021209717,-0.003189087,0.009597778,-2.5360107,-30.731201,-23.957825,0,0.0,0.0,0.0,0.0
0.030944824,0.99222034,-0.020393316,-0.12281252,-0.12302445,-0.009480541,-0.9923583,0.019073151,0.99974704,-0.011915662,0.9537747,-0.22913316,-0.19445258,0.1846385,0.95731026,-0.22240904,0.23711273,0.17622468,0.95536506,0.12689209,9.844955,0.0143585205,0.18704224,9.804092,-0.11685181,0.0063934326,-0.0063934326,-0.006378174,-3.6117554,-31.448364,-23.957825,0,0.0,0.0,0.0,0.0
0.035369873,0.9922133,-0.02034329,-0.122877136,-0.12309007,-0.009563876,-0.9923494,0.019012474,0.99974734,-0.011993464,0.9409802,-0.26124334,-0.21519314,0.20201793,0.94363236,-0.262196,0.2715602,0.20324838,0.94071525,0.05027771,9.787491,-0.31123352,0.18644714,9.804092,-0.117614746,0.0021362305,-0.0053253174,-0.017044067,-3.6117554,-31.448364,-23.957825,0,0.0,0.0,0.0,0.0
0.039794922,0.9922073,-0.020299254,-0.12293403,-0.123146795,-0.009582362,-0.99234223,0.018965805,0.999748,-0.012007476,0.9275749,-0.2921747,-0.23289213,0.21666688,0.92842406,-0.30180174,0.30440146,0.22948372,0.92448735,0.11251831,9.835373,-0.2681427,0.18598938,9.804092,-0.117752075,0.0010681152,-0.022369385,-0.003189087,-3.6117554,-31.448364,-23.957825,0,0.0,0.0,0.0,0.0
0.044219971,0.98533696,-0.020706154,-0.1693583,-0.16956374,-0.008592904,-0.9854816,0.018950257,0.9997486,-0.011977919,0.9138981,-0.32157183,-0.24775371,0.22842619,0.9118931,-0.3409874,0.3355768,0.2550343,0.9068328,0.05984497,9.849731,-0.32081604,0.18583679,9.804092,-0.11746216,-0.008514404,-0.034088135,-0.0053253174,-4.689026,-30.014038,-23.61145,0,0.0,0.0,0.0,0.0
0.04864502,0.9853287,-0.020662174,-0.16941255,-0.16961761,-0.0085994275,-0.9854725,0.01890515,0.9997495,-0.01197793,0.9004316,-0.34852937,-0.26028883,0.23661363,0.8945288,-0.3792523,0.3650164,0.27990288,0.8879287,0.05505371,9.859314,-0.19631958,0.18539429,9.804092,-0.11746216,-0.024475098,-0.067108154,0.009597778,-4.689026,-30.014038,-23.61145,0,0.0,0.0,0.0,0.0
0.053039551,0.9853346,-0.020693379,-0.16937406,-0.16957794,-0.008517461,-0.98548,0.018950276,0.9997496,-0.011901689,0.88687515,-0.3739066,-0.27137846,0.24190004,0.87624264,-0.4167531,0.39362013,0.30396152,0.8675659,0.16998291,9.854523,-0.2394104,0.18583679,9.804092,-0.11671448,-0.0095825195,-0.061782837,-0.0010528564,-4.689026,-30.014038,-23.61145,0,0.0,0.0,0.0,0.0
0.0574646,0.99062634,-0.020375445,-0.13507156,-0.13528082,-0.009261659,-0.99076396,0.01893627,0.9997495,-0.011931251,0.873985,-0.39772847,-0.2792173,0.24528663,0.85706836,-0.4530653,0.41950533,0.327484,0.8466224,0.12689209,9.878464,-0.40701294,0.18569946,9.804092,-0.117004395,-0.027679443,-0.08203125,0.014923096,-3.791809,-31.26831,-23.092651,0,0.0,0.0,0.0,0.0
0.061889649,0.99062407,-0.020361328,-0.13509029,-0.1352974,-0.009156474,-0.9907627,0.018936293,0.99975073,-0.011825458,0.86140716,-0.42062286,-0.28469992,0.24721412,0.8368618,-0.48841318,0.44369224,0.3503408,0.82486266,0.21307373,9.710876,-0.32081604,0.18569946,9.804092,-0.1159668,-0.01914978,-0.08415222,0.0010681152,-3.791809,-31.26831,-23.092651,0,0.0,0.0,0.0,0.0
0.066314697,0.99061316,-0.020293215,-0.13518074,-0.135384,-0.008994499,-0.99075234,0.018889667,0.99975353,-0.011657446,0.8494874,-0.4418932,-0.28827345,0.24721171,0.8160537,-0.5224392,0.46610895,0.37254095,0.80246854,0.08857727,9.830582,-0.36869812,0.1852417,9.804092,-0.11431885,-0.04472351,-0.10119629,-0.003189087,-3.791809,-31.26831,-23.092651,0,0.0,0.0,0.0,0.0
0.070739746,0.9906092,-0.02026869,-0.1352133,-0.13541283,-0.008811975,-0.99075,0.018889708,0.9997557,-0.011473863,0.8376764,-0.4612725,-0.2924481,0.24425836,0.79532075,-0.55479974,0.48850393,0.39330977,0.7788911,0.11251831,9.844955,-0.16758728,0.1852417,9.804092,-0.11251831,-0.060699463,-0.13421631,-0.0010528564,-3.791809,-31.26831,-23.092651,0,0.0,0.0,0.0,0.0
0.075134277,0.9905932,-0.02016919,-0.1353454,-0.13554054,-0.008637633,-0.9907342,0.01881324,0.9997593,-0.011290123,0.8273624,-0.47935516,-0.29272854,0.24095528,0.7737028,-0.585939,0.5073578,0.41424942,0.75563586,0.07899475,9.801849,-0.09576416,0.18449402,9.804245,-0.11071777,-0.051116943,-0.14807129,0.010665894,-3.791809,-31.26831,-23.092651,0,0.0,0.0,0.0,0.0
0.080810547,0.99059224,-0.020163152,-0.13535342,-0.13554764,-0.008592777,-0.9907336,0.018813249,0.9997598,-0.011245004,0.81792986,-0.4959006,-0.29167348,0.23631084,0.751823,-0.6155642,0.52454555,0.43456274,0.73212516,0.23222351,9.806641,-0.2106781,0.18449402,9.804245,-0.11027527,-0.04045105,-0.1565857,-0.007446289,-3.791809,-31.26831,-23.092651,0,0.0,0.0,0.0,0.0
0.086486817,0.99058217,-0.020100638,-0.13543642,-0.13562748,-0.008461596,-0.9907238,0.018768169,0.9997621,-0.011108105,0.81792986,-0.4959006,-0.29167348,0.23631084,0.751823,-0.6155642,0.52454555,0.43456274,0.73212516,0.23222351,9.806641,-0.2106781,0.18405151,9.804245,-0.108932495,-0.04045105,-0.1565857,-0.007446289,-3.791809,-31.26831,-23.092651,0,0.0,0.0,0.0,0.0
0.092163086,0.99058807,-0.020137575,-0.13538738,-0.13557558,-0.008287909,-0.99073225,0.018828867,0.99976283,-0.0109400675,0.81792986,-0.4959006,-0.29167348,0.23631084,0.751823,-0.6155642,0.52454555,0.43456274,0.73212516,0.23222351,9.806641,-0.2106781,0.1846466,9.804245,-0.107284546,-0.04045105,-0.1565857,-0.007446289,-3.791809,-31.26831,-23.092651,0,0.0,0.0,0.0,0.0
0.097808838,0.99643326,-0.019639883,-0.082068205,-0.08226162,-0.009250107,-0.99656796,0.018813334,0.9997644,-0.010832721,0.7880619,-0.54755056,-0.28133032,0.20475066,0.6641266,-0.7190362,0.58054763,0.5090425,0.6354842,0.13645935,9.758759,-0.13406372,0.18449402,9.804245,-0.10623169,-0.029800415,-0.12783813,0.0021362305,-2.5360107,-31.448364,-23.265076,0,0.0,0.0,0.0,0.0
0.102691651,0.9964322,-0.019628782,-0.0820831,-0.08227382,-0.009113392,-0.99656814,0.018813362,0.9997658,-0.010695811,0.7880619,-0.54755056,-0.28133032,0.20475066,0.6641266,-0.7190362,0.58054763,0.5090425,0.6354842,0.08857727,9.82579,-0.03829956,0.18449402,9.804245,-0.104888916,-0.029800415,-0.12783813,0.0021362305,-2.5360107,-31.448364,-23.265076,0,0.0,0.0,0.0,0.0
0.107574463,0.99643576,-0.019668547,-0.082029745,-0.0822194,-0.009034633,-0.9965733,0.01886004,0.99976575,-0.010619568,0.7880619,-0.54755056,-0.28133032,0.20475066,0.6641266,-0.7190362,0.58054763,0.5090425,0.6354842,0.08857727,9.82579,-0.03829956,0.18495178,9.804245,-0.104141235,-0.029800415,-0.12783813,0.0021362305,-2.5360107,-31.448364,-23.265076,0,0.0,0.0,0.0,0.0
0.112487793,0.99643517,-0.019661108,-0.08203973,-0.08222757,-0.008942971,-0.9965735,0.018860059,0.9997667,-0.010527775,0.7787673,-0.567014,-0.26835912,0.18812516,0.6191977,-0.7623668,0.59844,0.5432212,0.58888054,0.04069519,9.811432,-0.028717041,0.18495178,9.804245,-0.10324097,-0.012756348,-0.116119385,0.02130127,-2.5360107,-31.448364,-23.265076,0,0.0,0.0,0.0,0.0
0.116424561,0.995978,-0.019749874,-0.08739409,-0.087580696,-0.008788285,-0.9961186,0.018905174,0.9997663,-0.0104826465,0.7753737,-0.57493323,-0.26124218,0.1792211,0.5970138,-0.7819555,0.6055373,0.5594876,0.5659489,0.20828247,9.777908,-0.1197052,0.18539429,9.804245,-0.10279846,-0.018081665,-0.10758972,0.01171875,-2.7160645,-30.192566,-24.130249,0,0.0,0.0,0.0,0.0
0.120178223,0.99597794,-0.019748531,-0.087395765,-0.08758207,-0.008772757,-0.9961187,0.018905178,0.99976647,-0.010467089,0.7722762,-0.5817091,-0.25535083,0.16870952,0.5753056,-0.8003503,0.6124758,0.5750114,0.5424347,0.21307373,9.758759,-0.1819458,0.18539429,9.804245,-0.102645874,-0.013824463,-0.102264404,0.008529663,-2.7160645,-30.192566,-24.130249,0,0.0,0.0,0.0,0.0
0.123931885,0.9959826,-0.01980172,-0.08732973,-0.08751506,-0.008692815,-0.9961252,0.018965855,0.9997661,-0.010390842,0.77044135,-0.58738273,-0.24779364,0.15928051,0.5537191,-0.817328,0.61729234,0.5902345,0.5201667,0.28489685,9.892838,-0.10533142,0.18598938,9.804245,-0.10189819,-0.0095825195,-0.078826904,-0.0010528564,-2.7160645,-30.192566,-24.130249,0,0.0,0.0,0.0,0.0
0.127685547,0.9941603,-0.019942993,-0.10605492,-0.10623678,-0.008289458,-0.9943063,0.018950306,0.9997667,-0.010359729,0.769326,-0.59201694,-0.24011129,0.14975813,0.53249305,-0.83308077,0.62105554,0.6049521,0.49832013,0.23222351,9.811432,-0.13885498,0.18583679,9.804245,-0.10159302,-0.01914978,-0.0703125,0.004272461,-3.2531738,-31.089783,-24.649048,0,0.0,0.0,0.0,0.0
0.131439209,0.9941531,-0.019878557,-0.10613524,-0.106315695,-0.008249455,-0.9942983,0.018889653,0.9997683,-0.010314622,0.76891017,-0.5955116,-0.23268664,0.13991511,0.5118442,-0.847608,0.6238597,0.619178,0.47688332,0.16519165,9.768341,-0.04788208,0.1852417,9.804245,-0.10115051,-0.011703491,-0.069244385,-0.0053253174,-3.2531738,-31.089783,-24.649048,0,0.0,0.0,0.0,0.0
0.135192871,0.9941466,-0.01982196,-0.10620577,-0.10638629,-0.008283897,-0.99429035,0.018828984,0.99976915,-0.010344193,0.7690456,-0.59793663,-0.22592193,0.12932491,0.49169236,-0.8611119,0.6259744,0.63301694,0.45546195,0.10293579,9.806641,0.09576416,0.1846466,9.804245,-0.10144043,-0.006378174,-0.046875,-0.013839722,-3.2531738,-31.089783,-24.649048,0,0.0,0.0,0.0,0.0
0.138946533,0.98708916,-0.020181704,-0.1588953,-0.15906842,-0.007274529,-0.98724073,0.018768312,0.9997698,-0.0103908805,0.7697537,-0.59976923,-0.21853164,0.11959371,0.4717811,-0.87356734,0.62703794,0.64629674,0.4348839,0.11251831,9.787491,-0.02394104,0.18405151,9.804245,-0.10189819,0.026641846,-0.025558472,-0.007446289,-4.508972,-30.551147,-24.130249,0,0.0,0.0,0.0,0.0
0.142700195,0.98708475,-0.020156933,-0.15892585,-0.15909766,-0.00721649,-0.98723656,0.018752772,0.9997708,-0.010330208,0.7710619,-0.6003756,-0.21216229,0.10915652,0.45288447,-0.8848618,0.6273345,0.6591243,0.4147368,0.13166809,9.768341,0.08139038,0.18389893,9.804245,-0.1013031,0.018112183,-0.02130127,-0.007446289,-4.508972,-30.551147,-24.130249,0,0.0,0.0,0.0,0.0
0.146453858,0.9870703,-0.02007639,-0.15902512,-0.15919743,-0.0072888713,-0.9872197,0.018660698,0.99977183,-0.01039074,0.7728248,-0.60028064,-0.20592433,0.09889379,0.43443498,-0.8952576,0.6268666,0.6715127,0.3951062,0.14604187,9.844955,-0.0909729,0.18299866,9.804398,-0.10189819,0.0021362305,0.003189087,-0.003189087,-4.508972,-30.551147,-24.130249,0,0.0,0.0,0.0,0.0
0.15020752,0.9913039,-0.01981873,-0.13009138,-0.13027118,-0.008062806,-0.99144566,0.01860029,0.9997711,-0.0105745,0.77496195,-0.59958464,-0.19983056,0.088817626,0.4163661,-0.90484846,0.6257359,0.68347466,0.37592155,0.19871521,9.787491,-0.25378418,0.18240356,9.804245,-0.10369873,0.017044067,0.014892578,-0.015975952,-3.791809,-31.26831,-24.130249,0,0.0,0.0,0.0,0.0
0.154541016,0.99128276,-0.019675039,-0.13027424,-0.13045591,-0.008245995,-0.9914198,0.018431982,0.9997724,-0.010740838,0.77758133,-0.5984409,-0.19296607,0.07940468,0.39788866,-0.91399103,0.62374854,0.69537985,0.35690978,0.08378601,9.76355,-0.27293396,0.18075562,9.804398,-0.10533142,0.028762817,0.008514404,-0.018096924,-3.791809,-31.26831,-24.130249,0,0.0,0.0,0.0,0.0
0.158874512,0.9912723,-0.019604277,-0.13036428,-0.13054593,-0.008285019,-0.9914076,0.018355759,0.9997735,-0.010771969,0.7802805,-0.5969227,-0.18666992,0.07019302,0.38016164,-0.9222527,0.6214783,0.70651287,0.33853254,0.11251831,9.691727,0.028717041,0.18000793,9.804398,-0.1056366,0.021316528,0.009567261,-0.027694702,-3.791809,-31.26831,-24.130249,0,0.0,0.0,0.0,0.0
0.163269043,0.9868478,-0.019820409,-0.16043241,-0.1606119,-0.00781269,-0.9869867,0.018309072,0.999773,-0.010893329,0.7832802,-0.5948645,-0.18057781,0.061224937,0.36287564,-0.929824,0.6186466,0.7172569,0.32065383,0.09815979,9.8736725,-0.42137146,0.17955017,9.804398,-0.10682678,0.022384644,0.013839722,-0.014907837,-4.508972,-31.985474,-23.783875,0,0.0,0.0,0.0,0.0
0.167633057,0.9868258,-0.019706225,-0.1605818,-0.16076262,-0.007953014,-0.98696107,0.018172167,0.99977416,-0.011016264,0.7866811,-0.5920324,-0.17501554,0.05207303,0.34611297,-0.9367466,0.6151595,0.7278073,0.3031095,0.11251831,9.787491,-0.16279602,0.1782074,9.804398,-0.10803223,0.017044067,0.006378174,-0.0095825195,-4.508972,-31.985474,-23.783875,0,0.0,0.0,0.0,0.0
0.17199707,0.986811,-0.019629633,-0.16068198,-0.16086523,-0.008133859,-0.98694277,0.018066362,0.99977416,-0.011184309,0.79017174,-0.5888607,-0.16991669,0.043137044,0.32998788,-0.942999,0.6113655,0.7378015,0.2861488,0.10772705,9.859314,-0.37348938,0.1771698,9.804398,-0.109680176,0.021316528,0.020233154,-0.027694702,-4.508972,-31.985474,-23.783875,0,0.0,0.0,0.0,0.0
0.176361084,0.9961138,-0.018885575,-0.086026534,-0.086221494,-0.009761945,-0.99622816,0.017974557,0.99977404,-0.011352352,0.79383755,-0.5853093,-0.16502985,0.034463406,0.3142361,-0.94871914,0.6071525,0.7474414,0.26962417,0.12689209,9.715668,-0.46446228,0.17626953,9.804398,-0.111328125,0.017044067,0.028747559,-0.019165039,-2.7160645,-30.192566,-24.821472,0,0.0,0.0,0.0,0.0
0.180725098,0.9961066,-0.0188017,-0.08612778,-0.086323254,-0.009843903,-0.9962185,0.017882768,0.99977475,-0.011428602,0.7976174,-0.5818504,-0.15892309,0.0272609,0.29798892,-0.95418,0.60254735,0.7567382,0.2535429,0.07899475,9.840164,-0.19631958,0.17536926,9.804398,-0.112075806,0.009597778,0.039398193,-0.017044067,-2.7160645,-30.192566,-24.821472,0,0.0,0.0,0.0,0.0
0.185089111,0.9960966,-0.018684559,-0.08626916,-0.086464256,-0.009896829,-0.99620575,0.017759876,0.9997764,-0.011473745,0.8017724,-0.577832,-0.15254924,0.020790935,0.28207156,-0.959168,0.59726775,0.7658628,0.23817085,0.04069519,9.753967,-0.18673706,0.17416382,9.804398,-0.11251831,0.008529663,0.03300476,-0.012771606,-2.7160645,-30.192566,-24.821472,0,0.0,0.0,0.0,0.0
0.189453125,0.99879485,-0.01824001,-0.045565404,-0.045766152,-0.010743714,-0.9988945,0.017730303,0.99977595,-0.011565541,0.8058608,-0.57357955,-0.14695169,0.014131248,0.26674548,-0.96366346,0.59193635,0.774502,0.22306514,0.20828247,9.844955,-0.26335144,0.1738739,9.804398,-0.11341858,0.0063934326,0.057510376,-0.017044067,-1.6403198,-31.26831,-23.439026,0,0.0,0.0,0.0,0.0
0.193817139,0.998793,-0.01819608,-0.045623876,-0.045824934,-0.010789859,-0.99889123,0.017683629,0.9997762,-0.011610668,0.8100653,-0.5691792,-0.14081669,0.00841251,0.2514198,-0.96784157,0.58627933,0.78283024,0.20845467,0.11730957,9.931137,-0.22984314,0.17341614,9.804398,-0.113861084,0.008529663,0.045791626,-0.012771606,-1.6403198,-31.26831,-23.439026,0,0.0,0.0,0.0,0.0
0.198181152,0.9987867,-0.018048763,-0.04581996,-0.04602048,-0.010855489,-0.99888164,0.017531179,0.9997782,-0.01167293,0.8143834,-0.5644187,-0.13494912,0.0029698014,0.23658995,-0.9716051,0.58031964,0.79085827,0.19435114,0.06942749,9.758759,-0.28729248,0.17192078,9.804398,-0.114471436,0.0032043457,0.055374146,-0.006378174,-1.6403198,-31.26831,-23.439026,0,0.0,0.0,0.0,0.0
0.202545166,0.99878967,-0.017989041,-0.04577676,-0.045977157,-0.010888596,-0.9988832,0.017470509,0.999779,-0.011702503,0.81909764,-0.5589959,-0.12885159,-0.00170964,0.22223568,-0.9749915,0.5736517,0.79883343,0.18107703,0.15083313,9.787491,-0.1819458,0.17132568,9.804398,-0.11476135,-0.0010528564,0.03727722,-0.025558472,-1.6403198,-30.551147,-23.783875,0,0.0,0.0,0.0,0.0
0.20690918,0.9987854,-0.017882593,-0.045913193,-0.046112128,-0.010875571,-0.998877,0.01736318,0.9997809,-0.011686965,0.82355773,-0.55362123,-0.12351574,-0.006622404,0.20835242,-0.9780314,0.56719375,0.8062833,0.16792396,0.12689209,9.797058,-0.0143585205,0.17027283,9.804398,-0.114608765,0.0032043457,0.028747559,-0.013839722,-1.6403198,-30.551147,-23.783875,0,0.0,0.0,0.0,0.0
0.211273194,0.9987829,-0.01782219,-0.045990612,-0.04618863,-0.0108630145,-0.99887365,0.017302519,0.99978215,-0.0116729755,0.82807195,-0.54796714,-0.118443474,-0.011268556,0.19496022,-0.9807464,0.5605086,0.8134633,0.15526628,0.23222351,9.811432,-0.0622406,0.16967773,9.804398,-0.114471436,0.0063934326,0.039398193,-0.022369385,-1.6403198,-30.551147,-23.783875,0,0.0,0.0,0.0,0.0
0.215637207,0.9940264,-0.018372567,-0.10758203,-0.107774004,-0.009796547,-0.99412715,0.017210733,0.9997832,-0.011718112,0.8326235,-0.54205704,-0.11363241,-0.015649214,0.18206422,-0.98316205,0.5536183,0.8203821,0.14310817,0.20350647,9.715668,-0.16279602,0.16877747,9.804398,-0.11491394,0.0010681152,0.05432129,-0.020233154,-3.2531738,-29.655457,-24.993896,0,0.0,0.0,0.0,0.0
0.220001221,0.9940155,-0.018271917,-0.107700035,-0.10789153,-0.009836732,-0.9941141,0.017104952,0.9997847,-0.011749249,0.8375001,-0.53540695,-0.10923855,-0.01972352,0.17016108,-0.9852189,0.5460812,0.8272754,0.13194981,0.14125061,9.840164,-0.01914978,0.16773987,9.804398,-0.115219116,0.007461548,0.07136536,-0.023422241,-3.2531738,-29.655457,-24.993896,0,0.0,0.0,0.0,0.0
0.224395752,0.99399376,-0.018071959,-0.107934445,-0.1081257,-0.009960683,-0.9940873,0.016890002,0.99978703,-0.011854899,0.84201825,-0.528906,-0.10613029,-0.02465199,0.15880588,-0.98700196,0.5388854,0.83369005,0.120678864,0.10772705,9.811432,-0.06703186,0.16563416,9.80455,-0.116256714,0.017044067,0.09799194,-0.025558472,-3.2531738,-29.655457,-24.993896,0,0.0,0.0,0.0,0.0
0.229370117,0.9946013,-0.017858256,-0.102222666,-0.10241442,-0.0101727,-0.9946899,0.016723543,0.99978876,-0.011946722,0.8465061,-0.5222767,-0.103220776,-0.0293556,0.14779997,-0.98858154,0.5315691,0.8398704,0.10978183,0.11251831,9.701294,-0.07661438,0.16400146,9.80455,-0.11715698,0.03303528,0.123550415,-0.043670654,-2.8945923,-30.014038,-22.920227,0,0.0,0.0,0.0,0.0
0.234344483,0.99458015,-0.017675204,-0.1024597,-0.10265157,-0.010311164,-0.99466395,0.01652441,0.9997906,-0.012069666,0.8509616,-0.5155444,-0.10039057,-0.033733606,0.13709581,-0.98998326,0.52414346,0.84582424,0.099272095,0.06463623,9.797058,-0.0909729,0.16204834,9.80455,-0.11836243,0.024505615,0.11717224,-0.036209106,-2.8945923,-30.014038,-22.920227,0,0.0,0.0,0.0,0.0
0.239349365,0.99455273,-0.017438676,-0.10276597,-0.102958314,-0.010513553,-0.99463016,0.016264597,0.99979264,-0.012251739,0.8559359,-0.5081979,-0.09543881,-0.03561984,0.12618424,-0.9913671,0.5158536,0.85194623,0.089903705,0.10772705,9.749176,-0.12449646,0.15950012,9.80455,-0.120147705,0.03303528,0.14486694,-0.039413452,-2.8945923,-30.014038,-22.920227,0,0.0,0.0,0.0,0.0
0.244323731,0.9947941,-0.017265225,-0.10043208,-0.100625746,-0.010738368,-0.9948663,0.016098116,0.99979323,-0.012419792,0.8602716,-0.50128,-0.0930116,-0.039630935,0.11613332,-0.9924426,0.5082934,0.8574563,0.08003999,0.10772705,9.696503,-0.06703186,0.15786743,9.80455,-0.121795654,0.045806885,0.15231323,-0.05432129,-2.8945923,-31.448364,-23.265076,0,0.0,0.0,0.0,0.0
0.249298096,0.99476856,-0.017048398,-0.100722,-0.100916915,-0.010985533,-0.99483424,0.015853846,0.9997943,-0.012648534,0.86455077,-0.4942918,-0.090705335,-0.043402776,0.10637603,-0.9933782,0.5006676,0.86276287,0.07051385,0.16519165,9.806641,-0.0909729,0.1554718,9.80455,-0.1240387,0.04475403,0.1459198,-0.036209106,-2.8945923,-31.448364,-23.265076,0,0.0,0.0,0.0,0.0
0.254302979,0.9947485,-0.016879022,-0.10094845,-0.10114555,-0.011260275,-0.9948079,0.015654678,0.9997941,-0.01290838,0.86945325,-0.4864743,-0.085986115,-0.044665605,0.0959324,-0.9943852,0.49199173,0.86841214,0.06168008,0.24659729,9.888046,-0.29208374,0.15351868,9.80455,-0.12658691,0.057525635,0.14805603,-0.05857849,-2.8945923,-31.448364,-23.265076,0,0.0,0.0,0.0,0.0
0.259277344,0.98939157,-0.0171938,-0.14425193,-0.14445001,-0.010890341,-0.9894521,0.015441489,0.9997929,-0.013258457,0.8735781,-0.479373,-0.0840409,-0.04812123,0.086756356,-0.99506664,0.48429918,0.8733126,0.052720435,0.14125061,9.959869,-0.16279602,0.15142822,9.80455,-0.13002014,0.046875,0.14059448,-0.055389404,-3.970337,-30.37262,-23.61145,0,0.0,0.0,0.0,0.0
0.264251709,0.9893545,-0.016970754,-0.1445326,-0.1447331,-0.011242438,-0.9894069,0.015166081,0.9997928,-0.013578987,0.87758225,-0.4721702,-0.083095126,-0.05218225,0.07821918,-0.9955696,0.47657794,0.87803024,0.044004858,0.06463623,9.92157,-0.39743042,0.14872742,9.80455,-0.13316345,0.080963135,0.1331482,-0.051132202,-3.970337,-30.37262,-23.61145,0,0.0,0.0,0.0,0.0
0.269256592,0.98930997,-0.016703976,-0.14486828,-0.14506891,-0.011493372,-0.98935485,0.014861134,0.9997944,-0.013793734,0.8821358,-0.46417356,-0.07987157,-0.0538773,0.069020994,-0.9961593,0.4679036,0.883051,0.035877474,-0.08378601,9.840164,-0.33039856,0.1457367,9.80455,-0.13526917,0.051132202,0.13847351,-0.057510376,-3.970337,-30.37262,-23.61145,0,0.0,0.0,0.0,0.0
0.274230957,0.99380976,-0.016055664,-0.109928146,-0.110130765,-0.012330577,-0.9938406,0.014601296,0.99979514,-0.014022472,0.88596356,-0.4569405,-0.079208,-0.057651583,0.060952216,-0.9964743,0.46015736,0.88740647,0.0276581,-0.04548645,9.801849,-0.39263916,0.14318848,9.80455,-0.1375122,0.034088135,0.11289978,-0.05218506,-3.074646,-29.833984,-23.439026,0,0.0,0.0,0.0,0.0
0.278900147,0.99378526,-0.015856666,-0.11017823,-0.11038164,-0.012579089,-0.9938096,0.014372568,0.99979514,-0.014251201,0.8897536,-0.44973618,-0.07794869,-0.060637,0.052796174,-0.99676263,0.4523956,0.89159966,0.019704932,-0.05027771,9.835373,-0.40701294,0.14094543,9.80455,-0.13975525,0.029830933,0.102249146,-0.041534424,-3.074646,-29.833984,-23.439026,0,0.0,0.0,0.0,0.0
0.28326416,0.9937608,-0.015658127,-0.11042772,-0.11062987,-0.012689947,-0.9937807,0.014159423,0.99979687,-0.014343029,0.893465,-0.4425158,-0.07681215,-0.06347509,0.04489531,-0.99697304,0.44462484,0.8956362,0.012023659,0.002380371,9.797058,-0.25856018,0.13885498,9.80455,-0.14065552,0.030899048,0.08201599,-0.03727722,-3.074646,-29.833984,-23.439026,0,0.0,0.0,0.0,0.0
0.287628174,0.9937452,-0.015532192,-0.11058597,-0.11078951,-0.01291617,-0.99376005,0.014006925,0.99979603,-0.014556185,0.89744544,-0.43474182,-0.07477422,-0.06513423,0.037055463,-0.99718827,0.43629023,0.89979243,0.0049386835,-0.01675415,9.691727,-0.53630066,0.13735962,9.80455,-0.14274597,0.012786865,0.06390381,-0.03727722,-3.074646,-29.833984,-23.439026,0,0.0,0.0,0.0,0.0
0.291992188,0.9937247,-0.015367599,-0.110792786,-0.11099603,-0.01306939,-0.99373484,0.013823326,0.99979645,-0.014693119,0.90098596,-0.4275071,-0.073905066,-0.06769084,0.029740542,-0.99726295,0.42853498,0.9035227,-0.002142505,0.04548645,9.935928,-0.49798584,0.13555908,9.80455,-0.14408875,0.012786865,0.04472351,-0.025558472,-3.074646,-29.833984,-23.439026,0,0.0,0.0,0.0,0.0
0.296356201,0.9937237,-0.015358999,-0.1108036,-0.111007385,-0.013117158,-0.99373305,0.013809316,0.99979603,-0.014739791,0.9044441,-0.4202738,-0.07315002,-0.07010816,0.022704752,-0.99728096,0.42079192,0.90711325,-0.008929446,0.08378601,9.859314,-0.28729248,0.13542175,9.80455,-0.14454651,0.0010681152,0.008514404,-0.031951904,-3.074646,-29.833984,-23.439026,0,0.0,0.0,0.0,0.0
0.300720215,0.9924737,-0.015396242,-0.121486284,-0.12168902,-0.01299361,-0.99248326,0.013701967,0.99979705,-0.01476937,0.9078181,-0.4130469,-0.072515726,-0.07237241,0.016015757,-0.99724907,0.41307202,0.9105689,-0.0153538035,0.09336853,9.7827,-0.37348938,0.1343689,9.80455,-0.14483643,0.0010681152,-0.012786865,-0.010650635,-3.4332275,-30.909729,-24.130249,0,0.0,0.0,0.0,0.0
0.305084229,0.9924623,-0.015314057,-0.12158993,-0.12179242,-0.013064957,-0.9924696,0.013610168,0.99979734,-0.014831614,0.91119593,-0.40551704,-0.07264896,-0.075081326,0.009929307,-0.99712795,0.40507373,0.91403353,-0.021399213,0.08857727,9.8736725,-0.41178894,0.13346863,9.80455,-0.14544678,-0.013824463,-0.0234375,-0.020233154,-3.4332275,-30.909729,-24.130249,0,0.0,0.0,0.0,0.0
0.309448242,0.9924392,-0.015148142,-0.121799186,-0.12199925,-0.013066826,-0.9924442,0.013442157,0.9997999,-0.014816091,0.91437423,-0.39833918,-0.07242723,-0.07726032,0.003929649,-0.99700326,0.39743003,0.9172298,-0.02718264,-0.03111267,9.806641,-0.24899292,0.13182068,9.80455,-0.14529419,-0.010650635,-0.031951904,-0.015975952,-3.4332275,-30.909729,-24.130249,0,0.0,0.0,0.0,0.0
0.313812256,0.99393046,-0.014818506,-0.10900809,-0.109205045,-0.013201539,-0.99393165,0.013289506,0.99980307,-0.014739666,0.9174644,-0.3911932,-0.072298594,-0.07931613,-0.0017868994,-0.9968479,0.38983095,0.92030686,-0.03266735,0.03111267,9.844955,-0.23461914,0.13032532,9.804703,-0.14454651,-0.011703491,-0.053268433,-0.024490356,-3.074646,-31.26831,-23.783875,0,0.0,0.0,0.0,0.0
0.31817627,0.99392265,-0.014757546,-0.10908723,-0.10928314,-0.01319154,-0.99392307,0.013228836,0.999804,-0.0147241205,0.9204867,-0.3840837,-0.07199992,-0.08101064,-0.007310552,-0.9966864,0.3822846,0.92326933,-0.03784413,0.08378601,9.777908,-0.31602478,0.12973022,9.804703,-0.14439392,-0.026611328,-0.055389404,-0.025558472,-3.074646,-31.26831,-23.783875,0,0.0,0.0,0.0,0.0
0.322540283,0.9939129,-0.01468138,-0.1091861,-0.109380774,-0.013182965,-0.99391246,0.01315261,0.9998053,-0.0147085795,0.92341644,-0.3768396,-0.07276041,-0.083515525,-0.01225689,-0.9964311,0.37460288,0.92619747,-0.04279017,0.12210083,9.768341,-0.2681427,0.12898254,9.804703,-0.14424133,-0.018081665,-0.05645752,-0.010650635,-3.074646,-31.26831,-23.783875,0,0.0,0.0,0.0,0.0
0.326904297,0.98164874,-0.015621209,-0.19005738,-0.19024836,-0.01180079,-0.98166513,0.013091967,0.9998084,-0.014556139,0.92625636,-0.3698327,-0.07261465,-0.08497165,-0.01720857,-0.9962347,0.3671906,0.928939,-0.047364842,0.11730957,9.864105,-0.05265808,0.12838745,9.804703,-0.14274597,-0.015960693,-0.07136536,-0.014907837,-4.8675537,-29.116821,-22.747803,0,0.0,0.0,0.0,0.0
0.331268311,0.98161435,-0.015467131,-0.19024725,-0.19043492,-0.0117188,-0.98162985,0.012953529,0.9998117,-0.014448825,0.92886347,-0.3629188,-0.0741799,-0.08783968,-0.02125738,-0.99590784,0.35985678,0.9315783,-0.051623873,0.17955017,9.797058,-0.04309082,0.12702942,9.804703,-0.14169312,-0.026611328,-0.05859375,-0.012771606,-4.8675537,-29.116821,-22.747803,0,0.0,0.0,0.0,0.0
0.335632324,0.9815775,-0.015301946,-0.19045079,-0.19063625,-0.011733918,-0.98159057,0.012785513,0.99981403,-0.014434855,0.93149835,-0.3555412,-0.076820135,-0.09159248,-0.024877282,-0.9954857,0.35202512,0.9343295,-0.05573805,0.17955017,9.715668,-0.2106781,0.12538147,9.804703,-0.14155579,-0.014892578,-0.061782837,-0.034088135,-4.8675537,-29.116821,-22.747803,0,0.0,0.0,0.0,0.0
0.339996338,0.99156487,-0.014403911,-0.128809,-0.1289932,-0.012683866,-0.99156445,0.012648609,0.9998158,-0.014434881,0.93391305,-0.3487897,-0.0784357,-0.09422375,-0.028504485,-0.9951429,0.3448598,0.93676746,-0.05948499,0.12689209,9.883255,-0.0909729,0.1240387,9.804703,-0.14155579,-0.0095825195,-0.055389404,-0.043670654,-3.4332275,-29.833984,-23.092651,0,0.0,0.0,0.0,0.0
0.344360352,0.99153674,-0.014218184,-0.12904477,-0.12922576,-0.012642121,-0.99153453,0.012466423,0.999819,-0.014372486,0.93391305,-0.3487897,-0.0784357,-0.09422375,-0.028504485,-0.9951429,0.3448598,0.93676746,-0.05948499,0.12689209,9.883255,-0.0909729,0.12225342,9.80484,-0.14094543,-0.0095825195,-0.055389404,-0.043670654,-3.4332275,-29.833984,-23.092651,0,0.0,0.0,0.0,0.0
0.348724365,0.9915041,-0.014001415,-0.12931997,-0.12949891,-0.012729736,-0.9914979,0.012236164,0.99982095,-0.014434753,0.93872327,-0.3354321,-0.079271436,-0.0968792,-0.036060967,-0.9946427,0.33077648,0.94137394,-0.06634766,0.08857727,9.854523,-0.21546936,0.11999512,9.80484,-0.14155579,-0.008514404,-0.055389404,-0.041534424,-3.4332275,-29.833984,-23.092651,0,0.0,0.0,0.0,0.0
0.353088379,0.9809355,-0.0145336725,-0.19378938,-0.19396605,-0.011919225,-0.9809359,0.0119467825,0.9998234,-0.01451103,0.9412208,-0.32811597,-0.080270484,-0.09866025,-0.039760347,-0.9943266,0.32306284,0.94380033,-0.069795266,0.04548645,9.811432,-0.09576416,0.11715698,9.80484,-0.14230347,0.008529663,-0.036224365,-0.04899597,-4.8675537,-29.833984,-22.401428,0,0.0,0.0,0.0,0.0
0.357452393,0.98087984,-0.014300399,-0.19408795,-0.1942619,-0.0119760325,-0.98087656,0.0117025245,0.999826,-0.014525073,0.9432824,-0.32168666,-0.08207263,-0.1010388,-0.042683408,-0.99396646,0.3162426,0.94588363,-0.07276534,0.06942749,9.787491,-0.12927246,0.11476135,9.80484,-0.1424408,0.020248413,-0.020233154,-0.057510376,-4.8675537,-29.833984,-22.401428,0,0.0,0.0,0.0,0.0
0.361816406,0.9808322,-0.014100925,-0.19434327,-0.19451421,-0.011966533,-0.98082674,0.01150495,0.999829,-0.014479992,0.9452647,-0.3153386,-0.08388224,-0.10334219,-0.045474406,-0.9936058,0.3095078,0.94788903,-0.07557313,0.15083313,9.854523,-0.0909729,0.11282349,9.80484,-0.14199829,0.005340576,-0.0063934326,-0.053253174,-4.8675537,-29.833984,-22.401428,0,0.0,0.0,0.0,0.0
0.36618042,0.99382335,-0.012801511,-0.11023358,-0.11040004,-0.013116649,-0.9938008,0.011276254,0.9998321,-0.0144489175,0.9471682,-0.30907574,-0.08569971,-0.10556923,-0.048113797,-0.9932473,0.3028653,0.94981956,-0.07820075,0.07899475,9.859314,-0.12927246,0.110580444,9.80484,-0.14169312,-0.0053253174,0.007446289,-0.050064087,-3.074646,-30.909729,-24.130249,0,0.0,0.0,0.0,0.0
0.370544434,0.99378884,-0.012531958,-0.11057447,-0.11073884,-0.013281913,-0.9937608,0.010985128,0.9998333,-0.014587191,0.94943154,-0.30205503,-0.0856884,-0.10588975,-0.051120106,-0.993063,0.29557928,0.95191884,-0.08051958,0.01675415,9.787491,-0.43572998,0.10772705,9.804993,-0.14305115,-0.0053253174,0.010635376,-0.047927856,-3.074646,-30.909729,-24.130249,0,0.0,0.0,0.0,0.0
0.374908447,0.9937582,-0.012293223,-0.110876374,-0.11103751,-0.01330527,-0.9937272,0.010740869,0.99983597,-0.014587229,0.9513614,-0.29587406,-0.08584887,-0.10639346,-0.054019872,-0.9928556,0.28912267,0.9536983,-0.08287148,0.011962891,9.710876,-0.29208374,0.10533142,9.804993,-0.14305115,0.005340576,0.018096924,-0.057510376,-3.074646,-30.909729,-24.130249,0,0.0,0.0,0.0,0.0
0.379272461,0.9860821,-0.012731128,-0.1657712,-0.16593052,-0.01268084,-0.98605597,0.010451485,0.9998386,-0.014616831,0.95322114,-0.28976926,-0.08604236,-0.10686004,-0.05677318,-0.9926519,0.2827551,0.9554112,-0.08508215,-0.03590393,9.7444,-0.25378418,0.102493286,9.804993,-0.14334106,-0.010650635,0.010635376,-0.050064087,-4.508972,-30.551147,-24.475098,0,0.0,0.0,0.0,0.0
0.383636475,0.98604727,-0.0125491815,-0.16599189,-0.16614948,-0.012770679,-0.98601794,0.010253889,0.9998397,-0.014677532,0.9548948,-0.28380343,-0.0873588,-0.10834785,-0.059089635,-0.99235535,0.27647182,0.9570601,-0.08717387,0.05027771,9.82579,-0.37828064,0.10055542,9.804993,-0.14393616,-0.003189087,0.020233154,-0.055389404,-4.508972,-30.551147,-24.475098,0,0.0,0.0,0.0,0.0
0.388000488,0.98602533,-0.012434849,-0.16613057,-0.16628793,-0.01291314,-0.9859927,0.010115403,0.99983937,-0.014800448,0.95672154,-0.27729106,-0.08828077,-0.10929334,-0.061227974,-0.992122,0.2697013,0.95883304,-0.08888418,-0.03111267,9.792282,-0.31123352,0.09919739,9.804993,-0.1451416,-0.007446289,0.027679443,-0.039413452,-4.508972,-30.551147,-24.475098,0,0.0,0.0,0.0,0.0
0.392364502,0.9872812,-0.012076636,-0.15852435,-0.1586788,-0.013127372,-0.987243,0.009841566,0.9998409,-0.014876714,0.95825565,-0.2715067,-0.08961202,-0.110688105,-0.06330216,-0.99183714,0.26361778,0.96035254,-0.09071221,-0.08857727,9.849731,-0.36390686,0.09651184,9.804993,-0.14588928,0.015991211,0.020233154,-0.022369385,-4.1503906,-31.626892,-23.439026,0,0.0,0.0,0.0,0.0
0.396728516,0.9872488,-0.011913576,-0.15873861,-0.15889084,-0.013151478,-0.9872086,0.009673536,0.9998425,-0.014876738,0.9597471,-0.26578933,-0.090784326,-0.11188704,-0.065330364,-0.9915711,0.25761804,0.96181494,-0.092438996,0.007171631,9.710876,-0.26335144,0.09486389,9.804993,-0.14588928,-0.003189087,0.030883789,-0.04685974,-4.1503906,-31.626892,-23.439026,0,0.0,0.0,0.0,0.0
0.401092529,0.9871944,-0.011641493,-0.15909612,-0.15924439,-0.013160347,-0.9871515,0.009398157,0.9998457,-0.014845665,0.96117663,-0.26015842,-0.09196165,-0.1130424,-0.06723196,-0.99131286,0.25171563,0.96322244,-0.09403073,-0.17955017,9.773117,-0.20111084,0.092163086,9.804993,-0.1455841,-0.008514404,0.026611328,-0.031951904,-4.1503906,-31.626892,-23.439026,0,0.0,0.0,0.0,0.0
0.405456543,0.9889644,-0.011349388,-0.14771833,-0.14786394,-0.013284565,-0.9889185,0.009261246,0.99984735,-0.014816126,0.96274805,-0.2540178,-0.09268807,-0.11360027,-0.06890096,-0.9911345,0.24537951,0.96474224,-0.09519075,-0.15560913,9.76355,-0.19631958,0.09082031,9.804993,-0.14529419,-0.011703491,0.031936646,-0.036209106,-3.970337,-29.655457,-24.302673,0,0.0,0.0,0.0,0.0
0.409820557,0.98893875,-0.011196257,-0.14790101,-0.14804424,-0.013274089,-0.98889154,0.009108634,0.99984914,-0.014784804,0.96408075,-0.24855226,-0.09364879,-0.114463404,-0.07062534,-0.9909138,0.2396799,0.9660403,-0.09653867,-0.15083313,9.76355,-0.27293396,0.08932495,9.805145,-0.14498901,-0.008514404,0.038330078,-0.010650635,-3.970337,-29.655457,-24.302673,0,0.0,0.0,0.0,0.0
0.41418457,0.98893005,-0.011143988,-0.14796336,-0.1481063,-0.013328533,-0.98888165,0.009047951,0.9998491,-0.0148314815,0.965357,-0.24317488,-0.09461409,-0.1152921,-0.07222633,-0.9907023,0.23408028,0.9672897,-0.097760335,-0.06942749,9.821014,-0.25378418,0.08872986,9.805145,-0.14544678,-0.018081665,0.024490356,-0.015975952,-3.970337,-29.655457,-24.302673,0,0.0,0.0,0.0,0.0
0.418548584,0.9866693,-0.011329261,-0.16234346,-0.16248657,-0.013118844,-0.9866236,0.009047956,0.99984974,-0.014784812,0.9665776,-0.23789091,-0.095580995,-0.1160855,-0.07370019,-0.9905011,0.22858688,0.96849173,-0.098852634,0.06463623,9.902405,-0.28250122,0.08872986,9.805145,-0.14498901,-0.008514404,0.0010681152,-0.02130127,-4.1503906,-30.551147,-23.092651,0,0.0,0.0,0.0,0.0
0.422912598,0.98666173,-0.011291866,-0.16239157,-0.16253376,-0.0130788395,-0.98661613,0.009016845,0.99985063,-0.0147397015,0.9676645,-0.23271374,-0.09731278,-0.11752552,-0.07459772,-0.9902641,0.22318874,0.9696801,-0.09953536,-0.007171631,9.897629,-0.3256073,0.08842468,9.805145,-0.14454651,-0.022354126,-0.024505615,0.0010681152,-4.1503906,-30.551147,-23.092651,0,0.0,0.0,0.0,0.0
0.427276611,0.9866558,-0.011262109,-0.16242987,-0.16257083,-0.012990378,-0.9866113,0.009001299,0.9998522,-0.0146479225,0.96874195,-0.22765426,-0.09855211,-0.118519396,-0.075739086,-0.99005896,0.21792689,0.970792,-0.10035308,0.08857727,9.859314,-0.13885498,0.088272095,9.805145,-0.14364624,-0.025543213,-0.0095825195,0.0010681152,-4.1503906,-30.551147,-23.092651,0,0.0,0.0,0.0,0.0
0.431640625,0.9928176,-0.010612569,-0.11916633,-0.11930342,-0.013386176,-0.99276763,0.008940633,0.9998541,-0.014556147,0.9697677,-0.22269624,-0.09978482,-0.11947703,-0.07674754,-0.9898662,0.21278124,0.97186226,-0.10103438,-0.08378601,9.844955,-0.22505188,0.087677,9.805145,-0.14274597,-0.02128601,-0.020233154,-0.003189087,-3.2531738,-31.448364,-24.302673,0,0.0,0.0,0.0,0.0
0.436004639,0.9928114,-0.010569486,-0.11922125,-0.11935666,-0.013268653,-0.9927627,0.008911088,0.9998561,-0.014434811,0.9708496,-0.21776725,-0.10014227,-0.11955199,-0.07783037,-0.98977256,0.20774594,0.9728925,-0.101596095,-0.04548645,9.801849,-0.004776001,0.087387085,9.805145,-0.14155579,-0.027679443,-0.02130127,0.0,-3.2531738,-31.448364,-24.302673,0,0.0,0.0,0.0,0.0
0.440368652,0.9928083,-0.010547,-0.11924993,-0.11938448,-0.01320843,-0.99276024,0.008895537,0.9998571,-0.014372586,0.97181934,-0.2130038,-0.100978345,-0.1200518,-0.07856684,-0.9896539,0.2028665,0.9738874,-0.10192427,0.05984497,9.749176,-0.1771698,0.0872345,9.805145,-0.14094543,-0.012756348,-0.026626587,0.005340576,-3.2531738,-31.448364,-24.302673,0,0.0,0.0,0.0,0.0
0.444732666,0.9898322,-0.010832427,-0.1418266,-0.14196026,-0.012767052,-0.9897899,0.008911121,0.99985975,-0.014175015,0.9728063,-0.20827447,-0.10133961,-0.12008768,-0.079405315,-0.98958254,0.19805789,0.9748418,-0.102257185,0.03111267,9.758759,0.05744934,0.087387085,9.805145,-0.13900757,-0.01914978,-0.014907837,0.0,-3.791809,-30.551147,-24.130249,0,0.0,0.0,0.0,0.0
0.44909668,0.989829,-0.010812923,-0.1418508,-0.14198393,-0.012738202,-0.989787,0.008895566,0.99986035,-0.014143903,0.9736914,-0.20368828,-0.1021575,-0.120551676,-0.08001264,-0.9894772,0.19337103,0.97576076,-0.10246259,0.03590393,9.572006,-0.04309082,0.0872345,9.805145,-0.1387024,-0.025543213,-0.024505615,0.007461548,-3.791809,-30.551147,-24.130249,0,0.0,0.0,0.0,0.0
0.453460694,0.9898233,-0.010778474,-0.14189352,-0.14202595,-0.012712903,-0.9897814,0.008864453,0.9998611,-0.01411435,0.9745094,-0.19925,-0.10310584,-0.12110704,-0.080345616,-0.9893825,0.18885036,0.9766494,-0.10242814,0.026321411,9.797058,-0.06703186,0.08692932,9.805145,-0.13841248,-0.010650635,-0.0063934326,0.004272461,-3.791809,-30.551147,-24.130249,0,0.0,0.0,0.0,0.0
0.457824707,0.9866911,-0.010998553,-0.16223317,-0.16236538,-0.012431794,-0.9866523,0.0088348985,0.9998622,-0.014052126,0.9753129,-0.19485444,-0.10390636,-0.1215339,-0.080775894,-0.9892951,0.1843754,0.9775004,-0.10246319,0.01675415,9.76355,0.03829956,0.086639404,9.805145,-0.13780212,-0.007446289,-0.012786865,0.007461548,-4.3304443,-30.014038,-24.302673,0,0.0,0.0,0.0,0.0
0.462188721,0.9866836,-0.010958155,-0.16228174,-0.1624137,-0.012469539,-0.98664397,0.008788219,0.9998622,-0.014083245,0.97602725,-0.19058734,-0.10510531,-0.122345656,-0.08104043,-0.98917335,0.18000616,0.9783194,-0.102415204,-0.04069519,9.835373,-0.2106781,0.08618164,9.805145,-0.1381073,-0.003189087,0.011703491,-0.0010528564,-4.3304443,-30.014038,-24.302673,0,0.0,0.0,0.0,0.0
0.466552735,0.9866855,-0.010968305,-0.16226953,-0.16240133,-0.012436447,-0.98664635,0.008803781,0.99986243,-0.014052129,0.97670615,-0.18640864,-0.106286705,-0.1231364,-0.08124235,-0.9890587,0.17573409,0.9791075,-0.1023036,0.12689209,9.787491,-0.0909729,0.08633423,9.805145,-0.13780212,0.0138549805,-0.0010681152,-0.007446289,-4.3304443,-30.014038,-24.302673,0,0.0,0.0,0.0,0.0
0.470916748,0.9944748,-0.010262049,-0.10447167,-0.10460202,-0.013113373,-0.99442756,0.008834891,0.9998613,-0.014114353,0.9773332,-0.18242459,-0.10742998,-0.12394443,-0.08164941,-0.98892426,0.1716325,0.97982377,-0.102409184,0.15083313,9.730026,-0.2681427,0.086639404,9.805145,-0.13841248,0.018112183,-0.0021362305,0.004272461,-2.7160645,-31.626892,-22.747803,0,0.0,0.0,0.0,0.0
0.475280762,0.9944627,-0.010170779,-0.10459712,-0.10472611,-0.013106235,-0.99441475,0.008743096,0.9998623,-0.014098807,0.9780885,-0.1783347,-0.10742256,-0.12355006,-0.08190838,-0.98895216,0.16756567,0.9805548,-0.10214691,-0.14125061,9.811432,-0.08618164,0.085739136,9.805145,-0.13825989,-0.010650635,0.006378174,0.0032043457,-2.7160645,-31.626892,-22.747803,0,0.0,0.0,0.0,0.0
