Time,Rot1,Rot2,Rot3,Rot4,Rot5,Rot6,Rot7,Rot8,Rot9,FRot1,FRot2,FRot3,FRot4,FRot5,FRot6,FRot7,FRot8,FRot9,AccX,AccY,AccZ,GravX,GravY,GravZ,GyroX,GyroY,GyroZ,MagX,MagY,MagZ,Imid
0.0,0.0,0.0,0.0,0.0,0.0,0.0,0.0,0.0,0.0,0.0,0.0,0.0,0.0,0.0,0.0,0.0,0.0,0.0,-0.03590393,9.818619,-0.21307373,-0.017196655,9.803955,-0.2280426,0.0,0.0,0.0,0.0,0.0,0.0,0,0.0,0.0,0.0,0.0
0.004425049,0.9962191,0.0037817957,0.086794786,0.08685912,-0.023012469,-0.9959548,-0.0017691355,0.999728,-0.02325394,1.0,0.0,0.0,0.0,1.0,0.0,0.0,0.0,1.0,-0.05027771,9.885651,-0.2609558,-0.017349243,9.803955,-0.2280426,0.0,0.0,0.0,1.7578125,-33.076477,-18.734741,0,0.0,0.0,0.0,0.0
0.008850098,0.9962192,0.0037830938,0.08679251,0.0868569,-0.02302797,-0.99595463,-0.0017691349,0.9997277,-0.023269493,0.9964632,0.05951043,0.05932709,-0.057534315,0.9977479,-0.034479786,-0.06124539,0.03094449,0.99764293,-0.026321411,9.928741,-0.24659729,-0.017349243,9.803955,-0.22819519,-0.009567261,0.009597778,-0.0032043457,1.7578125,-33.076477,-18.734741,0,0.0,0.0,0.0,0.0
0.013244629,0.99622387,0.003814065,0.086738266,0.08680341,-0.02303941,-0.9959589,-0.0018002534,0.9997272,-0.023283483,0.98661494,0.11746368,0.1131074,-0.10945345,0.9911871,-0.07462007,-0.12087573,0.061241273,0.9907768,-0.09336853,9.856918,-0.2753296,-0.017654419,9.803955,-0.22833252,-0.011703491,0.007461548,-0.0010681152,1.7578125,-33.076477,-18.734741,0,0.0,0.0,0.0,0.0
0.017669678,0.99833035,0.0031419296,0.05767726,0.057734717,-0.023156302,-0.99806345,-0.0018002528,0.99972695,-0.023299037,0.97154415,0.17361799,0.16111758,-0.15545599,0.9806137,-0.11929074,-0.17870511,0.09084951,0.9796994,0.002380371,9.756363,-0.24180603,-0.017654419,9.803955,-0.2284851,-0.0010528564,0.009597778,-0.0053253174,1.2191772,-33.972168,-19.252014,0,0.0,0.0,0.0,0.0
0.022094727,0.99833137,0.0031528652,0.05765803,0.05771567,-0.023110531,-0.9980656,-0.0018142585,0.999728,-0.02325394,0.95227516,0.22813696,0.2027944,-0.19580545,0.9662286,-0.16751847,-0.23416293,0.119815424,0.964786,-0.06942749,9.923965,-0.13166809,-0.017791748,9.803955,-0.2280426,-0.018081665,0.009597778,0.004257202,1.2191772,-33.972168,-19.252014,0,0.0,0.0,0.0,0.0
0.026489258,0.9983315,0.0031537272,0.057656515,0.057714194,-0.02312606,-0.9980653,-0.0018142577,0.9997276,-0.02326949,0.929867,0.28028354,0.2383031,-0.2299554,0.94842297,-0.21820703,-0.287172,0.14810446,0.94636,-0.02154541,9.818619,-0.28012085,-0.017791748,9.803955,-0.22819519,0.0032043457,0.012771606,0.0,1.2191772,-33.972168,-19.252014,0,0.0,0.0,0.0,0.0
0.030914307,0.99998975,0.0019106803,0.0041141845,0.004157606,-0.023306886,-0.99971974,-0.0018142558,0.99972653,-0.023314588,0.905258,0.32977965,0.26786816,-0.25799233,0.9276153,-0.27012932,-0.33756176,0.1754288,0.9248118,-0.02154541,9.943115,-0.33277893,-0.017791748,9.803955,-0.2286377,-0.01914978,0.0,0.003189087,0.14343262,-33.613586,-19.252014,0,0.0,0.0,0.0,0.0
0.035308838,0.99998975,0.0019106803,0.0041141845,0.004157606,-0.023306886,-0.99971974,-0.0018142558,0.99972653,-0.023314588,0.87896144,0.377699,0.29115328,-0.2811538,0.9035462,-0.32335252,-0.38520035,0.20235553,0.90037376,-0.026321411,9.914383,-0.23222351,-0.017791748,9.803955,-0.2286377,-0.0084991455,0.0021362305,0.0021362305,0.14343262,-33.613586,-19.252014,0,0.0,0.0,0.0,0.0
0.039733887,0.99998957,0.0018972205,0.0041376837,0.004180785,-0.023306895,-0.9997195,-0.0018002521,0.99972653,-0.023314588,0.85201234,0.42276382,0.3087811,-0.29866603,0.8769347,-0.37654233,-0.4299693,0.22859627,0.87342435,0.011962891,9.847351,-0.24180603,-0.017654419,9.803955,-0.2286377,-0.009567261,-0.0063934326,0.0010681152,0.14343262,-33.613586,-19.252014,0,0.0,0.0,0.0,0.0
0.044158936,0.99588037,0.0038204535,0.09059682,0.090660945,-0.022955492,-0.99561733,-0.0017240144,0.9997292,-0.023207288,0.82507145,0.464907,0.3211209,-0.3108976,0.8480967,-0.42903906,-0.47180486,0.25415215,0.8442789,0.10772705,9.923965,-0.20828247,-0.016906738,9.803955,-0.22758484,-0.0084991455,0.0021362305,0.0010681152,1.9363403,-31.820679,-19.943237,0,0.0,0.0,0.0,0.0
0.048553467,0.99588174,0.0038299675,0.09058177,0.09064604,-0.022909367,-0.9956198,-0.0017380199,0.9997302,-0.023162188,0.7993442,0.5025128,0.32943845,-0.3169254,0.8183939,-0.47936386,-0.51049685,0.2787693,0.8134375,-0.06942749,9.895233,-0.10772705,-0.017044067,9.803955,-0.22714233,-0.022354126,-0.013839722,0.0063934326,1.9363403,-31.820679,-19.943237,0,0.0,0.0,0.0,0.0
0.052978516,0.99588466,0.0038515858,0.09054757,0.09061248,-0.022983974,-0.9956209,-0.0017535764,0.9997284,-0.023238389,0.77455866,0.5374523,0.3334726,-0.318613,0.7869885,-0.52833223,-0.54639244,0.3029756,0.78080803,-0.02154541,9.8138275,-0.42855835,-0.017196655,9.803955,-0.22789001,-0.006378174,-0.004257202,0.003189087,1.9363403,-31.820679,-19.943237,0,0.0,0.0,0.0,0.0
0.057373047,0.99501085,0.00403751,0.09968436,0.09975119,-0.022995468,-0.9947466,-0.0017240114,0.9997274,-0.023283489,0.7512017,0.5695327,0.33365935,-0.31642735,0.75433743,-0.5751946,-0.57928383,0.3265082,0.7468752,0.03111267,9.789886,-0.32321167,-0.016906738,9.803955,-0.22833252,0.010665894,-0.013839722,-0.0010681152,2.116394,-33.43506,-19.770813,0,0.0,0.0,0.0,0.0
0.061798096,0.99500775,0.0040182676,0.09971655,0.099782854,-0.022952018,-0.9947444,-0.0017084534,0.99972844,-0.02323839,0.72959477,0.59867764,0.33057,-0.3106957,0.72077906,-0.61963356,-0.60922873,0.34937474,0.7118832,0.01675415,9.990997,-0.10772705,-0.01675415,9.803955,-0.22789001,-0.006378174,-0.010650635,-0.004257202,2.116394,-33.43506,-19.770813,0,0.0,0.0,0.0,0.0
0.066223145,0.9950053,0.0040033576,0.09974151,0.099807456,-0.02295347,-0.9947419,-0.0016928938,0.99972844,-0.02323839,0.70998263,0.62513506,0.3242386,-0.30213743,0.686296,-0.6615971,-0.63611126,0.37175786,0.676135,0.02154541,9.809036,-0.25138855,-0.016601563,9.803955,-0.22789001,0.014923096,-0.012771606,0.0,2.116394,-33.43506,-19.770813,0,0.0,0.0,0.0,0.0
0.070617676,0.9997398,0.0022347225,0.022698825,0.02274449,-0.02313293,-0.9994736,-0.0017084558,0.9997299,-0.02317774,0.6923646,0.648815,0.31570625,-0.2909218,0.6514162,-0.70072925,-0.6602998,0.39331427,0.6397719,0.05984497,9.9479065,-0.3375702,-0.01675415,9.803955,-0.22729492,-0.009567261,-0.017044067,0.007461548,0.50201416,-32.53784,-18.907166,0,0.0,0.0,0.0,0.0
0.075042725,0.99973875,0.0022057816,0.022748606,0.022793664,-0.023178618,-0.9994714,-0.0016773348,0.9997289,-0.023222841,0.6923646,0.648815,0.31570625,-0.2909218,0.6514162,-0.70072925,-0.6602998,0.39331427,0.6397719,0.05984497,9.9479065,-0.3375702,-0.016448975,9.803955,-0.22773743,-0.009567261,-0.017044067,0.007461548,0.50201416,-32.53784,-18.907166,0,0.0,0.0,0.0,0.0
0.079467774,0.99973494,0.0021026956,0.022925906,0.02296843,-0.023120027,-0.9994688,-0.0015715314,0.9997305,-0.023162195,0.66284776,0.6901552,0.2903767,-0.26457626,0.5786852,-0.77144206,-0.70045143,0.4345219,0.56617886,0.13166809,9.8138275,-0.2753296,-0.015411377,9.803955,-0.22714233,0.0032043457,-0.0010528564,0.007461548,0.50201416,-32.53784,-18.907166,0,0.0,0.0,0.0,0.0
0.083862305,0.9943699,0.004016376,0.10588851,0.105953,-0.022865383,-0.99410826,-0.0015715314,0.9997305,-0.023162195,0.6516654,0.70677996,0.27530766,-0.24932043,0.5423865,-0.80228186,-0.71636,0.45417953,0.52966917,-0.02154541,9.823395,-0.21307373,-0.015411377,9.803955,-0.22714233,-0.014892578,-0.024490356,0.010650635,2.2949219,-33.255005,-20.289612,0,0.0,0.0,0.0,0.0
0.088287354,0.9943674,0.0040014563,0.10591268,0.10597682,-0.022866935,-0.99410564,-0.0015559717,0.9997305,-0.023162195,0.64286435,0.72027206,0.2606406,-0.23171224,0.50719315,-0.8300991,-0.7300923,0.47324753,0.49295226,-0.011962891,9.909592,-0.16519165,-0.015258789,9.803955,-0.22714233,0.008529663,-0.019165039,0.004257202,2.2949219,-33.255005,-20.289612,0,0.0,0.0,0.0,0.0
0.092681885,0.9943669,0.0039982777,0.10591783,0.10598184,-0.022835989,-0.9941058,-0.0015559728,0.99973124,-0.023131093,0.64286435,0.72027206,0.2606406,-0.23171224,0.50719315,-0.8300991,-0.7300923,0.47324753,0.49295226,-0.011962891,9.909592,-0.16519165,-0.015258789,9.803955,-0.22683716,0.008529663,-0.019165039,0.004257202,2.2949219,-33.255005,-20.289612,0,0.0,0.0,0.0,0.0
0.097106934,0.9943649,0.003986536,0.10593685,0.10600063,-0.022868488,-0.9941031,-0.001540412,0.9997305,-0.023162195,0.6285908,0.74792594,0.21326141,-0.1760001,0.4038909,-0.8977171,-0.75756025,0.5267627,0.38551715,0.011962891,9.809036,-0.2896881,-0.015106201,9.803955,-0.22714233,-0.0010528564,-0.015975952,-0.0138549805,2.2949219,-33.255005,-20.289612,0,0.0,0.0,0.0,0.0
0.101531983,0.99436206,0.003970026,0.105963595,0.10602698,-0.022854568,-0.9941006,-0.0015248529,0.99973094,-0.023146646,0.6285908,0.74792594,0.21326141,-0.1760001,0.4038909,-0.8977171,-0.75756025,0.5267627,0.38551715,0.02154541,9.900009,-0.20828247,-0.014953613,9.803955,-0.22698975,-0.0010528564,-0.015975952,-0.0138549805,2.2949219,-33.255005,-20.289612,0,0.0,0.0,0.0,0.0
0.105926514,0.9943604,0.0039598765,0.10598004,0.10604326,-0.022902545,-0.99409777,-0.0015092916,0.9997299,-0.0231933,0.627586,0.7531501,0.19723278,-0.15703766,0.37058577,-0.9154263,-0.76254505,0.54353577,0.35084736,0.026321411,9.828186,-0.3375702,-0.014801025,9.803955,-0.22744751,0.004272461,0.004272461,0.0,2.2949219,-33.255005,-20.289612,0,0.0,0.0,0.0,0.0
0.110351563,0.99816626,0.0029104925,0.060462963,0.06051415,-0.023073481,-0.9979006,-0.001509291,0.99972945,-0.023207294,0.6282302,0.7565891,0.18138294,-0.13826482,0.3379886,-0.93093854,-0.76564336,0.5597648,0.3169443,-0.002380371,9.871292,-0.25138855,-0.014801025,9.803955,-0.22758484,-0.0010528564,-0.0021209717,0.003189087,1.2191772,-32.53784,-18.560791,0,0.0,0.0,0.0,0.0
0.114746094,0.9981678,0.0029254248,0.06043689,0.06048843,-0.023072615,-0.9979022,-0.0015248507,0.99972945,-0.023207294,0.6302485,0.7586889,0.16485749,-0.12043466,0.30530247,-0.94460887,-0.76699567,0.57548374,0.28378883,-0.05984497,9.799454,-0.24180603,-0.014953613,9.803955,-0.22758484,0.01171875,0.0,-0.0032043457,1.2191772,-32.53784,-18.560791,0,0.0,0.0,0.0,0.0
0.119171143,0.99816364,0.0028865556,0.060504753,0.06055549,-0.023151211,-0.9978962,-0.0014797251,0.9997278,-0.023283498,0.6337211,0.75908697,0.14894497,-0.10306677,0.27368274,-0.95628184,-0.76666474,0.5906647,0.2516752,0.09336853,9.799454,-0.4381256,-0.014511108,9.803955,-0.22833252,0.0032043457,0.008529663,0.0021362305,1.2191772,-32.53784,-18.560791,0,0.0,0.0,0.0,0.0
0.123596192,0.9991373,0.0024733148,0.04145578,0.04150206,-0.023186857,-0.99886936,-0.0015092889,0.9997281,-0.0232695,0.6384489,0.7579819,0.13359044,-0.086270556,0.24295262,-0.96619433,-0.764814,0.6053408,0.22050437,-0.09336853,9.837769,-0.17955017,-0.014801025,9.803955,-0.22819519,-0.004257202,0.0063934326,0.003189087,0.8605957,-30.744934,-18.907166,0,0.0,0.0,0.0,0.0
0.127990723,0.99913716,0.0024714493,0.04145881,0.04150498,-0.023140235,-0.9988704,-0.0015092905,0.9997292,-0.023222847,0.6442816,0.75554734,0.11853054,-0.07040344,0.21292008,-0.97452986,-0.761541,0.6195266,0.19037363,-0.03590393,9.847351,-0.10293579,-0.014801025,9.803955,-0.22773743,-0.0021209717,0.010650635,0.0010681152,0.8605957,-30.744934,-18.907166,0,0.0,0.0,0.0,0.0
0.132415772,0.999138,0.002484012,0.04143842,0.041484788,-0.023079041,-0.9988726,-0.0015248522,0.9997305,-0.023162195,0.65103585,0.7518294,0.10442658,-0.055086553,0.18401168,-0.9813793,-0.75704545,0.63316053,0.16121389,-0.03111267,9.818619,-0.08378601,-0.014953613,9.803955,-0.22714233,-0.0074310303,0.012771606,-0.004257202,0.8605957,-30.744934,-18.907166,0,0.0,0.0,0.0,0.0
0.136840821,0.9978418,0.003071683,0.065592326,0.06564577,-0.022994626,-0.9975779,-0.0015559722,0.99973077,-0.023146642,0.65873677,0.74686515,0.09087563,-0.040764585,0.15603778,-0.98690957,-0.7512683,0.6464091,0.13323346,-0.10772705,9.900009,-0.16998291,-0.015258789,9.803955,-0.22698975,-0.004257202,0.004272461,0.0021362305,1.399231,-32.359314,-19.770813,0,0.0,0.0,0.0,0.0
0.141235352,0.99784935,0.0031450267,0.06547281,0.06552798,-0.022989994,-0.9975858,-0.0016322146,0.9997307,-0.02314664,0.6671893,0.7407266,0.078629166,-0.026959985,0.12950209,-0.9912126,-0.74440014,0.65920657,0.106372386,-0.01675415,9.713272,-0.28489685,-0.01600647,9.803955,-0.22698975,-0.0074310303,0.012771606,0.004257202,1.399231,-32.359314,-19.770813,0,0.0,0.0,0.0,0.0
0.145660401,0.99784946,0.0031460086,0.06547121,0.06552642,-0.023005517,-0.99758554,-0.001632214,0.99973035,-0.023162192,0.67624766,0.7336,0.06723184,-0.014028192,0.10407121,-0.9944709,-0.7365408,0.6715655,0.08066899,-0.02154541,9.84256,-0.22744751,-0.01600647,9.803955,-0.22714233,-0.003189087,0.017028809,-0.019180298,1.399231,-32.359314,-19.770813,0,0.0,0.0,0.0,0.0
0.150054932,0.99729764,0.0033385393,0.07339175,0.073449165,-0.022902668,-0.997036,-0.0016477767,0.99973214,-0.023085989,0.6858411,0.725524,0.056893934,-0.0017359033,0.0798084,-0.9968087,-0.7277493,0.6835536,0.05599531,-0.07421875,9.832977,-0.15560913,-0.016159058,9.803955,-0.22639465,-0.006378174,0.012771606,0.0053253174,1.5777588,-32.896423,-19.943237,0,0.0,0.0,0.0,0.0
0.154479981,0.99729383,0.00330642,0.07344443,0.07350104,-0.022873761,-0.99703276,-0.0016166584,0.99973285,-0.023054887,0.6957674,0.7167059,0.047331978,0.009583425,0.056628544,-0.99834925,-0.7182032,0.69507253,0.032531798,0.07421875,9.756363,-0.12689209,-0.015853882,9.803955,-0.22608948,-0.0084991455,0.023422241,0.0010681152,1.5777588,-32.896423,-19.943237,0,0.0,0.0,0.0,0.0
0.15890503,0.99729383,0.00330642,0.07344443,0.07350104,-0.022873761,-0.99703276,-0.0016166584,0.99973285,-0.023054887,0.7059789,0.707181,0.038585074,0.020066623,0.034485847,-0.9992037,-0.7079485,0.706191,0.010155547,-0.002380371,9.86171,-0.25138855,-0.015853882,9.803955,-0.22608948,-0.0053253174,0.012771606,-0.004257202,1.5777588,-32.896423,-19.943237,0,0.0,0.0,0.0,0.0
0.163299561,0.99729216,0.0032925631,0.07346716,0.07352347,-0.02289034,-0.9970307,-0.0016010982,0.99973255,-0.02307044,0.7059789,0.707181,0.038585074,0.020066623,0.034485847,-0.9992037,-0.7079485,0.706191,0.010155547,-0.002380371,9.86171,-0.25138855,-0.015701294,9.803955,-0.22624207,-0.0053253174,0.012771606,-0.004257202,1.5777588,-32.896423,-19.943237,0,0.0,0.0,0.0,0.0
0.16772461,0.9991142,0.0025499836,0.04200282,0.042050265,-0.022891732,-0.9988531,-0.0015855416,0.9997346,-0.022978684,0.7269354,0.6863024,0.023536703,0.038670238,-0.0066912053,-0.99922967,-0.6856162,0.7272855,-0.03140355,-0.03111267,9.962265,-0.17477417,-0.015548706,9.803955,-0.2253418,0.0,0.0053253174,0.0010681152,0.8605957,-31.462097,-18.560791,0,0.0,0.0,0.0,0.0
0.172119141,0.9991152,0.0025643872,0.041978452,0.042026218,-0.02287716,-0.99885464,-0.0016011022,0.99973506,-0.02296469,0.7269354,0.6863024,0.023536703,0.038670238,-0.0066912053,-0.99922967,-0.6856162,0.7272855,-0.03140355,-0.03111267,9.962265,-0.17477417,-0.015701294,9.803955,-0.22520447,0.0,0.0053253174,0.0010681152,0.8605957,-31.462097,-18.560791,0,0.0,0.0,0.0,0.0
0.17654419,0.9997687,0.0021242695,0.021405159,0.02144829,-0.02293843,-0.9995068,-0.001632221,0.9997346,-0.022978684,0.74817127,0.6634274,0.010186143,0.05314231,-0.044613715,-0.9975898,-0.66137403,0.74690944,-0.06863477,-0.10293579,9.880859,-0.2753296,-0.01600647,9.803955,-0.2253418,-0.004257202,0.0021362305,0.007461548,0.50201416,-31.820679,-20.289612,0,0.0,0.0,0.0,0.0
0.180969239,0.99976814,0.0021092496,0.021428699,0.021471478,-0.022938713,-0.9995062,-0.0016166612,0.9997346,-0.022978684,0.75875336,0.65136474,0.004173048,0.058971733,-0.062311232,-0.99631304,-0.64870316,0.7562019,-0.08569096,0.007171631,9.713272,-0.20828247,-0.015853882,9.803955,-0.2253418,0.007461548,0.009597778,-0.007461548,0.50201416,-31.820679,-20.289612,0,0.0,0.0,0.0,0.0
0.18536377,0.9997677,0.0020942297,0.021452246,0.021494675,-0.022938998,-0.9995057,-0.0016011015,0.9997346,-0.022978684,0.7690779,0.639154,-0.0011283383,0.06433478,-0.07916858,-0.99478304,-0.6359089,0.76499313,-0.10200664,0.04548645,9.823395,-0.23222351,-0.015701294,9.803955,-0.2253418,0.009597778,0.011703491,-0.014907837,0.50201416,-31.820679,-20.289612,0,0.0,0.0,0.0,0.0
0.189788819,0.9987645,0.0027733475,0.049615152,0.049665794,-0.022915909,-0.99850297,-0.0016322193,0.99973357,-0.02302534,0.7794187,0.6264762,-0.005841762,0.06884925,-0.094918,-0.99310136,-0.6227089,0.77363956,-0.11711328,-0.12689209,9.832977,-0.32321167,-0.01600647,9.803955,-0.22579956,0.0032043457,0.0,0.004257202,1.0406494,-33.43506,-19.07959,0,0.0,0.0,0.0,0.0
0.19418335,0.99876344,0.0027605563,0.049637508,0.04968792,-0.022961663,-0.99850076,-0.0016166578,0.9997325,-0.023070438,0.78952944,0.6136408,-0.009395361,0.073202506,-0.10936232,-0.99130285,-0.60933137,0.781975,-0.13126482,0.03590393,9.708481,-0.35194397,-0.015853882,9.803955,-0.22624207,0.0,0.0063934326,-0.0021362305,1.0406494,-33.43506,-19.07959,0,0.0,0.0,0.0,0.0
0.198608399,0.998761,0.0027306688,0.04968975,0.04973946,-0.022963071,-0.99849826,-0.0015855384,0.99973255,-0.02307044,0.799338,0.60075676,-0.012253329,0.077225074,-0.12293237,-0.9894059,-0.59589857,0.78992337,-0.144658,0.07421875,9.895233,-0.25138855,-0.015548706,9.803955,-0.22624207,0.0010681152,0.012771606,-0.008529663,1.0406494,-33.43506,-19.07959,0,0.0,0.0,0.0,0.0
0.203033448,0.9969092,0.0033807985,0.07848894,0.078546,-0.022906793,-0.99664724,-0.0015715336,0.9997319,-0.023101544,0.8089872,0.5876407,-0.0147681385,0.08050388,-0.1356439,-0.98748153,-0.58228755,0.7976711,-0.15704153,-0.011962891,9.9479065,-0.28012085,-0.015411377,9.803955,-0.22654724,0.0021362305,0.012771606,-0.0021362305,1.5777588,-34.33075,-18.560791,0,0.0,0.0,0.0,0.0
0.207427979,0.99691147,0.003396423,0.07846023,0.07851771,-0.022935249,-0.9966489,-0.0015855363,0.99973124,-0.023131093,0.8183209,0.574532,-0.016248375,0.08377366,-0.1471935,-0.9855537,-0.5686237,0.80513793,-0.16858214,-0.05027771,9.8138275,-0.31362915,-0.015548706,9.803955,-0.22683716,0.0063934326,0.0,-0.0053253174,1.5777588,-34.33075,-18.560791,0,0.0,0.0,0.0,0.0
0.211853028,0.9969151,0.0034228,0.078411765,0.07846979,-0.022888009,-0.9966537,-0.0016166574,0.9997322,-0.02308599,0.8273658,0.5613966,-0.017309994,0.08659519,-0.15795028,-0.9836427,-0.5549478,0.8123334,-0.17929691,-0.09336853,9.789886,-0.10293579,-0.015853882,9.803955,-0.22639465,-0.010635376,0.0010681152,-0.0021362305,1.5777588,-34.33075,-18.560791,0,0.0,0.0,0.0,0.0
0.216278076,0.99619293,0.003606788,0.08710131,0.08716125,-0.022858642,-0.9959319,-0.0016010976,0.9997322,-0.02308599,0.83618605,0.5481543,-0.01788205,0.08906402,-0.1678911,-0.98177403,-0.5411658,0.8193531,-0.18920903,0.01675415,9.852127,-0.22265625,-0.015701294,9.803955,-0.22639465,-0.003189087,0.0053253174,0.008514404,1.7578125,-33.076477,-18.734741,0,0.0,0.0,0.0,0.0
0.220672608,0.9961887,0.0035784678,0.08715091,0.087210186,-0.022861045,-0.9959276,-0.0015715342,0.99973226,-0.023085993,0.84460145,0.5350914,-0.01804185,0.09124106,-0.17705882,-0.9799619,-0.52756363,0.8260311,-0.19836643,0.06463623,9.832977,-0.21307373,-0.015411377,9.803955,-0.22639465,-0.010635376,0.009597778,-0.0010681152,1.7578125,-33.076477,-18.734741,0,0.0,0.0,0.0,0.0
0.225097657,0.99618727,0.0035686495,0.08716811,0.08722725,-0.02292276,-0.9959246,-0.0015559722,0.99973077,-0.023146642,0.85270476,0.52208656,-0.017892867,0.09307864,-0.1855472,-0.97821707,-0.514034,0.83246493,-0.2068121,0.03111267,9.775513,-0.38545227,-0.015258789,9.803955,-0.22698975,-0.0021209717,0.0063934326,0.0053253174,1.7578125,-33.076477,-18.734741,0,0.0,0.0,0.0,0.0
0.229492188,0.99925387,0.0024476622,0.038545206,0.03859148,-0.023069397,-0.9989886,-0.0015559722,0.99973077,-0.023146642,0.86049145,0.5091655,-0.017464995,0.09460536,-0.19338033,-0.97655207,-0.500604,0.8386624,-0.21457191,-0.002380371,9.890442,-0.24180603,-0.015258789,9.803955,-0.22698975,-0.011703491,0.0010681152,-0.008529663,0.8605957,-31.820679,-20.289612,0,0.0,0.0,0.0,0.0
0.233917237,0.99925286,0.002432073,0.038569614,0.038615502,-0.023054399,-0.99898803,-0.0015404131,0.99973124,-0.023131093,0.86799735,0.49625498,-0.01765138,0.09497532,-0.20080143,-0.9750172,-0.48740152,0.8446359,-0.2214271,0.002380371,9.852127,-0.16998291,-0.015106201,9.803955,-0.22683716,-0.015960693,-0.003189087,-0.0063934326,0.8605957,-31.820679,-20.289612,0,0.0,0.0,0.0,0.0
0.238342285,0.9992529,0.002431552,0.038570434,0.038616292,-0.023040412,-0.99898845,-0.0015404137,0.9997316,-0.023117097,0.87524223,0.48336163,-0.017681897,0.09512389,-0.20785718,-0.9735229,-0.47423896,0.8503863,-0.22790462,-0.03111267,9.933533,-0.21786499,-0.015106201,9.803955,-0.22669983,-0.011703491,-0.018096924,-0.0021362305,0.8605957,-31.820679,-20.289612,0,0.0,0.0,0.0,0.0
0.242736817,0.99909663,0.0025371257,0.04241981,0.042467114,-0.023059728,-0.99883157,-0.0015559722,0.99973077,-0.023146642,0.8821709,0.47060442,-0.01749149,0.09504464,-0.21429825,-0.9721331,-0.46123853,0.8559251,-0.23377612,-0.03590393,9.823395,-0.29927063,-0.015258789,9.803955,-0.22698975,-0.0084991455,-0.007446289,0.0,0.8605957,-34.33075,-18.215942,0,0.0,0.0,0.0,0.0
0.247161866,0.99909794,0.002553293,0.0423894,0.04243714,-0.023090223,-0.9988323,-0.0015715308,0.9997301,-0.023177747,0.88877845,0.45802063,-0.017029643,0.094830304,-0.22011328,-0.9708539,-0.44841957,0.8612591,-0.23906618,-0.04069519,9.880859,-0.28489685,-0.015411377,9.803955,-0.22729492,-0.012756348,-0.007446289,-0.008529663,0.8605957,-34.33075,-18.215942,0,0.0,0.0,0.0,0.0
0.251556397,0.999098,0.0025539252,0.042388212,0.04243599,-0.023105765,-0.998832,-0.0015715302,0.99972975,-0.023193298,0.8950195,0.44571733,-0.01661709,0.094242126,-0.22539425,-0.9696988,-0.43595698,0.86633337,-0.2437376,-0.05505371,9.914383,-0.29447937,-0.015411377,9.803955,-0.22744751,0.0021362305,-0.013839722,-0.007461548,0.8605957,-34.33075,-18.215942,0,0.0,0.0,0.0,0.0
0.255981446,0.9960259,0.0036173486,0.08898921,0.08904911,-0.022992088,-0.99576163,-0.0015559695,0.99972904,-0.023222843,0.90102124,0.43348593,-0.015832335,0.09369394,-0.23012534,-0.96864015,-0.42353532,0.871282,-0.24796283,0.04069519,9.785095,-0.28489685,-0.015258789,9.803955,-0.22773743,-0.017028809,0.007461548,-0.0021362305,1.7578125,-31.64215,-18.388367,0,0.0,0.0,0.0,0.0
0.260406494,0.99602354,0.0036011015,0.08901693,0.08907642,-0.022977889,-0.9957596,-0.0015404104,0.99972945,-0.023207294,0.90664375,0.42166433,-0.0140144825,0.093856156,-0.233968,-0.96770346,-0.411325,0.8760469,-0.2517014,0.03111267,9.780304,-0.17477417,-0.015106201,9.803955,-0.22758484,-0.0021209717,0.0,-0.0021362305,1.7578125,-31.64215,-18.388367,0,0.0,0.0,0.0,0.0
0.264801026,0.9960214,0.0035861873,0.089042395,0.08910153,-0.022979185,-0.9957574,-0.0015248507,0.99972945,-0.023207294,0.91198456,0.41004592,-0.012104452,0.09389278,-0.237369,-0.9668713,-0.39933485,0.88063514,-0.25497723,-0.002380371,9.856918,-0.21786499,-0.014953613,9.803955,-0.22758484,-0.0074310303,-0.0021209717,-0.014907837,1.7578125,-31.64215,-18.388367,0,0.0,0.0,0.0,0.0
0.269226074,0.9997259,0.0020970455,0.023322888,0.023365222,-0.02315065,-0.99945897,-0.0015559706,0.99972975,-0.023193298,0.91706717,0.39861044,-0.009882063,0.093966156,-0.24013707,-0.96618044,-0.38750264,0.88512367,-0.2576777,-0.06463623,9.832977,-0.20828247,-0.015258789,9.803955,-0.22744751,-0.013824463,0.009597778,0.0021362305,0.50201416,-32.896423,-18.560791,0,0.0,0.0,0.0,0.0
0.273651123,0.9997258,0.002096348,0.023324123,0.023366394,-0.023119554,-0.9994597,-0.0015559717,0.9997305,-0.023162195,0.9219882,0.38711086,-0.009110093,0.092580974,-0.24322419,-0.9655417,-0.37598744,0.8893746,-0.26008892,-0.01675415,9.789886,-0.12689209,-0.015258789,9.803955,-0.22714233,0.01171875,0.004272461,0.0021362305,0.50201416,-32.896423,-18.560791,0,0.0,0.0,0.0,0.0
0.278045655,0.99972516,0.0020807025,0.023351833,0.023393687,-0.023088764,-0.9994597,-0.0015404131,0.99973124,-0.023131093,0.92664945,0.37583572,-0.008262545,0.091126025,-0.24589266,-0.9650041,-0.3647147,0.89346755,-0.26210472,-0.007171631,9.9479065,-0.15560913,-0.015106201,9.803955,-0.22683716,-0.012756348,0.012771606,0.007461548,0.50201416,-32.896423,-18.560791,0,0.0,0.0,0.0,0.0
0.282470703,0.9999881,0.0016474854,0.00460439,0.0046413084,-0.023154827,-0.99972117,-0.001540412,0.9997305,-0.023162195,0.93110645,0.36467496,-0.0072833896,0.08963615,-0.24812828,-0.96457124,-0.35356218,0.89746565,-0.26372188,0.002380371,9.761154,-0.31362915,-0.015106201,9.803955,-0.22714233,-0.003189087,0.0032043457,0.007461548,0.14343262,-33.255005,-19.252014,0,0.0,0.0,0.0,0.0
0.286865235,0.99998784,0.0016176946,0.004655847,0.004692109,-0.02318599,-0.99972016,-0.0015092916,0.9997299,-0.0231933,0.93530846,0.3537701,-0.006686032,0.08772966,-0.2501655,-0.9642203,-0.34278494,0.90125686,-0.26501805,0.04069519,9.933533,-0.3184204,-0.014801025,9.803955,-0.22744751,0.0053253174,-0.010650635,0.012786865,0.14343262,-33.255005,-19.252014,0,0.0,0.0,0.0,0.0
0.291290283,0.9999881,0.00163286,0.0046296525,0.0046663415,-0.02323106,-0.9997193,-0.0015248496,0.99972874,-0.023238396,0.93928045,0.34309733,-0.0060412884,0.08579528,-0.2518509,-0.9639555,-0.3322521,0.9049063,-0.2659948,-0.04069519,9.818619,-0.35194397,-0.014953613,9.803955,-0.22789001,0.009597778,-0.004257202,-0.007461548,0.14343262,-33.255005,-19.252014,0,0.0,0.0,0.0,0.0
0.295715332,0.99665886,0.0033978897,0.08160645,0.081663206,-0.02299264,-0.99639475,-0.0015092916,0.9997299,-0.0231933,0.94302833,0.33266914,-0.005359322,0.08384067,-0.25319242,-0.96377605,-0.32197553,0.90841883,-0.26665884,0.002380371,9.727631,-0.09336853,-0.014801025,9.803955,-0.22744751,-0.015960693,-0.003189087,-0.008529663,1.5777588,-33.613586,-17.869568,0,0.0,0.0,0.0,0.0
0.300109864,0.9966552,0.003373663,0.0816517,0.08170768,-0.022855686,-0.9963942,-0.0014952926,0.99973303,-0.023054892,0.9464365,0.32287195,-0.003406167,0.08309817,-0.2537525,-0.9636931,-0.3120138,0.91179127,-0.26699072,-0.05027771,9.799454,-0.11251831,-0.014663696,9.803955,-0.22608948,0.0021362305,-0.014907837,0.0,1.5777588,-33.613586,-17.869568,0,0.0,0.0,0.0,0.0
0.304534912,0.99665064,0.0033428168,0.08170932,0.081764564,-0.022844087,-0.99638987,-0.0014641737,0.99973345,-0.023040896,0.94965005,0.31331027,-0.0012128055,0.082574785,-0.25401613,-0.9636686,-0.30223534,0.9150478,-0.26709795,0.05984497,9.785095,-0.18913269,-0.0143585205,9.803955,-0.22595215,-0.02128601,-0.012771606,0.007461548,1.5777588,-33.613586,-17.869568,0,0.0,0.0,0.0,0.0
0.308929444,0.99665093,0.0033451335,0.08170498,0.081760325,-0.02287355,-0.9963895,-0.0014641727,0.9997328,-0.023070445,0.9526781,0.30397946,9.661019E-4,0.08203676,-0.2540421,-0.96370775,-0.2927019,0.9181825,-0.26695782,-0.011962891,9.818619,-0.28489685,-0.0143585205,9.803955,-0.22624207,0.014923096,-0.01171875,0.004257202,1.5777588,-33.613586,-17.869568,0,0.0,0.0,0.0,0.0
0.313354492,0.9966514,0.0033487908,0.08169815,0.08175364,-0.022920068,-0.99638885,-0.0014641711,0.99973166,-0.023117099,0.9555277,0.29488504,0.003124565,0.08148879,-0.25383902,-0.96380776,-0.28341934,0.92119956,-0.26658002,-0.02154541,9.74678,-0.37109375,-0.0143585205,9.803955,-0.22669983,0.007461548,-0.0053253174,-0.0021362305,1.5777588,-33.613586,-17.869568,0,0.0,0.0,0.0,0.0
0.317779541,0.99665135,0.0033475722,0.08170043,0.081755884,-0.022904567,-0.99638927,-0.0014641718,0.99973214,-0.02310155,0.95823324,0.28594205,0.005118668,0.0808281,-0.25361145,-0.9639232,-0.27432805,0.92407703,-0.26613107,0.007171631,9.852127,-0.15083313,-0.0143585205,9.803955,-0.22654724,0.01171875,-0.0053253174,0.0053253174,1.5777588,-33.613586,-17.869568,0,0.0,0.0,0.0,0.0
0.322174073,0.9977682,0.0030337023,0.066702686,0.066754885,-0.022950249,-0.9975053,-0.001495291,0.99973196,-0.023101546,0.9607514,0.2773166,0.0072261095,0.08027503,-0.2529868,-0.9641336,-0.26554215,0.9268728,-0.26531902,-0.12210083,9.890442,-0.24659729,-0.014663696,9.803955,-0.22654724,0.004272461,-0.0053253174,-0.012786865,1.399231,-33.076477,-19.425964,0,0.0,0.0,0.0,0.0
0.326599121,0.997765,0.00300381,0.06675336,0.06680487,-0.022952178,-0.99750215,-0.0014641718,0.99973214,-0.02310155,0.9631392,0.26885256,0.00901109,0.07943624,-0.25224957,-0.96439624,-0.25700736,0.9295636,-0.26430807,0.06942749,9.852127,-0.22744751,-0.0143585205,9.803955,-0.22654724,0.0021362305,-0.004257202,-0.015975952,1.399231,-33.076477,-19.425964,0,0.0,0.0,0.0,0.0
0.33102417,0.99776316,0.002986863,0.06678208,0.066833146,-0.022922099,-0.9975009,-0.001448613,0.9997328,-0.023070445,0.96538377,0.26061136,0.010766715,0.078609765,-0.25133973,-0.9647014,-0.24870606,0.93215346,-0.26312593,0.03590393,9.785095,-0.14604187,-0.014205933,9.803955,-0.22624207,0.0063934326,-0.0095825195,-0.008529663,1.399231,-33.076477,-19.425964,0,0.0,0.0,0.0,0.0
0.335418701,0.9957238,0.0035758987,0.09231083,0.092368715,-0.02286904,-0.99546224,-0.001448612,0.99973214,-0.02310155,0.96744853,0.25276196,0.012438208,0.0778082,-0.250323,-0.9650307,-0.24080949,0.93458533,-0.26184157,-0.04069519,9.86171,-0.28489685,-0.014205933,9.803955,-0.22654724,0.004272461,-0.0021209717,-0.010650635,1.9363403,-33.255005,-19.598389,0,0.0,0.0,0.0,0.0
0.33984375,0.99572355,0.0035745155,0.09231316,0.092370994,-0.022853546,-0.99546236,-0.0014486125,0.9997325,-0.023085998,0.96939,0.24509056,0.014622062,0.077509254,-0.24897134,-0.9654044,-0.23297103,0.9369866,-0.2603471,0.002380371,9.761154,-0.18913269,-0.014205933,9.803955,-0.22639465,0.0063934326,0.0053253174,-0.007461548,1.9363403,-33.255005,-19.598389,0,0.0,0.0,0.0,0.0
0.344238282,0.99572587,0.0035894369,0.09228807,0.092346236,-0.0228522,-0.9954646,-0.0014641722,0.9997324,-0.023085997,0.9712099,0.2376352,0.016759902,0.077221364,-0.24748562,-0.9658094,-0.22536246,0.9392978,-0.258711,-0.04548645,9.761154,-0.24659729,-0.0143585205,9.803955,-0.22639465,-0.004257202,0.004272461,0.003189087,1.9363403,-33.255005,-19.598389,0,0.0,0.0,0.0,0.0
0.34866333,0.9950908,0.003770487,0.09889397,0.09895453,-0.022809312,-0.99483055,-0.0014952922,0.9997328,-0.023070445,0.9729146,0.2303954,0.018849313,0.076945394,-0.24587396,-0.9662429,-0.2179834,0.9415221,-0.2569422,-0.09815979,9.866501,-0.17477417,-0.014663696,9.803955,-0.22624207,0.004272461,-0.0053253174,0.0021362305,1.9363403,-33.255005,-18.215942,0,0.0,0.0,0.0,0.0
0.353088379,0.99508774,0.0037528067,0.09892592,0.09898601,-0.022781327,-0.9948279,-0.0014797333,0.9997333,-0.023040894,0.9744842,0.22345275,0.021200836,0.07699528,-0.24406001,-0.96669877,-0.21083722,0.94366497,-0.25503743,0.007171631,9.780304,-0.15560913,-0.014511108,9.803955,-0.22595215,-0.003189087,0.010650635,-0.0032043457,1.9363403,-33.255005,-18.215942,0,0.0,0.0,0.0,0.0
0.35748291,0.99509245,0.003779586,0.09887753,0.09893823,-0.02276311,-0.99483323,-0.0015092974,0.99973375,-0.023025343,0.97596896,0.21665868,0.023315549,0.076872975,-0.24220307,-0.96717536,-0.20389985,0.9457255,-0.25303787,-0.07421875,9.885651,-0.15560913,-0.014801025,9.803955,-0.22579956,-0.0021209717,0.0032043457,0.0063934326,1.9363403,-33.255005,-18.215942,0,0.0,0.0,0.0,0.0
0.361907959,0.9977625,0.0030486342,0.066789396,0.06684189,-0.022933533,-0.99749994,-0.0015092952,0.99973226,-0.023085993,0.9773571,0.21006936,0.025377452,0.07676399,-0.24024805,-0.9676716,-0.19718124,0.94770867,-0.2509339,-0.026321411,9.751572,-0.41418457,-0.014801025,9.803955,-0.22639465,0.0010681152,0.018096924,-0.0095825195,1.399231,-32.359314,-19.425964,0,0.0,0.0,0.0,0.0
0.366302491,0.99776596,0.0030814528,0.06673498,0.06678832,-0.022976618,-0.99750257,-0.0015404131,0.99973124,-0.023131093,0.97872233,0.20343235,0.026795715,0.07601875,-0.2381955,-0.96823764,-0.19058824,0.9496727,-0.24859191,-0.10772705,9.8138275,-0.33277893,-0.015106201,9.803955,-0.22683716,-0.009567261,0.0,0.0053253174,1.399231,-32.359314,-19.425964,0,0.0,0.0,0.0,0.0
0.370727539,0.99776596,0.0030814528,0.06673498,0.06678832,-0.022976618,-0.99750257,-0.0015404131,0.99973124,-0.023131093,0.9799818,0.19708835,0.028138876,0.0753206,-0.23620069,-0.9687807,-0.18428896,0.9515069,-0.24631721,0.007171631,9.708481,-0.19871521,-0.015106201,9.803955,-0.22683716,-0.0074310303,0.008529663,-0.004257202,1.399231,-32.359314,-19.425964,0,0.0,0.0,0.0,0.0
0.375152588,0.9997563,0.0020484312,0.021983089,0.022024518,-0.02306205,-0.9994914,-0.0015404142,0.9997319,-0.023101544,0.9811609,0.19093561,0.029441983,0.07464874,-0.23412755,-0.9693358,-0.17818755,0.9532722,-0.2439699,-0.011962891,9.780304,-0.18434143,-0.015106201,9.803955,-0.22654724,-0.015960693,0.0021362305,-0.007461548,0.50201416,-34.68933,-19.598389,0,0.0,0.0,0.0,0.0
0.379547119,0.9997562,0.0020481024,0.021983668,0.022025065,-0.023046501,-0.9994917,-0.0015404148,0.99973226,-0.023085993,0.9811609,0.19093561,0.029441983,0.07464874,-0.23412755,-0.9693358,-0.17818755,0.9532722,-0.2439699,-0.011962891,9.780304,-0.18434143,-0.015106201,9.803955,-0.22639465,-0.015960693,0.0021362305,-0.007461548,0.50201416,-34.68933,-19.598389,0,0.0,0.0,0.0,0.0
0.383972168,0.99976003,0.0021506073,0.02180233,0.021846088,-0.02301343,-0.99949646,-0.0016477779,0.99973285,-0.023054887,0.9834013,0.17888106,0.030389935,0.07185018,-0.23011924,-0.9705064,-0.16661191,0.95658076,-0.2391522,0.002380371,9.866501,-0.19392395,-0.016159058,9.803955,-0.22608948,0.0021362305,0.011703491,-0.0063934326,0.50201416,-34.68933,-19.598389,0,0.0,0.0,0.0,0.0
0.388397217,0.9968799,0.0034700835,0.078857616,0.07891673,-0.022959983,-0.9966168,-0.0016477738,0.99973035,-0.023162192,0.9844247,0.17310026,0.030729681,0.07040152,-0.22797708,-0.971118,-0.16109511,0.95815593,-0.2366128,-0.03590393,9.971848,-0.5051727,-0.016159058,9.803955,-0.22714233,-0.0053253174,0.020233154,-0.02557373,1.5777588,-31.462097,-18.560791,0,0.0,0.0,0.0,0.0
0.392791748,0.996887,0.003525973,0.07876349,0.078823864,-0.022924516,-0.9966249,-0.0017084578,0.999731,-0.023131087,0.98530364,0.16775784,0.032157063,0.07012093,-0.22558437,-0.97169685,-0.15575562,0.9596713,-0.23403245,-0.17955017,9.828186,-0.15560913,-0.01675415,9.803955,-0.22683716,-0.004257202,-0.003189087,-0.01171875,1.5777588,-31.462097,-18.560791,0,0.0,0.0,0.0,0.0
0.397216797,0.9968891,0.0035420896,0.07873635,0.07879713,-0.02293889,-0.9966267,-0.001724017,0.99973065,-0.023146639,0.9861231,0.1625924,0.03353876,0.06985989,-0.22314319,-0.97227913,-0.15060125,0.96112996,-0.23140535,-0.04069519,9.809036,-0.26574707,-0.016906738,9.803955,-0.22698975,-0.0021209717,0.007461548,-0.0095825195,1.5777588,-31.462097,-18.560791,0,0.0,0.0,0.0,0.0
0.401611328,0.9997327,0.002226317,0.023007935,0.023053322,-0.023132596,-0.9994664,-0.0016928962,0.99972993,-0.023177741,0.98687184,0.1577085,0.034816742,0.06957787,-0.22060972,-0.9728774,-0.1457501,0.9625276,-0.22868653,0.03590393,9.919174,-0.32800293,-0.016601563,9.803955,-0.22729492,-0.003189087,-0.004257202,-0.007461548,0.50201416,-33.613586,-18.560791,0,0.0,0.0,0.0,0.0
0.406036377,0.99973226,0.002212381,0.023033163,0.023078296,-0.023177989,-0.9994649,-0.0016773348,0.9997289,-0.023222841,0.98766553,0.15261017,0.035028636,0.06825441,-0.21828382,-0.9734955,-0.14091913,0.9638788,-0.22600771,0.03590393,9.775513,-0.31362915,-0.016448975,9.803955,-0.22773743,-0.0084991455,0.011703491,0.003189087,0.50201416,-33.613586,-18.560791,0,0.0,0.0,0.0,0.0
0.410461426,0.9997306,0.0021690757,0.02311154,0.023155648,-0.023178864,-0.99946314,-0.0016322118,0.999729,-0.023222843,0.98840916,0.14767152,0.035220534,0.0669705,-0.21592197,-0.9741112,-0.13624358,0.96517915,-0.22330888,0.026321411,9.852127,-0.26574707,-0.01600647,9.803955,-0.22773743,0.0063934326,0.0032043457,0.003189087,0.50201416,-33.613586,-18.560791,0,0.0,0.0,0.0,0.0
0.414855957,0.99972993,0.0021544883,0.023137942,0.023181729,-0.023194714,-0.99946207,-0.0016166515,0.9997286,-0.023238394,0.98840916,0.14767152,0.035220534,0.0669705,-0.21592197,-0.9741112,-0.13624358,0.96517915,-0.22330888,0.026321411,9.852127,-0.26574707,-0.015853882,9.803955,-0.22789001,0.0063934326,0.0032043457,0.003189087,0.50201416,-33.613586,-18.560791,0,0.0,0.0,0.0,0.0
0.419281006,0.9946475,0.0040425477,0.10324664,0.10331261,-0.022974819,-0.99438345,-0.0016477697,0.99972785,-0.023269495,0.9897598,0.13824776,0.035539567,0.064521015,-0.21120185,-0.9753106,-0.12732847,0.9676163,-0.21795897,-0.06463623,9.823395,-0.28489685,-0.016159058,9.803955,-0.22819519,0.0053253174,0.0,0.0,2.116394,-33.43506,-19.07959,0,0.0,0.0,0.0,0.0
0.423675537,0.9946473,0.0040410026,0.10324932,0.10331522,-0.022959342,-0.9943836,-0.0016477702,0.99972814,-0.023253944,0.99026734,0.1341025,0.037244916,0.06494343,-0.20853965,-0.9758553,-0.12309759,0.9687764,-0.21521908,-0.03111267,9.866501,-0.20350647,-0.016159058,9.803955,-0.2280426,0.007461548,0.0021362305,0.0021362305,2.116394,-33.43506,-19.07959,0,0.0,0.0,0.0,0.0
0.428100586,0.9942606,0.0040961322,0.10690586,0.10697208,-0.022963112,-0.9939966,-0.0016166504,0.99972785,-0.023269495,0.99073887,0.1300883,0.03890267,0.06537157,-0.2058745,-0.9763924,-0.11900815,0.96989316,-0.21247196,0.04069519,9.799454,-0.26574707,-0.015853882,9.803955,-0.22819519,-0.0084991455,0.004272461,-0.0032043457,2.116394,-33.79364,-18.388367,0,0.0,0.0,0.0,0.0
0.432525635,0.99426126,0.004099166,0.10690036,0.106966704,-0.022992518,-0.9939966,-0.0016166493,0.9997272,-0.023299044,0.99117285,0.12621066,0.04058653,0.065877736,-0.203204,-0.9769177,-0.115050085,0.97096807,-0.20972477,-0.01675415,9.856918,-0.28489685,-0.015853882,9.803955,-0.2284851,0.0053253174,-0.003189087,0.0021362305,2.116394,-33.79364,-18.388367,0,0.0,0.0,0.0,0.0
0.436920166,0.99426186,0.004102359,0.10689455,0.10696102,-0.023023462,-0.99399644,-0.001616648,0.9997264,-0.023330145,0.9915701,0.122437894,0.042399704,0.06655505,-0.20052148,-0.977426,-0.11117192,0.9720083,-0.20697996,-0.01675415,9.8138275,-0.31362915,-0.015853882,9.803955,-0.22879028,-0.0010528564,0.010650635,0.0010681152,2.116394,-33.79364,-18.388367,0,0.0,0.0,0.0,0.0
0.441345215,0.9982948,0.0029765638,0.058299456,0.058353003,-0.02322561,-0.9980259,-0.001616647,0.9997258,-0.023359694,0.991943,0.11880288,0.043988287,0.067064464,-0.19786182,-0.97793305,-0.107477665,0.9730039,-0.20423509,0.007171631,9.804245,-0.3184204,-0.015853882,9.803955,-0.2290802,0.004272461,-0.0021209717,-0.012786865,1.2191772,-31.820679,-19.252014,0,0.0,0.0,0.0,0.0
0.445739746,0.99829483,0.0029783559,0.058296498,0.05835014,-0.023257028,-0.99802524,-0.001616671,0.9997251,-0.023391161,0.992354,0.115092956,0.04457879,0.06660879,-0.19532324,-0.9784744,-0.10390823,0.97396225,-0.20149599,-0.03111267,9.742004,-0.29447937,-0.015853882,9.8038025,-0.22938538,-0.010635376,0.009597778,-0.0032043457,1.2191772,-31.820679,-19.252014,0,0.0,0.0,0.0,0.0
0.450164795,0.9982907,0.0029340438,0.05836948,0.058422036,-0.02324356,-0.99802125,-0.0015715235,0.99972546,-0.023375245,0.9927272,0.111602254,0.04513955,0.06617752,-0.192679,-0.97902775,-0.100564264,0.97489476,-0.19866325,0.08857727,9.852127,-0.19871521,-0.015411377,9.803955,-0.22923279,-0.006378174,-0.0010528564,-0.0063934326,1.2191772,-31.820679,-19.252014,0,0.0,0.0,0.0,0.0
0.454589844,0.99784595,0.003111721,0.06552708,0.06558176,-0.023176,-0.997578,-0.001585529,0.99972653,-0.023330148,0.99308765,0.10812036,0.04568392,0.06576371,-0.19015396,-0.9795492,-0.09722224,0.9757825,-0.19594993,-0.026321411,9.732422,-0.11251831,-0.015548706,9.803955,-0.22879028,-0.010635376,0.0032043457,0.0021362305,1.399231,-32.359314,-19.770813,0,0.0,0.0,0.0,0.0
0.458984375,0.9978432,0.0030851583,0.06557037,0.06562446,-0.023207286,-0.99757445,-0.0015559645,0.9997258,-0.023359694,0.99341476,0.104781754,0.04634589,0.06551179,-0.18761723,-0.9800551,-0.09399661,0.97663736,-0.19324616,0.05984497,9.818619,-0.27053833,-0.015258789,9.803955,-0.2290802,0.004272461,-0.003189087,-0.008529663,1.399231,-32.359314,-19.770813,0,0.0,0.0,0.0,0.0
0.463409424,0.9978416,0.003070195,0.06559475,0.065648496,-0.023208234,-0.9975729,-0.001540405,0.999726,-0.023359697,0.9937205,0.101547934,0.046984553,0.065276474,-0.18509297,-0.98055065,-0.09087638,0.97746027,-0.19055936,0.02154541,9.789886,-0.25138855,-0.015106201,9.803955,-0.2290802,0.004272461,0.004272461,-0.0021362305,1.399231,-32.359314,-19.770813,0,0.0,0.0,0.0,0.0
0.467834473,0.9984111,0.0028215477,0.05627962,0.056330085,-0.023223666,-0.99814206,-0.0015092862,0.9997263,-0.023345701,0.99398243,0.098591805,0.04773447,0.06522602,-0.18262352,-0.98101693,-0.08800279,0.97822714,-0.18795533,0.06463623,9.828186,-0.18913269,-0.014801025,9.803955,-0.22894287,0.0032043457,0.008529663,-0.010650635,1.2191772,-33.613586,-19.943237,0,0.0,0.0,0.0,0.0
