Time,Rot1,Rot2,Rot3,Rot4,Rot5,Rot6,Rot7,Rot8,Rot9,FRot1,FRot2,FRot3,FRot4,FRot5,FRot6,FRot7,FRot8,FRot9,AccX,AccY,AccZ,GravX,GravY,GravZ,GyroX,GyroY,GyroZ,MagX,MagY,MagZ,Imid
0.0,0.0,0.0,0.0,0.0,0.0,0.0,0.0,0.0,0.0,1.0,0.0,0.0,0.0,1.0,0.0,0.0,0.0,1.0,0.002380371,9.897629,0.0143585205,0.038742065,9.806351,-0.0055236816,0.0,0.0,0.0,0.0,0.0,0.0,0,0.0,0.0,0.0,0.0
0.004425048,0.0,0.0,0.0,0.0,0.0,0.0,0.0,0.0,0.0,1.0,0.0,0.0,0.0,1.0,0.0,0.0,0.0,1.0,0.06942749,9.7827,-0.05265808,0.03829956,9.806351,-0.006134033,-0.006378174,-0.024505615,-0.008514404,0.0,0.0,0.0,0,0.0,0.0,0.0,0.0
0.00881958,0.97098064,-0.003896818,-0.23912647,-0.23912756,1.9048474E-4,-0.97098815,0.003829314,0.9999924,-7.4687955E-4,1.0,0.0,0.0,0.0,1.0,0.0,0.0,0.0,1.0,0.04548645,9.777908,-0.12449646,0.03755188,9.806351,-0.0073242188,0.009597778,-0.022369385,-0.013839722,-5.9936523,-31.626892,-23.822021,0,0.0,0.0,0.0,0.0
0.013244628,0.97097063,-0.0038637882,-0.23916781,-0.23916908,1.3604428E-4,-0.970978,0.0037841904,0.99999255,-7.9200364E-4,0.9989488,-0.03041939,-0.034291737,0.029311096,0.999046,-0.0323718,0.035243757,0.03133264,0.9988875,0.11730957,9.749176,-0.10055542,0.037109375,9.806351,-0.0077667236,0.015991211,-0.030899048,-0.019165039,-5.9936523,-31.626892,-23.822021,0,0.0,0.0,0.0,0.0
0.01763916,0.9709581,-0.0038228794,-0.23921897,-0.23922077,-1.6453385E-5,-0.9709652,0.003707947,0.99999267,-9.3048776E-4,0.99595535,-0.06007713,-0.06681064,0.055662952,0.99626076,-0.06607729,0.07053055,0.062091157,0.99557525,0.01675415,9.7827,-0.2681427,0.036361694,9.806351,-0.009124756,0.004272461,-0.038345337,-0.019165039,-5.9936523,-31.626892,-23.822021,0,0.0,0.0,0.0,0.0
0.022064209,0.98203284,-0.0036626998,-0.18867464,-0.18867673,-2.2795785E-4,-0.9820392,0.003553905,0.99999326,-9.1492827E-4,0.99123085,-0.090019256,-0.0967369,0.08022775,0.99167264,-0.100741535,0.10500001,0.092097126,0.99019855,-0.14125061,9.725235,-0.22505188,0.034851074,9.806351,-0.008972168,0.007461548,-0.03302002,-0.014907837,-4.559326,-30.909729,-23.130798,0,0.0,0.0,0.0,0.0
0.026489257,0.9820309,-0.0036548218,-0.18868478,-0.18868697,-2.611233E-4,-0.98203725,0.003539901,0.99999326,-9.460483E-4,0.9849841,-0.12018185,-0.12394561,0.1030755,0.985298,-0.13624698,0.13849778,0.12142537,0.9828907,-0.011962891,9.854523,-0.10055542,0.034713745,9.806351,-0.009277344,-0.022354126,-0.017044067,-0.02130127,-4.559326,-30.909729,-23.130798,0,0.0,0.0,0.0,0.0
0.030883789,0.98198617,-0.0034716453,-0.18892075,-0.18892285,-2.7965347E-4,-0.9819919,0.0033562954,0.999994,-9.30489E-4,0.9775298,-0.14949597,-0.14861439,0.12327397,0.9773083,-0.17225558,0.17099361,0.1500647,0.97377706,-0.16040039,9.7827,-0.03829956,0.032913208,9.806351,-0.009124756,-0.0021209717,-0.015975952,-0.015975952,-4.559326,-30.909729,-23.130798,0,0.0,0.0,0.0,0.0
0.035308837,0.9907107,-0.0033349015,-0.13594528,-0.13594736,-4.0463285E-4,-0.990716,0.0032489325,0.9999944,-8.542452E-4,0.96918035,-0.17748876,-0.17084268,0.14051232,0.9678919,-0.2084265,0.2023506,0.17799737,0.96300113,-0.07421875,9.797058,-0.02394104,0.03186035,9.806351,-0.008377075,-0.0053253174,0.0,-0.024490356,-3.3035278,-31.448364,-23.303223,0,0.0,0.0,0.0,0.0
0.039703369,0.9906993,-0.003270584,-0.13603047,-0.13603242,-3.817707E-4,-0.99070436,0.0031882492,0.9999946,-8.2312536E-4,0.96001554,-0.2055196,-0.19008382,0.15638626,0.95688736,-0.24476498,0.2321928,0.20525168,0.95076716,-0.04548645,9.92157,-0.19631958,0.03126526,9.806351,-0.008071899,-0.018081665,0.006378174,-0.014907837,-3.3035278,-31.448364,-23.303223,0,0.0,0.0,0.0,0.0
0.044128418,0.9906965,-0.0032551764,-0.13605087,-0.13605282,-3.8382033E-4,-0.9907015,0.0031726894,0.99999464,-8.231254E-4,0.9504137,-0.2322425,-0.20682651,0.16971478,0.9446313,-0.28083566,0.26059675,0.23180854,0.93720555,-0.03111267,9.801849,0.0143585205,0.03111267,9.806351,-0.008071899,-0.022354126,0.012771606,-0.007446289,-3.3035278,-31.448364,-23.303223,0,0.0,0.0,0.0,0.0
0.048553466,0.9915466,-0.0032157844,-0.12971179,-0.12971395,-4.706562E-4,-0.99155146,0.0031275656,0.99999475,-8.838096E-4,0.94058836,-0.2575943,-0.22122076,0.18065503,0.93129563,-0.31631032,0.28750166,0.2575532,0.92250156,-0.06942749,9.749176,-0.16279602,0.030670166,9.806351,-0.008666992,-0.0095825195,0.007446289,-0.007446289,-3.125,-30.551147,-23.130798,0,0.0,0.0,0.0,0.0
0.052947998,0.9915375,-0.003161657,-0.12978205,-0.12978399,-4.1631618E-4,-0.9915421,0.0030808856,0.9999948,-8.2312553E-4,0.93040067,-0.2823421,-0.23374653,0.1898608,0.9167068,-0.35157007,0.31354007,0.28272176,0.90651035,-0.07421875,9.715668,0.15322876,0.030212402,9.806351,-0.008071899,-0.007446289,0.010635376,-0.006378174,-3.125,-30.551147,-23.130798,0,0.0,0.0,0.0,0.0
0.067077636,0.9915317,-0.0031268327,-0.12982726,-0.12982944,-4.97629E-4,-0.9915363,0.0030357623,0.99999505,-8.993698E-4,0.920375,-0.3055232,-0.24406019,0.1968306,0.9012678,-0.38597146,0.33788684,0.30719998,0.88964075,-0.04548645,9.840164,-0.11012268,0.029769897,9.806351,-0.00881958,-0.014892578,0.003189087,-0.011703491,-3.125,-30.551147,-23.130798,0,0.0,0.0,0.0,0.0
0.070159912,0.9685681,-0.0031300012,-0.24872912,-0.24873069,-1.0868645E-4,-0.96857285,0.0030046005,0.9999952,-8.8379753E-4,0.9104005,-0.32759282,-0.25269303,0.20192315,0.88491005,-0.4197157,0.36110646,0.33108482,0.87177116,-0.03590393,9.844955,-0.15800476,0.029464722,9.806488,-0.008666992,-0.0010528564,0.0053100586,-0.019165039,-6.173706,-31.089783,-23.649597,0,0.0,0.0,0.0,0.0
0.073242187,0.96855795,-0.0030979135,-0.24876866,-0.24877034,-1.6499578E-4,-0.96856254,0.0029594772,0.99999523,-9.3047705E-4,0.9104005,-0.32759282,-0.25269303,0.20192315,0.88491005,-0.4197157,0.36110646,0.33108482,0.87177116,-0.03590393,9.844955,-0.15800476,0.029022217,9.806488,-0.009124756,-0.0010528564,0.0053100586,-0.019165039,-6.173706,-31.089783,-23.649597,0,0.0,0.0,0.0,0.0
0.076324462,0.96851397,-0.0029576183,-0.24894162,-0.24894336,-2.3103604E-4,-0.96851796,0.002806992,0.9999956,-9.6004107E-4,0.9104005,-0.32759282,-0.25269303,0.20192315,0.88491005,-0.4197157,0.36110646,0.33108482,0.87177116,-0.03590393,9.844955,-0.15800476,0.027526855,9.806488,-0.009414673,-0.0010528564,0.0053100586,-0.019165039,-6.173706,-31.089783,-23.649597,0,0.0,0.0,0.0,0.0
0.079406738,0.9685141,-0.002958042,-0.24894108,-0.248943,-2.9519072E-4,-0.9685181,0.0027914322,0.9999956,-0.0010222803,0.9104005,-0.32759282,-0.25269303,0.20192315,0.88491005,-0.4197157,0.36110646,0.33108482,0.87177116,-0.03590393,9.844955,-0.15800476,0.027374268,9.806488,-0.010025024,-0.0010528564,0.0053100586,-0.019165039,-6.173706,-31.089783,-23.649597,0,0.0,0.0,0.0,0.0
0.083374023,0.96449614,-0.0029509936,-0.2640804,-0.2640823,-2.6643864E-4,-0.96450007,0.0027758724,0.9999956,-0.0010362843,0.8732022,-0.40038848,-0.27786136,0.20030954,0.81460553,-0.54432887,0.44429037,0.41965088,0.791517,-0.007171631,9.835373,-0.0622406,0.02722168,9.806488,-0.0101623535,0.008529663,-0.0010681152,0.004272461,-6.7108154,-30.551147,-24.168396,0,0.0,0.0,0.0,0.0
0.088165283,0.9644849,-0.0029157037,-0.26412186,-0.26412383,-3.0824443E-4,-0.96448874,0.0027307493,0.9999957,-0.001067404,0.8651517,-0.41537276,-0.28103,0.19624545,0.79607856,-0.5724915,0.46151936,0.44014123,0.7702438,-0.06942749,9.821014,-0.08618164,0.026779175,9.806488,-0.010467529,0.005340576,0.020233154,0.008529663,-6.7108154,-30.551147,-24.168396,0,0.0,0.0,0.0,0.0
0.09298706,0.98003453,-0.002870014,-0.19880669,-0.19880907,-5.688601E-4,-0.98003805,0.0026996296,0.9999957,-0.0011280873,0.85754,-0.42944008,-0.2832073,0.19117989,0.77716076,-0.5995593,0.4775724,0.4600026,0.7485467,-0.05505371,9.82579,-0.16279602,0.026473999,9.806488,-0.011062622,-0.003189087,0.0,0.012786865,-5.0979614,-30.731201,-24.687195,0,0.0,0.0,0.0,0.0
0.09777832,0.980029,-0.0028472438,-0.19883388,-0.19883633,-6.051568E-4,-0.9800324,0.002670066,0.9999957,-0.001159207,0.8500743,-0.44373578,-0.28367627,0.1863892,0.7572462,-0.62596905,0.49257764,0.47924605,0.7264231,-0.06942749,9.777908,-0.08139038,0.026184082,9.806488,-0.011367798,0.005340576,0.023422241,-0.0010528564,-5.0979614,-30.731201,-24.687195,0,0.0,0.0,0.0,0.0
0.102600097,0.98001593,-0.0027921698,-0.19889975,-0.19890225,-6.463182E-4,-0.98001915,0.002607827,0.9999959,-0.0011887709,0.84327865,-0.45686984,-0.28310943,0.18056774,0.73693895,-0.6513956,0.5062374,0.49818766,0.70394087,-0.13645935,9.787491,-0.08139038,0.02557373,9.806488,-0.011657715,0.014923096,0.003189087,-0.015975952,-5.0979614,-30.731201,-24.687195,0,0.0,0.0,0.0,0.0
0.107391357,0.9838629,-0.002734035,-0.17890312,-0.17890565,-7.111118E-4,-0.983866,0.002562704,0.999996,-0.001188771,0.8368622,-0.46923545,-0.2819215,0.17416024,0.71647143,-0.6755271,0.51897,0.5162236,0.68131,-0.06463623,9.907196,-0.0143585205,0.025131226,9.806488,-0.011657715,0.0010681152,0.014892578,-0.003189087,-4.3807983,-28.938293,-23.649597,0,0.0,0.0,0.0,0.0
0.112213134,0.98386467,-0.0027423787,-0.17889324,-0.17889589,-7.5706554E-4,-0.98386765,0.0025627036,0.9999959,-0.0012354503,0.8310089,-0.48081246,-0.2797205,0.16739172,0.6957046,-0.69855225,0.53047544,0.5336802,0.6586207,0.026321411,9.801849,-0.13406372,0.025131226,9.806488,-0.0121154785,-0.004257202,-0.0138549805,0.010665894,-4.3807983,-28.938293,-23.649597,0,0.0,0.0,0.0,0.0
0.117004394,0.98385936,-0.002717074,-0.17892322,-0.17892595,-7.916369E-4,-0.9838623,0.0025315844,0.999996,-0.0012650142,0.8255876,-0.49149626,-0.27719402,0.15992808,0.67490816,-0.7203624,0.54113597,0.55039114,0.6357998,-0.06463623,9.8736725,-0.09576416,0.02482605,9.806488,-0.0124053955,-0.010650635,-0.015975952,0.007461548,-4.3807983,-28.938293,-23.649597,0,0.0,0.0,0.0,0.0
0.121826171,0.9631759,-0.0027583726,-0.26885796,-0.26886046,-5.7571667E-4,-0.96317893,0.0025020207,0.999996,-0.0012961339,0.82087827,-0.50118595,-0.27380937,0.15205237,0.6539313,-0.74111664,0.5504898,0.5667332,0.6130045,-0.05505371,9.816223,-0.06703186,0.024536133,9.806488,-0.012710571,0.004272461,-0.01171875,-0.0053253174,-6.352234,-30.909729,-22.439575,0,0.0,0.0,0.0,0.0
0.126617431,0.9631623,-0.0027200605,-0.26890686,-0.26890928,-5.5397174E-4,-0.96316534,0.0024709012,0.9999962,-0.0012650143,0.81700325,-0.5087952,-0.2713544,0.14223564,0.6338615,-0.7602557,0.55881554,0.582535,0.59023565,-0.05027771,9.768341,0.03829956,0.024230957,9.806488,-0.0124053955,-0.007446289,-0.0138549805,0.007461548,-6.352234,-30.909729,-22.439575,0,0.0,0.0,0.0,0.0
0.131408691,0.9631623,-0.0027200605,-0.26890686,-0.26890928,-5.5397174E-4,-0.96316534,0.0024709012,0.9999962,-0.0012650143,0.8138076,-0.5153774,-0.26852036,0.1320863,0.61400974,-0.77816784,0.5659242,0.5978111,0.56776017,0.03111267,9.730026,0.004776001,0.024230957,9.806488,-0.0124053955,0.0032043457,-0.014907837,0.0021362305,-6.352234,-30.909729,-22.439575,0,0.0,0.0,0.0,0.0
0.136230468,0.9719007,-0.002740466,-0.23537496,-0.23537761,-6.8592303E-4,-0.9719037,0.0025020207,0.999996,-0.0013116937,0.81123626,-0.52093154,-0.26556757,0.12142885,0.59437,-0.79497135,0.571971,0.61266196,0.5454306,0.07899475,9.864105,-0.1197052,0.024536133,9.806488,-0.012863159,0.0010681152,-0.0138549805,-0.008514404,-5.8151245,-31.089783,-23.649597,0,0.0,0.0,0.0,0.0
0.141021728,0.9718983,-0.00273231,-0.2353851,-0.23538783,-7.1829E-4,-0.97190124,0.0024864608,0.999996,-0.0013412574,0.8090879,-0.5262314,-0.26164344,0.111431,0.57449996,-0.810884,0.5770268,0.6269213,0.52345943,-0.011962891,9.787491,-0.09576416,0.024383545,9.806488,-0.013153076,-0.0095825195,-0.0138549805,-0.0053253174,-5.8151245,-31.089783,-23.649597,0,0.0,0.0,0.0,0.0
0.145812988,0.9718918,-0.002710087,-0.2354127,-0.23541565,-8.180577E-4,-0.97189456,0.0024413373,0.999996,-0.0014330603,0.8074312,-0.530785,-0.2575307,0.10130435,0.5547771,-0.82580864,0.58119893,0.6406947,0.5017152,-0.09336853,9.897629,-0.24899292,0.02394104,9.806488,-0.014053345,-0.006378174,-0.008514404,0.005340576,-5.8151245,-31.089783,-23.649597,0,0.0,0.0,0.0,0.0
0.150207519,0.9770048,-0.0027040069,-0.21320008,-0.21320324,-9.4042154E-4,-0.97700745,0.0024413369,0.9999959,-0.0014952994,0.80604744,-0.5349163,-0.25328273,0.09105757,0.53493744,-0.83997047,0.5848043,0.6539928,0.4798931,0.02154541,9.888046,-0.17237854,0.02394104,9.806488,-0.014663696,0.0021362305,-0.003189087,0.0021362305,-5.0979614,-31.806946,-22.958374,0,0.0,0.0,0.0,0.0
0.15460205,0.9769973,-0.0026776788,-0.21323486,-0.21323822,-0.00103845,-0.97699976,0.0023946573,0.9999959,-0.0015855464,0.8050802,-0.5386019,-0.2485033,0.08115029,0.5150152,-0.8533311,0.58758867,0.6668339,0.45833623,-0.09336853,9.854523,-0.2394104,0.023483276,9.806488,-0.015548706,-0.007446289,-0.017044067,-0.0021209717,-5.0979614,-31.806946,-22.958374,0,0.0,0.0,0.0,0.0
0.158996582,0.9769804,-0.0026184758,-0.21331313,-0.21331644,-0.0010511805,-0.97698265,0.0023339745,0.999996,-0.0015855466,0.8044236,-0.5418053,-0.24361783,0.071201056,0.49507064,-0.86593044,0.5897738,0.67922896,0.4368236,-0.13645935,9.8736725,-0.27293396,0.022888184,9.806488,-0.015548706,0.0021362305,-0.008514404,0.017044067,-5.0979614,-31.806946,-22.958374,0,0.0,0.0,0.0,0.0
0.163391113,0.9749756,-0.0026553648,-0.2222961,-0.22229971,-0.0011468821,-0.97497773,0.002333974,0.9999958,-0.0017084689,0.8042174,-0.5443015,-0.23868445,0.061267823,0.47538406,-0.8776424,0.5911689,0.6911916,0.4156603,0.03111267,9.773117,-0.3256073,0.022888184,9.806488,-0.01675415,-0.02128601,0.011703491,-0.0021209717,-5.2764893,-29.833984,-22.78595,0,0.0,0.0,0.0,0.0
0.167785644,0.9749769,-0.0026601516,-0.22229014,-0.22229365,-0.0010979283,-0.9749791,0.0023495338,0.9999958,-0.0016617895,0.8041425,-0.5464414,-0.23400155,0.051232457,0.45589828,-0.8885561,0.5922247,0.70253724,0.39460272,0.011962891,9.801849,-0.1771698,0.023040771,9.806488,-0.016296387,-0.006378174,-0.0063934326,0.015991211,-5.2764893,-29.833984,-22.78595,0,0.0,0.0,0.0,0.0
0.172180175,0.9749613,-0.0026046853,-0.22235914,-0.22236246,-0.0010641263,-0.9749634,0.0023028548,0.999996,-0.0016166663,0.8048021,-0.54748726,-0.22924045,0.041302264,0.4369449,-0.8985395,0.59210443,0.7136784,0.37426665,-0.04069519,9.844955,-0.1197052,0.022583008,9.806488,-0.015853882,-0.022354126,-0.02130127,0.0032043457,-5.2764893,-29.833984,-22.78595,0,0.0,0.0,0.0,0.0
0.176574707,0.97880995,-0.0025685758,-0.20475493,-0.20475842,-0.001176339,-0.97881186,0.0022732911,0.999996,-0.0016773497,0.8059056,-0.54780215,-0.22456405,0.031528085,0.41847447,-0.90768117,0.591204,0.72442526,0.35452205,-0.03111267,9.964661,-0.16758728,0.02229309,9.806488,-0.016448975,-0.01914978,-0.031951904,-0.0053253174,-4.9179077,-30.192566,-23.130798,0,0.0,0.0,0.0,0.0
0.180969238,0.9787934,-0.0025045653,-0.20483495,-0.20483834,-0.0011736484,-0.9787952,0.0022110522,0.9999962,-0.0016617901,0.8072722,-0.5477972,-0.21961334,0.022175312,0.40000412,-0.9162451,0.5897627,0.7347891,0.33505973,-0.02154541,9.840164,-0.27293396,0.02168274,9.806488,-0.016296387,-0.010650635,-0.010650635,0.0,-4.9179077,-30.192566,-23.130798,0,0.0,0.0,0.0,0.0
0.185363769,0.97878176,-0.0024600741,-0.20489056,-0.20489372,-0.0011049382,-0.97878355,0.002181489,0.99999636,-0.0015855472,0.8090171,-0.5469738,-0.21519962,0.012713641,0.38231778,-0.92394346,0.58764756,0.7447501,0.31625566,-0.10293579,9.773117,-0.04309082,0.021392822,9.806488,-0.015548706,-0.026611328,-0.0138549805,-0.011703491,-4.9179077,-30.192566,-23.130798,0,0.0,0.0,0.0,0.0
0.1897583,0.9849119,-0.0024226545,-0.17303959,-0.1730426,-0.0010925627,-0.98491377,0.0021970489,0.9999965,-0.0014953003,0.81111544,-0.5456775,-0.21054181,0.0038000643,0.36487964,-0.93104696,0.58487374,0.7543865,0.29803312,0.007171631,9.835373,-0.06703186,0.02154541,9.806488,-0.014663696,-0.01914978,-0.029830933,0.0021362305,-4.2007446,-30.909729,-23.477173,0,0.0,0.0,0.0,0.0
0.194152832,0.98491466,-0.002435311,-0.1730234,-0.17302601,-9.039587E-4,-0.9849168,0.0022421728,0.9999966,-0.0013116944,0.8136367,-0.5438346,-0.20552194,-0.0042687654,0.34791297,-0.93751717,0.581358,0.76367563,0.28075325,0.04548645,9.7827,0.0909729,0.021987915,9.806488,-0.012863159,-0.024475098,-0.041549683,0.005340576,-4.2007446,-30.909729,-23.477173,0,0.0,0.0,0.0,0.0
0.198547363,0.9849095,-0.0024119355,-0.17305325,-0.17305575,-8.6060265E-4,-0.9849117,0.0022266132,0.9999968,-0.0012650151,0.81667006,-0.54102033,-0.20086557,-0.011914164,0.33217743,-0.94314164,0.57698184,0.7726287,0.26483357,0.05505371,9.730026,0.14364624,0.021835327,9.806488,-0.0124053955,-0.031936646,-0.020233154,0.0063934326,-4.2007446,-30.909729,-23.477173,0,0.0,0.0,0.0,0.0
0.202941894,0.9849138,-0.0024315044,-0.17302829,-0.17303045,-7.024008E-4,-0.9849162,0.0022732927,0.9999968,-0.0011125286,0.81667006,-0.54102033,-0.20086557,-0.011914164,0.33217743,-0.94314164,0.57698184,0.7726287,0.26483357,0.05505371,9.730026,0.14364624,0.02229309,9.806488,-0.010910034,-0.031936646,-0.020233154,0.0063934326,-4.2007446,-30.909729,-23.477173,0,0.0,0.0,0.0,0.0
0.207336425,0.9806249,-0.0024435562,-0.19587979,-0.19588149,-4.7662575E-4,-0.9806275,0.0023028569,0.9999969,-9.4603846E-4,0.8237068,-0.5332547,-0.19273466,-0.026155233,0.3038151,-0.95237195,0.5664125,0.7895162,0.23630716,0.07421875,9.777908,-0.02394104,0.022583008,9.806488,-0.009277344,-0.02128601,-0.008514404,0.008529663,-4.559326,-30.909729,-22.439575,0,0.0,0.0,0.0,0.0
0.211730957,0.98062235,-0.0024340954,-0.19589232,-0.19589408,-5.0863344E-4,-0.98062485,0.002287297,0.9999969,-9.756022E-4,0.8275978,-0.52836776,-0.18949747,-0.033031583,0.29116485,-0.9561025,0.56034875,0.79752773,0.22351457,-0.03590393,9.821014,-0.08139038,0.02243042,9.806488,-0.009567261,-0.039398193,-0.0010681152,0.0021362305,-4.559326,-30.909729,-22.439575,0,0.0,0.0,0.0,0.0
0.216125488,0.9581093,-0.002449009,-0.2863923,-0.28639376,-2.5535462E-4,-0.95811194,0.0022732932,0.99999696,-9.460385E-4,0.8315347,-0.5232367,-0.18647614,-0.03971955,0.27883878,-0.95951617,0.55405086,0.80527776,0.21108142,-0.002380371,9.964661,0.04788208,0.02229309,9.806488,-0.009277344,-0.004257202,-0.0010681152,-0.0053253174,-7.2494507,-30.014038,-23.995972,0,0.0,0.0,0.0,0.0
0.220520019,0.9581051,-0.002436577,-0.2864066,-0.2864082,-3.2237213E-4,-0.95810765,0.0022421735,0.99999696,-0.001006722,0.8353989,-0.5174262,-0.18541522,-0.04763925,0.26790515,-0.9622668,0.5475758,0.8127096,0.19915788,-0.07899475,9.773117,-0.13885498,0.021987915,9.806488,-0.0098724365,-0.011703491,-0.015975952,0.005340576,-7.2494507,-30.014038,-23.995972,0,0.0,0.0,0.0,0.0
0.22491455,0.95810086,-0.002424147,-0.28642085,-0.28642258,-3.8939004E-4,-0.9581033,0.0022110539,0.99999696,-0.0010674053,0.8391838,-0.5116143,-0.18444866,-0.055355877,0.25703925,-0.96481425,0.5410234,0.81986684,0.18738231,-0.05984497,9.907196,-0.18673706,0.02168274,9.806488,-0.010467529,-0.011703491,-0.0063934326,0.009597778,-7.2494507,-30.014038,-23.995972,0,0.0,0.0,0.0,0.0
0.229309082,0.9838213,-0.0023068006,-0.17913836,-0.17914031,-6.6492235E-4,-0.9838235,0.002150371,0.9999972,-0.0010674056,0.8428934,-0.50579756,-0.18357408,-0.062871635,0.24624948,-0.9671651,0.53439474,0.82675874,0.17576176,-0.13645935,10.017334,0.009567261,0.021087646,9.806488,-0.010467529,0.012786865,-0.003189087,0.0,-4.3807983,-31.806946,-23.649597,0,0.0,0.0,0.0,0.0
0.233703613,0.9838223,-0.0023112341,-0.1791326,-0.17913441,-6.024469E-4,-0.98382455,0.0021659308,0.9999972,-0.0010067222,0.84672576,-0.50044465,-0.18058415,-0.06827712,0.23440619,-0.96973807,0.52763027,0.83343196,0.16430885,-0.08378601,9.787491,-0.09576416,0.021240234,9.806488,-0.0098724365,0.012786865,0.0,0.0,-4.3807983,-31.806946,-23.649597,0,0.0,0.0,0.0,0.0
0.238098144,0.9838094,-0.0022568745,-0.17920333,-0.17920518,-6.422405E-4,-0.9838115,0.0021052477,0.99999726,-0.001036286,0.8506191,-0.49475282,-0.17795172,-0.07337883,0.22343151,-0.97195363,0.52063686,0.8398202,0.15375072,-0.11251831,9.888046,-0.11491394,0.020645142,9.806488,-0.0101623535,-0.02128601,-0.0234375,0.01171875,-4.3807983,-31.806946,-23.649597,0,0.0,0.0,0.0,0.0
0.242492675,0.9820923,-0.002272488,-0.18838671,-0.18838848,-5.891622E-4,-0.98209447,0.0021208075,0.99999726,-0.0010067222,0.85445595,-0.48900318,-0.17544523,-0.07830317,0.21262735,-0.97399086,0.5135891,0.84597015,0.14339018,-0.03111267,9.883255,0.06703186,0.02079773,9.806488,-0.0098724365,-0.013824463,-0.014907837,0.008529663,-4.73938,-30.37262,-24.34082,0,0.0,0.0,0.0,0.0
0.246887207,0.98209286,-0.0022748075,-0.18838392,-0.18838555,-5.269338E-4,-0.982095,0.0021348114,0.99999726,-9.460388E-4,0.85828644,-0.48301277,-0.17332938,-0.08312656,0.20244074,-0.97576004,0.50639355,0.8518899,0.13360095,0.02154541,9.777908,-0.07661438,0.020935059,9.806488,-0.009277344,-0.0010528564,-0.030899048,0.007461548,-4.73938,-30.37262,-24.34082,0,0.0,0.0,0.0,0.0
0.251281738,0.9820908,-0.0022657127,-0.18839486,-0.18839672,-6.363903E-4,-0.98209286,0.0021052477,0.99999726,-0.0010518458,0.8620105,-0.47680512,-0.17203167,-0.08817436,0.19316393,-0.97719646,0.4991626,0.85752237,0.12446736,-0.05505371,9.787491,-0.27293396,0.020645142,9.806488,-0.010314941,-0.018081665,-0.031951904,0.0032043457,-4.73938,-30.37262,-24.34082,0,0.0,0.0,0.0,0.0
0.255676269,0.982731,-0.0022788087,-0.18502639,-0.18502827,-6.412761E-4,-0.9827331,0.0021208073,0.9999972,-0.0010518457,0.86573464,-0.47068396,-0.17017679,-0.09260471,0.18350312,-0.97864753,0.49186164,0.86300826,0.115277454,-0.03111267,9.730026,-0.20111084,0.02079773,9.806488,-0.010314941,-0.011703491,-0.019180298,0.0021362305,-4.559326,-31.985474,-23.822021,0,0.0,0.0,0.0,0.0
0.2600708,0.9827245,-0.0022523096,-0.18506072,-0.18506245,-5.844409E-4,-0.9827266,0.0021052477,0.99999726,-9.911624E-4,0.86942816,-0.4644688,-0.16841453,-0.09676033,0.1742007,-0.9799447,0.48449168,0.8682873,0.106512845,-0.07421875,9.82579,0.0622406,0.020645142,9.806488,-0.009719849,-0.017028809,-0.03515625,0.004272461,-4.559326,-31.985474,-23.822021,0,0.0,0.0,0.0,0.0
0.264465332,0.9827245,-0.0022523096,-0.18506072,-0.18506245,-5.844409E-4,-0.9827266,0.0021052477,0.99999726,-9.911624E-4,0.8730999,-0.4581041,-0.16684449,-0.1006728,0.16543926,-0.9810682,0.477034,0.8733673,0.0983264,-0.05984497,9.811432,-0.10533142,0.020645142,9.806488,-0.009719849,-0.0053253174,-0.046875,0.0063934326,-4.559326,-31.985474,-23.822021,0,0.0,0.0,0.0,0.0
0.268859863,0.9827443,-0.0023341198,-0.18495467,-0.18495636,-5.233594E-4,-0.98274666,0.0021970505,0.9999972,-9.4603875E-4,0.8765495,-0.45173588,-0.16611983,-0.10510552,0.15715736,-0.9819646,0.46969557,0.8782006,0.09027627,0.026321411,9.830582,-0.10533142,0.02154541,9.806488,-0.009277344,-0.008514404,-0.04473877,0.005340576,-4.559326,-31.985474,-23.822021,0,0.0,0.0,0.0,0.0
0.273254394,0.9827385,-0.0023102097,-0.18498565,-0.18498722,-4.802905E-4,-0.9827409,0.0021814909,0.99999726,-8.993593E-4,0.8801387,-0.44516632,-0.16487214,-0.10856457,0.14934982,-0.9828064,0.4621359,0.8829052,0.08311927,-0.07421875,9.821014,0.01914978,0.021392822,9.806488,-0.00881958,-0.018081665,-0.059646606,0.020233154,-4.559326,-31.985474,-23.822021,0,0.0,0.0,0.0,0.0
0.277648925,0.9827452,-0.0023375587,-0.18495022,-0.1849516,-3.818091E-4,-0.9827477,0.0022266144,0.99999726,-8.0755615E-4,0.8836691,-0.43852755,-0.16377564,-0.111824274,0.14198202,-0.9835326,0.45455936,0.8874315,0.07642709,0.10293579,9.787491,0.19152832,0.021835327,9.806488,-0.0079193115,-0.008514404,-0.050064087,0.004272461,-4.559326,-31.985474,-23.822021,0,0.0,0.0,0.0,0.0
0.282043457,0.9744948,-0.0023358813,-0.22439775,-0.22439903,-2.908036E-4,-0.9744973,0.0022110546,0.99999726,-8.0755615E-4,0.8871603,-0.43176278,-0.16287276,-0.11484049,0.13527359,-0.98413044,0.44694328,0.8917858,0.0704255,-0.05984497,9.883255,0.004776001,0.02168274,9.806488,-0.0079193115,-0.004257202,-0.050064087,0.0032043457,-5.635071,-29.116821,-24.168396,0,0.0,0.0,0.0,0.0
0.286437988,0.97448564,-0.002300449,-0.22443831,-0.22443949,-2.6853237E-4,-0.97448796,0.0021814909,0.99999726,-7.779925E-4,0.89033383,-0.42496723,-0.16342755,-0.11908156,0.12910344,-0.9844551,0.43946022,0.8959549,0.06433939,-0.07421875,9.8736725,0.06703186,0.021392822,9.806488,-0.0076293945,0.0032043457,-0.040481567,0.0032043457,-5.635071,-29.116821,-24.168396,0,0.0,0.0,0.0,0.0
0.290832519,0.9744852,-0.0022989067,-0.22444008,-0.2244414,-3.311555E-4,-0.97448754,0.002165931,0.99999726,-8.386759E-4,0.89355433,-0.41812685,-0.1634951,-0.12250033,0.12327918,-0.98478216,0.43191943,0.89998454,0.05893596,-0.08378601,9.725235,-0.11012268,0.021240234,9.806488,-0.008224487,-0.0010528564,-0.022369385,0.0021362305,-5.635071,-29.116821,-24.168396,0,0.0,0.0,0.0,0.0
0.29522705,0.9804935,-0.00228519,-0.19653857,-0.19654009,-4.5918504E-4,-0.9804957,0.0021503712,0.99999726,-8.993593E-4,0.8966603,-0.4113878,-0.16358584,-0.12582608,0.117458366,-0.9850743,0.42446205,0.9038604,0.05355695,-0.002380371,9.758759,-0.16279602,0.021087646,9.806488,-0.00881958,0.004272461,-0.027694702,0.005340576,-4.73938,-29.296875,-23.303223,0,0.0,0.0,0.0,0.0
0.299621582,0.9804948,-0.00229103,-0.1965315,-0.19653328,-5.675282E-4,-0.980497,0.0021348114,0.99999726,-0.0010067222,0.8997313,-0.4048081,-0.16313791,-0.12854579,0.11141933,-0.9854247,0.41708457,0.90758806,0.048211087,-0.03590393,9.787491,-0.10533142,0.020935059,9.806488,-0.0098724365,-0.006378174,-0.014907837,0.0021362305,-4.73938,-29.296875,-23.303223,0,0.0,0.0,0.0,0.0
0.304016113,0.98049444,-0.0022892272,-0.19653368,-0.19653557,-6.297752E-4,-0.9804965,0.0021208073,0.9999972,-0.0010674056,0.9026177,-0.39842454,-0.16290826,-0.13156717,0.10498614,-0.9857322,0.409843,0.91117275,0.04234276,-0.026321411,9.830582,-0.1484375,0.02079773,9.806488,-0.010467529,0.018112183,-0.022369385,0.0021362305,-4.73938,-29.296875,-23.303223,0,0.0,0.0,0.0,0.0
0.308410644,0.9817896,-0.0023169362,-0.18995784,-0.1899598,-6.5476424E-4,-0.98179173,0.0021503707,0.9999971,-0.0010829653,0.90548587,-0.3920308,-0.16250281,-0.1341353,0.098902,-0.98601526,0.40262023,0.9146203,0.03696919,0.06942749,9.76355,-0.05265808,0.021087646,9.806488,-0.010620117,-0.006378174,-0.020233154,-0.004257202,-4.3807983,-30.731201,-22.26715,0,0.0,0.0,0.0,0.0
0.312805175,0.9817835,-0.0022935483,-0.18998893,-0.18999092,-6.893327E-4,-0.98178554,0.002120807,0.9999971,-0.001112529,0.908295,-0.38567102,-0.16204311,-0.13645609,0.09302154,-0.98626906,0.3954489,0.9179351,0.03186385,-0.026321411,9.854523,-0.07661438,0.02079773,9.806488,-0.010910034,0.0032043457,-0.0138549805,0.0021362305,-4.3807983,-30.731201,-22.26715,0,0.0,0.0,0.0,0.0
0.317199707,0.9817885,-0.0023131904,-0.1899628,-0.1899649,-7.172865E-4,-0.9817906,0.002134811,0.9999971,-0.0011436486,0.91090935,-0.37952414,-0.16188139,-0.1389808,0.08718531,-0.9864497,0.38849515,0.9210647,0.026671344,0.05984497,9.76355,-0.08139038,0.020935059,9.806488,-0.01121521,0.0063934326,-0.019180298,0.009597778,-4.3807983,-30.731201,-22.26715,0,0.0,0.0,0.0,0.0
0.321594238,0.9761981,-0.0023418115,-0.21686776,-0.2168699,-6.9750554E-4,-0.9762002,0.002134811,0.9999971,-0.0011887723,0.91355884,-0.37325436,-0.16152844,-0.141101,0.08161714,-0.9866251,0.38144562,0.92413193,0.021895494,-0.002380371,9.801849,-0.12927246,0.020935059,9.806488,-0.011657715,-0.004257202,-0.003189087,0.010665894,-5.0979614,-31.089783,-22.612,0,0.0,0.0,0.0,0.0
0.325988769,0.976201,-0.0023519248,-0.21685453,-0.21685678,-7.431058E-4,-0.976203,0.0021348107,0.99999696,-0.0012354517,0.91604865,-0.36699778,-0.16176403,-0.14363813,0.0763754,-0.9866788,0.37446368,0.9270811,0.017248701,0.04069519,9.797058,-0.13885498,0.020935059,9.806488,-0.0121154785,0.0063934326,0.006378174,0.012786865,-5.0979614,-31.089783,-22.612,0,0.0,0.0,0.0,0.0
0.3303833,0.97619617,-0.002334897,-0.21687686,-0.21687905,-7.3089986E-4,-0.97619814,0.0021208068,0.99999696,-0.0012198918,0.91845834,-0.3608042,-0.16203251,-0.14608416,0.0712458,-0.9867033,0.36755085,0.9299163,0.012728514,-0.02154541,9.830582,0.004776001,0.02079773,9.806488,-0.011962891,0.0,0.0021362305,-0.003189087,-5.0979614,-31.089783,-22.612,0,0.0,0.0,0.0,0.0
0.334777832,0.9833073,-0.0022906277,-0.18193798,-0.18194039,-8.943055E-4,-0.9833091,0.0020896872,0.99999696,-0.001296135,0.92079747,-0.3546541,-0.16233444,-0.14845192,0.06620916,-0.9867008,0.36068547,0.93265045,0.0083161425,-0.05984497,9.964661,-0.19152832,0.020492554,9.806488,-0.012710571,0.009597778,-0.0021362305,-0.0010528564,-4.3807983,-29.655457,-23.303223,0,0.0,0.0,0.0,0.0
0.339172363,0.983312,-0.0023115654,-0.18191223,-0.18191473,-9.221354E-4,-0.98331386,0.0021052468,0.9999969,-0.0013272547,0.92316264,-0.3486235,-0.16196412,-0.15006289,0.06107404,-0.9867883,0.3539094,0.93527085,0.0040658186,0.03590393,9.76355,-0.07182312,0.020645142,9.806488,-0.013015747,-0.020217896,-0.0021362305,0.0021362305,-4.3807983,-29.655457,-23.303223,0,0.0,0.0,0.0,0.0
0.343566894,0.98331577,-0.0023282443,-0.18189171,-0.18189444,-0.0010124547,-0.9833175,0.0021052465,0.9999968,-0.0014190575,0.92545694,-0.34263653,-0.16164663,-0.15158966,0.05612673,-0.9868487,0.3472031,0.93779,2.7165524E-6,0.05027771,9.739609,-0.25856018,0.020645142,9.806488,-0.013916016,0.012786865,-0.0095825195,-0.003189087,-4.3807983,-29.655457,-23.303223,0,0.0,0.0,0.0,0.0
0.347961425,0.9782071,-0.0023601349,-0.20761813,-0.20762087,-9.799642E-4,-0.9782089,0.0021052465,0.9999968,-0.0014486212,0.9276773,-0.3367203,-0.1613512,-0.15306371,0.051205553,-0.9868887,0.34056756,0.94021136,-0.0040374314,0.01675415,9.8688965,-0.08139038,0.020645142,9.806488,-0.014205933,0.0,0.007446289,0.0063934326,-5.2764893,-30.551147,-24.513245,0,0.0,0.0,0.0,0.0
0.352355957,0.9781947,-0.0023105284,-0.20767729,-0.20768008,-0.0010380859,-0.97819626,0.0020445632,0.9999968,-0.0014953007,0.92977715,-0.33073986,-0.16163418,-0.15491895,0.046755046,-0.9868202,0.33393797,0.94256306,-0.007766104,-0.13645935,9.749176,-0.13406372,0.020050049,9.806488,-0.014663696,-0.008514404,0.0021362305,-0.004257202,-5.2764893,-30.551147,-24.513245,0,0.0,0.0,0.0,0.0
0.356750488,0.97819626,-0.00231666,-0.20766999,-0.20767285,-0.0010670223,-0.9781978,0.0020445632,0.9999968,-0.0015248645,0.93177855,-0.32491824,-0.1619162,-0.15674795,0.04220819,-0.98673636,0.32744282,0.9447998,-0.011601582,0.01675415,9.859314,-0.12449646,0.020050049,9.806488,-0.014953613,-0.003189087,0.0,-0.0021209717,-5.2764893,-30.551147,-24.513245,0,0.0,0.0,0.0,0.0
0.361145019,0.9799772,-0.0022432064,-0.19909741,-0.19910002,-0.0010065942,-0.9799787,0.0019978841,0.99999696,-0.0014330617,0.93371594,-0.3191478,-0.1622317,-0.15849791,0.037823748,-0.9866346,0.3210185,0.94694984,-0.015267622,-0.01675415,9.7827,0.004776001,0.019592285,9.806488,-0.014053345,-0.004257202,-0.018112183,-0.0021209717,-4.559326,-30.909729,-22.0932,0,0.0,0.0,0.0,0.0
0.36553955,0.9799755,-0.0022372603,-0.19910538,-0.19910808,-0.0010554186,-0.9799769,0.001982324,0.9999969,-0.0014797411,0.93562037,-0.31341624,-0.1624338,-0.15997988,0.0337178,-0.9865443,0.31467593,0.94901705,-0.01859323,0.002380371,9.806641,-0.15800476,0.019439697,9.806488,-0.014511108,-0.02128601,-0.01171875,-0.0095825195,-4.559326,-30.909729,-22.0932,0,0.0,0.0,0.0,0.0
0.369934082,0.9799577,-0.00217175,-0.19919337,-0.1991958,-9.5899525E-4,-0.9799592,0.001937201,0.9999972,-0.0013723786,0.93744975,-0.3077523,-0.16271588,-0.16143912,0.029787738,-0.986433,0.30842397,0.9510001,-0.021758758,-0.06463623,9.768341,0.0,0.018997192,9.806488,-0.013458252,-0.0053253174,-0.0021362305,0.0010681152,-4.559326,-30.909729,-22.0932,0,0.0,0.0,0.0,0.0
0.374328613,0.9687343,-0.0021908276,-0.24809083,-0.24809319,-8.716623E-4,-0.9687358,0.0019060816,0.99999726,-0.0013879385,0.9392299,-0.30212367,-0.1629987,-0.16276824,0.02612124,-0.9863185,0.30224788,0.9529108,-0.024642289,-0.05027771,9.844955,-0.0622406,0.018692017,9.806488,-0.01361084,-0.024475098,-0.017044067,-0.004257202,-5.9936523,-30.909729,-23.130798,0,0.0,0.0,0.0,0.0
0.378723144,0.9687288,-0.0021734035,-0.24811266,-0.24811509,-9.226607E-4,-0.96873015,0.0018765178,0.99999726,-0.0014330621,0.94078356,-0.29653785,-0.16429079,-0.16498604,0.022862568,-0.9860309,0.29615158,0.9547474,-0.027415881,-0.05984497,9.811432,-0.12927246,0.0184021,9.806488,-0.014053345,0.008529663,-0.0063934326,-0.017044067,-5.9936523,-30.909729,-23.130798,0,0.0,0.0,0.0,0.0
0.383117675,0.9687347,-0.0021923142,-0.24808893,-0.2480914,-9.339268E-4,-0.9687361,0.0018920775,0.9999972,-0.0014486219,0.94227797,-0.29102916,-0.1655727,-0.16714358,0.01963862,-0.98573697,0.2901298,0.95651263,-0.030138617,-0.04548645,9.7348175,-0.30166626,0.018554688,9.806488,-0.014205933,-0.008514404,-0.015975952,-0.008514404,-5.9936523,-30.909729,-23.130798,0,0.0,0.0,0.0,0.0
0.387512207,0.97808194,-0.0021308553,-0.20820953,-0.20821199,-9.972462E-4,-0.97808325,0.0018765178,0.99999726,-0.0014190582,0.94363195,-0.28566605,-0.16719277,-0.16946438,0.016936546,-0.9853907,0.28432435,0.95817953,-0.03242835,-0.026321411,9.811432,-0.12449646,0.0184021,9.806488,-0.013916016,-0.02128601,-0.014907837,0.008529663,-4.9179077,-30.909729,-22.78595,0,0.0,0.0,0.0,0.0
0.391906738,0.97809213,-0.00216805,-0.20816128,-0.20816398,-0.0010976011,-0.9780934,0.0018920773,0.9999971,-0.0015248649,0.94515234,-0.2803054,-0.1676776,-0.17068738,0.0138245765,-0.9852282,0.27848285,0.95981133,-0.03477826,0.002380371,9.677353,-0.28729248,0.018554688,9.806488,-0.014953613,-0.014892578,-0.03515625,0.0,-4.9179077,-30.909729,-22.78595,0,0.0,0.0,0.0,0.0
0.396301269,0.9780738,-0.0021011163,-0.20824814,-0.20825072,-0.0010814548,-0.97807497,0.0018298383,0.99999726,-0.0014953015,0.946619,-0.27501893,-0.16815796,-0.17187533,0.010709506,-0.98506045,0.27271116,0.9613792,-0.037131146,-0.12689209,9.76355,-0.16758728,0.017944336,9.806488,-0.014663696,0.0,-0.027694702,0.0021362305,-4.9179077,-30.909729,-22.78595,0,0.0,0.0,0.0,0.0
0.4006958,0.98483217,-0.0020170815,-0.17349768,-0.17350021,-0.0011629772,-0.98483306,0.0017847146,0.99999726,-0.0014953015,0.9479797,-0.2697218,-0.16907008,-0.17334276,0.008080869,-0.98482835,0.26699594,0.9629044,-0.039093826,-0.11730957,9.955078,-0.028717041,0.017501831,9.806488,-0.014663696,-0.022354126,-0.020233154,-0.0010528564,-4.2007446,-31.626892,-23.477173,0,0.0,0.0,0.0,0.0
0.405090332,0.98482275,-0.001975696,-0.17355174,-0.17355414,-0.0011069728,-0.98482376,0.0017535954,0.9999975,-0.0014330624,0.94946456,-0.2645748,-0.16887043,-0.17375784,0.004998912,-0.9847758,0.261391,0.9643522,-0.04122566,-0.06942749,9.749176,-0.07661438,0.017196655,9.806488,-0.014053345,-0.008514404,-0.019180298,0.0063934326,-4.2007446,-31.626892,-23.477173,0,0.0,0.0,0.0,0.0
0.409484863,0.9848198,-0.0019630915,-0.17356819,-0.1735706,-0.0011249643,-0.9848208,0.0017380355,0.9999975,-0.0014486223,0.95089585,-0.25948724,-0.1687116,-0.1741253,0.0021537375,-0.9847211,0.25588593,0.96574414,-0.043135315,-0.07421875,9.801849,-0.11491394,0.017044067,9.806488,-0.014205933,-0.018081665,-0.028762817,0.0,-4.2007446,-31.626892,-23.477173,0,0.0,0.0,0.0,0.0
0.413879394,0.97866625,-0.0019455814,-0.2054471,-0.20544945,-0.0011035665,-0.9786671,0.0016773521,0.9999975,-0.001479742,0.9522763,-0.25446507,-0.16857465,-0.17446256,-5.785839E-4,-0.98466367,0.25046498,0.9670818,-0.044945598,-0.05027771,9.82579,-0.20111084,0.016448975,9.806488,-0.014511108,-0.004257202,-0.04473877,0.0063934326,-4.9179077,-31.26831,-23.130798,0,0.0,0.0,0.0,0.0
0.418273925,0.978672,-0.0019668515,-0.20541957,-0.20542201,-0.001129358,-0.9786729,0.001692912,0.9999975,-0.0015093057,0.9534,-0.24935064,-0.1698604,-0.17616065,-0.0030011532,-0.9843569,0.24494022,0.96840864,-0.046787072,-0.03111267,9.801849,-0.1197052,0.016601563,9.806488,-0.014801025,-0.0095825195,-0.046875,-0.008514404,-4.9179077,-31.26831,-23.130798,0,0.0,0.0,0.0,0.0
0.422668457,0.97867036,-0.0019607872,-0.20542741,-0.20542979,-0.0011004091,-0.97867125,0.001692912,0.9999975,-0.001479742,0.9545738,-0.24446714,-0.17036596,-0.17704265,-0.005432735,-0.9841882,0.2396761,0.96964234,-0.048467055,-0.05027771,9.792282,-0.08618164,0.016601563,9.806488,-0.014511108,-0.003189087,-0.051132202,0.005340576,-4.9179077,-31.26831,-23.130798,0,0.0,0.0,0.0,0.0
0.427062988,0.96953046,-0.0020112186,-0.24496247,-0.24496497,-0.0011127724,-0.96953124,0.0016773519,0.9999973,-0.0015715449,0.95570004,-0.23965473,-0.17088875,-0.17787707,-0.007672254,-0.9840228,0.23451462,0.9708279,-0.049961455,-0.007171631,9.753967,-0.1771698,0.016448975,9.806488,-0.015411377,-0.010650635,-0.05432129,0.005340576,-5.9936523,-29.833984,-23.477173,0,0.0,0.0,0.0,0.0
0.431457519,0.969536,-0.002029709,-0.24494037,-0.24494292,-0.0011225841,-0.9695368,0.0016929116,0.99999726,-0.0015855486,0.9566407,-0.23491618,-0.17220037,-0.17946763,-0.009747556,-0.9837156,0.22941217,0.97196674,-0.051484756,0.07421875,9.821014,-0.3543396,0.016601563,9.806488,-0.015548706,0.0063934326,-0.050064087,-0.0010528564,-5.9936523,-29.833984,-23.477173,0,0.0,0.0,0.0,0.0
0.43585205,0.969506,-0.0019295719,-0.24505998,-0.24506246,-0.00116373,-0.9695066,0.001585549,0.9999975,-0.0016011088,0.95742714,-0.23014522,-0.17425959,-0.18167822,-0.011277036,-0.9832933,0.22433513,0.97309095,-0.052609313,-0.17477417,9.816223,-0.25378418,0.015548706,9.806488,-0.015701294,-0.026611328,-0.041549683,-0.0021209717,-5.9936523,-29.833984,-23.477173,0,0.0,0.0,0.0,0.0
0.440246582,0.96731323,-0.0019508371,-0.25357684,-0.25357932,-0.0011277184,-0.9673139,0.0016011088,0.9999975,-0.001585549,0.9582904,-0.22554648,-0.1755234,-0.18317446,-0.013285403,-0.9829907,0.21937817,0.97414184,-0.05404563,-0.02154541,9.945511,-0.08618164,0.015701294,9.806488,-0.015548706,-0.018081665,-0.04899597,-0.007446289,-6.173706,-32.165527,-23.303223,0,0.0,0.0,0.0,0.0
0.444641113,0.96732193,-0.0019766216,-0.25354356,-0.2535459,-0.0010421984,-0.96732277,0.0016477883,0.9999975,-0.0015093057,0.9590799,-0.22102433,-0.1769575,-0.18478501,-0.015084205,-0.9826632,0.21452321,0.97515166,-0.05530894,0.01675415,9.7444,-0.07182312,0.016159058,9.806488,-0.014801025,-0.0095825195,-0.041549683,0.004272461,-6.173706,-32.165527,-23.303223,0,0.0,0.0,0.0,0.0
0.449035644,0.9673181,-0.0019651959,-0.2535583,-0.25356057,-9.985196E-4,-0.96731895,0.0016477884,0.99999756,-0.0014641823,0.9598252,-0.21658804,-0.17839602,-0.1863274,-0.016597614,-0.9823475,0.20980377,0.97612196,-0.056287095,-0.03590393,9.830582,-0.13885498,0.016159058,9.806488,-0.0143585205,-0.02128601,-0.03515625,0.010665894,-6.173706,-32.165527,-23.303223,0,0.0,0.0,0.0,0.0
0.453430175,0.9774139,-0.0018952513,-0.21132591,-0.21132809,-0.0010420756,-0.97741467,0.0016322287,0.9999976,-0.0014190588,0.9604153,-0.2122286,-0.18044792,-0.18838775,-0.017632503,-0.9819364,0.20521323,0.977061,-0.056915794,-0.03111267,9.816223,-0.04309082,0.01600647,9.806488,-0.013916016,-0.01914978,-0.03515625,0.0032043457,-5.0979614,-30.731201,-23.303223,0,0.0,0.0,0.0,0.0
0.457824707,0.97740936,-0.0018788307,-0.2113466,-0.21134865,-9.6599374E-4,-0.97741026,0.001632229,0.9999978,-0.0013412597,0.96124977,-0.2079374,-0.18099952,-0.18898585,-0.019035224,-0.98179525,0.2007066,0.9779569,-0.057594836,0.05027771,9.816223,-0.02394104,0.01600647,9.806488,-0.013153076,-0.013824463,-0.031951904,0.0010681152,-5.0979614,-30.731201,-23.303223,0,0.0,0.0,0.0,0.0
0.462219238,0.9773988,-0.0018398333,-0.21139571,-0.21139777,-0.0010061837,-0.9773996,0.0015855494,0.9999978,-0.0013723794,0.9620443,-0.20373012,-0.18156195,-0.18954802,-0.020227395,-0.98166305,0.19632182,0.9788181,-0.058076292,-0.08857727,9.816223,-0.0909729,0.015548706,9.806488,-0.013458252,-0.018081665,-0.0234375,-0.004257202,-5.0979614,-30.731201,-23.303223,0,0.0,0.0,0.0,0.0
0.466613769,0.96640456,-0.0018694173,-0.257019,-0.2570209,-8.601126E-4,-0.96640545,0.0015855496,0.99999785,-0.001311696,0.96280825,-0.19958693,-0.18211353,-0.1900985,-0.021435782,-0.98153096,0.191997,0.9796456,-0.058579724,-0.05027771,9.911987,-0.05265808,0.015548706,9.806488,-0.012863159,0.0063934326,-0.0095825195,0.018096924,-6.5322876,-30.37262,-24.34082,0,0.0,0.0,0.0,0.0
0.4710083,0.96640915,-0.0018844386,-0.2570015,-0.2570034,-8.561475E-4,-0.9664101,0.0016011094,0.99999785,-0.001311696,0.96329397,-0.19554904,-0.18391684,-0.19180039,-0.022006262,-0.9811873,0.18782291,0.980447,-0.05870488,0.05505371,9.773117,-0.02394104,0.015701294,9.806488,-0.012863159,-0.017028809,-0.017044067,0.0032043457,-6.5322876,-30.37262,-24.34082,0,0.0,0.0,0.0,0.0
0.475402832,0.9663911,-0.0018258552,-0.25706974,-0.25707158,-8.7161444E-4,-0.96639186,0.001540426,0.9999979,-0.0013116961,0.9638117,-0.19158877,-0.18536657,-0.19318137,-0.022781355,-0.9808985,0.18370625,0.9812109,-0.05896832,-0.13645935,9.859314,-0.028717041,0.015106201,9.806488,-0.012863159,-0.004257202,-0.0053253174,0.019165039,-6.5322876,-30.37262,-24.34082,0,0.0,0.0,0.0,0.0
