Time,Rot1,Rot2,Rot3,Rot4,Rot5,Rot6,Rot7,Rot8,Rot9,FRot1,FRot2,FRot3,FRot4,FRot5,FRot6,FRot7,FRot8,FRot9,AccX,AccY,AccZ,GravX,GravY,GravZ,GyroX,GyroY,GyroZ,MagX,MagY,MagZ,Imid
0.0,0.0,0.0,0.0,0.0,0.0,0.0,0.0,0.0,0.0,1.0,0.0,0.0,0.0,1.0,0.0,0.0,0.0,1.0,0.0,0.0,0.0,9.166044,0.2759251,3.4753249,0.0,0.0,0.0,0.0,0.0,0.0,0,0.0,0.0,0.0,0.0
0.008300781,0.22992937,-0.80883664,-0.541217,0.27127668,0.58734214,-0.762521,0.9346344,0.028506387,0.3544657,1.0,0.0,0.0,0.0,1.0,0.0,0.0,0.0,1.0,9.262619,0.2871399,3.6586304,9.165632,0.27955216,3.4761212,0.055099487,0.007659912,-0.05091858,-9.658813,15.119934,-26.69983,0,0.0,0.0,0.0,0.0
0.016601562,0.23066765,-0.8085544,-0.54132426,0.27108592,0.58770144,-0.7623117,0.9345077,0.029095279,0.35475153,0.9981615,-0.03732339,-0.047754947,0.037226733,0.99930257,-0.0029121188,0.047830332,0.0011290044,0.9988548,9.352341,0.31225586,3.7256317,9.164391,0.28532723,3.478924,0.058914185,0.044158936,-0.067871094,-9.658813,15.119934,-26.69983,0,0.0,0.0,0.0,0.0
0.024902343,0.23517561,-0.8000535,-0.5519121,0.26769292,0.599193,-0.7545252,0.93436223,0.029702956,0.35508418,0.9929564,-0.07310228,-0.09323925,0.07257227,0.9973219,-0.009067077,0.09365238,0.0022366287,0.9956024,9.422928,0.27278137,3.6191406,9.162964,0.2912865,3.4821863,0.06333923,0.05331421,-0.053985596,-9.359741,15.419006,-26.339722,0,0.0,0.0,0.0,0.0
0.033203125,0.23600179,-0.7997357,-0.5520197,0.26759225,0.5995876,-0.7542473,0.9341828,0.0302875,0.3555069,0.98925734,-0.09014095,-0.11508541,0.08921349,0.9959251,-0.0131949615,0.11580586,0.0027860405,0.99326795,9.422928,0.27278137,3.6191406,9.161204,0.29701892,3.486332,0.06135559,0.04385376,-0.052444458,-9.359741,15.419006,-26.339722,0,0.0,0.0,0.0,0.0
0.041503906,0.23731633,-0.7976958,-0.5544026,0.2666617,0.60227656,-0.7524322,0.9341158,0.03072651,0.35564506,0.97990835,-0.12310302,-0.15692423,0.12093583,0.99238634,-0.023321606,0.15860042,0.0038752744,0.98733526,9.438492,0.22372437,3.4564362,9.160547,0.30132413,3.4876866,0.04837036,0.024002075,-0.030303955,-8.879089,15.539551,-26.159668,0,0.0,0.0,0.0,0.0
0.049804687,0.23765494,-0.79756796,-0.5544416,0.2665168,0.6024303,-0.75236064,0.9340712,0.031034222,0.3557358,0.9683002,-0.15450035,-0.19627634,0.15042591,0.98798037,-0.03559207,0.19941615,0.0049387636,0.97990245,9.284149,0.20936584,3.394226,9.160109,0.30434173,3.4885764,0.04058838,0.019561768,-0.0016021729,-8.879089,15.539551,-26.159668,0,0.0,0.0,0.0,0.0
0.058105468,0.23811504,-0.7966486,-0.5555648,0.26609433,0.6036411,-0.75153923,0.9340744,0.031120159,0.3557197,0.961759,-0.16967154,-0.21501476,0.16437249,0.98548555,-0.042425677,0.21909237,0.0054607643,0.9756889,9.284149,0.20936584,3.394226,9.160141,0.3051845,3.4884186,0.008972168,0.016815186,0.004196167,-8.81958,15.899658,-26.579285,0,0.0,0.0,0.0,0.0
0.06640625,0.23796979,-0.79670304,-0.55554914,0.26603022,0.603572,-0.7516176,0.9341297,0.031069402,0.35557893,0.94742167,-0.19893268,-0.25063497,0.19062248,0.97999173,-0.057264585,0.25701198,0.006477055,0.9663865,9.373886,0.27757263,3.3643036,9.160684,0.30468675,3.4870381,-0.021865845,-0.0036468506,0.029403687,-8.81958,15.899658,-26.579285,0,0.0,0.0,0.0,0.0
0.074707031,0.23480444,-0.8032428,-0.5474194,0.26849055,0.5948484,-0.757673,0.9342268,0.03092802,0.3553361,0.931653,-0.22687224,-0.28381628,0.21478939,0.973896,-0.07343056,0.2930669,0.0074510835,0.95606285,9.5282135,0.41635132,3.4289093,9.161635,0.30330026,3.4846568,-0.038208008,-0.023345947,0.037490845,-8.938599,15.419006,-26.45874,0,0.0,0.0,0.0,0.0
0.083007812,0.23437122,-0.8034046,-0.5473674,0.26840603,0.5946412,-0.7578654,0.93435985,0.030705133,0.35500544,0.931653,-0.22687224,-0.28381628,0.21478939,0.973896,-0.07343056,0.2930669,0.0074510835,0.95606285,9.5282135,0.41635132,3.4289093,9.16294,0.3011145,3.4814143,-0.038208008,-0.023345947,0.037490845,-8.938599,15.419006,-26.45874,0,0.0,0.0,0.0,0.0
0.091308593,0.23106264,-0.80943966,-0.53983104,0.2706124,0.58641964,-0.7634665,0.93454754,0.0303236,0.35454404,0.9057488,-0.2670263,-0.32911408,0.24783596,0.9636489,-0.09979053,0.34379715,0.008818842,0.9390026,9.531815,0.3397827,3.402588,9.164781,0.29737294,3.4768894,-0.065704346,-0.04045105,0.023284912,-9.059143,15.299988,-26.818848,0,0.0,0.0,0.0,0.0
0.099609375,0.23037668,-0.8096932,-0.539744,0.27048084,0.586088,-0.76376766,0.93475485,0.029963834,0.35402748,0.88731754,-0.29262757,-0.35642222,0.2677563,0.95617753,-0.118452385,0.37546533,0.009670573,0.92678595,9.458832,0.24526978,3.377472,9.166814,0.29384485,3.4718237,-0.081726074,-0.023956299,0.011688232,-9.059143,15.299988,-26.818848,0,0.0,0.0,0.0,0.0
0.107910156,0.23043396,-0.8082854,-0.5418255,0.2697863,0.5880499,-0.7625042,0.9349415,0.029529769,0.353571,0.8778589,-0.30497938,-0.36925787,0.27700365,0.9523057,-0.12799585,0.39068243,0.010076505,0.92047036,9.458832,0.24526978,3.377472,9.168644,0.28958812,3.4673471,-0.08555603,-0.0068511963,0.011993408,-9.118652,15.419006,-26.879883,0,0.0,0.0,0.0,0.0
0.116210937,0.22985311,-0.80850023,-0.5417516,0.27005702,0.5877815,-0.7626152,0.93500626,0.02898564,0.3534446,0.8586094,-0.32870853,-0.3933708,0.29403475,0.94436914,-0.14734484,0.41992074,0.010846975,0.9074959,9.314056,0.1483612,3.4205475,9.16928,0.28425205,3.4661078,-0.09196472,0.048583984,0.009857178,-9.118652,15.419006,-26.879883,0,0.0,0.0,0.0,0.0
0.124511718,0.22263871,-0.8232117,-0.52225906,0.27631897,0.5670212,-0.7759735,0.9349224,0.028451655,0.35370985,0.8390287,-0.35131675,-0.41546044,0.3093278,0.9361853,-0.16695358,0.44760153,0.011565373,0.89415836,9.348755,0.2632141,3.5258179,9.168457,0.27901542,3.4687088,-0.073638916,0.08615112,0.0101623535,-9.359741,14.93988,-27.539063,0,0.0,0.0,0.0,0.0
0.1328125,0.22270103,-0.82318914,-0.522268,0.27694556,0.5670708,-0.77571374,0.93472207,0.028112434,0.35426584,0.8290058,-0.3626848,-0.42568675,0.31677464,0.93183583,-0.17701918,0.46087232,0.011903147,0.8873866,9.348755,0.2632141,3.5258179,9.166492,0.2756888,3.4741611,-0.0713501,0.09591675,0.0077209473,-9.359741,14.93988,-27.539063,0,0.0,0.0,0.0,0.0
0.141113281,0.21971583,-0.82982886,-0.51294136,0.28027844,0.55731714,-0.78156346,0.93443507,0.027955433,0.3550346,0.80889976,-0.38458633,-0.44471857,0.33043307,0.92300385,-0.19717504,0.48630774,0.012545123,0.8736976,9.51387,0.3625183,3.674179,9.163678,0.27414915,3.4817002,-0.06248474,0.07928467,0.0019073486,-9.47876,14.6987915,-27.83966,0,0.0,0.0,0.0,0.0
0.149414062,0.22012463,-0.82968235,-0.5130033,0.2809401,0.5575416,-0.78116584,0.93414015,0.027830655,0.35581967,0.7886605,-0.40584546,-0.46184847,0.34290284,0.913847,-0.2174885,0.51032555,0.013155452,0.8598806,9.566498,0.35055542,3.7627106,9.160786,0.2729255,3.489399,-0.057144165,0.04522705,0.0016021729,-9.47876,14.6987915,-27.83966,0,0.0,0.0,0.0,0.0
0.157714843,0.22111487,-0.8282162,-0.5149429,0.28091502,0.5597223,-0.7796138,0.93391377,0.02772903,0.3564213,0.7785885,-0.41607457,-0.46976784,0.34857246,0.90923107,-0.22758767,0.52182096,0.013448994,0.852949,9.566498,0.35055542,3.7627106,9.1585655,0.2719289,3.4952989,-0.0566864,0.02949524,0.00894165,-10.139465,14.639282,-27.89917,0,0.0,0.0,0.0,0.0
0.166015625,0.22114606,-0.8282046,-0.51494807,0.28141153,0.55975306,-0.77941257,0.9337569,0.02745172,0.35685351,0.75863165,-0.43567845,-0.48441952,0.35877812,0.89999324,-0.247569,0.5438348,0.014014553,0.83907527,9.482758,0.2416687,3.7591248,9.157027,0.2692094,3.4995377,-0.055007935,0.0010986328,0.010467529,-10.139465,14.639282,-27.89917,0,0.0,0.0,0.0,0.0
0.174316406,0.22064427,-0.82884073,-0.51413924,0.28195477,0.55882734,-0.7798805,0.93371177,0.027112152,0.35699764,0.7389365,-0.45431197,-0.49756756,0.36767218,0.8907239,-0.26726043,0.56461495,0.01454673,0.82522625,9.402603,0.20936584,3.632309,9.156585,0.2658794,3.500951,-0.054855347,-0.02670288,0.021759033,-9.899902,14.819336,-28.138733,0,0.0,0.0,0.0,0.0
0.182617187,0.22018518,-0.8290083,-0.5140659,0.2821078,0.5585977,-0.7799897,0.93377393,0.02672018,0.3568646,0.72919846,-0.46329963,-0.50361,0.37167707,0.8860781,-0.2769868,0.5745657,0.0147980675,0.8183247,9.384644,0.18902588,3.5365906,9.157194,0.26203546,3.4996464,-0.048446655,-0.037857056,0.02482605,-9.899902,14.819336,-28.138733,0,0.0,0.0,0.0,0.0
0.190917968,0.22532086,-0.817623,-0.5298333,0.27761823,0.57515347,-0.76949775,0.93389434,0.026292507,0.35658106,0.7195438,-0.47206646,-0.509323,0.37539658,0.88143474,-0.28661865,0.58423805,0.015036536,0.81144303,9.397812,0.16630554,3.5354004,9.158376,0.25784144,3.496866,-0.04232788,-0.037857056,0.025726318,-9.599304,15.238953,-27.598572,0,0.0,0.0,0.0,0.0
0.19921875,0.22465786,-0.81786734,-0.5297376,0.27761972,0.57482535,-0.76974225,0.9340536,0.025863063,0.35619512,0.7008209,-0.48824984,-0.5200597,0.38145316,0.8725665,-0.30515748,0.6027798,0.015482319,0.7977574,9.326019,0.11843872,3.4588318,9.159937,0.25363,3.493081,-0.036224365,-0.04838562,0.013977051,-9.599304,15.238953,-27.598572,0,0.0,0.0,0.0,0.0
0.207519531,0.22861736,-0.80839396,-0.5424327,0.27377746,0.58808994,-0.7610494,0.934227,0.025483241,0.35576764,0.6825037,-0.50364965,-0.5296468,0.38654643,0.8637618,-0.32326058,0.62029874,0.015893435,0.7842046,9.326019,0.11843872,3.4588318,9.161637,0.24990523,3.4888887,-0.020950317,-0.018920898,0.0020599365,-9.118652,15.779114,-27.359009,0,0.0,0.0,0.0,0.0
0.215820312,0.22816,-0.80856085,-0.5423766,0.27376795,0.58787286,-0.76122046,0.93434155,0.02519473,0.35548714,0.6736354,-0.5107822,-0.53415066,0.38853416,0.85955966,-0.33196148,0.62869436,0.016085248,0.77748615,9.266205,0.107681274,3.385849,9.162761,0.24707592,3.486138,-0.016525269,-0.0050201416,0.0074157715,-9.118652,15.779114,-27.359009,0,0.0,0.0,0.0,0.0
0.224121093,0.22778894,-0.8086962,-0.5423309,0.2738158,0.58769834,-0.7613381,0.9344181,0.024925621,0.35530493,0.65623987,-0.5245311,-0.54241717,0.39191884,0.8512324,-0.3490028,0.64478594,0.016446015,0.76418626,9.266205,0.107681274,3.385849,9.163511,0.24443685,3.4843512,-0.013015747,0.011932373,-5.340576E-4,-9.118652,15.779114,-27.359009,0,0.0,0.0,0.0,0.0
0.232421875,0.2287332,-0.8060314,-0.54588866,0.27284193,0.5913599,-0.75884825,0.93447226,0.024632443,0.35518283,0.6393245,-0.53761524,-0.54975814,0.39457387,0.84302324,-0.3655452,0.65998155,0.016781831,0.75109434,9.28894,0.08375549,3.357132,9.164042,0.24156176,3.4831538,-0.016677856,0.016967773,0.0074157715,-9.118652,15.779114,-27.119446,0,0.0,0.0,0.0,0.0
0.240722656,0.22755583,-0.8079597,-0.54352504,0.27371913,0.58873653,-0.7605703,0.9345032,0.024298992,0.35512447,0.63108873,-0.54383963,-0.5531414,0.3955915,0.83901817,-0.3735717,0.66725886,0.016938854,0.74463326,9.28894,0.08375549,3.357132,9.164346,0.23829171,3.4825814,-0.025680542,0.029647827,0.01550293,-8.81958,15.7196045,-27.059937,0,0.0,0.0,0.0,0.0
0.249023437,0.22733857,-0.80803794,-0.5434997,0.27407843,0.5886442,-0.76051235,0.93445075,0.023932239,0.35528728,0.61494416,-0.55593926,-0.5592631,0.39725232,0.8310443,-0.38930187,0.6812006,0.017230336,0.731894,9.32962,0.13998413,3.542572,9.163832,0.2346951,3.484178,-0.030426025,0.053771973,0.006958008,-8.81958,15.7196045,-27.059937,0,0.0,0.0,0.0,0.0
0.257324218,0.22690743,-0.8092797,-0.5418298,0.27509773,0.58694434,-0.76145756,0.93425596,0.02372422,0.35581297,0.5993161,-0.5674538,-0.5646383,0.39835787,0.82321936,-0.4045008,0.69435674,0.01749575,0.7194183,9.347565,0.19381714,3.6550293,9.1619215,0.23265514,3.4893334,-0.022628784,0.07072449,0.0048217773,-8.338928,15.779114,-27.059937,0,0.0,0.0,0.0,0.0
0.265625,0.22719008,-0.8091806,-0.5418592,0.27566797,0.5870878,-0.7611406,0.93401915,0.02355037,0.35644573,0.5916863,-0.5730339,-0.5670445,0.3987475,0.8193422,-0.41192088,0.7006481,0.017620325,0.7132894,9.347565,0.19381714,3.6550293,9.159599,0.23095025,3.4955385,-0.018661499,0.07499695,0.0035858154,-8.338928,15.779114,-27.059937,0,0.0,0.0,0.0,0.0
0.273925781,0.22753757,-0.80905885,-0.5418953,0.27627394,0.58726186,-0.76078665,0.9337555,0.023395982,0.357146,0.57683563,-0.5837802,-0.5713679,0.39917955,0.8117153,-0.4263495,0.7126825,0.01785517,0.70125943,9.376282,0.1603241,3.7112732,9.157014,0.2294362,3.502406,0.00592041,0.06629944,-0.0032806396,-8.338928,15.779114,-27.059937,0,0.0,0.0,0.0,0.0
0.282226562,0.23089136,-0.802535,-0.55011517,0.2741999,0.5961463,-0.7546018,0.9335435,0.023389526,0.35770008,0.5696155,-0.5889529,-0.5732998,0.3992354,0.80796766,-0.43335825,0.7184353,0.017965991,0.69536173,9.413361,0.22132874,3.714859,9.154935,0.2293729,3.5078397,0.00592041,0.033462524,-2.2888184E-4,-8.21991,16.018677,-26.818848,0,0.0,0.0,0.0,0.0
0.290527343,0.23129167,-0.8022009,-0.5504342,0.27431512,0.59659344,-0.7542064,0.9334106,0.023449259,0.35804296,0.5557526,-0.59857154,-0.5769326,0.3988146,0.800863,-0.4467274,0.7294423,0.018180775,0.68380076,9.379868,0.20578003,3.6586304,9.153631,0.22995868,3.511202,0.0440979,0.006591797,-0.005264282,-7.499695,16.19873,-26.759338,0,0.0,0.0,0.0,0.0
0.298828125,0.23148574,-0.8021351,-0.5504487,0.27433753,0.59667766,-0.7541318,0.9333559,0.023562012,0.35817808,0.5424147,-0.60771096,-0.5800636,0.39804545,0.7939454,-0.45957655,0.73982847,0.018389415,0.67254424,9.379868,0.20578003,3.6586304,9.153095,0.23106441,3.5125272,0.050354004,-0.005630493,-0.0029754639,-7.499695,16.19873,-26.759338,0,0.0,0.0,0.0,0.0
0.307128906,0.22836703,-0.8088193,-0.541904,0.2766488,0.5875782,-0.7604061,0.933442,0.023734614,0.35794234,0.5295822,-0.6164097,-0.58273643,0.3969745,0.787206,-0.47193006,0.7496359,0.01859426,0.6615892,9.492325,0.23568726,3.4923248,9.153939,0.23275706,3.5102153,0.061660767,-0.0289917,-0.0051116943,-8.039856,15.658569,-26.759338,0,0.0,0.0,0.0,0.0
0.315429687,0.22829607,-0.8088439,-0.541897,0.27627385,0.58753645,-0.7605745,0.9335704,0.023924181,0.35759473,0.52325886,-0.6207793,-0.58380926,0.39645225,0.7837624,-0.4780608,0.75433797,0.01869707,0.65621996,9.500702,0.2763672,3.4432678,9.155198,0.23461609,3.5068064,0.061660767,-0.025482178,-0.0051116943,-8.039856,15.658569,-26.759338,0,0.0,0.0,0.0,0.0
0.323730468,0.22823858,-0.8088639,-0.5418914,0.2758056,0.5874984,-0.7607738,0.93372285,0.02418124,0.35717902,0.510974,-0.62920433,-0.5856685,0.39520264,0.77701,-0.48996976,0.76336133,0.018904071,0.6456951,9.446869,0.25004578,3.3236237,9.156693,0.23713696,3.5027297,0.03340149,-0.011123657,-0.015655518,-8.039856,15.658569,-26.759338,0,0.0,0.0,0.0,0.0
0.33203125,0.22258043,-0.8204865,-0.52655476,0.27983996,0.57114464,-0.7716757,0.9338884,0.024408853,0.35673052,0.49916372,-0.6372278,-0.5871766,0.39370775,0.7704385,-0.50141674,0.7719001,0.019113058,0.63545644,9.446869,0.25004578,3.3236237,9.158317,0.23936908,3.4983313,0.017837524,0.0017089844,-0.02633667,-8.279419,15.119934,-27.059937,0,0.0,0.0,0.0,0.0
0.340332031,0.22079217,-0.8240765,-0.5216788,0.28080794,0.5659418,-0.7751496,0.93402237,0.024655437,0.35636273,0.493274,-0.6414027,-0.5876081,0.39307395,0.7669636,-0.50720775,0.7759985,0.019218981,0.6304419,9.390625,0.20219421,3.2901306,9.159631,0.24178725,3.4947245,0.006378174,0.0033874512,-0.028167725,-8.518982,14.99939,-27.2995,0,0.0,0.0,0.0,0.0
0.348632812,0.22069718,-0.8241094,-0.5216672,0.2804396,0.565887,-0.7753229,0.9341554,0.024815476,0.3560025,0.4817491,-0.6496397,-0.58812076,0.3917525,0.75999373,-0.5185937,0.7838671,0.019434275,0.6206243,9.346359,0.2033844,3.2662048,9.160935,0.24335669,3.491192,-0.00920105,-0.010513306,-0.028015137,-8.518982,14.99939,-27.2995,0,0.0,0.0,0.0,0.0
0.356933593,0.22054543,-0.82416177,-0.5216486,0.2800658,0.5658052,-0.77551776,0.9343034,0.024940949,0.3556052,0.47616002,-0.6536088,-0.5882748,0.39100987,0.7565802,-0.5241161,0.7876439,0.019541904,0.61582077,9.281754,0.18664551,3.3104706,9.162387,0.24458717,3.487296,-0.022781372,-0.0065460205,-0.03060913,-8.518982,14.99939,-27.2995,0,0.0,0.0,0.0,0.0
0.365234375,0.22205754,-0.8208547,-0.5262014,0.27851152,0.57058954,-0.7725663,0.9344098,0.025001017,0.35532123,0.4653179,-0.661262,-0.5883976,0.3893789,0.74989486,-0.53482866,0.7948983,0.01975572,0.606421,9.281754,0.18664551,3.3104706,9.16343,0.24517623,3.484511,-0.04598999,0.007507324,-0.028778076,-8.578491,15.179443,-27.2995,0,0.0,0.0,0.0,0.0
0.373535156,0.22199811,-0.8208754,-0.5261943,0.2784003,0.57055855,-0.7726294,0.9344571,0.02502961,0.3551949,0.45500752,-0.6683764,-0.58842266,0.38747653,0.7435553,-0.54496557,0.8017668,0.019963443,0.5973034,9.318848,0.21057129,3.3726807,9.163895,0.24545667,3.4832723,-0.053482056,0.019714355,-0.02557373,-8.578491,15.179443,-27.2995,0,0.0,0.0,0.0,0.0
0.381835937,0.21931408,-0.82657015,-0.51834655,0.28066894,0.5622732,-0.77786493,0.93441224,0.025112957,0.35530698,0.45001256,-0.6718059,-0.58835834,0.38647527,0.7404554,-0.5498752,0.8050625,0.020064771,0.59285057,9.378662,0.2871399,3.5485535,9.163454,0.24627398,3.4843714,-0.053482056,0.0128479,-0.02053833,-8.758545,15.058899,-27.719116,0,0.0,0.0,0.0,0.0
0.390136718,0.2218181,-0.821802,-0.524822,0.27882475,0.5692139,-0.7734676,0.93437326,0.025235746,0.3554007,0.44018877,-0.6787118,-0.58786404,0.3845651,0.7341251,-0.55961597,0.8113837,0.020264689,0.5841625,9.397812,0.3134613,3.6789703,9.163072,0.24747814,3.4852905,-0.007369995,0.017425537,-0.02923584,-8.999634,15.119934,-27.479553,0,0.0,0.0,0.0,0.0
0.3984375,0.2222147,-0.8216614,-0.5248745,0.27882442,0.56940544,-0.77332693,0.9342792,0.025496768,0.3556295,0.4309122,-0.6850452,-0.5873907,0.3824014,0.72821325,-0.5687483,0.817364,0.020461552,0.5757582,9.456436,0.3146515,3.6789703,9.162149,0.25003788,3.487534,0.02027893,0.012237549,-0.026489258,-8.999634,15.119934,-27.479553,0,0.0,0.0,0.0,0.0
0.406738281,0.22265126,-0.8215063,-0.52493215,0.27877295,0.5696147,-0.7731913,0.9341906,0.025815126,0.35583916,0.4264298,-0.6880951,-0.5870969,0.38128683,0.72532916,-0.5731648,0.8202304,0.020562263,0.57166356,9.456436,0.3146515,3.6789703,9.16128,0.25315988,3.48959,0.02027893,0.020019531,-0.024963379,-8.999634,15.119934,-27.479553,0,0.0,0.0,0.0,0.0
0.415039062,0.22385028,-0.81976974,-0.5271324,0.27803898,0.5720952,-0.7716225,0.93412274,0.026164558,0.35599163,0.41776818,-0.693971,-0.5864077,0.3790011,0.7197034,-0.5817089,0.8257287,0.020770287,0.56368494,9.556931,0.32661438,3.628708,9.160615,0.25658667,3.4910855,0.03265381,0.011779785,-0.030456543,-8.81958,15.299988,-27.539063,0,0.0,0.0,0.0,0.0
0.423339843,0.22424085,-0.8196318,-0.5271809,0.27782124,0.5722748,-0.7715677,0.93409383,0.026554968,0.35603857,0.40953347,-0.6994849,-0.58566475,0.37660852,0.7143393,-0.58981806,0.8309322,0.020983914,0.5559778,9.487549,0.2632141,3.6155548,9.160332,0.2604153,3.4915457,0.03187561,-0.020141602,-0.025115967,-8.81958,15.299988,-27.539063,0,0.0,0.0,0.0,0.0
0.431640625,0.22344196,-0.8216129,-0.52442926,0.27837268,0.5694136,-0.77348363,0.9341212,0.026841898,0.35594544,0.40555617,-0.7021411,-0.58525383,0.3753923,0.7117253,-0.5937405,0.8334296,0.021095343,0.55222297,9.487549,0.2632141,3.6155548,9.1606,0.2632291,3.4906323,0.027145386,-0.022125244,-0.020233154,-8.81958,15.179443,-27.539063,0,0.0,0.0,0.0,0.0
0.439941406,0.22780629,-0.812611,-0.5364398,0.27464184,0.5821805,-0.7652697,0.9341714,0.027004456,0.35580134,0.39781174,-0.7073647,-0.5842782,0.37298566,0.7065271,-0.601416,0.8382288,0.021322919,0.54490167,9.377472,0.19142151,3.5330048,9.161092,0.26482326,3.4892192,0.011871338,-0.019378662,-0.018859863,-8.279419,15.779114,-27.418518,0,0.0,0.0,0.0,0.0
0.448242187,0.22771889,-0.8126414,-0.5364309,0.2744573,0.58213544,-0.7653702,0.9342469,0.027061876,0.3555986,0.39063084,-0.7119107,-0.5836014,0.37030858,0.7019393,-0.60840183,0.8427806,0.021547923,0.5378258,9.377472,0.19142151,3.5330048,9.161833,0.26538634,3.487231,0.0013427734,-0.022277832,-0.01335144,-8.279419,15.779114,-27.418518,0,0.0,0.0,0.0,0.0
0.456542968,0.22756365,-0.8126954,-0.5364151,0.27429086,0.58206016,-0.7654873,0.9343337,0.027063306,0.35537058,0.38715464,-0.71410584,-0.5832359,0.36896944,0.6997026,-0.6117825,0.84496915,0.021658208,0.5343764,9.4049835,0.22132874,3.4432678,9.1626835,0.26540038,3.484995,-0.004470825,-0.034942627,-0.011672974,-8.279419,15.779114,-27.418518,0,0.0,0.0,0.0,0.0
0.46484375,0.23152131,-0.80360967,-0.54827857,0.2704031,0.59454125,-0.7572337,0.9344945,0.02705951,0.3549475,0.3804201,-0.71834767,-0.58245784,0.366296,0.69534034,-0.6183276,0.84918064,0.021872263,0.52764934,9.4049835,0.22132874,3.4432678,9.164261,0.26536316,3.4808462,-0.009963989,-0.040603638,2.2888184E-4,-7.798767,16.378784,-27.2995,0,0.0,0.0,0.0,0.0
0.473144531,0.23113628,-0.80374163,-0.5482477,0.270071,0.5943648,-0.75749075,0.9346859,0.027017798,0.35444653,0.3741871,-0.72197366,-0.5820121,0.3634014,0.69156826,-0.6242378,0.8531843,0.022077689,0.5211422,9.395416,0.26200867,3.357132,9.166138,0.2649541,3.475933,-0.016983032,-0.02746582,0.0016021729,-7.798767,16.378784,-27.2995,0,0.0,0.0,0.0,0.0
0.481445312,0.23473348,-0.79501396,-0.55933267,0.26636583,0.60599184,-0.7495486,0.9348526,0.026957054,0.35401112,0.37116265,-0.7237283,-0.5817694,0.36196482,0.68972856,-0.6271012,0.85511386,0.022176497,0.5179657,9.4253235,0.24047852,3.365509,9.167772,0.2643584,3.4716632,-0.016983032,-0.004714966,6.866455E-4,-7.499695,16.738892,-26.939392,0,0.0,0.0,0.0,0.0
0.489746093,0.2314473,-0.8017921,-0.55096424,0.2687912,0.5969995,-0.7558722,0.9349777,0.02685025,0.3536886,0.3655026,-0.72672445,-0.5816179,0.35890442,0.68656486,-0.6323103,0.8588338,0.022365816,0.5117659,9.390625,0.23210144,3.397812,9.169,0.263311,3.4685004,-0.027832031,-0.0053253174,-2.2888184E-4,-7.319641,16.43982,-26.998901,0,0.0,0.0,0.0,0.0
0.498046875,0.23119855,-0.8018754,-0.5509475,0.2687225,0.59689313,-0.7559807,0.935059,0.026729668,0.35348278,0.36267698,-0.7283271,-0.581382,0.35747617,0.6848616,-0.63496095,0.8606255,0.02245551,0.5087431,9.390625,0.23210144,3.397812,9.169797,0.2621285,3.466482,-0.02720642,-1.373291E-4,-0.002670288,-7.319641,16.43982,-26.998901,0,0.0,0.0,0.0,0.0
0.506347656,0.23111801,-0.80190235,-0.55094206,0.2687763,0.5968609,-0.7559871,0.93506354,0.02664206,0.35347763,0.357197,-0.7314291,-0.58088017,0.3546586,0.68154204,-0.64009196,0.86407614,0.022624776,0.5028524,9.336792,0.24406433,3.4911346,9.169841,0.26126936,3.4664314,-0.029205322,0.02796936,-0.008468628,-7.319641,16.43982,-26.998901,0,0.0,0.0,0.0,0.0
0.514648437,0.23300695,-0.7977586,-0.55613756,0.2672889,0.60239,-0.752119,0.9350211,0.02659956,0.35359308,0.35194743,-0.7343952,-0.58034194,0.35189876,0.6783396,-0.6449982,0.8673525,0.02278387,0.49717262,9.336792,0.24406433,3.4911346,9.169425,0.26085258,3.4675636,-0.01423645,0.03742981,-0.016113281,-7.3791504,16.499329,-26.759338,0,0.0,0.0,0.0,0.0
0.522949218,0.2331747,-0.7977017,-0.55614877,0.26749566,0.6024662,-0.75198424,0.9349201,0.026576333,0.35386166,0.34945643,-0.73573536,-0.5801498,0.3504941,0.67688334,-0.6472889,0.86892706,0.022860188,0.49441206,9.32962,0.20578003,3.550949,9.168435,0.26062483,3.4701977,-0.0110321045,0.028121948,-0.019012451,-7.3791504,16.499329,-26.759338,0,0.0,0.0,0.0,0.0
0.53125,0.23154783,-0.80182177,-0.55087876,0.26926833,0.59696853,-0.75572693,0.93481565,0.02665273,0.354132,0.34702235,-0.7370446,-0.579949,0.34910902,0.6754549,-0.64952564,0.8704587,0.022934513,0.49170685,9.383453,0.22612,3.596405,9.16741,0.261374,3.4728487,-0.0024719238,0.023544312,-0.01977539,-7.4386597,16.319275,-26.879883,0,0.0,0.0,0.0,0.0
0.539550781,0.23109299,-0.8035005,-0.5486192,0.27005377,0.59469897,-0.7572345,0.93470156,0.02683491,0.3544191,0.3399017,-0.7410729,-0.5790319,0.34519875,0.67102534,-0.6561729,0.87481695,0.023153182,0.48390007,9.427719,0.2907257,3.652649,9.166291,0.2631606,3.4756641,0.015090942,0.029037476,-0.021911621,-7.6187134,16.079712,-26.759338,0,0.0,0.0,0.0,0.0
0.547851562,0.23150235,-0.80336046,-0.54865164,0.2701177,0.5948777,-0.75707126,0.93458176,0.027063262,0.35471746,0.337616,-0.74239445,-0.5786761,0.34394664,0.6695604,-0.6583234,0.8761941,0.023226822,0.48139834,9.427719,0.2907257,3.652649,9.165116,0.26539993,3.47859,0.017532349,0.025985718,-0.016571045,-7.6187134,16.079712,-26.759338,0,0.0,0.0,0.0,0.0
0.556152343,0.23176698,-0.80326986,-0.54867256,0.27021036,0.59499484,-0.75694615,0.93448937,0.027178122,0.354952,0.33320776,-0.7449444,-0.5779537,0.34148693,0.6667168,-0.6624767,0.87883973,0.023378752,0.47654396,9.440887,0.25483704,3.6263275,9.16421,0.26652634,3.4808903,0.007598877,0.022018433,-0.0060272217,-7.6187134,16.079712,-26.759338,0,0.0,0.0,0.0,0.0
0.564453125,0.23092261,-0.80542517,-0.54586166,0.27117807,0.592072,-0.7588893,0.9344181,0.027219,0.35513648,0.32899818,-0.747379,-0.5772215,0.33908927,0.6639811,-0.66644394,0.88135046,0.023529217,0.4718768,9.361923,0.18664551,3.6011963,9.163511,0.2669272,3.4826994,0.01171875,-0.0018157959,0.0087890625,-7.798767,15.899658,-26.759338,0,0.0,0.0,0.0,0.0
0.572753906,0.23087193,-0.8054427,-0.54585737,0.27132922,0.59205425,-0.7588493,0.9343868,0.027089952,0.35522884,0.32693946,-0.74860454,-0.57680315,0.3379392,0.6625965,-0.6684033,0.8825575,0.023603017,0.46961176,9.361923,0.18664551,3.6011963,9.163204,0.2656617,3.4836051,2.746582E-4,-0.008224487,0.016113281,-7.798767,15.899658,-26.759338,0,0.0,0.0,0.0,0.0
0.581054687,0.2303914,-0.8060792,-0.54512024,0.27168372,0.5911979,-0.7593898,0.93440235,0.026856584,0.3552055,0.3229528,-0.75097585,-0.57596594,0.33568838,0.65990275,-0.6721917,0.8848812,0.023741102,0.46521133,9.373886,0.18066406,3.549759,9.163357,0.26337314,3.4833763,-0.011947632,-0.00730896,0.025131226,-8.039856,15.838623,-26.818848,0,0.0,0.0,0.0,0.0
0.589355468,0.22512433,-0.8166344,-0.5314388,0.27591434,0.5765463,-0.76906794,0.93444645,0.026504302,0.35511577,0.31911528,-0.75327206,-0.57510585,0.33351377,0.65727603,-0.6758379,0.887093,0.023864482,0.4609734,9.399002,0.22612,3.4564362,9.16379,0.25991842,3.482496,-0.033172607,-0.0065460205,0.028030396,-8.518982,15.299988,-27.119446,0,0.0,0.0,0.0,0.0
0.59765625,0.22467197,-0.8167932,-0.5313863,0.2759918,0.5763373,-0.7691969,0.9345325,0.026158726,0.35491505,0.3171323,-0.7546196,-0.5744358,0.3325653,0.6557265,-0.6778075,0.88815963,0.023917278,0.45891234,9.399002,0.22612,3.4564362,9.164634,0.25652948,3.4805279,-0.03652954,-0.0033416748,0.028335571,-8.518982,15.299988,-27.119446,0,0.0,0.0,0.0,0.0
0.605957031,0.22421646,-0.8169528,-0.5313333,0.27606595,0.5761265,-0.7693282,0.93461996,0.025813008,0.3547099,0.3132772,-0.75723237,-0.5731113,0.33070567,0.65270424,-0.6816237,0.89021975,0.024006043,0.45489842,9.43251,0.24885559,3.4348907,9.165491,0.25313914,3.4785159,-0.038513184,-0.0037994385,0.03337097,-8.518982,15.299988,-27.119446,0,0.0,0.0,0.0,0.0
0.614257812,0.21747935,-0.8298615,-0.51384103,0.28111836,0.55738884,-0.7812107,0.9347059,0.025447043,0.3545099,0.30957004,-0.7597373,-0.5718091,0.32889417,0.6497842,-0.6852803,0.8921855,0.024077602,0.4510269,9.463608,0.36610413,3.4504547,9.166334,0.24955025,3.4765546,-0.040802002,-0.006088257,0.031234741,-8.518982,14.819336,-27.539063,0,0.0,0.0,0.0,0.0
0.622558593,0.21716052,-0.82997,-0.51380074,0.2810922,0.55723643,-0.7813289,0.9347879,0.025248392,0.3543078,0.30761978,-0.76124346,-0.57085764,0.32814607,0.648018,-0.6873084,0.8931351,0.02410499,0.44914222,9.463608,0.36610413,3.4504547,9.167138,0.24760215,3.4745727,-0.040802002,-0.004714966,0.023132324,-8.518982,14.819336,-27.539063,0,0.0,0.0,0.0,0.0
0.630859375,0.21835017,-0.8271829,-0.5177756,0.27991325,0.5613711,-0.7787881,0.9348645,0.025116267,0.35411498,0.30383372,-0.7641592,-0.56898665,0.32667017,0.6445754,-0.6912374,0.89497024,0.02415027,0.44547176,9.409775,0.33259583,3.4289093,9.16789,0.24630643,3.4726818,-0.039886475,-0.004257202,0.0063476563,-8.279419,14.93988,-27.359009,0,0.0,0.0,0.0,0.0
0.639160156,0.21815725,-0.82724816,-0.5177528,0.27982807,0.5612786,-0.7788854,0.93493503,0.025037738,0.3539342,0.3002674,-0.7668182,-0.5673,0.3251596,0.6414084,-0.69488597,0.8967222,0.024188522,0.44193235,9.318848,0.26200867,3.480362,9.168581,0.24553634,3.4709089,-0.03515625,-0.004257202,0.001449585,-8.279419,14.93988,-27.359009,0,0.0,0.0,0.0,0.0
0.647460937,0.21634082,-0.83061457,-0.51310444,0.2811295,0.5562896,-0.7819899,0.93496674,0.02492752,0.35385838,0.29853827,-0.76810473,-0.5664716,0.3244154,0.63986653,-0.69665307,0.89756864,0.024205508,0.44020966,9.318848,0.26200867,3.480362,9.168892,0.24445547,3.4701655,-0.022018433,-0.0041046143,0.005569458,-8.21991,14.759827,-27.359009,0,0.0,0.0,0.0,0.0
0.655761718,0.21614994,-0.8306784,-0.51308155,0.2811904,0.5562017,-0.7820305,0.9349926,0.024762256,0.35380173,0.29511017,-0.77074414,-0.56468,0.3230223,0.63668376,-0.7002074,0.8992033,0.0242341,0.4368594,9.342773,0.1651001,3.5330048,9.169146,0.24283478,3.4696097,-0.023544312,0.013305664,-0.0029754639,-8.21991,14.759827,-27.359009,0,0.0,0.0,0.0,0.0
0.6640625,0.21877381,-0.8252477,-0.52067685,0.27922952,0.5642355,-0.7769616,0.9349701,0.0245905,0.3538734,0.29344818,-0.77202106,-0.56380105,0.32233837,0.63513434,-0.7019276,0.8999923,0.024244662,0.43523103,9.342773,0.1651001,3.5330048,9.168924,0.24115044,3.4703126,-0.024154663,0.012542725,-0.005874634,-7.739258,15.058899,-27.119446,0,0.0,0.0,0.0,0.0
0.672363281,0.21874854,-0.825256,-0.5206743,0.27938324,0.56422806,-0.7769117,0.93492997,0.024480628,0.35398674,0.2918832,-0.77314657,-0.56307065,0.32160825,0.63376355,-0.70349973,0.9007621,0.02425158,0.43363526,9.34996,0.19502258,3.5928192,9.168531,0.24007295,3.471424,-0.015151978,0.0014038086,3.8146973E-4,-7.739258,15.058899,-27.119446,0,0.0,0.0,0.0,0.0
0.680664062,0.21985632,-0.822862,-0.52398604,0.27850148,0.5677177,-0.7746829,0.9349332,0.024388025,0.3539846,0.28738725,-0.77637684,-0.5609346,0.3194821,0.62980175,-0.708012,0.9029617,0.02426505,0.42903548,9.34996,0.19502258,3.5928192,9.168563,0.23916483,3.4714031,-0.017745972,-0.01876831,-0.010604858,-7.6797485,15.179443,-27.059937,0,0.0,0.0,0.0,0.0
0.688964843,0.21974568,-0.82289857,-0.5239751,0.27846012,0.5676669,-0.774735,0.9349715,0.024338514,0.35388672,0.2859785,-0.7773533,-0.56030184,0.31876868,0.628596,-0.70940363,0.9036608,0.024267511,0.42756084,9.415756,0.21057129,3.5820618,9.168939,0.23867929,3.4704432,-0.018814087,-0.011734009,-0.0034332275,-7.6797485,15.179443,-27.059937,0,0.0,0.0,0.0,0.0
0.697265625,0.21980652,-0.8226334,-0.5243657,0.27839747,0.5680547,-0.77447313,0.93497586,0.02425217,0.35388118,0.2832466,-0.7792443,-0.5590614,0.31737053,0.62625015,-0.71210015,0.9050123,0.02427032,0.42469242,9.360718,0.1878357,3.5724792,9.168982,0.23783256,3.470389,-0.0357666,0.016815186,-0.007095337,-7.499695,15.359497,-27.23999,0,0.0,0.0,0.0,0.0
0.705566406,0.21975774,-0.8226493,-0.52436125,0.27861598,0.56803876,-0.7744064,0.9349223,0.024086367,0.35403413,0.28063393,-0.78104216,-0.5578689,0.31600848,0.62400645,-0.7146709,0.906302,0.024269603,0.42193332,9.321243,0.19502258,3.5784607,9.168455,0.23620656,3.4718885,-0.034851074,0.03147888,-8.392334E-4,-7.499695,15.359497,-27.23999,0,0.0,0.0,0.0,0.0
0.713867187,0.21792859,-0.82642376,-0.5191636,0.28037542,0.56253946,-0.7777782,0.93482447,0.0239394,0.35430235,0.27936864,-0.78191227,-0.5572848,0.31534657,0.62291604,-0.7159135,0.9069232,0.024265938,0.42059657,9.321243,0.19502258,3.5784607,9.167497,0.23476534,3.4745193,-0.033935547,0.034988403,0.004348755,-7.499695,15.058899,-27.119446,0,0.0,0.0,0.0,0.0
0.722167968,0.2179961,-0.82640195,-0.5191701,0.28072706,0.5625786,-0.77762306,0.9347032,0.023773689,0.3546333,0.2780895,-0.78284645,-0.5566126,0.3147373,0.6217418,-0.71720123,0.90752774,0.024259407,0.41929084,9.365509,0.21894836,3.6155548,9.1663065,0.23314023,3.4777646,-0.03652954,0.029953003,0.008178711,-7.499695,15.058899,-27.119446,0,0.0,0.0,0.0,0.0
0.73046875,0.22069092,-0.82102257,-0.52651465,0.27894396,0.5704069,-0.7725455,0.9346047,0.023625687,0.35490283,0.27441946,-0.7855273,-0.5546538,0.31298018,0.6183524,-0.72089094,0.90925103,0.024230845,0.4155424,9.406189,0.23568726,3.6083832,9.165341,0.23168884,3.480408,-0.0395813,0.0154418945,-0.0034332275,-7.258606,15.478516,-27.178955,0,0.0,0.0,0.0,0.0
0.738769531,0.22073382,-0.8210087,-0.5265182,0.27915213,0.5704308,-0.77245253,0.93453234,0.023527723,0.35509965,0.27330846,-0.7862651,-0.5541568,0.3123651,0.61741453,-0.7219608,0.909797,0.024218742,0.4143464,9.406189,0.23568726,3.6083832,9.164632,0.23072815,3.482338,-0.028289795,0.008422852,-0.007095337,-7.258606,15.478516,-27.178955,0,0.0,0.0,0.0,0.0
0.747070312,0.22596167,-0.81013435,-0.54094714,0.27500486,0.5857728,-0.7623927,0.9345125,0.023508428,0.35515305,0.2711588,-0.7876927,-0.55318445,0.3111717,0.6155932,-0.72402847,0.9108485,0.024191378,0.4120312,9.401398,0.25125122,3.5856476,9.164437,0.23053892,3.4828618,-0.016525269,-0.014633179,-0.0061798096,-7.1990967,15.899658,-26.818848,0,0.0,0.0,0.0,0.0
0.755371093,0.22599354,-0.81012386,-0.54094946,0.2750161,0.5857867,-0.7623779,0.9345015,0.02352268,0.3551811,0.26933068,-0.7886026,-0.55278116,0.30981737,0.6144283,-0.7255971,0.9118521,0.024164334,0.40980715,9.314056,0.17228699,3.5820618,9.16433,0.23067869,3.4831367,0.0036315918,-0.0131073,-0.016113281,-7.1990967,15.899658,-26.818848,0,0.0,0.0,0.0,0.0
0.763671875,0.22216061,-0.81814164,-0.53036684,0.27806056,0.5745345,-0.7698002,0.9345196,0.023545166,0.35513183,0.2684456,-0.789043,-0.55258316,0.30915827,0.61386305,-0.72635627,0.91233665,0.0241515,0.408728,9.314056,0.17228699,3.5820618,9.164507,0.23089921,3.4826536,0.014175415,-0.0041046143,-0.022979736,-7.4386597,15.59906,-27.178955,0,0.0,0.0,0.0,0.0
0.771972656,0.2221958,-0.8181301,-0.5303699,0.27789795,0.57454586,-0.7698504,0.9345596,0.023668833,0.35501835,0.26656133,-0.7902317,-0.551796,0.30801904,0.61233294,-0.7281295,0.91327393,0.024127489,0.40663072,9.312866,0.1758728,3.4911346,9.1649,0.23211199,3.4815412,0.027755737,-0.00730896,-0.02130127,-7.4386597,15.59906,-27.178955,0,0.0,0.0,0.0,0.0
0.780273437,0.22577721,-0.81064516,-0.5402583,0.2748201,0.5850539,-0.763011,0.9346114,0.023796644,0.35487342,0.26475647,-0.7913701,-0.55103296,0.3069112,0.6108617,-0.72983116,0.91417146,0.024109328,0.40460992,9.337997,0.14356995,3.4660034,9.165407,0.23336537,3.4801195,0.04058838,-0.0068511963,-0.024810791,-7.3791504,16.018677,-27.119446,0,0.0,0.0,0.0,0.0
0.788574218,0.22580536,-0.81063586,-0.5402605,0.27459988,0.5850604,-0.7630853,0.9346694,0.023953272,0.35471028,0.2639616,-0.7917638,-0.55084884,0.30629948,0.6103517,-0.7305145,0.91460645,0.024103073,0.40362623,9.337997,0.14356995,3.4660034,9.165976,0.23490135,3.4785197,0.038604736,-0.012496948,-0.026489258,-7.3791504,16.018677,-27.119446,0,0.0,0.0,0.0,0.0
0.796875,0.22312576,-0.8164018,-0.5326378,0.27658698,0.57697904,-0.76850164,0.93472695,0.02415181,0.354545,0.26242173,-0.79252625,-0.550488,0.30510023,0.6093615,-0.7318417,0.91545,0.024097143,0.40170965,9.34996,0.15434265,3.4719849,9.16654,0.23684834,3.4768987,0.032348633,-0.0063934326,-0.031066895,-8.1588745,15.658569,-27.418518,0,0.0,0.0,0.0,0.0
0.805175781,0.22320192,-0.8163758,-0.53264564,0.27637324,0.5770081,-0.7685568,0.9347721,0.024334343,0.35441378,0.2608273,-0.7934963,-0.5498478,0.3040372,0.6080976,-0.7333339,0.91625893,0.024099305,0.3998609,9.314056,0.18544006,3.3966064,9.166983,0.23863839,3.475612,0.027297974,0.013000488,-0.026794434,-8.1588745,15.658569,-27.418518,0,0.0,0.0,0.0,0.0
0.813476562,0.22112317,-0.8208755,-0.52656245,0.27789953,0.5705793,-0.7727944,0.93481356,0.024551319,0.3542892,0.26005644,-0.79396564,-0.5495354,0.3035154,0.6074846,-0.73405784,0.91665095,0.024104008,0.39896107,9.314056,0.18544006,3.3966064,9.16739,0.2407662,3.4743903,0.011108398,0.024917603,-0.026031494,-8.099365,15.59906,-27.719116,0,0.0,0.0,0.0,0.0
0.821777343,0.22130644,-0.82081395,-0.5265813,0.27783784,0.57066077,-0.77275634,0.9347885,0.024711743,0.3543441,0.25847203,-0.7950632,-0.54869545,0.30257085,0.6060467,-0.7356346,0.9174111,0.02412172,0.39720908,9.401398,0.19740295,3.4755707,9.167144,0.24233942,3.4749286,-0.0018615723,0.023086548,-0.018554688,-8.099365,15.59906,-27.719116,0,0.0,0.0,0.0,0.0
0.830078125,0.22148,-0.82083446,-0.52647644,0.27786788,0.5706248,-0.77277213,0.9347385,0.024862682,0.3544655,0.25696063,-0.79611236,-0.5478835,0.30165535,0.604667,-0.7371444,0.91813684,0.024145084,0.39552715,9.389435,0.2644043,3.5700989,9.166654,0.24381962,3.4761193,-0.0068969727,0.029953003,-0.016723633,-8.21991,15.59906,-27.778625,0,0.0,0.0,0.0,0.0
0.838378906,0.2217569,-0.82074076,-0.5265058,0.27794474,0.5707534,-0.77264947,0.93465,0.025000867,0.35468912,0.25623202,-0.7966208,-0.54748565,0.3012098,0.6039964,-0.737876,0.9184867,0.024159435,0.3947132,9.389435,0.2644043,3.5700989,9.165786,0.24517475,3.478312,-0.013473511,0.037124634,-0.019317627,-8.21991,15.59906,-27.778625,0,0.0,0.0,0.0,0.0
0.846679687,0.21963066,-0.8255755,-0.5197956,0.28006062,0.5637338,-0.7770264,0.93452036,0.025084563,0.35502443,0.2548315,-0.7976019,-0.5467104,0.30034408,0.602699,-0.73928845,0.91915965,0.024192754,0.39314166,9.431305,0.24406433,3.6394806,9.164515,0.24599554,3.4816005,-0.016983032,0.03742981,-0.010604858,-8.578491,15.359497,-28.019714,0,0.0,0.0,0.0,0.0
0.854980468,0.21988572,-0.82548845,-0.519826,0.28029612,0.56386006,-0.77685004,0.9343899,0.025113028,0.355366,0.25339824,-0.798745,-0.54570675,0.29960266,0.60118175,-0.7408231,0.9197976,0.024228068,0.39164448,9.424133,0.28474426,3.603592,9.163235,0.24627468,3.48495,-0.019882202,0.031021118,0.0025177002,-8.578491,15.359497,-28.019714,0,0.0,0.0,0.0,0.0
0.86328125,0.22379388,-0.8178264,-0.53016627,0.27752933,0.57491654,-0.7697067,0.93428785,0.025118962,0.35563362,0.25270942,-0.7992966,-0.5452183,0.29924545,0.6004475,-0.7415626,0.9201034,0.024245767,0.39092457,9.424133,0.28474426,3.603592,9.162234,0.24633287,3.4875746,-0.021865845,0.02293396,0.0046539307,-8.879089,15.539551,-27.719116,0,0.0,0.0,0.0,0.0
0.871582031,0.22389649,-0.81779015,-0.53017884,0.27767333,0.574969,-0.7696156,0.9342205,0.025097692,0.35581204,0.25154033,-0.8000456,-0.54466,0.29842314,0.59944767,-0.7427019,0.92069054,0.024280347,0.3895374,9.469589,0.3026886,3.6107635,9.161573,0.24612428,3.4893243,-0.021713257,0.0026245117,0.0071105957,-8.879089,15.539551,-27.719116,0,0.0,0.0,0.0,0.0
0.879882812,0.22083724,-0.8239084,-0.52192515,0.28018436,0.5661731,-0.77520615,0.93419886,0.024959126,0.35587835,0.25042358,-0.80076236,-0.544121,0.29763588,0.59848857,-0.74379045,0.9212496,0.024312712,0.38821128,9.501892,0.28234863,3.6227264,9.161362,0.24476542,3.4899745,-0.022018433,-0.010055542,-0.001449585,-8.879089,15.179443,-27.719116,0,0.0,0.0,0.0,0.0
0.888183593,0.22077462,-0.8239303,-0.5219171,0.28018066,0.56614304,-0.77522963,0.93421483,0.024919964,0.3558393,0.24981755,-0.8012378,-0.54369944,0.29730922,0.59785134,-0.74443334,0.9215196,0.02432564,0.38756913,9.501892,0.28234863,3.6227264,9.161518,0.24438138,3.4895916,-0.023391724,-0.021972656,-0.009231567,-8.879089,15.179443,-27.719116,0,0.0,0.0,0.0,0.0
0.896484375,0.22250436,-0.8202772,-0.5269127,0.2786207,0.57142186,-0.77191156,0.93427104,0.024944909,0.3556901,0.24864072,-0.80215985,-0.54287875,0.29667258,0.5966127,-0.74568,0.9220429,0.024349177,0.38632107,9.483948,0.29193115,3.6107635,9.162069,0.244626,3.4881282,-0.015457153,-0.03616333,-0.0048065186,-8.639526,15.539551,-27.83966,0,0.0,0.0,0.0,0.0
0.904785156,0.22237076,-0.8203235,-0.52689713,0.27844504,0.5713546,-0.77202475,0.93435514,0.024963858,0.35546756,0.24758509,-0.8028921,-0.5422784,0.29598963,0.59562594,-0.7467395,0.9225463,0.024372766,0.38511583,9.483948,0.2715912,3.625122,9.162894,0.24481182,3.485946,-0.011184692,-0.035095215,-0.005569458,-8.639526,15.539551,-27.83966,0,0.0,0.0,0.0,0.0
0.913085937,0.22371987,-0.8173017,-0.5310059,0.27705047,0.57566744,-0.7693178,0.93444765,0.024996264,0.35522208,0.24707082,-0.8032478,-0.54198605,0.2956541,0.5951456,-0.7472552,0.9227918,0.024384588,0.3845266,9.483948,0.2715912,3.625122,9.163801,0.24512962,3.4835386,0.008361816,-0.02960205,-0.0032806396,-8.518982,15.59906,-27.598572,0,0.0,0.0,0.0,0.0
0.921386718,0.22358721,-0.8173477,-0.5309909,0.27688643,0.57560146,-0.7694261,0.934528,0.025009653,0.35500965,0.246131,-0.8038133,-0.54157525,0.2949413,0.59438074,-0.74814516,0.9232709,0.02440881,0.38337323,9.468399,0.22732544,3.6227264,9.164589,0.24526091,3.4814556,0.026687622,-0.017684937,-0.010604858,-8.518982,15.59906,-27.598572,0,0.0,0.0,0.0,0.0
0.9296875,0.22603296,-0.8119609,-0.5381715,0.2746197,0.5831756,-0.7645196,0.9346085,0.025014123,0.35479736,0.24522415,-0.8043575,-0.5411785,0.29424864,0.59364307,-0.7490031,0.9237332,0.024432607,0.38225672,9.418152,0.13160706,3.5102692,9.165379,0.24530475,3.4793737,0.028213501,-0.0062408447,-0.0061798096,-7.739258,16.018677,-27.418518,0,0.0,0.0,0.0,0.0
