time,r0,r1,r2,r3,r4,r5,r6,r7,r8,imid,cf
0.0,0.0,0.0,0.0,0.0,0.0,0.0,0.0,0.0,0.0,1.0,0
0.004425049,0.0,0.0,0.0,0.0,0.0,0.0,0.0,0.0,0.0,1.0,0
0.00881958,0.027924469,0.9955952,-0.08950077,-0.21276376,0.09340379,0.9726291,0.97670454,-0.008117628,0.21443483,1.0,0
0.013244629,0.02792694,0.9955972,-0.08947806,-0.21253176,0.09338019,0.97268194,0.9767549,-0.008147106,0.21420385,1.0,0
0.017669678,0.027932696,0.9956018,-0.0894253,-0.21254656,0.09333001,0.9726836,0.9767516,-0.008162638,0.21421869,1.0,0
0.022094727,0.024330009,0.99702704,-0.0731115,-0.21292639,0.07662323,0.9740592,0.9767653,-0.008131503,0.21415758,1.0,0
0.026519776,0.024335517,0.9970303,-0.07306405,-0.21292633,0.07657806,0.9740628,0.9767652,-0.008147062,0.21415757,1.0,0
0.030914307,0.024329199,0.9970265,-0.073118456,-0.21289662,0.07662961,0.97406524,0.97677183,-0.008131557,0.2141279,1.0,0
0.035339356,0.019964047,0.9983903,-0.053085756,-0.21333586,0.05612739,0.97536516,0.9767748,-0.008147142,0.214113,1.0,0
0.039764404,0.019982496,0.9983986,-0.052923948,-0.21344194,0.05597416,0.9753509,0.9767513,-0.0081937555,0.21421863,1.0,0
0.044189453,0.01999227,0.99840295,-0.052838232,-0.21341233,0.055892274,0.9753622,0.9767577,-0.0082233725,0.2141889,1.0,0
0.048583985,0.024173347,0.9971295,-0.07175395,-0.21313475,0.075265154,0.9741196,0.97672373,-0.008254468,0.21434231,1.0,0
0.053009033,0.024160815,0.99712175,-0.07186331,-0.21327528,0.07537048,0.97408044,0.97669333,-0.008207913,0.21448247,1.0,0
0.057434082,0.024167018,0.99712557,-0.07180917,-0.21330354,0.07531917,0.9740783,0.976687,-0.008223419,0.21451065,1.0,0
0.061859131,0.024163418,0.99713045,-0.07174276,-0.21344338,0.0752547,0.9740528,0.9766566,-0.008223426,0.21464929,1.0,0
0.06628418,0.024162091,0.9971296,-0.07175473,-0.21359545,0.07526738,0.9740184,0.97662336,-0.008207834,0.21480097,1.0,0
0.070678711,0.02416661,0.9971325,-0.07171382,-0.213766,0.07522982,0.9739839,0.9765859,-0.008207913,0.21497105,1.0,0
0.07510376,0.02336224,0.9974109,-0.06801388,-0.21396013,0.071444474,0.9742263,0.976563,-0.00820785,0.21507522,1.0,0
0.079528809,0.023370095,0.99741524,-0.067944996,-0.21405408,0.07137968,0.97421026,0.97654223,-0.008223484,0.21516898,1.0,0
0.083953858,0.023381695,0.997422,-0.06784331,-0.21408379,0.071283095,0.97421086,0.9765354,-0.008254547,0.21519859,1.0,0
0.088348389,0.023393255,0.9974286,-0.067741975,-0.21411203,0.07118686,0.9742118,0.976529,-0.008285612,0.21522674,1.0,0
0.092773438,0.023415662,0.99744135,-0.06754557,-0.21415986,0.071000256,0.97421485,0.976518,-0.008346334,0.21527442,1.0,0
0.097198486,0.023404803,0.99743515,-0.06764075,-0.21415986,0.07109088,0.9742081,0.97651815,-0.008315216,0.21527445,1.0,0
0.101623535,0.023404066,0.9974348,-0.067647204,-0.21413013,0.07109677,0.9742143,0.9765247,-0.008315272,0.21524478,1.0,0
0.106018067,0.024009805,0.9972536,-0.070062995,-0.21423304,0.07358762,0.9740067,0.97648746,-0.008375903,0.21541148,1.0,0
0.110443115,0.024005124,0.997251,-0.07010165,-0.21424794,0.07362449,0.9740007,0.9764843,-0.008361872,0.21542634,1.0,0
0.114868164,0.030006912,0.99480194,-0.09730736,-0.21355231,0.101483904,0.9716463,0.9764707,-0.008375893,0.21548747,1.0,0
0.119293213,0.030002708,0.99479824,-0.097346075,-0.21356736,0.10152094,0.97163916,0.9764676,-0.008361862,0.21550234,1.0,0
0.123718262,0.030025283,0.9948179,-0.09713816,-0.21362783,0.101323254,0.9716465,0.97645366,-0.008422546,0.21556304,1.0,0
0.128112793,0.024226697,0.99717,-0.071169645,-0.21425407,0.07471538,0.9739162,0.97647744,-0.008346386,0.21545783,1.0,0
0.132537842,0.024248648,0.99718356,-0.070970796,-0.21430157,0.07452632,0.97392017,0.9764665,-0.008407097,0.21550518,1.0,0
0.136962891,0.024235554,0.99717546,-0.07108938,-0.2142076,0.0746385,0.9739323,0.97648746,-0.008375903,0.21541148,1.0,0
0.14138794,0.026184727,0.99642015,-0.08038146,-0.21378909,0.084130466,0.9732503,0.9765288,-0.008299614,0.21522671,1.0,0
0.145782471,0.026176589,0.9964137,-0.0804644,-0.21365187,0.08420856,0.97327375,0.9765591,-0.0082856165,0.21508993,1.0,0
0.15020752,0.026156938,0.9963981,-0.08066467,-0.21346968,0.08439842,0.97329736,0.97659945,-0.008239015,0.21490836,1.0,0
0.154632569,0.034752473,0.99217355,-0.11993271,-0.21203996,0.124593146,0.9692861,0.97664285,-0.008254561,0.21471037,1.0,0
0.159057617,0.034758765,0.99217975,-0.119879745,-0.21193309,0.12454186,0.9693161,0.9766659,-0.008285744,0.21460465,1.0,0
0.163452149,0.034775503,0.9921962,-0.119738795,-0.2118238,0.12440681,0.9693574,0.976689,-0.008346359,0.21449707,1.0,0
0.167877197,0.026009476,0.9964865,-0.07961221,-0.212845,0.08333332,0.9735258,0.97673976,-0.008375838,0.21426463,1.0,0
0.172302246,0.026009476,0.9964865,-0.07961221,-0.212845,0.08333332,0.9735258,0.97673976,-0.008375838,0.21426463,1.0,0
0.176727295,0.026018893,0.99649405,-0.07951531,-0.21283157,0.083240554,0.9735368,0.97674245,-0.008406981,0.2142512,1.0,0
0.181152344,0.020041794,0.9984396,-0.052121446,-0.21346304,0.05520307,0.97539026,0.97674555,-0.0084225675,0.21423633,1.0,0
0.185546875,0.0200305,0.9984345,-0.052224237,-0.21342988,0.055300787,0.97539204,0.97675306,-0.008391378,0.21420345,1.0,0
0.189971924,0.020007392,0.9984239,-0.0524346,-0.2133073,0.05550029,0.9754073,0.9767802,-0.008330675,0.21408154,1.0,0
0.194396973,0.027455853,0.9958828,-0.08639231,-0.21243334,0.0902637,0.9729978,0.97678983,-0.008361877,0.21403697,1.0,0
0.198822022,0.027454335,0.99588174,-0.08640564,-0.21238688,0.090275995,0.97300684,0.97679996,-0.00836183,0.21399066,1.0,0
0.203216553,0.027459236,0.9958854,-0.0863627,-0.21238676,0.090235084,0.97301066,0.9767998,-0.008375833,0.21399061,1.0,0
0.207641602,0.024129484,0.99719197,-0.07089476,-0.21279255,0.07441345,0.9742598,0.9767994,-0.008422509,0.21399054,1.0,0
0.212066651,0.024113696,0.9971827,-0.07102849,-0.21282567,0.074541,0.9742427,0.9767926,-0.0083759045,0.21402356,1.0,0
0.216491699,0.024125986,0.9971899,-0.070924364,-0.21286876,0.07444227,0.9742409,0.9767829,-0.008406941,0.21406658,1.0,0
0.220916748,0.02598546,0.9965227,-0.07916528,-0.21280415,0.08289119,0.97357243,0.97674924,-0.008452029,0.21421815,1.0,0
0.225311279,0.025979484,0.99651855,-0.079220034,-0.21276104,0.08294303,0.9735775,0.97675884,-0.008438108,0.21417515,1.0,0
0.229736328,0.025978593,0.99651796,-0.07922819,-0.21291356,0.08295212,0.9735434,0.9767256,-0.008422529,0.21432716,1.0,0
0.234161377,0.034903426,0.9921725,-0.11989757,-0.21180624,0.124589235,0.96933776,0.9766883,-0.008438157,0.21449693,1.0,0
0.238586426,0.034912333,0.99218154,-0.11982006,-0.21189578,0.12451618,0.9693275,0.9766685,-0.008452124,0.21458624,1.0,0
0.242980957,0.03492676,0.99219626,-0.11969447,-0.21185161,0.124396205,0.96935266,0.9766776,-0.008498883,0.21454312,1.0,0
0.247406006,0.02028816,0.9984132,-0.05252941,-0.21373811,0.05565682,0.97530425,0.97668034,-0.008559591,0.21452816,1.0,0
0.251800537,0.020289617,0.99841386,-0.052515876,-0.21381426,0.05564458,0.97528815,0.9766636,-0.008559581,0.21460415,1.0,0
0.256225586,0.020290691,0.99841446,-0.052505895,-0.21387227,0.05563557,0.97527605,0.9766509,-0.00855947,0.21466205,1.0,0
0.260650635,0.029696424,0.99497736,-0.09559375,-0.21274062,0.0997362,0.9720052,0.97665733,-0.008528406,0.2146339,1.0,0
0.265045166,0.029680045,0.9949642,-0.095736064,-0.21257344,0.09987026,0.972028,0.9766942,-0.008498892,0.21446711,1.0,0
0.269439697,0.029681094,0.99496496,-0.09572692,-0.21260323,0.09986181,0.9720223,0.9766877,-0.008498836,0.2144968,1.0,0
0.273803711,0.022250438,0.99782693,-0.062019642,-0.21343075,0.06534584,0.97477037,0.9767048,-0.00845217,0.2144209,1.0,0
0.278167725,0.022242755,0.99782306,-0.062084127,-0.21332186,0.06540625,0.97479016,0.97672874,-0.008438117,0.21431229,1.0,0
0.282531738,0.022234151,0.99781877,-0.062156405,-0.21319784,0.065473944,0.9748128,0.97675604,-0.008422524,0.21418855,1.0,0
0.286895752,0.02762576,0.99580455,-0.087236814,-0.2124257,0.0911251,0.97291917,0.9767867,-0.00834629,0.21405184,1.0,0
0.291259766,0.027626239,0.9958048,-0.08723264,-0.21244055,0.09112124,0.97291607,0.97678334,-0.008346261,0.21406667,1.0,0
0.295623779,0.027649624,0.99582195,-0.08702967,-0.2123339,0.09092704,0.97295773,0.976806,-0.008422566,0.21396086,1.0,0
0.299987793,0.027624205,0.99580336,-0.0872503,-0.21221165,0.09113611,0.9729647,0.97683316,-0.008361848,0.21383864,1.0,0
0.304351807,0.027630098,0.99580765,-0.087199144,-0.21224134,0.09108765,0.97296286,0.9768266,-0.008375796,0.21386832,1.0,0
0.30871582,0.027641647,0.9958162,-0.08709895,-0.21225776,0.09099236,0.9729682,0.9768227,-0.008407015,0.21388486,1.0,0
0.313079834,0.030842176,0.9943432,-0.101638034,-0.21180078,0.10587886,0.9715607,0.9768262,-0.008438031,0.21386822,1.0,0
0.317443848,0.030841574,0.99434274,-0.101642706,-0.21178587,0.10588316,0.97156346,0.9768294,-0.008438059,0.21385336,1.0,0
0.321807861,0.0308279,0.99433225,-0.10174981,-0.21173842,0.10598447,0.97156274,0.9768401,-0.008406897,0.21380562,1.0,0
0.326171875,0.030795978,0.99430764,-0.101999916,-0.21180287,0.10622257,0.9715227,0.9768271,-0.008315117,0.21386842,1.0,0
0.330535889,0.028598156,0.99533933,-0.09209652,-0.21218573,0.09607929,0.97249466,0.97681075,-0.008269987,0.2139445,1.0,0
0.334899903,0.028597105,0.9953385,-0.09210586,-0.2123116,0.09608926,0.9724663,0.9767835,-0.008254579,0.21406978,1.0,0
0.339294434,0.029996037,0.9947052,-0.09829452,-0.21227303,0.10243496,0.97182673,0.9767499,-0.008285678,0.21422173,1.0,0
0.343658447,0.030002974,0.9947112,-0.09823088,-0.21233428,0.1023748,0.9718197,0.9767364,-0.008299699,0.21428286,1.0,0
0.348022461,0.030001307,0.99470985,-0.09824621,-0.21228778,0.102389015,0.9718284,0.9767465,-0.0082996525,0.21423653,1.0,0
0.352386475,0.021034896,0.99813884,-0.05723788,-0.21334797,0.06041322,0.97510654,0.97674984,-0.008299681,0.21422172,1.0,0
0.356750488,0.021035526,0.9981392,-0.057232436,-0.2133777,0.060408287,0.97510034,0.9767433,-0.0082996255,0.21425138,1.0,0
0.361114502,0.02104757,0.9981449,-0.05712858,-0.21342419,0.060309805,0.97509634,0.9767329,-0.008330789,0.21429765,1.0,0
0.365478516,0.025083002,0.9968153,-0.07569748,-0.21284902,0.07931028,0.9738609,0.976763,-0.0083152205,0.21416049,1.0,0
0.369842529,0.02507277,0.99680907,-0.075782716,-0.21269378,0.07939006,0.97388834,0.97679716,-0.008299568,0.21400562,1.0,0
0.374206543,0.02506279,0.9968031,-0.07586585,-0.21252656,0.07946772,0.9739187,0.9768338,-0.008285611,0.21383877,1.0,0
0.378570557,0.024810618,0.99689764,-0.074696206,-0.21241897,0.07827009,0.974039,0.9768637,-0.008299617,0.2137019,1.0,0
0.38293457,0.024805145,0.9968945,-0.074740954,-0.21223354,0.07831107,0.9740762,0.97690415,-0.008299564,0.21351695,1.0,0
0.387298584,0.024789827,0.9968854,-0.074866146,-0.2120816,0.07842883,0.97409976,0.9769375,-0.008270033,0.21336529,1.0,0
0.391662598,0.026634272,0.99616045,-0.083396815,-0.2117197,0.08715515,0.9734366,0.97696745,-0.008270023,0.2132281,1.0,0
0.396026611,0.026640564,0.9961651,-0.0833393,-0.21159531,0.087099224,0.97346866,0.9769942,-0.008299549,0.21310423,1.0,0
0.400390625,0.026635941,0.99616164,-0.083381586,-0.2114431,0.08713828,0.97349817,0.9770273,-0.008299579,0.21295251,1.0,0
0.404754639,0.032256745,0.993511,-0.1090656,-0.21050751,0.11342788,0.97098947,0.9770599,-0.008361831,0.21280035,1.0,0
0.40914917,0.032267045,0.99352133,-0.1089687,-0.21038397,0.1133343,0.97102726,0.9770862,-0.008406913,0.21267793,1.0,0
0.413513184,0.03225311,0.9935074,-0.1090998,-0.21029338,0.11345869,0.9710323,0.97710615,-0.008375845,0.21258743,1.0,0
0.417877197,0.022406867,0.9977028,-0.063930675,-0.21144302,0.06722945,0.9750754,0.97713345,-0.008330689,0.21246368,1.0,0
0.422241211,0.022419017,0.99770963,-0.063818805,-0.21130556,0.06712151,0.9751126,0.9771629,-0.008375797,0.21232639,1.0,0
0.426605225,0.022436013,0.9977193,-0.063662365,-0.21112381,0.06697067,0.97516245,0.9772019,-0.008438118,0.21214484,1.0,0
0.430969238,0.024634812,0.9969704,-0.073777564,-0.21081752,0.07732117,0.97446257,0.97721493,-0.0084521,0.21208361,1.0,0
0.435333252,0.024615597,0.9969579,-0.07395302,-0.21068,0.07748742,0.9744792,0.97724515,-0.008406969,0.21194647,1.0,0
0.439697266,0.024603257,0.9969498,-0.07406565,-0.21061902,0.07759436,0.9744838,0.97725856,-0.008375844,0.21188568,1.0,0
0.444061279,0.026812015,0.9960921,-0.08415284,-0.2103205,0.08791988,0.9736711,0.9772647,-0.008407016,0.21185589,1.0,0
0.448425293,0.02682189,0.9960996,-0.084059924,-0.2103022,0.087831,0.973683,0.9772684,-0.008438034,0.21183775,1.0,0
0.452789307,0.02681494,0.9960943,-0.08412533,-0.21024413,0.087892964,0.97369003,0.97728115,-0.008422584,0.21177983,1.0,0
0.45715332,0.031433523,0.99395007,-0.10523876,-0.20960568,0.109504774,0.97163475,0.97728056,-0.008483263,0.2117797,1.0,0
0.461517334,0.03143723,0.993954,-0.10520044,-0.20957246,0.10946783,0.9716462,0.9772877,-0.008498749,0.21174675,1.0,0
0.465881348,0.03143622,0.99395293,-0.10521089,-0.2096821,0.10947878,0.9716213,0.97726417,-0.008483255,0.21185575,1.0,0
0.470245361,0.02576202,0.99655217,-0.078866936,-0.210437,0.08253149,0.9741174,0.9772679,-0.008498712,0.21183765,1.0,0
0.474609375,0.025767174,0.996556,-0.07881736,-0.21043697,0.082484126,0.97412145,0.9772678,-0.008514271,0.21183762,1.0,0
0.479003906,0.025767716,0.9965564,-0.07881217,-0.21045512,0.08247932,0.974118,0.97726387,-0.008514373,0.2118557,1.0,0
0.48336792,0.028196204,0.99555016,-0.08991599,-0.21014471,0.09384516,0.9731559,0.9772637,-0.008543935,0.21185566,1.0,0
0.487731934,0.028171455,0.99553204,-0.09012429,-0.21006575,0.09404284,0.9731538,0.97728133,-0.008483134,0.2117765,1.0,0
0.492095947,0.02814271,0.99551094,-0.0903662,-0.20987049,0.09427153,0.9731738,0.977324,-0.008422552,0.2115814,1.0,0
0.496459961,0.029552212,0.99484986,-0.09695653,-0.20956701,0.10100972,0.972563,0.9773476,-0.0084224995,0.21147273,1.0,0
0.500823975,0.029552622,0.9948502,-0.09695232,-0.20942906,0.1010045,0.97259337,0.97737724,-0.008438046,0.21133548,1.0,0
0.505187988,0.029532775,0.9948309,-0.09715528,-0.20927688,0.10119743,0.97260594,0.97741044,-0.008391398,0.21118379,1.0,0
0.509552002,0.029529782,0.99482816,-0.09718597,-0.20918557,0.101226,0.9726226,0.9774299,-0.008391432,0.21109283,1.0,0
0.513916016,0.029544141,0.994842,-0.09703906,-0.20917031,0.10108527,0.9726405,0.9774328,-0.008438136,0.21107788,1.0,0
0.518280029,0.029545933,0.99484366,-0.097020686,-0.2090906,0.10106701,0.9726595,0.97744983,-0.008452019,0.21099861,1.0,0
0.522644043,0.032318197,0.9934122,-0.10994485,-0.20863502,0.114284284,0.9712933,0.97745943,-0.008452102,0.21095401,1.0,0
0.527008057,0.032311372,0.99340653,-0.109997205,-0.20860371,0.11433376,0.9712941,0.97746634,-0.008438024,0.21092258,1.0,0
0.53137207,0.032306265,0.9934024,-0.11003648,-0.2086222,0.11437124,0.9712858,0.9774626,-0.008422566,0.21094069,1.0,0
0.535736084,0.02674576,0.9960862,-0.08424456,-0.2093889,0.087987535,0.97386587,0.97746664,-0.008406906,0.21092264,1.0,0
0.540100098,0.02674157,0.9960833,-0.08427875,-0.20943546,0.088020466,0.9738527,0.9774567,-0.008391394,0.21096897,1.0,0
0.544464111,0.026759926,0.99609554,-0.08412893,-0.20931251,0.08787682,0.97389233,0.9774827,-0.008452047,0.21084683,1.0,0
0.548858643,0.023937283,0.9971736,-0.07121763,-0.2094369,0.07465926,0.97496784,0.9775291,-0.008422482,0.21063206,1.0,0
0.553222656,0.023958122,0.9971857,-0.0710399,-0.20919481,0.074487776,0.9750328,0.97758037,-0.008498778,0.21039066,1.0,0
0.55758667,0.023940977,0.99717575,-0.0711861,-0.20897953,0.07462527,0.97506857,0.9776269,-0.008467657,0.2101759,1.0,0
0.561950684,0.028768683,0.99514574,-0.094112776,-0.20815255,0.09805189,0.97316915,0.9776732,-0.008406984,0.20996296,1.0,0
0.566314697,0.028734012,0.9951159,-0.09443905,-0.2078913,0.09836146,0.9731938,0.9777298,-0.008330706,0.20970225,1.0,0
0.570678711,0.02872571,0.99510866,-0.09451715,-0.20764722,0.09843403,0.97323865,0.977782,-0.008330752,0.20945914,1.0,0
0.575042725,0.028696269,0.9950833,-0.0947942,-0.20738731,0.09869663,0.9732676,0.97783804,-0.00827003,0.20919985,1.0,0
0.579406738,0.020903654,0.99808675,-0.05818868,-0.2080562,0.061269924,0.97619617,0.9778936,-0.008299549,0.2089389,1.0,0
0.58404541,0.020881811,0.9980758,-0.05838405,-0.20778258,0.06145413,0.9762427,0.9779521,-0.008254526,0.20866603,1.0,0
0.588684082,0.020849237,0.9980594,-0.05867541,-0.20752242,0.06173014,0.9762806,0.97800803,-0.0081782425,0.20840672,1.0,0
0.593322754,0.01569102,0.9992804,-0.034532093,-0.20777532,0.037041117,0.977475,0.9780507,-0.008162662,0.20820703,1.0,0
0.597961426,0.015667163,0.99927354,-0.034741912,-0.20760742,0.037240002,0.9775032,0.97808677,-0.00810202,0.20804003,1.0,0
0.602600098,0.029484304,0.9945375,-0.10012953,-0.20591317,0.10406781,0.9730209,0.978126,-0.008070853,0.20785673,1.0,0
0.60723877,0.02947223,0.9945269,-0.1002371,-0.20586868,0.104170166,0.97301924,0.97813565,-0.008041368,0.2078121,1.0,0
0.611877442,0.029471518,0.9945264,-0.10024348,-0.2058506,0.10417612,0.9730226,0.9781396,-0.008041273,0.20779407,1.0,0
0.616485596,0.022977212,0.99732226,-0.06942772,-0.2066639,0.07268441,0.9757084,0.9781422,-0.008070858,0.20778063,1.0,0
0.621124268,0.022965446,0.99731535,-0.06953184,-0.20661603,0.072783425,0.9757112,0.9781526,-0.008041251,0.20773284,1.0,0
0.62576294,0.022965062,0.99731517,-0.06953524,-0.20660113,0.072786555,0.97571427,0.9781558,-0.0080412775,0.20771797,1.0,0
0.630401611,0.03285827,0.99267596,-0.116252154,-0.20523205,0.12053771,0.97126216,0.9781616,-0.008055329,0.20768963,1.0,0
0.635040283,0.03286219,0.9926802,-0.11621597,-0.20519872,0.12050285,0.9712737,0.9781685,-0.008070817,0.20765668,1.0,0
0.639678955,0.03285765,0.9926754,-0.11625796,-0.20521714,0.120543145,0.97126484,0.9781648,-0.008055355,0.20767476,1.0,0
0.644317627,0.024653537,0.9967031,-0.07729875,-0.20639464,0.080731064,0.97513276,0.9781583,-0.0080864215,0.2077045,1.0,0
0.648956299,0.024653928,0.9967033,-0.07729537,-0.20640807,0.08072795,0.97513014,0.97815543,-0.008086398,0.2077179,1.0,0
0.653594971,0.024652675,0.99670255,-0.07730629,-0.20636477,0.08073801,0.9751384,0.9781645,-0.008086473,0.2076747,1.0,0
0.657806397,0.026629837,0.99588096,-0.08667172,-0.20607229,0.090309165,0.9743606,0.9781744,-0.008086426,0.20762837,1.0,0
0.661895752,0.026629837,0.99588096,-0.08667172,-0.20607229,0.090309165,0.9743606,0.9781744,-0.008086426,0.20762837,1.0,0
0.665985108,0.026639998,0.99588895,-0.08657651,-0.20605712,0.090217985,0.9743721,0.9781772,-0.008117569,0.20761341,1.0,0
0.670074463,0.02423375,0.99686724,-0.075288944,-0.20632021,0.078676924,0.97531635,0.9781844,-0.00810194,0.2075805,1.0,0
0.674163819,0.02422455,0.9968611,-0.075373724,-0.20618285,0.078756824,0.97533894,0.9782136,-0.008086378,0.2074435,1.0,0
0.678253174,0.024215464,0.99685496,-0.07545749,-0.20604832,0.078835785,0.975361,0.97824216,-0.008070925,0.20730934,1.0,0
0.682342529,0.029530272,0.9944663,-0.100820675,-0.20525782,0.10474819,0.97308636,0.9782623,-0.008041271,0.2072152,1.0,0
0.686431885,0.029525183,0.9944617,-0.10086768,-0.20512022,0.104792,0.9731107,0.97829133,-0.008041266,0.20707817,1.0,0
0.69052124,0.029532291,0.99446815,-0.100802034,-0.20518152,0.10472974,0.9731045,0.9782783,-0.008055291,0.20713939,1.0,0
0.694610596,0.026418427,0.9959322,-0.08614642,-0.20551343,0.089746736,0.9745306,0.97829765,-0.0080413185,0.20704839,1.0,0
0.698699951,0.026426287,0.99593806,-0.086074814,-0.2054368,0.08967767,0.974553,0.97831357,-0.008070885,0.20697221,1.0,0
0.702789307,0.026430631,0.9959414,-0.08603526,-0.20540364,0.08963958,0.9745635,0.97832036,-0.008086372,0.20693925,1.0,0
0.706878662,0.021820001,0.99769557,-0.06424464,-0.20594388,0.06736726,0.9762421,0.9783205,-0.0080708135,0.20693927,1.0,0
0.710968018,0.021826958,0.99769956,-0.06418141,-0.20600678,0.06730735,0.97623307,0.9783071,-0.008086392,0.20700197,1.0,0
0.715637207,0.021830527,0.9977015,-0.06414896,-0.205929,0.0672757,0.97625166,0.97832346,-0.008101958,0.20692435,1.0,0
0.720306397,0.021836314,0.9977048,-0.06409635,-0.20594393,0.06722554,0.97625196,0.9783201,-0.0081174895,0.20693919,1.0,0
0.725006104,0.021846296,0.9977104,-0.0640056,-0.20592904,0.06713868,0.9762611,0.97832304,-0.008147078,0.20692426,1.0,0
0.729675293,0.021842724,0.99770844,-0.06403809,-0.20600681,0.06717038,0.97624254,0.9783068,-0.0081315115,0.2070019,1.0,0
0.734375,0.0251213,0.99651897,-0.079491474,-0.20566498,0.082967445,0.9750991,0.9782999,-0.008147144,0.2070333,1.0,0
0.73904419,0.025125876,0.996522,-0.079451315,-0.20563336,0.08292884,0.97510904,0.9783065,-0.008162629,0.20700184,1.0,0
0.743743897,0.025136555,0.9965293,-0.07935765,-0.20561826,0.082839265,0.9751199,0.9783094,-0.008193773,0.2069869,1.0,0
0.748413086,0.025142912,0.9965316,-0.079326145,-0.20560302,0.082809635,0.9751256,0.97831243,-0.008207802,0.20697197,1.0,0
0.753112793,0.02516368,0.99654603,-0.07913689,-0.20575553,0.082630046,0.97510874,0.97827995,-0.008254469,0.20712417,1.0,0
0.757781983,0.02517496,0.9965539,-0.07903418,-0.20577034,0.082531996,0.97511387,0.9782765,-0.008285561,0.20713902,1.0,0
0.76248169,0.021945156,0.9977171,-0.06386843,-0.20618488,0.067027085,0.9762147,0.9782669,-0.008254479,0.20718507,1.0,0
0.767150879,0.021941809,0.99771523,-0.06389768,-0.2062761,0.06705577,0.9761935,0.97824776,-0.008238888,0.20727612,1.0,0
0.771850586,0.02193253,0.9977102,-0.06397869,-0.20635238,0.067133754,0.97617203,0.97823197,-0.008207766,0.2073523,1.0,0
0.776519776,0.034915507,0.9915288,-0.12510592,-0.20466918,0.12962326,0.97021043,0.9782083,-0.008270069,0.20746125,1.0,0
0.780944824,0.034906536,0.9915191,-0.1251855,-0.20471327,0.12969965,0.970191,0.9781994,-0.008238873,0.20750448,1.0,0
0.785339356,0.03491133,0.9915243,-0.12514293,-0.20469794,0.12965885,0.97019964,0.9782024,-0.008254459,0.20748955,1.0,0
0.789764404,0.029920874,0.9943716,-0.1016362,-0.2055156,0.105629325,0.9729367,0.9781963,-0.008223289,0.20751938,1.0,0
0.794158936,0.029921576,0.9943722,-0.10162985,-0.2055334,0.10562341,0.9729336,0.9781926,-0.008223374,0.20753713,1.0,0
0.798583985,0.029921023,0.9943717,-0.10163488,-0.20551845,0.10562808,0.9729362,0.9781957,-0.008223401,0.20752224,1.0,0
0.802978516,0.027264435,0.995673,-0.08883703,-0.20588952,0.09255794,0.97418815,0.9781953,-0.008270077,0.20752215,1.0,0
0.807373047,0.027270498,0.9956775,-0.0887841,-0.2059043,0.09250754,0.97418976,0.97819203,-0.008285609,0.20753701,1.0,0
0.811798096,0.027277358,0.99568266,-0.08872419,-0.2057949,0.092449404,0.9742183,0.9782148,-0.008315115,0.2074282,1.0,0
0.816192627,0.024553807,0.9968092,-0.075950906,-0.20603047,0.079388574,0.9753199,0.9782375,-0.008299616,0.20732236,1.0,0
0.820617676,0.024550395,0.99680686,-0.07598306,-0.20590764,0.079418294,0.9753434,0.97826344,-0.008299572,0.20719989,1.0,0
0.825012207,0.024546025,0.99680376,-0.07602422,-0.20592259,0.07945778,0.97533697,0.97826034,-0.008285542,0.2072148,1.0,0
0.829437256,0.024536913,0.9967975,-0.07611011,-0.20578521,0.07953878,0.97535944,0.97828954,-0.00826998,0.2070778,1.0,0
0.833831787,0.030924445,0.993833,-0.10648753,-0.20490697,0.11057928,0.9725149,0.97829276,-0.008254447,0.20706291,1.0,0
0.838226319,0.030923871,0.9938324,-0.10649285,-0.204892,0.110584244,0.9725175,0.9782959,-0.008254473,0.20704803,1.0,0
0.842651367,0.01894317,0.9985725,-0.049940355,-0.20626663,0.052777976,0.9770714,0.97831243,-0.008207802,0.20697197,1.0,0
0.847045899,0.018938417,0.9985704,-0.049985524,-0.20626654,0.052821185,0.9770691,0.97831255,-0.008193799,0.206972,1.0,0
0.851470947,0.018948456,0.998575,-0.049890164,-0.20626676,0.05272996,0.977074,0.9783123,-0.008223361,0.20697196,1.0,0
0.855865479,0.018948456,0.998575,-0.049890164,-0.20626676,0.05272996,0.977074,0.9783123,-0.008223361,0.20697196,1.0,0
0.860290528,0.02174181,0.9977723,-0.06307075,-0.20593013,0.06620232,0.97632486,0.9783252,-0.008238898,0.2069107,1.0,0
0.864685059,0.02174181,0.9977723,-0.06307075,-0.20593013,0.06620232,0.97632486,0.9783252,-0.008238898,0.2069107,1.0,0
0.86907959,0.019741906,0.99838,-0.053361673,-0.20614666,0.056289967,0.9769006,0.9783219,-0.0082855495,0.206924,1.0,0
0.873504639,0.019721065,0.9983706,-0.053546216,-0.20620924,0.05646675,0.9768772,0.9783091,-0.008223334,0.20698684,1.0,0
0.87789917,0.019710254,0.99836576,-0.053641945,-0.20619424,0.05655806,0.9768753,0.97831255,-0.008193799,0.206972,1.0,0
0.882324219,0.02179441,0.9977463,-0.0634615,-0.20595181,0.06659573,0.9762935,0.97831947,-0.00820773,0.20693906,1.0,0
0.88671875,0.02181157,0.99775517,-0.06331556,-0.20595492,0.066456504,0.97630227,0.97831833,-0.008254531,0.20694211,1.0,0
0.891143799,0.02181797,0.99775845,-0.06326115,-0.20598479,0.06640485,0.97629946,0.97831196,-0.008270037,0.20697188,1.0,0
0.89553833,0.02723841,0.99564314,-0.08917809,-0.2053665,0.09288186,0.97426766,0.978306,-0.008223307,0.20700173,1.0,0
0.899963379,0.02724988,0.99565214,-0.08907418,-0.20538287,0.09278268,0.9742736,0.9783022,-0.008254526,0.20701823,1.0,0
0.90435791,0.027261252,0.9956611,-0.0889712,-0.2053976,0.092684396,0.97428,0.97829884,-0.008285617,0.20703308,1.0,0
0.908752442,0.018863421,0.9986081,-0.049254283,-0.20630619,0.052090503,0.97709996,0.97830564,-0.008269983,0.20700166,1.0,0
0.91317749,0.018854056,0.998604,-0.049340725,-0.20638224,0.052173786,0.9770794,0.9782898,-0.008238862,0.20707785,1.0,0
0.917572022,0.018832259,0.9985945,-0.049541928,-0.20633712,0.052365758,0.97707874,0.9782997,-0.008178262,0.20703326,1.0,0
0.92199707,0.022135392,0.9976324,-0.06511332,-0.20600955,0.0682831,0.97616476,0.9782996,-0.008193822,0.20703325,1.0,0
0.926391602,0.022145594,0.9976383,-0.06501884,-0.20600957,0.06819276,0.97617096,0.9782993,-0.008223383,0.20703319,1.0,0
0.930816651,0.022154149,0.9976432,-0.06493957,-0.20591834,0.0681162,0.97619545,0.97831833,-0.008254531,0.20694211,1.0,0
0.935211182,0.022146162,0.9976386,-0.06501358,-0.20581053,0.06818607,0.97621346,0.9783413,-0.008238902,0.20683458,1.0,0
0.939605713,0.022147294,0.9976393,-0.065003075,-0.20585695,0.0681764,0.9762043,0.9783314,-0.008238951,0.2068809,1.0,0
0.944030762,0.022137439,0.9976335,-0.06509433,-0.20567161,0.06826211,0.9762374,0.97837067,-0.008223341,0.20669605,1.0,0
0.948425293,0.019857744,0.9983232,-0.054372925,-0.2058272,0.05730076,0.9769093,0.9783869,-0.008207787,0.20661995,1.0,0
0.952850342,0.019863196,0.99832577,-0.054323465,-0.20582728,0.05725349,0.976912,0.97838676,-0.008223346,0.20661993,1.0,0
0.957244873,0.01986924,0.99832857,-0.054268625,-0.20585717,0.057201326,0.9769086,0.97838026,-0.008238851,0.20664968,1.0,0
0.961669922,0.024047287,0.99695504,-0.07417754,-0.20541362,0.077543244,0.9755984,0.9783798,-0.008223418,0.20665286,1.0,0
0.966064453,0.024047287,0.99695504,-0.07417754,-0.20541362,0.077543244,0.9755984,0.9783798,-0.008223418,0.20665286,1.0,0
0.970458985,0.02404634,0.9969545,-0.074186064,-0.20538062,0.07755111,0.97560483,0.97838676,-0.008223346,0.20661993,1.0,0
0.974884033,0.023958491,0.99699795,-0.07362872,-0.2053636,0.07698741,0.97565305,0.9783925,-0.008254514,0.20659158,1.0,0
0.979278565,0.023973739,0.9970073,-0.07349566,-0.2053304,0.07686006,0.9756699,0.978399,-0.00829956,0.20655854,1.0,0
0.983703613,0.023978135,0.99701005,-0.07345732,-0.20528704,0.076823086,0.975682,0.97840804,-0.008315197,0.20651533,1.0,0
0.988098145,0.023971999,0.9970063,-0.07351088,-0.20526901,0.07687408,0.97568184,0.978412,-0.008299539,0.20649731,1.0,0
0.992523194,0.017883506,0.9988477,-0.04453465,-0.20579812,0.047265355,0.9774524,0.9784311,-0.008315128,0.20640627,1.0,0
0.996917725,0.017895691,0.9988526,-0.044420518,-0.20588957,0.04715696,0.9774384,0.9784116,-0.008346215,0.20649724,1.0,0
1.001342774,0.024288146,0.9969037,-0.07478761,-0.20523366,0.0781885,0.97558486,0.9784116,-0.008346215,0.20649724,1.0,0
1.005737305,0.024287334,0.9969032,-0.07479506,-0.2052038,0.07819537,0.97559065,0.97841793,-0.008346268,0.20646745,1.0,0
1.010131836,0.024280638,0.9968987,-0.07485681,-0.20515735,0.07825402,0.9755957,0.9784278,-0.008330661,0.20642114,1.0,0
1.014556885,0.027592923,0.9955231,-0.09040162,-0.20472491,0.094147064,0.9742814,0.9784306,-0.008375808,0.20640616,1.0,0
1.018951416,0.027581945,0.99551505,-0.0904925,-0.20472522,0.09423374,0.9742728,0.9784308,-0.008346246,0.2064062,1.0,0
1.023376465,0.027587196,0.99551886,-0.090449,-0.20471008,0.09419212,0.97428,0.97843385,-0.008361831,0.20639127,1.0,0
1.027770996,0.028773516,0.99496406,-0.09601345,-0.20457736,0.09988166,0.9737412,0.97842747,-0.008375781,0.20642106,1.0,0
1.032196045,0.028763302,0.9949562,-0.09609843,-0.20459585,0.099962875,0.973729,0.9784239,-0.008346319,0.20643915,1.0,0
1.036590576,0.028760437,0.99495393,-0.09612227,-0.20467241,0.099986255,0.97371036,0.97840786,-0.008330755,0.20651528,1.0,0
1.040985108,0.03337067,0.992427,-0.11821629,-0.20384538,0.12255429,0.97130203,0.97843426,-0.008315155,0.20639136,1.0,0
1.045410156,0.0333687,0.992425,-0.11823324,-0.20367734,0.122569025,0.9713353,0.9784692,-0.0083307605,0.20622446,1.0,0
1.049804688,0.033346992,0.99240357,-0.11841978,-0.20344841,0.122745186,0.9713611,0.9785176,-0.008299655,0.20599608,1.0,0
1.054229736,0.021053638,0.99795777,-0.06030762,-0.20488264,0.06334743,0.9767345,0.97856015,-0.008207831,0.20579793,1.0,0
1.058624268,0.021049414,0.9979555,-0.060346086,-0.20469733,0.063382655,0.97677106,0.978599,-0.008207778,0.20561302,1.0,0
1.063049317,0.0210417,0.99795145,-0.060416337,-0.20457454,0.063448794,0.97679245,0.97862476,-0.008193729,0.20549053,1.0,0
1.067443848,0.02297284,0.9972771,-0.07007616,-0.20418066,0.07329751,0.9761853,0.9786636,-0.008117551,0.20530854,1.0,0
1.071868897,0.02297286,0.997277,-0.07007596,-0.20399524,0.07329578,0.9762242,0.97870237,-0.008131502,0.2051236,1.0,0
1.076263428,0.022982255,0.99728286,-0.069989964,-0.2039369,0.07321304,0.9762425,0.9787142,-0.008162721,0.2050654,1.0,0
1.080657959,0.022968479,0.99727434,-0.07011607,-0.20382757,0.07333276,0.9762564,0.97873735,-0.008131535,0.20495637,1.0,0
1.085083008,0.025931304,0.99610454,-0.08428068,-0.20336753,0.08780256,0.97515756,0.97875905,-0.008147158,0.20485216,1.0,0
1.089477539,0.025935842,0.9961079,-0.08424132,-0.20333438,0.08776468,0.975168,0.9787657,-0.008162644,0.20481919,1.0,0
1.093902588,0.023131173,0.99723756,-0.07058416,-0.20364572,0.073822804,0.9762573,0.97877127,-0.008207814,0.20479079,1.0,0
1.098297119,0.023119068,0.99722946,-0.07070271,-0.20376542,0.07393738,0.97622377,0.9787467,-0.008162615,0.20491026,1.0,0
1.102722168,0.023124384,0.9972331,-0.07065066,-0.20376827,0.073887534,0.97622705,0.978746,-0.008178286,0.20491305,1.0,0
1.107116699,0.027012587,0.99563235,-0.089366734,-0.20344168,0.093003854,0.97465974,0.97871435,-0.008147161,0.20506541,1.0,0
1.111511231,0.026997497,0.9956214,-0.08949454,-0.20348556,0.09312624,0.97463906,0.9787057,-0.008101966,0.20510873,1.0,0
1.115936279,0.027003212,0.99562556,-0.08944612,-0.20348538,0.09308,0.97464347,0.9787055,-0.008117525,0.2051087,1.0,0
1.120330811,0.026991317,0.9956168,-0.08954688,-0.20347226,0.093176104,0.9746371,0.9787087,-0.008086431,0.20509535,1.0,0
1.12475586,0.037379544,0.9895699,-0.13911982,-0.20185289,0.14382432,0.96879834,0.97870237,-0.008131502,0.2051236,1.0,0
1.129150391,0.037385434,0.9895763,-0.13907261,-0.20185237,0.1437793,0.9688051,0.9787022,-0.00814706,0.20512356,1.0,0
1.13357544,0.026734633,0.99576694,-0.087939896,-0.2035226,0.09155074,0.9747805,0.9787052,-0.008162646,0.20510864,1.0,0
1.137969971,0.02672475,0.99575996,-0.08802204,-0.20357087,0.09162951,0.974763,0.97869533,-0.008131573,0.2051565,1.0,0
1.142364502,0.02671903,0.9957559,-0.08806957,-0.20355608,0.09167475,0.97476184,0.9786986,-0.008117597,0.20514163,1.0,0
1.146789551,0.026732018,0.99576515,-0.087961644,-0.2036141,0.091572255,0.97475946,0.9786863,-0.008147057,0.20519972,1.0,0
1.151184082,0.026740933,0.9957714,-0.08788756,-0.20353736,0.091500916,0.97478205,0.9787019,-0.008178177,0.2051235,1.0,0
1.155609131,0.026719935,0.9957565,-0.08806203,-0.20343304,0.09166654,0.9747883,0.97872424,-0.008131554,0.20501912,1.0,0
1.160003662,0.030713737,0.9937284,-0.107519425,-0.20269805,0.111527435,0.97286946,0.97875947,-0.008086477,0.20485225,1.0,0
1.164428711,0.030690735,0.9937061,-0.107732855,-0.2025126,0.11173015,0.97288495,0.97879857,-0.0080412915,0.20466706,1.0,0
1.168823242,0.030708078,0.993723,-0.107571945,-0.20228225,0.11157425,0.9729507,0.97884566,-0.008117551,0.20443875,1.0,0
1.173248291,0.03143984,0.99326074,-0.11155619,-0.20188798,0.11562162,0.97256,0.97890383,-0.008055278,0.2041625,1.0,0
1.177642822,0.03144872,0.99326855,-0.111483805,-0.20169088,0.11555093,0.9726093,0.9789442,-0.008102047,0.20396712,1.0,0
1.182037354,0.031422485,0.99324536,-0.11169765,-0.20136774,0.11575233,0.9726524,0.97901165,-0.0080708545,0.20364477,1.0,0
1.186462403,0.024602354,0.99656296,-0.079100065,-0.20206742,0.082448065,0.9758949,0.97906256,-0.008025766,0.20340136,1.0,0
1.190856934,0.024582412,0.99654984,-0.07927264,-0.2019736,0.08261225,0.97590065,0.97908247,-0.007979007,0.20330755,1.0,0
1.195281983,0.024577305,0.99654645,-0.079316825,-0.20197368,0.08265447,0.97589695,0.9790825,-0.007965005,0.20330757,1.0,0
1.199676514,0.026281945,0.9958137,-0.08754603,-0.20194477,0.09105962,0.9751546,0.9790442,-0.0079495,0.20349258,1.0,0
1.204101563,0.026288336,0.9958189,-0.08748559,-0.20214419,0.09100335,0.9751186,0.9790029,-0.007949544,0.2036913,1.0,0
1.208496094,0.02632336,0.995847,-0.08715437,-0.20242068,0.09068842,0.97509044,0.9789448,-0.008025808,0.20396724,1.0,0
1.212890625,0.020455984,0.9980594,-0.058812708,-0.20340322,0.061749242,0.9771459,0.97888136,-0.008025786,0.20427166,1.0,0
1.217315674,0.020469423,0.99806786,-0.05866644,-0.20361754,0.06161055,0.9771101,0.9788365,-0.008055365,0.20448521,1.0,0
1.221710205,0.020484835,0.9980773,-0.058498643,-0.20366266,0.061449803,0.9771108,0.9788269,-0.008101965,0.20452988,1.0,0
1.226135254,0.035974376,0.9904988,-0.13273267,-0.20158234,0.13728073,0.9698034,0.9788107,-0.008131511,0.20460567,1.0,0
1.230529785,0.03598441,0.99051094,-0.13263962,-0.20156665,0.13719155,0.9698193,0.9788136,-0.008162654,0.20459071,1.0,0
1.234954834,0.035984647,0.9905112,-0.13263746,-0.20145994,0.13718858,0.9698418,0.9788355,-0.00817828,0.20448501,1.0,0
1.239349365,0.02639597,0.99591506,-0.08635089,-0.20283239,0.08991997,0.97507626,0.97885776,-0.008223329,0.20437734,1.0,0
1.243774414,0.026369216,0.99589455,-0.08659447,-0.20266494,0.09015158,0.97508943,0.978893,-0.00816268,0.20421015,1.0,0
1.248168945,0.026341347,0.9958732,-0.086848184,-0.20246485,0.09039266,0.9751088,0.97893524,-0.008101973,0.2040104,1.0,0
1.252563477,0.019889303,0.99822885,-0.05606813,-0.2030454,0.058943465,0.9773937,0.97896737,-0.008055302,0.2038581,1.0,0
1.256988526,0.019881748,0.99822485,-0.056141168,-0.2029079,0.059012305,0.97741795,0.9789959,-0.00804129,0.20372099,1.0,0
1.261383057,0.019872755,0.99822026,-0.05622809,-0.20272529,0.059094086,0.9774511,0.979034,-0.008025787,0.20353882,1.0,0
1.265808106,0.028653452,0.99469733,-0.09877344,-0.20148581,0.10253316,0.97411007,0.9790722,-0.00801017,0.20335533,1.0,0
1.270202637,0.028656729,0.9947,-0.09874541,-0.2014226,0.10250586,0.97412604,0.97908515,-0.00802571,0.20329255,1.0,0
1.274627686,0.028663166,0.9947053,-0.098690316,-0.20144047,0.102453366,0.9741278,0.9790813,-0.008041365,0.20331053,1.0,0
1.279022217,0.024611251,0.9965689,-0.07902309,-0.20200612,0.08237399,0.97591394,0.97907495,-0.008055317,0.20334035,1.0,0
1.283416748,0.024610803,0.9965687,-0.07902699,-0.20199117,0.0823776,0.9759168,0.9790781,-0.008055342,0.20332544,1.0,0
1.287841797,0.024605105,0.9965649,-0.079076275,-0.2019732,0.08242455,0.97591656,0.9790819,-0.008041242,0.20330745,1.0,0
1.292236328,0.028222388,0.9949366,-0.09646173,-0.20140879,0.10018098,0.9743707,0.9791006,-0.008070831,0.20321628,1.0,0
1.296661377,0.02822685,0.9949403,-0.096420914,-0.20138013,0.10014168,0.9743806,0.97910637,-0.008086439,0.20318791,1.0,0
1.301055908,0.028231798,0.9949446,-0.09637576,-0.20136501,0.10009835,0.97438824,0.9791093,-0.008102023,0.20317297,1.0,0
1.305480957,0.029065559,0.9945369,-0.100257605,-0.20126255,0.1040686,0.9739934,0.97910607,-0.00813156,0.20318785,1.0,0
1.309875488,0.029064989,0.9945364,-0.10026256,-0.20124757,0.104073204,0.973996,0.9791091,-0.008131585,0.20317292,1.0,0
1.31427002,0.029082816,0.99455154,-0.10010744,-0.20112371,0.10392389,0.9740376,0.9791341,-0.008193773,0.20305029,2.0,0
1.318695069,0.026980052,0.9955942,-0.08980126,-0.2013726,0.09340538,0.97505105,0.9791431,-0.008223412,0.20300546,2.0,0
1.3230896,0.026984064,0.9955973,-0.08976602,-0.20132625,0.09337129,0.97506386,0.97915244,-0.008238933,0.20295939,2.0,0
1.327514649,0.026977278,0.9955921,-0.089825645,-0.20129335,0.09342803,0.97506523,0.9791594,-0.008223301,0.20292649,2.0,0
1.33190918,0.026982391,0.995596,-0.08978071,-0.20127822,0.09338493,0.9750725,0.9791624,-0.008238886,0.20291154,2.0,0
1.336334229,0.027112506,0.99554384,-0.090318434,-0.20129454,0.09393811,0.9750159,0.97915536,-0.008254518,0.20294443,2.0,0
1.34072876,0.027124532,0.99555343,-0.09020956,-0.20132425,0.093834184,0.97501993,0.979149,-0.008285583,0.20297423,2.0,0
1.345153809,0.022022532,0.99760926,-0.06550403,-0.20197451,0.068608455,0.97698474,0.97914314,-0.008285534,0.20300257,2.0,0
1.34954834,0.022032492,0.99761516,-0.065411545,-0.20195961,0.06851978,0.9769941,0.979146,-0.008315122,0.20298761,2.0,0
1.353942871,0.022042671,0.9976211,-0.065316975,-0.20193124,0.06842898,0.9770063,0.9791516,-0.008346288,0.20295921,2.0,0
1.35836792,0.022031814,0.99761474,-0.065417826,-0.2019312,0.068525545,0.9769995,0.97915184,-0.008315171,0.20295927,2.0,0
1.362762451,0.022036055,0.9976172,-0.06537843,-0.20188323,0.06848741,0.97701204,0.9791616,-0.008330681,0.20291138,2.0,0
1.3671875,0.022035021,0.9976166,-0.06538801,-0.20183988,0.06849622,0.9770204,0.97917056,-0.008330758,0.20286812,2.0,0
1.371582031,0.025014453,0.99650764,-0.07966743,-0.20147854,0.08308249,0.97596294,0.9791734,-0.008361902,0.20285314,2.0,0
1.37600708,0.025019025,0.99651057,-0.0796286,-0.2014604,0.083045244,0.9759699,0.9791771,-0.008375804,0.20283513,2.0,0
1.380401611,0.025017688,0.9965096,-0.07963991,-0.20141698,0.083055675,0.9759779,0.97918606,-0.008375881,0.20279185,2.0,0
1.384796143,0.03391773,0.9918497,-0.12281591,-0.20009555,0.12713775,0.97149265,0.9791892,-0.008375907,0.20277694,2.0,0
1.389221192,0.033929434,0.9918613,-0.12271972,-0.20009483,0.1270459,0.97150487,0.9791889,-0.008407026,0.2027769,2.0,0
1.393615723,0.03392193,0.99185383,-0.12278136,-0.20006208,0.12710446,0.9715038,0.97919583,-0.0083913915,0.20274398,2.0,0
1.398040772,0.022096397,0.9976095,-0.065474376,-0.20180184,0.068592936,0.97702146,0.9791771,-0.008375804,0.20283513,2.0,0
1.402435303,0.02209186,0.997607,-0.06551643,-0.20181681,0.068633325,0.9770157,0.97917414,-0.0083617745,0.20285006,2.0,0
1.406860352,0.02209186,0.997607,-0.06551643,-0.20181681,0.068633325,0.9770157,0.97917414,-0.0083617745,0.20285006,2.0,0
1.411254883,0.026223863,0.99598396,-0.08560525,-0.20132095,0.08914197,0.9754607,0.97917426,-0.008346217,0.20285009,2.0,0
1.415679932,0.026223863,0.99598396,-0.08560525,-0.20132095,0.08914197,0.9754607,0.97917426,-0.008346217,0.20285009,2.0,0
1.420074463,0.026236208,0.9959934,-0.08549172,-0.20138226,0.08903381,0.97545797,0.9791613,-0.008375802,0.20291132,2.0,0
1.424468994,0.019915372,0.9982982,-0.054808497,-0.20213893,0.057707686,0.9776552,0.97915435,-0.008391436,0.20294422,2.0,0
1.428894043,0.019943392,0.99831206,-0.054546196,-0.2022154,0.057457156,0.9776541,0.97913796,-0.008467658,0.20301996,2.0,0
1.433288574,0.019955048,0.9983177,-0.054437056,-0.20225891,0.05735302,0.9776511,0.9791287,-0.008498698,0.20306318,2.0,0
1.437713623,0.023097044,0.9973109,-0.069552824,-0.2019249,0.072791316,0.9766923,0.97912866,-0.008514257,0.20306316,2.0,0
1.442108154,0.023084879,0.99730307,-0.069668144,-0.20186654,0.07290128,0.97669613,0.97914094,-0.008483244,0.20300503,2.0,0
1.446533203,0.023090607,0.9973068,-0.069613844,-0.20188153,0.0728494,0.976697,0.9791378,-0.008498777,0.20301993,2.0,0
1.450927735,0.025127469,0.9965175,-0.07950808,-0.20154668,0.08294995,0.97596014,0.9791565,-0.008498818,0.20292911,2.0,0
1.455322266,0.025108162,0.99650335,-0.07969075,-0.20143732,0.08312399,0.9759679,0.97917956,-0.008452068,0.20282006,2.0,0
