time,r0,r1,r2,r3,r4,r5,r6,r7,r8,imid,cf
0.0,0.0,0.0,0.0,0.0,0.0,0.0,0.0,0.0,0.0,1.0,0
0.004394531,0.0,0.0,0.0,0.0,0.0,0.0,0.0,0.0,0.0,1.0,0
0.00881958,0.0,0.0,0.0,0.0,0.0,0.0,0.0,0.0,0.0,1.0,0
0.013214111,0.8450218,-0.040506892,0.5331954,0.53440017,0.028861385,-0.8447386,0.018828982,0.9987623,0.046035394,1.0,0
0.01763916,0.84505516,-0.040463127,0.53314584,0.53434855,0.028855514,-0.84477144,0.018797899,0.9987642,0.046005916,1.0,0
0.022033691,0.84495944,-0.040588792,0.5332882,0.53449845,0.02895216,-0.8446735,0.018844431,0.9987564,0.04615804,1.0,0
0.02645874,0.8575276,-0.039756656,0.5128994,0.51409435,0.029796127,-0.85721594,0.018797621,0.99876505,0.045989677,1.0,0
0.030853271,0.85754323,-0.039734483,0.51287514,0.514069,0.029791968,-0.8572313,0.01878208,0.998766,0.04597416,1.0,0
0.035247803,0.85749483,-0.039803423,0.51295054,0.51414514,0.029659934,-0.8571903,0.018905027,0.9987673,0.04589798,1.0,0
0.039672851,0.822486,-0.04166474,0.56725746,0.56846976,0.02698803,-0.82226145,0.018950146,0.9987671,0.04588241,1.0,0
0.044281006,0.8224935,-0.041654687,0.5672473,0.5684568,0.026865061,-0.8222745,0.019012457,0.9987709,0.045775224,1.0,0
0.048858642,0.82246244,-0.04169586,0.56728905,0.56849843,0.026761763,-0.8222488,0.01910272,0.99877185,0.045714583,1.0,0
0.053833008,0.84584093,-0.04052674,0.5318935,0.5330908,0.02839598,-0.84558135,0.019165017,0.9987748,0.045622915,1.0,0
0.05883789,0.8457646,-0.04062472,0.5320076,0.53320605,0.02822461,-0.84551454,0.01933308,0.9987757,0.04553271,1.0,0
0.063812256,0.8457129,-0.04069086,0.5320845,0.5332822,0.028035747,-0.8454726,0.019485617,0.99877834,0.045409907,1.0,0
0.068817139,0.7863807,-0.04351097,0.61620796,0.617429,0.023602236,-0.78627247,0.019667584,0.9987741,0.045425273,1.0,0
0.073791504,0.786231,-0.043695446,0.6163858,0.6176142,0.023548143,-0.7861286,0.019835496,0.9987674,0.04550121,1.0,0
0.078765869,0.7861468,-0.04379914,0.6164858,0.61771643,0.023423823,-0.7860519,0.019987948,0.9987657,0.045470014,1.0,0
0.083770752,0.8264026,-0.04221557,0.5614949,0.56271875,0.026222136,-0.82623243,0.02015628,0.9987644,0.045425538,1.0,0
0.088745117,0.82631135,-0.042333636,0.56162024,0.5628488,0.026192341,-0.8261446,0.020263556,0.99876004,0.04547047,1.0,0
0.09375,0.8261795,-0.042504106,0.5618013,0.5630374,0.026181418,-0.8260165,0.020400342,0.9987532,0.045561958,1.0,0
0.098724365,0.8032797,-0.043563586,0.5940067,0.5952504,0.024457457,-0.8031679,0.020460986,0.9987512,0.045577426,1.0,0
0.10369873,0.803214,-0.043642357,0.5940897,0.595337,0.02445326,-0.803104,0.02052192,0.99874794,0.04562311,1.0,0
0.108306885,0.8031888,-0.0436725,0.5941215,0.5953693,0.024412468,-0.80308115,0.02056859,0.9987475,0.045609087,1.0,0
0.112701416,0.80313325,-0.043739133,0.5941918,0.59544116,0.024341416,-0.80303013,0.020660372,0.99874645,0.04559348,1.0,0
0.116668701,0.80309916,-0.043779932,0.5942349,0.59548503,0.024290401,-0.8029992,0.020721044,0.9987459,0.045577895,1.0,0
0.120635986,0.80319315,-0.043667294,0.5941161,0.5953598,0.024226254,-0.8030939,0.020675732,0.99875236,0.04545611,1.0,0
0.124603271,0.8232273,-0.042838946,0.56609344,0.5673343,0.025711074,-0.8230861,0.020705268,0.99875104,0.045470055,1.0,0
0.128570556,0.82328856,-0.042756837,0.56601036,0.56724805,0.025734477,-0.82314485,0.020629087,0.9987541,0.045440633,1.0,0
0.132537842,0.8233839,-0.042629156,0.5658814,0.5671136,0.025751103,-0.82323694,0.020521829,0.99875903,0.045378618,1.0,0
0.136505127,0.8393466,-0.041792247,0.5419878,0.54321086,0.02692639,-0.8391645,0.020476796,0.9987635,0.045302577,1.0,0
0.140472412,0.8394549,-0.041652128,0.5418306,0.5430467,0.026895195,-0.8392715,0.020384809,0.99877006,0.04519636,1.0,0
0.144439697,0.83954924,-0.041530192,0.5416939,0.5429033,0.0268321,-0.83936644,0.020324264,0.99877685,0.045073748,1.0,0
0.148406982,0.8576306,-0.0404467,0.5126731,0.5138679,0.028179664,-0.8574062,0.020232294,0.9987842,0.04495201,1.0,0
0.152374267,0.8577431,-0.04029196,0.5124971,0.5136839,0.028118111,-0.8575187,0.020140655,0.9987923,0.044815447,1.0,0
0.156341553,0.8578739,-0.040111817,0.51229227,0.5134689,0.02801751,-0.8576506,0.020048771,0.99880224,0.044631664,1.0,0
0.160308838,0.83130014,-0.041349035,0.55428374,0.5554649,0.02596861,-0.83113444,0.019972628,0.99880725,0.04455564,1.0,0
0.164276123,0.83142555,-0.041203115,0.5541064,0.5552821,0.026014518,-0.83125526,0.01983549,0.99881214,0.044508487,1.0,0
0.168243408,0.8315911,-0.041010354,0.553872,0.5550382,0.025967192,-0.83141935,0.019714305,0.99882126,0.044356406,1.0,0
0.172424316,0.8093037,-0.041789304,0.585902,0.587063,0.024250016,-0.8091779,0.01960685,0.99883205,0.044158585,1.0,0
0.176605224,0.8094388,-0.04162952,0.58572674,0.5868799,0.024202548,-0.80931234,0.019515201,0.99884003,0.044022013,1.0,0
0.181030273,0.8096332,-0.04139945,0.5854743,0.5866167,0.024169128,-0.80950403,0.019362612,0.99885035,0.043853734,1.0,0
0.186248779,0.8005122,-0.04149514,0.5978781,0.59901035,0.023521796,-0.8003956,0.019149365,0.9988618,0.04368551,1.0,0
0.191467285,0.8006361,-0.041325945,0.5977241,0.59884787,0.023463145,-0.80051917,0.019057725,0.99887025,0.043533392,1.0,0
0.196716308,0.8007992,-0.041102998,0.59752095,0.598635,0.023464758,-0.80067813,0.018889584,0.9988793,0.04339625,1.0,0
0.201934814,0.84736365,-0.03883508,0.5295911,0.5306808,0.026656613,-0.8471525,0.01878213,0.99889,0.043196876,1.0,0
0.20715332,0.84747326,-0.038687006,0.52942646,0.53050727,0.026521109,-0.8472654,0.018737182,0.99889934,0.04299967,1.0,0
0.212402344,0.8474751,-0.038684428,0.52942353,0.53050524,0.026575923,-0.8472648,0.018706035,0.99889797,0.04304473,1.0,0
0.217620849,0.8112373,-0.040186454,0.5833346,0.5844203,0.02394081,-0.8110978,0.018629638,0.99890524,0.04290745,1.0,0
0.222503662,0.81127954,-0.040133607,0.5832795,0.5843627,0.023923086,-0.81114,0.018600125,0.99890786,0.042860884,1.0,0
0.226898193,0.8113116,-0.04009342,0.5832375,0.5843185,0.023897761,-0.8111725,0.018584607,0.9989101,0.042815857,1.0,0
0.231292724,0.8426722,-0.038650885,0.5370378,0.53810656,0.02605639,-0.84247386,0.018569099,0.99891293,0.042755295,1.0,0
0.235687256,0.8427379,-0.03856216,0.5369411,0.53800684,0.026097242,-0.8425364,0.018477341,0.9989154,0.042739842,1.0,0
0.240081787,0.84275335,-0.038541295,0.53691834,0.5379831,0.026092751,-0.84255165,0.018463353,0.99891627,0.04272432,1.0,0
0.244476318,0.8465403,-0.03831798,0.5309437,0.53200483,0.026334565,-0.8463316,0.018447546,0.9989185,0.042678624,1.0,0
0.248870849,0.84649193,-0.038386356,0.53101593,0.5320808,0.02638032,-0.8462825,0.018477328,0.99891466,0.04275537,1.0,0
0.253265381,0.84653795,-0.038321204,0.5309471,0.53200895,0.026368074,-0.84632796,0.018432256,0.9989175,0.04270881,1.0,0
0.257659912,0.81107295,-0.03997075,0.5835777,0.584652,0.023827435,-0.81093407,0.018508485,0.9989166,0.04269477,1.0,0
0.262054443,0.8110615,-0.0399849,0.5835926,0.5846684,0.02387231,-0.8109211,0.018492896,0.99891514,0.042739827,1.0,0
0.266448974,0.8110185,-0.040038142,0.5836488,0.58472717,0.02388781,-0.8108783,0.018523969,0.9989126,0.042784844,1.0,0
0.270843506,0.82971686,-0.039252363,0.55680245,0.5578769,0.025210902,-0.82954067,0.018523945,0.9989113,0.04281591,1.0,0
0.275238037,0.82974106,-0.039221272,0.5567688,0.5578427,0.025251467,-0.8295626,0.01847727,0.99891156,0.042831477,1.0,0
0.279632568,0.8297786,-0.039172854,0.5567163,0.5577894,0.025321025,-0.8295963,0.018401029,0.9989116,0.042861044,1.0,0
0.284027099,0.8394683,-0.038654245,0.542032,0.543099,0.026014674,-0.8392655,0.018340388,0.99891394,0.04283158,1.0,0
0.288421631,0.8394875,-0.038628075,0.5420043,0.5430695,0.025976876,-0.8392859,0.018340426,0.998916,0.04278499,1.0,0
0.292816162,0.8395647,-0.038522456,0.5418921,0.542953,0.025993785,-0.83936054,0.018248403,0.99891955,0.042739354,1.0,0
0.297210693,0.82788676,-0.038912352,0.55954385,0.56060225,0.025164627,-0.8277027,0.018127149,0.9989257,0.042647813,1.0,0
0.301605224,0.8279563,-0.03881599,0.5594477,0.5605025,0.025195003,-0.82776934,0.0180354,0.99892867,0.04261682,1.0,0
0.305999756,0.82807857,-0.038646333,0.5592783,0.56032616,0.025204886,-0.8278884,0.017898308,0.99893504,0.04252618,1.0,0
0.310394287,0.8134183,-0.039174084,0.58035845,0.5814083,0.024316723,-0.81324846,0.01774585,0.99893653,0.04255581,1.0,0
0.314788818,0.81350833,-0.03906964,0.58023936,0.58128524,0.024339307,-0.8133358,0.01765411,0.99894005,0.042510834,1.0,0
0.319183349,0.8135604,-0.039009172,0.5801705,0.5812143,0.024365328,-0.8133858,0.017593456,0.9989418,0.042495348,1.0,0
0.323577881,0.81374234,-0.038797867,0.57992953,0.5809642,0.024354171,-0.81356484,0.017440876,0.9989503,0.04235819,1.0,0
0.327972412,0.81382495,-0.038701814,0.57982,0.58085114,0.02438756,-0.8136445,0.017349124,0.9989532,0.042327195,1.0,0
0.332366943,0.8139421,-0.03856554,0.57966447,0.58069,0.024395514,-0.8137591,0.017241849,0.99895823,0.042251166,1.0,0
0.336761474,0.85486835,-0.036553588,0.5175558,0.5185604,0.027161904,-0.8546094,0.017181236,0.9989624,0.042175096,1.0,0
0.341156006,0.85501707,-0.03634161,0.51732486,0.51831967,0.027099136,-0.85475755,0.017044207,0.998972,0.042006798,1.0,0
0.345550537,0.85515505,-0.03614497,0.51711065,0.51809657,0.027062897,-0.85489386,0.016905596,0.99898,0.041869555,1.0,0
0.349945068,0.8316041,-0.037196204,0.5541218,0.55511326,0.025408544,-0.83138657,0.016844997,0.99898493,0.04177796,1.0,0
0.354339599,0.8316806,-0.037095852,0.5540139,0.5550012,0.025405422,-0.8314616,0.016768819,0.99898875,0.041717436,1.0,0
0.358734131,0.83177024,-0.03697806,0.5538871,0.55487084,0.025487185,-0.8315459,0.01663193,0.9989909,0.041717526,1.0,0
0.363128662,0.8431633,-0.036352776,0.53642714,0.53740305,0.026289057,-0.84291565,0.016540162,0.99899316,0.041702062,1.0,0
0.367523193,0.84320366,-0.03629917,0.5363674,0.5373416,0.026323892,-0.8429537,0.016479239,0.9989941,0.04170145,1.0,0
0.371917724,0.84318894,-0.03631864,0.53638905,0.537366,0.026438799,-0.84293455,0.016432755,0.9989905,0.041809313,1.0,0
0.376312256,0.82934016,-0.03698446,0.55751854,0.5585031,0.025579331,-0.8291079,0.016403157,0.99898845,0.04186991,1.0,0
0.380706787,0.82941717,-0.03688339,0.55741084,0.55839205,0.025631323,-0.8291812,0.016295835,0.99899083,0.04185445,1.0,0
0.385101318,0.8294471,-0.036844026,0.5573689,0.55834794,0.025604561,-0.8292116,0.016280308,0.99899286,0.041809414,1.0,0
0.389495849,0.8606784,-0.03522861,0.507929,0.50889033,0.027710978,-0.8603853,0.016234966,0.998995,0.04177773,1.0,0
0.393890381,0.8607139,-0.03517694,0.50787216,0.5088324,0.02777889,-0.86041725,0.016158722,0.99899495,0.041808847,1.0,0
0.398284912,0.8607597,-0.035110682,0.50779915,0.5087564,0.027765585,-0.8604626,0.016112087,0.9989976,0.04176228,1.0,0
0.402679443,0.79629445,-0.038007434,0.603714,0.604697,0.023583435,-0.79610634,0.01602031,0.9989991,0.04176234,1.0,0
0.407073974,0.7963098,-0.037989717,0.60369486,0.60467803,0.023636393,-0.7961192,0.015975175,0.9989985,0.041793436,1.0,0
0.411468506,0.7964047,-0.037880126,0.6035765,0.60455614,0.023703173,-0.79620975,0.015853852,0.99900115,0.041777987,1.0,0
0.415863037,0.81592,-0.037011538,0.5769789,0.5779499,0.025005843,-0.81568897,0.01576206,0.9990019,0.04179358,1.0,0
0.420257568,0.81602967,-0.03686836,0.576833,0.57779884,0.025053717,-0.81579465,0.0156252,0.99900603,0.04174707,1.0,0
0.424652099,0.81603557,-0.03686067,0.57682514,0.5777913,0.025097415,-0.81579864,0.015594067,0.99900526,0.04177816,1.0,0
0.429046631,0.86057127,-0.034647442,0.50815016,0.50909305,0.02808656,-0.86025304,0.015533378,0.99900484,0.04180926,1.0,0
0.433441162,0.8606124,-0.034589205,0.50808465,0.5090265,0.02817476,-0.86028963,0.015441567,0.99900436,0.041854363,1.0,0
0.437835693,0.8607008,-0.034463715,0.5079434,0.5088807,0.028217725,-0.86037445,0.015318693,0.9990075,0.041824933,1.0,0
0.442230224,0.7882524,-0.037754904,0.6141927,0.615164,0.023672774,-0.78804374,0.015212872,0.9990066,0.04188558,1.0,0
0.446624756,0.78836215,-0.037628386,0.61405957,0.61502594,0.023697212,-0.78815067,0.015105337,0.9990108,0.04182442,1.0,0
0.451019287,0.78841317,-0.037569568,0.6139977,0.6149632,0.023801766,-0.7881965,0.014997971,0.9990105,0.04186953,1.0,0
0.455413818,0.84866166,-0.034793053,0.5277906,0.5287252,0.027622955,-0.84834355,0.014937322,0.99901277,0.041838504,1.0,0
0.459808349,0.8487303,-0.034698047,0.5276865,0.5286189,0.027739257,-0.848406,0.014800398,0.9990128,0.041885186,1.0,0
0.464202881,0.84879106,-0.034613863,0.52759415,0.5285233,0.027757045,-0.8484648,0.014724189,0.99901515,0.041854165,1.0,0
0.468597412,0.8059513,-0.03654943,0.5908525,0.591801,0.025074346,-0.80569404,0.014632417,0.99901724,0.04183869,1.0,0
0.472991943,0.8059651,-0.036531407,0.59083474,0.59178215,0.025051389,-0.8057085,0.014632435,0.99901843,0.04180918,1.0,0
0.477386474,0.80591214,-0.03660032,0.5909027,0.59185386,0.025112867,-0.8056539,0.014647935,0.9990144,0.04190081,1.0,0
0.481781006,0.83109254,-0.035480164,0.55500114,0.5559411,0.026718367,-0.83079207,0.014647917,0.9990131,0.04193032,1.0,0
0.486175537,0.8310965,-0.03547487,0.55499566,0.5559366,0.026794903,-0.8307927,0.014601211,0.9990113,0.04199093,1.0,0
0.490570068,0.8310965,-0.03547487,0.55499566,0.5559366,0.026794903,-0.8307927,0.014601211,0.9990113,0.04199093,1.0,0
0.494964599,0.8222772,-0.03587126,0.56795555,0.568901,0.026286539,-0.8219857,0.014556077,0.99901056,0.042022016,1.0,0
0.499359131,0.8222772,-0.03587126,0.56795555,0.568901,0.026286539,-0.8219857,0.014556077,0.99901056,0.042022016,1.0,0
0.503753662,0.82229346,-0.035852868,0.5679332,0.5688775,0.026261996,-0.8220029,0.014556098,0.99901193,0.04199096,1.0,0
0.508148193,0.83212316,-0.035387773,0.55346066,0.5543997,0.02688542,-0.8318161,0.014556098,0.99901193,0.04199096,1.0,0
0.512542724,0.83211964,-0.035392214,0.5534657,0.5544055,0.026919678,-0.8318112,0.014540521,0.99901086,0.04202203,1.0,0
0.516937256,0.8321161,-0.03539665,0.5534707,0.55441123,0.026953936,-0.83180636,0.014524947,0.99900985,0.042053107,1.0,0
0.521331787,0.82579476,-0.03572479,0.56283814,0.5637829,0.02653451,-0.8254966,0.014556059,0.9990093,0.042053085,1.0,0
0.525726318,0.8256924,-0.035856552,0.56297976,0.5639303,0.026551258,-0.82539535,0.014648013,0.9990041,0.04214377,1.0,0
0.530120849,0.82571316,-0.035829928,0.5629512,0.5639009,0.02657008,-0.825415,0.0146169,0.9990046,0.04214379,1.0,0
0.534515381,0.82569194,-0.035857156,0.5629804,0.5639317,0.026607245,-0.8253925,0.014616871,0.9990026,0.042190384,1.0,0
0.538909912,0.82566434,-0.035892867,0.56301886,0.56397164,0.026600821,-0.8253657,0.014647976,0.99900156,0.0422059,1.0,0
0.543304443,0.82568824,-0.035862003,0.56298566,0.56393766,0.026641442,-0.8253875,0.014601296,0.99900156,0.04222146,1.0,0
0.547698974,0.8190441,-0.036181286,0.5725885,0.5735454,0.026287276,-0.8187518,0.014571701,0.9989994,0.04228205,1.0,0
0.552093506,0.81903,-0.03619884,0.5726078,0.5735658,0.026310578,-0.818737,0.014571683,0.99899817,0.04231156,1.0,0
0.556488037,0.8190438,-0.036181644,0.5725889,0.57354665,0.026341993,-0.8187492,0.01454056,0.9989979,0.04232711,1.0,0
0.560882568,0.816592,-0.036203593,0.57607883,0.5770351,0.026270123,-0.8162966,0.01441921,0.998999,0.04234272,1.0,0
0.565277099,0.8166495,-0.036131755,0.5760017,0.5769545,0.026229428,-0.816355,0.014388145,0.9990028,0.042266633,1.0,0
0.569671631,0.81676394,-0.03598896,0.57584846,0.57679594,0.026278567,-0.8164655,0.014251273,0.9990066,0.042221673,1.0,0
0.574066162,0.8526138,-0.034094162,0.52142805,0.5223492,0.02854087,-0.85225385,0.014174871,0.999011,0.0421434,1.0,0
0.578460693,0.8527367,-0.033931214,0.5212376,0.5221522,0.028555254,-0.852374,0.014038018,0.9990161,0.042067375,1.0,0
0.582855224,0.8528103,-0.033833664,0.52112365,0.5220345,0.028582651,-0.85244524,0.013946251,0.99901867,0.04203792,1.0,0
0.587249756,0.8478201,-0.033980347,0.5291943,0.53010356,0.028265798,-0.8474619,0.013838945,0.9990228,0.041977406,1.0,0
0.591644287,0.84789467,-0.033876795,0.52908134,0.5299869,0.028313765,-0.847533,0.013731418,0.99902487,0.041961346,1.0,0
0.596038818,0.8479374,-0.033817437,0.5290166,0.52991927,0.028280715,-0.8475764,0.013701895,0.9990278,0.041900788,1.0,0
0.600433349,0.7912935,-0.03643947,0.6103497,0.61128336,0.024802376,-0.79102314,0.013686339,0.9990281,0.0419008,1.0,0
0.604827881,0.7912995,-0.036432654,0.6103423,0.6112762,0.024845095,-0.79102725,0.013655208,0.9990272,0.041930325,1.0,0
0.609222412,0.7913407,-0.036385845,0.61029166,0.6112239,0.024862774,-0.7910671,0.013610102,0.9990285,0.04191482,1.0,0
0.613616943,0.79191667,-0.03636459,0.60954547,0.6104786,0.024973812,-0.79163903,0.013564953,0.99902654,0.041976977,1.0,0
0.618011474,0.79183644,-0.036461197,0.6096439,0.61058253,0.02509004,-0.79155505,0.013565053,0.99902,0.042129777,1.0,0
0.622406006,0.79170483,-0.036619715,0.6098053,0.61075145,0.025156349,-0.7914226,0.013641195,0.99901253,0.042281948,1.0,0
0.626800537,0.8234746,-0.035316825,0.56625277,0.56718713,0.027113661,-0.82314235,0.013717592,0.99900824,0.042358667,1.0,0
0.631195068,0.8233394,-0.03549169,0.56643856,0.5673806,0.027136382,-0.8230084,0.013838865,0.99900144,0.042479746,1.0,0
0.635589599,0.8232543,-0.03560154,0.56655526,0.56750214,0.027150607,-0.82292414,0.013915049,0.9989972,0.04255581,1.0,0
0.639984131,0.8110228,-0.036367882,0.583883,0.584846,0.02645366,-0.8107128,0.0140380645,0.9989883,0.042724136,1.0,0
0.644378662,0.8108328,-0.036594387,0.5841328,0.58510625,0.026510669,-0.8105233,0.014174852,0.9989785,0.042907324,1.0,0
0.648773193,0.8107414,-0.036703236,0.5842527,0.5852302,0.026466627,-0.8104352,0.014282395,0.99897563,0.04293743,1.0,0
0.653167724,0.8144763,-0.03660381,0.5790411,0.58001924,0.026669906,-0.8141662,0.014358613,0.9989739,0.042952918,1.0,0
0.657562256,0.81442785,-0.036668025,0.57910514,0.58008534,0.026622724,-0.81412065,0.014434841,0.9989729,0.042952873,1.0,0
0.661956787,0.8144196,-0.03667892,0.579116,0.58009374,0.026427865,-0.81412077,0.014556276,0.99897754,0.042800587,1.0,0
0.666351318,0.7931445,-0.037655693,0.6078682,0.6088573,0.025019502,-0.7928851,0.014648079,0.99897754,0.042771023,1.0,0
0.670745849,0.7930782,-0.037738502,0.6079497,0.6089404,0.024895202,-0.7928253,0.014785007,0.99897754,0.04272434,1.0,0
0.675140381,0.79305196,-0.03777114,0.60798174,0.6089715,0.024733413,-0.7928063,0.014907738,0.9989803,0.04261643,1.0,0
0.679534912,0.79097545,-0.03797133,0.6106686,0.61166185,0.02445798,-0.7907412,0.0150897745,0.99897945,0.042571273,1.0,0
0.683929443,0.7909139,-0.03804334,0.61074376,0.61173844,0.024343468,-0.7906856,0.015212698,0.9989796,0.042526156,1.0,0
0.688323974,0.7908991,-0.038060576,0.6107618,0.6117563,0.024290409,-0.79067326,0.01525783,0.99898016,0.042495064,1.0,0
0.692718506,0.83700544,-0.036024675,0.5460074,0.5469805,0.027174488,-0.8367042,0.015304528,0.9989814,0.042449992,1.0,0
0.697113037,0.8369688,-0.036075793,0.5460602,0.54703575,0.02719368,-0.8366675,0.015334054,0.99897903,0.042495012,1.0,0
0.701507568,0.8369426,-0.03611223,0.5460979,0.5470731,0.0270781,-0.8366467,0.015425884,0.9989808,0.04241885,1.0,0
0.705902099,0.8330632,-0.036289256,0.5519862,0.5529614,0.026721407,-0.8327782,0.015471057,0.99898404,0.04232718,1.0,0
0.710296631,0.83300585,-0.036368366,0.5520676,0.5530453,0.026667003,-0.83272433,0.015562837,0.9989826,0.04232712,1.0,0
0.714691162,0.8329987,-0.036378298,0.55207783,0.5530553,0.026624752,-0.8327191,0.015593969,0.9989834,0.04229759,1.0,0
0.719085693,0.7935803,-0.038129132,0.6072697,0.60826415,0.024035253,-0.79337066,0.015654657,0.99898374,0.042266488,1.0,0
0.723480224,0.79358274,-0.03812614,0.6072666,0.6082612,0.024057187,-0.79337215,0.01563909,0.99898326,0.042282026,1.0,0
0.727874756,0.7936222,-0.0380794,0.6072181,0.6082111,0.024074702,-0.7934102,0.01559399,0.9989847,0.042266525,1.0,0
0.732269287,0.8281671,-0.03652761,0.5592898,0.5602665,0.02632486,-0.8278941,0.015517765,0.9989859,0.042266577,1.0,0
0.736663818,0.8281837,-0.036505606,0.55926645,0.560243,0.02637779,-0.82790804,0.015471076,0.99898523,0.04229767,2.0,0
0.741058349,0.8282097,-0.036471248,0.5592301,0.56020534,0.026383124,-0.8279333,0.01544153,0.99898636,0.042282157,2.0,0
0.745452881,0.82822317,-0.03645358,0.5592115,0.56018645,0.026414268,-0.8279453,0.0154104065,0.9989862,0.04229771,2.0,0
0.749847412,0.8282425,-0.03642823,0.5591847,0.56015885,0.02643204,-0.8279635,0.015380851,0.99898666,0.04229773,2.0,0
0.754241943,0.82832235,-0.036322813,0.5590731,0.560044,0.026505904,-0.8280387,0.015257956,0.9989885,0.042297807,2.0,0
0.758636474,0.7993346,-0.037618633,0.59970754,0.6006937,0.02475891,-0.79909587,0.015212786,0.9989854,0.042387925,2.0,0
0.763031006,0.7993824,-0.037559837,0.59964734,0.6006314,0.024787083,-0.79914165,0.015152126,0.9989869,0.04237398,2.0,0
0.767425537,0.7994094,-0.037526753,0.59961355,0.60059714,0.024849687,-0.79916555,0.015089883,0.9989866,0.042403534,2.0,0
0.771820068,0.811387,-0.0369928,0.5833374,0.5843151,0.025620438,-0.8111222,0.015060325,0.998987,0.042403553,2.0,0
0.776214599,0.8113777,-0.037004553,0.58334965,0.5843278,0.025611687,-0.81111354,0.015074327,0.9989869,0.042403545,2.0,0
0.780609131,0.8114254,-0.036944248,0.5832872,0.58426315,0.025637463,-0.81115925,0.015013667,0.99898845,0.04238805,2.0,0
0.785003662,0.8445882,-0.035253704,0.53425443,0.5352075,0.027722105,-0.8442656,0.014952831,0.9989939,0.042281814,2.0,0
0.789398193,0.84461457,-0.035216507,0.53421533,0.53516555,0.02763806,-0.84429497,0.0149684455,0.9989975,0.042190168,2.0,0
0.793792724,0.84468544,-0.03511624,0.5341098,0.5350548,0.027577013,-0.8443669,0.014921843,0.9990026,0.04208302,2.0,0
0.798187256,0.7988138,-0.037133604,0.60043114,0.60139436,0.024610832,-0.7985732,0.0148767885,0.9990072,0.04199141,2.0,0
0.802581787,0.79881126,-0.037136864,0.6004343,0.60139847,0.024666613,-0.79856837,0.014845647,0.99900573,0.042038027,2.0,0
0.806976318,0.79886717,-0.03706472,0.6003643,0.6013248,0.024626551,-0.7986249,0.014815905,0.9990093,0.041961282,2.0,0
0.811370849,0.8208105,-0.03603699,0.5700627,0.57101035,0.02601425,-0.82053053,0.014739699,0.99901175,0.041930266,2.0,0
0.815765381,0.82081175,-0.036035478,0.57006097,0.5710078,0.025960479,-0.820534,0.014769283,0.9990132,0.041885205,2.0,0
0.820159912,0.82079935,-0.03605025,0.57007784,0.5710259,0.026004683,-0.82052,0.0147552565,0.9990116,0.04193026,2.0,0
0.824554443,0.8344554,-0.03543992,0.54993486,0.5508756,0.026761297,-0.83415824,0.01484553,0.9990134,0.04185409,2.0,0
0.828948974,0.83446443,-0.035427667,0.5499218,0.55086136,0.026715709,-0.83416903,0.014861114,0.9990151,0.04180904,2.0,0
0.833343506,0.83437675,-0.035546128,0.5500472,0.5509913,0.026688678,-0.83408415,0.014968424,0.9990116,0.041854016,2.0,0
0.837738037,0.81731427,-0.036387295,0.5750422,0.5759963,0.025565492,-0.8170526,0.015029093,0.99901074,0.04185398,2.0,0
0.842132568,0.81729156,-0.036416177,0.57507235,0.5760271,0.02552542,-0.817032,0.015074217,0.99901074,0.04183842,2.0,0
0.846527099,0.8172519,-0.03646693,0.5751255,0.5760809,0.025433298,-0.8169969,0.015166026,0.99901116,0.041793317,2.0,0
0.850921631,0.8263792,-0.03605876,0.5619584,0.56290936,0.025992863,-0.82610977,0.015181592,0.9990116,0.041777775,2.0,0
0.855316162,0.8263457,-0.036103435,0.5620046,0.5629576,0.02599894,-0.82607675,0.015212684,0.99900985,0.04180882,2.0,0
0.859710693,0.82631683,-0.036141995,0.5620447,0.56299883,0.025971744,-0.8260495,0.015257796,0.99900913,0.041808788,2.0,0
0.864105224,0.84025604,-0.035539832,0.5410237,0.5419728,0.026834395,-0.83996737,0.015334258,0.9990079,0.041809388,2.0,0
0.868499756,0.84026325,-0.035529755,0.5410133,0.5419635,0.026931688,-0.83997035,0.01527354,0.9990056,0.041885536,2.0,0
0.872894287,0.8402945,-0.035485707,0.5409677,0.54191685,0.026979603,-0.839999,0.015212861,0.9990059,0.041901108,2.0,0
0.877288818,0.84492475,-0.035220414,0.53372437,0.5346702,0.027320562,-0.84461915,0.015166185,0.9990061,0.041915122,2.0,0
0.881683349,0.8450281,-0.035080787,0.5335698,0.53450924,0.027286544,-0.8447219,0.015074234,0.9990119,0.041808907,2.0,0
0.886077881,0.8450601,-0.035037644,0.53352207,0.5344596,0.027278125,-0.84475374,0.015044698,0.99901366,0.04177786,2.0,0
0.890472412,0.8232279,-0.035946436,0.5665718,0.56751484,0.025875807,-0.8229564,0.0149218505,0.99901867,0.041701827,2.0,0
0.894866943,0.82330114,-0.035846114,0.56647176,0.5674106,0.025873674,-0.8230283,0.014845661,0.99902225,0.04164129,2.0,0
0.899261474,0.8232952,-0.03585437,0.56648,0.5674185,0.025830077,-0.82302433,0.014876793,0.99902314,0.041610207,2.0,0
0.903656006,0.8545193,-0.034171354,0.5182944,0.51921046,0.027878296,-0.8541916,0.014739718,0.9990271,0.041564666,2.0,0
0.908050537,0.8546016,-0.034054402,0.5181663,0.51907706,0.0278448,-0.85427374,0.014663548,0.999032,0.041473072,2.0,0
0.912445068,0.85468185,-0.03394039,0.51804143,0.51894754,0.027845755,-0.8543525,0.014571802,0.9990359,0.041412547,2.0,0
0.916839599,0.81938255,-0.03558303,0.5721416,0.5730633,0.025580268,-0.81911165,0.014510942,0.99903923,0.04135136,2.0,0
0.921234131,0.8194397,-0.03550537,0.5720645,0.5729839,0.0256363,-0.8191655,0.01441916,0.99904066,0.041351415,2.0,0
0.925628662,0.81943005,-0.035518534,0.5720776,0.57299733,0.025626808,-0.81915647,0.014434716,0.9990404,0.041351408,2.0,0
0.930023193,0.81923234,-0.035527375,0.5723601,0.57328004,0.025614556,-0.81895906,0.014434716,0.9990404,0.041351408,2.0,0
0.934417724,0.8192568,-0.035496105,0.5723272,0.5732463,0.02565423,-0.81898135,0.014388037,0.9990404,0.04136541,2.0,0
0.938812256,0.8192692,-0.035480265,0.5723105,0.57322943,0.025684645,-0.8189924,0.014358471,0.9990403,0.041380964,2.0,0
0.943206787,0.8125182,-0.035692085,0.5818422,0.5827605,0.025255416,-0.8122514,0.014296281,0.99904364,0.04132042,2.0,0
0.947601318,0.81254774,-0.035655554,0.5818031,0.5827193,0.025207952,-0.8122825,0.0142963175,0.9990462,0.041259844,2.0,0
0.951995849,0.812586,-0.035608254,0.58175254,0.58266705,0.025223892,-0.81231946,0.014251212,0.99904746,0.041244335,2.0,0
0.956390381,0.812602,-0.035588525,0.58173144,0.58264405,0.02514486,-0.8123384,0.01428237,0.99905014,0.041168205,2.0,0
0.960784912,0.812622,-0.035563778,0.58170503,0.5826158,0.025088662,-0.81236047,0.014296407,0.99905246,0.041107617,2.0,0
0.965179443,0.8126316,-0.035551913,0.58169234,0.5826016,0.02502022,-0.8123727,0.014327333,0.99905455,0.041044824,2.0,0
0.969573974,0.80943394,-0.035799358,0.58611864,0.5870338,0.024822416,-0.80918163,0.014419303,0.9990506,0.041107543,2.0,0
0.973968506,0.8094728,-0.035748664,0.58606803,0.5869817,0.02486033,-0.80921835,0.014358633,0.9990515,0.041107576,2.0,0
0.978363037,0.80939585,-0.035849057,0.5861682,0.587086,0.024860065,-0.80914277,0.014434826,0.999048,0.041168116,2.0,0
0.982757568,0.82331234,-0.0352333,0.566494,0.5674046,0.025683448,-0.8230384,0.014448843,0.99904895,0.041137036,2.0,0
0.987152099,0.823199,-0.03537861,0.5666497,0.56756634,0.025691133,-0.8229267,0.0145561285,0.99904364,0.04122862,2.0,0
0.991546631,0.8230616,-0.035554674,0.5668382,0.5677625,0.025715329,-0.8227907,0.014677622,0.99903685,0.041351903,2.0,0
0.995941162,0.82495743,-0.03550662,0.56407845,0.5650039,0.025862627,-0.8246829,0.014693152,0.9990348,0.041396942,2.0,0
1.000335693,0.82480353,-0.0357076,0.5642908,0.5652245,0.025867002,-0.82453156,0.0148455305,0.9990275,0.041518006,2.0,0
1.004730224,0.8247122,-0.035826784,0.5644167,0.5653558,0.02589425,-0.82444066,0.014921907,0.9990225,0.04161018,2.0,0
1.009124756,0.8409261,-0.035132833,0.54000837,0.54094297,0.02697194,-0.8406268,0.01496853,0.99901867,0.041686267,2.0,0
1.013519287,0.8408952,-0.035175968,0.54005355,0.5409901,0.02698013,-0.8405961,0.014998067,0.99901694,0.041717313,2.0,0
1.017913818,0.84082973,-0.03526756,0.54014957,0.5410898,0.026972635,-0.8405322,0.015074265,0.9990139,0.04176231,2.0,0
1.022308349,0.8114139,-0.036661707,0.583321,0.58427584,0.025033094,-0.8111688,0.015136506,0.9990141,0.041732755,2.0,0
1.026702881,0.8113652,-0.036721114,0.5833851,0.58434206,0.025006019,-0.8111221,0.015197167,0.9990126,0.0417467,2.0,0
1.031097412,0.8113312,-0.03676235,0.5834296,0.5843887,0.025032664,-0.81108767,0.015212694,0.9990105,0.041793287,2.0,0
1.035491943,0.8567837,-0.034519043,0.51451933,0.515452,0.027923357,-0.8564634,0.015197187,0.9990139,0.041717187,2.0,0
1.039886474,0.8567703,-0.034538385,0.51454026,0.5154732,0.027893137,-0.85645145,0.015228308,0.999014,0.04170163,2.0,0
1.044281006,0.85672605,-0.03460255,0.51460975,0.51554555,0.027905606,-0.85640764,0.015273391,0.99901146,0.04174665,2.0,0
1.048675537,0.8473368,-0.035101026,0.5298944,0.5308365,0.027314775,-0.8470339,0.015257817,0.99901044,0.041777726,2.0,0
1.053070068,0.8473304,-0.035109594,0.5299043,0.53084695,0.02732752,-0.84702706,0.015257807,0.99900985,0.04179326,2.0,0
1.057464599,0.84732646,-0.03511472,0.52991015,0.5308526,0.027305847,-0.8470241,0.015273373,0.9990102,0.041777715,2.0,0
1.061859131,0.8189853,-0.03645589,0.5726553,0.5736109,0.025423132,-0.8187334,0.015288958,0.9990119,0.04173266,2.0,0
1.066253662,0.8190264,-0.036406994,0.5725995,0.57355314,0.025439717,-0.81877303,0.015242298,0.9990131,0.041717153,2.0,0
1.070648193,0.81899834,-0.03644038,0.57263756,0.57359374,0.025508355,-0.81874263,0.01522825,0.9990102,0.041793276,2.0,0
1.075042724,0.84031576,-0.035455566,0.54093647,0.5418824,0.026852971,-0.8400252,0.015257817,0.99901044,0.041777726,2.0,0
1.079437256,0.8403447,-0.03541471,0.54089427,0.54183674,0.026736125,-0.8400584,0.015289005,0.999015,0.041656546,2.0,0
1.083831787,0.8403536,-0.035402115,0.5408812,0.54182243,0.0266891,-0.8400691,0.0153045915,0.9990167,0.041609943,2.0,0
1.088226318,0.8173307,-0.036441382,0.57501525,0.57596594,0.025193531,-0.8170854,0.015289054,0.9990182,0.04158044,2.0,0
1.092620849,0.8173164,-0.03645898,0.5750345,0.57598627,0.025216773,-0.81707036,0.015289035,0.99901694,0.04160995,2.0,0
1.097015381,0.81731325,-0.036462884,0.5750388,0.5759903,0.025194919,-0.81706816,0.015304601,0.9990173,0.041594405,2.0,0
1.101409912,0.8273662,-0.036044985,0.56050503,0.56145346,0.025831778,-0.827105,0.015334148,0.9990163,0.041609924,2.0,0
1.105804443,0.82738656,-0.036019627,0.5604765,0.56142414,0.025849644,-0.8271243,0.0153045915,0.9990167,0.041609943,2.0,0
1.110198974,0.82742965,-0.035966236,0.56041646,0.56136245,0.025887255,-0.82716495,0.015242366,0.9990176,0.041609976,2.0,0
1.114593506,0.83183545,-0.035760753,0.5538691,0.554813,0.026170377,-0.83156335,0.015242366,0.9990176,0.041609976,2.0,0
1.118988037,0.8318624,-0.035726324,0.55383074,0.5547733,0.026175546,-0.8315896,0.01521282,0.9990187,0.041594468,2.0,0
1.123382568,0.8318792,-0.035704866,0.55380684,0.5547485,0.026173595,-0.8316062,0.015197272,0.99901956,0.0415805,2.0,0
1.127777099,0.8052635,-0.03688001,0.59176886,0.5927222,0.024489988,-0.80503446,0.015197272,0.99901956,0.0415805,2.0,0
1.132171631,0.8052672,-0.03687563,0.59176433,0.59271777,0.024510685,-0.80503726,0.015181708,0.99901927,0.041594487,2.0,0
1.136566162,0.8052847,-0.03685412,0.5917418,0.59269434,0.024509698,-0.8050544,0.01516616,0.99902,0.041580513,2.0,0
1.140960693,0.7892908,-0.037451267,0.6128764,0.61383265,0.023495924,-0.7890865,0.015152189,0.9990222,0.041533925,2.0,0
1.145355224,0.789297,-0.037443973,0.61286885,0.61382425,0.023464404,-0.78909385,0.015166208,0.9990232,0.041504405,2.0,0
1.149749756,0.789297,-0.037443973,0.61286885,0.61382425,0.023464404,-0.78909385,0.015166208,0.9990232,0.041504405,2.0,0
1.154144287,0.835951,-0.035505388,0.5476544,0.5485941,0.02645662,-0.8356701,0.015181708,0.99901927,0.041594487,2.0,0
1.158538818,0.83588284,-0.035593346,0.5477526,0.54869616,0.026470989,-0.8356026,0.015242337,0.9990157,0.04165658,2.0,0
1.162933349,0.83589655,-0.035575666,0.5477329,0.5486753,0.02644588,-0.8356171,0.015242356,0.99901694,0.04162551,2.0,0
1.167327881,0.835906,-0.03556353,0.5477194,0.54866064,0.026400287,-0.8356284,0.0152579425,0.99901867,0.04158046,2.0,0
1.171722412,0.835862,-0.03562032,0.54778284,0.5487272,0.026452605,-0.835583,0.01527345,0.9990153,0.04165656,2.0,0
1.176116943,0.8358493,-0.035636656,0.547801,0.5487473,0.0265325,-0.83556706,0.015242289,0.99901253,0.04173269,2.0,0
1.180511474,0.83608836,-0.035634056,0.5474362,0.54838204,0.026505,-0.8358077,0.015273421,0.99901336,0.041701604,2.0,0
1.184906006,0.83608836,-0.035634056,0.5474362,0.54838204,0.026505,-0.8358077,0.015273421,0.99901336,0.041701604,2.0,0
1.189300537,0.83606195,-0.03566982,0.5474744,0.5484216,0.026499264,-0.83578205,0.0153045235,0.99901223,0.04171712,2.0,0
1.193695068,0.8118733,-0.03676113,0.58267516,0.5836338,0.024993567,-0.8116322,0.015273391,0.99901146,0.04174665,2.0,0
1.198089599,0.8119094,-0.036714863,0.58262765,0.58358467,0.025010748,-0.8116669,0.015228288,0.99901277,0.0417327,2.0,0
1.202484131,0.81189555,-0.03673266,0.58264595,0.5836041,0.025033865,-0.8116524,0.015228271,0.9990116,0.041762214,2.0,0
1.206878662,0.81277186,-0.036709458,0.5814244,0.58238345,0.025136007,-0.8125255,0.015212684,0.99900985,0.04180882,2.0,0
1.211273193,0.81272286,-0.036771353,0.5814888,0.58245075,0.02516542,-0.81247604,0.015242437,0.9990067,0.041870024,2.0,0
1.215667724,0.81275415,-0.036731884,0.5814477,0.5824078,0.025138486,-0.81250805,0.0152282305,0.99900895,0.04182434,2.0,0
1.220062256,0.80365735,-0.037121218,0.5939334,0.59489673,0.024525337,-0.803428,0.015257807,0.99900985,0.04179326,2.0,0
1.224456787,0.8035864,-0.03720738,0.5940239,0.5949912,0.024554815,-0.80335695,0.015304663,0.9990058,0.041869987,2.0,0
1.228851318,0.80347574,-0.03734185,0.5941652,0.5951392,0.024621818,-0.8032454,0.015365246,0.99899924,0.042006638,2.0,0
1.233245849,0.82476383,-0.036434144,0.56430244,0.5652673,0.025925074,-0.82450026,0.015410376,0.99899966,0.041977093,2.0,0
1.237640381,0.82465905,-0.036574144,0.56444657,0.56541777,0.02595374,-0.8243963,0.015502088,0.9989939,0.042082652,2.0,0
1.242034912,0.8245362,-0.036737997,0.5646152,0.5655938,0.025986917,-0.82427436,0.015609585,0.99898696,0.04220594,2.0,0
1.246429443,0.82193387,-0.03690665,0.568386,0.56936824,0.025838446,-0.8216765,0.015639111,0.99898463,0.042250965,2.0,0
1.250823974,0.82188106,-0.036973827,0.56845796,0.56944317,0.025846854,-0.8216243,0.015685748,0.99898195,0.04229753,2.0,0
1.255218506,0.8218371,-0.037029617,0.5685178,0.5695053,0.025842644,-0.82158136,0.015730841,0.99898,0.04232701,2.0,0
1.259613037,0.81760466,-0.037280425,0.57457167,0.575564,0.025600316,-0.81735575,0.015762156,0.9989768,0.04238822,2.0,0
1.264007568,0.817585,-0.037305433,0.57459813,0.5755913,0.025582068,-0.8173373,0.015791714,0.99897647,0.042388204,2.0,0
1.268402099,0.81753635,-0.03736732,0.5746634,0.57565874,0.025555886,-0.8172906,0.015853927,0.99897474,0.04240369,2.0,0
1.272796631,0.83310354,-0.036562454,0.55190754,0.5528918,0.02656024,-0.8328297,0.015791496,0.99897826,0.0423425,2.0,0
1.277191162,0.8331432,-0.036514446,0.5518508,0.5528333,0.026574789,-0.8328681,0.015746398,0.99897975,0.042326998,2.0,0
1.281585693,0.83315784,-0.0364967,0.5518298,0.5528129,0.026659742,-0.83287895,0.015685689,0.99897814,0.042387616,2.0,0
1.285980224,0.77719784,-0.038807366,0.62805855,0.629062,0.023110494,-0.7770115,0.01563903,0.9989794,0.042373665,2.0,0
1.290374756,0.7771691,-0.038839635,0.62809205,0.629097,0.02312228,-0.7769828,0.01565481,0.9989779,0.042403825,2.0,0
1.294769287,0.77713096,-0.038882382,0.6281365,0.62914366,0.023146419,-0.77694416,0.015670335,0.99897563,0.04245041,2.0,0
1.299163818,0.82016236,-0.037143096,0.5709239,0.5719162,0.02589387,-0.8199032,0.015670314,0.9989744,0.042479917,2.0,0
1.303558349,0.8201486,-0.037160326,0.57094246,0.571935,0.025862474,-0.8198911,0.015701437,0.9989746,0.042464368,2.0,0
1.307952881,0.8201656,-0.037139084,0.57091963,0.57191217,0.025915712,-0.81990546,0.01565475,0.998974,0.042495463,2.0,0
1.312347412,0.81497383,-0.037367642,0.5782917,0.5792867,0.025601346,-0.81472176,0.015639182,0.9989736,0.042511005,2.0,0
1.316741943,0.8150706,-0.037255116,0.5781625,0.5791517,0.025533136,-0.81481993,0.01559391,0.9989796,0.042387675,2.0,0
1.321136474,0.8151413,-0.03717298,0.57806814,0.57905215,0.025426134,-0.81489384,0.015593999,0.9989853,0.04225099,2.0,0
1.325531006,0.77532387,-0.038704604,0.6303768,0.6313732,0.022976197,-0.7751387,0.015517774,0.9989865,0.042251043,2.0,0
1.329925537,0.7753271,-0.038701225,0.63037306,0.6313682,0.022900939,-0.7751451,0.015562928,0.99898845,0.04219044,2.0,0
1.334320068,0.77532905,-0.038699094,0.6303707,0.63136446,0.02282463,-0.7751502,0.015609635,0.9989902,0.042129833,2.0,0
1.338714599,0.8236733,-0.036745317,0.5658728,0.56684756,0.025749464,-0.8234201,0.01568592,0.99899286,0.042038143,2.0,0
1.343109131,0.82367754,-0.036739767,0.5658669,0.5668409,0.02571492,-0.82342577,0.015701253,0.998994,0.042006414,2.0,0
1.347503662,0.82370305,-0.03670707,0.56583214,0.5668037,0.02564589,-0.82345366,0.015715303,0.9989969,0.041930296,2.0,0
1.351898193,0.8451428,-0.035704654,0.5333469,0.53430736,0.026950333,-0.8448606,0.015791578,0.99899894,0.04185414,2.0,0
1.356292724,0.8450731,-0.03579733,0.5334509,0.5344151,0.026944466,-0.8447924,0.01586777,0.9989957,0.041900683,2.0,0
1.360687256,0.845127,-0.035725646,0.53337044,0.5343304,0.02686486,-0.84484863,0.01585384,0.9990005,0.041793518,2.0,0
1.365081787,0.8105101,-0.037365865,0.58453166,0.5855085,0.024571504,-0.8102939,0.01591451,0.99899954,0.04179348,2.0,0
1.369476318,0.8105365,-0.037334,0.5844969,0.58547217,0.024557069,-0.8103204,0.015898973,0.9990011,0.041762423,2.0,0
1.373870849,0.8105512,-0.037316334,0.5844777,0.5854507,0.024457281,-0.810339,0.015944146,0.9990041,0.04167075,2.0,0
1.378265381,0.8105258,-0.037347,0.5845111,0.5854847,0.02441705,-0.8103157,0.015990824,0.999004,0.04165674,2.0,0
1.382659912,0.8105227,-0.037350632,0.58451504,0.5854884,0.02439516,-0.8103135,0.016006388,0.99900436,0.041641194,2.0,0
1.387054443,0.8105532,-0.037313957,0.5844751,0.58544624,0.024347946,-0.81034553,0.01600643,0.999007,0.04158062,2.0,0
1.391448974,0.79886144,-0.037803754,0.60032606,0.60130095,0.02355614,-0.7986754,0.016051563,0.9990075,0.041549522,2.0,0
1.395843506,0.79892987,-0.037720643,0.6002401,0.6012107,0.023505434,-0.7987446,0.01602026,0.99901175,0.04145725,2.0,0
1.400238037,0.79892987,-0.037720643,0.6002401,0.6012107,0.023505434,-0.7987446,0.01602026,0.99901175,0.04145725,2.0,0
1.404632568,0.8477757,-0.035593826,0.52915925,0.5301116,0.026644457,-0.84750926,0.01606693,0.9990111,0.04145722,2.0,0
1.409027099,0.8477718,-0.035598967,0.5291651,0.5301173,0.02662279,-0.8475063,0.016082495,0.99901146,0.04144168,2.0,0
1.413421631,0.8477667,-0.03560576,0.5291727,0.53012633,0.026691634,-0.8474985,0.016051343,0.99900943,0.04150383,2.0,0
1.417816162,0.81684315,-0.03698593,0.575673,0.5766378,0.024662402,-0.8166276,0.016006252,0.9990114,0.041472796,2.0,0
1.422210693,0.81689256,-0.036919817,0.575607,0.57656896,0.02465558,-0.8166764,0.015959615,0.999014,0.04142778,2.0,0
1.426605224,0.8169308,-0.036868688,0.5755561,0.5765165,0.024692927,-0.8167122,0.015898947,0.999015,0.04142782,2.0,0
1.430999756,0.83601415,-0.03602614,0.5475239,0.5484775,0.025953874,-0.8357624,0.015898928,0.9990137,0.041457333,2.0,0
1.435394287,0.83602107,-0.036017314,0.5475141,0.54846704,0.025941323,-0.8357697,0.015898937,0.9990144,0.0414418,2.0,0
1.439788818,0.83603513,-0.03599918,0.5474937,0.5484464,0.025972273,-0.83578223,0.015867816,0.9990142,0.04145735,2.0,0
1.444183349,0.8102244,-0.037034802,0.5849486,0.58590746,0.024311623,-0.81001323,0.01577763,0.9990182,0.041396834,2.0,0
1.448577881,0.8102156,-0.037046496,0.58496004,0.58591926,0.02430288,-0.810005,0.015791632,0.999018,0.041396827,2.0,0
1.452972412,0.8101987,-0.037068866,0.584982,0.58594215,0.024305318,-0.8099884,0.01580718,0.9990171,0.04141235,2.0,0
1.457366943,0.8152048,-0.036791254,0.57800305,0.5789587,0.024632707,-0.8149847,0.01574653,0.9990193,0.04138132,2.0,0
1.461761474,0.8152337,-0.036753297,0.5779646,0.57891905,0.024660606,-0.81501186,0.015701417,0.99902,0.041381348,2.0,0
1.466156006,0.81521827,-0.036773622,0.57798517,0.57893974,0.02460948,-0.81499887,0.01574655,0.9990206,0.04135181,2.0,0
1.470550537,0.8298799,-0.03613882,0.55677056,0.55772036,0.025595888,-0.82963425,0.015730964,0.99901897,0.041396867,2.0,0
1.474945068,0.82986444,-0.03616037,0.55679214,0.5577437,0.025653873,-0.82961667,0.015715368,0.99901664,0.041457452,2.0,0
