Time,Rot1,Rot2,Rot3,Rot4,Rot5,Rot6,Rot7,Rot8,Rot9,FRot1,FRot2,FRot3,FRot4,FRot5,FRot6,FRot7,FRot8,FRot9,AccX,AccY,AccZ,GravX,GravY,GravZ,GyroX,GyroY,GyroZ,MagX,MagY,MagZ,Imid
0.0,0.0,0.0,0.0,0.0,0.0,0.0,0.0,0.0,0.0,0.0,0.0,0.0,0.0,0.0,0.0,0.0,0.0,0.0,0.0,0.0,0.0,0.21104425,9.7721195,-0.79468536,0.0,0.0,0.0,0.0,0.0,0.0,0,0.0,0.0,0.0,0.0
0.008300781,0.93758416,0.007642135,0.3476743,0.34707046,-0.08341161,-0.93412226,0.02186139,0.9964858,-0.080857776,1.0,0.0,0.0,0.0,1.0,0.0,0.0,0.0,1.0,0.38523865,10.019943,-0.65802,0.214387,9.772188,-0.7929439,0.0040130615,-0.08253479,0.002090454,6.7199707,-35.639954,-17.338562,0,0.0,0.0,0.0,0.0
0.016601562,0.9374129,0.0073825805,0.34814146,0.34752077,-0.083147645,-0.93397844,0.022051977,0.99650985,-0.08050928,0.9963831,0.060939718,-0.059221737,-0.062572844,0.9976985,-0.026123134,0.0574935,0.029734321,0.997903,0.35533142,10.040283,-0.5252228,0.21625602,9.772424,-0.7895264,0.0055389404,-0.095062256,-0.004928589,6.7199707,-35.639954,-17.338562,0,0.0,0.0,0.0,0.0
0.024902344,0.9461356,0.0053607174,0.3237265,0.32303524,-0.08299396,-0.9427409,0.021813573,0.99653566,-0.08025523,0.96727806,0.17784436,-0.18095426,-0.19044316,0.9801747,-0.054671057,0.16764386,0.08734362,0.9819708,0.13400269,10.016357,-0.58384705,0.21391809,9.772676,-0.787035,0.009063721,-0.08528137,-0.018676758,6.239319,-35.998535,-17.63916,0,0.0,0.0,0.0,0.0
0.033203125,0.94625133,0.005548288,0.32338464,0.32271597,-0.082701445,-0.9428758,0.02151303,0.9965589,-0.08004687,0.9094614,0.2870507,-0.30080196,-0.31618688,0.9472701,-0.05201169,0.27001074,0.14241228,0.9522673,0.13400269,10.016357,-0.58384705,0.21097076,9.772904,-0.7849917,0.018676758,-0.06802368,-0.018981934,6.239319,-35.998535,-17.63916,0,0.0,0.0,0.0,0.0
0.041503906,0.95082605,0.00464681,0.3096905,0.30899745,-0.08274313,-0.94745666,0.021222113,0.99656004,-0.08011018,0.87056214,0.33781952,-0.3577702,-0.37563002,0.92591745,-0.039735787,0.31784216,0.16898169,0.9329639,0.14117432,10.015152,-0.7405853,0.20811783,9.772916,-0.7856125,0.018676758,-0.04496765,-0.013931274,6.059265,-36.299133,-18.058777,0,0.0,0.0,0.0,0.0
0.049804687,0.9509479,0.0048548807,0.30931318,0.30863792,-0.08275346,-0.94757295,0.020996377,0.9965582,-0.08019262,0.7748527,0.43145636,-0.46200508,-0.48436394,0.8748542,0.0046551228,0.4061956,0.22017159,0.8868651,0.1531372,10.019943,-0.7621155,0.20590413,9.772898,-0.78642094,0.011657715,-0.048477173,-0.0067596436,6.059265,-36.299133,-18.058777,0,0.0,0.0,0.0,0.0
0.058105469,0.94942635,0.0054237624,0.31394264,0.3132988,-0.0826465,-0.94605136,0.020815102,0.99656415,-0.080166034,0.6594147,0.51336616,-0.54920626,-0.5750571,0.8149954,0.07135753,0.4842331,0.26877072,0.8326348,0.13877869,10.019943,-0.7046814,0.20412643,9.772956,-0.7861603,0.009811401,-0.05366516,0.0013275146,6.1798096,-36.479187,-18.058777,0,0.0,0.0,0.0,0.0
0.06640625,0.94948065,0.005514863,0.31377718,0.31314287,-0.082568064,-0.94611,0.020690307,0.99657017,-0.080123715,0.5959746,0.54975724,-0.5853043,-0.6124969,0.7825848,0.11139345,0.5192897,0.29210946,0.8031253,0.14356995,10.02713,-0.73698425,0.2029026,9.773015,-0.78574526,0.009811401,-0.05734253,0.0068359375,6.1798096,-36.479187,-18.058777,0,0.0,0.0,0.0,0.0
0.074707031,0.9487172,0.0057585733,0.31607354,0.31545162,-0.08251774,-0.9453471,0.020637825,0.996573,-0.080102555,0.4609114,0.6136648,-0.6410742,-0.6704188,0.7140855,0.20154524,0.58146304,0.3368937,0.7405426,0.15672302,10.000809,-0.72143555,0.20238793,9.773043,-0.7855377,0.014862061,-0.06237793,0.011108398,6.239319,-36.71875,-18.058777,0,0.0,0.0,0.0,0.0
0.083007812,0.9487254,0.0057722568,0.31604853,0.31542814,-0.08249962,-0.94535637,0.020617051,0.99657434,-0.08009023,0.39065745,0.64123625,-0.66045654,-0.6906234,0.6785273,0.25027996,0.60862637,0.35835302,0.7079245,0.15672302,10.000809,-0.72143555,0.2021842,9.773056,-0.7854169,0.007369995,-0.055343628,0.012634277,6.239319,-36.71875,-18.058777,0,0.0,0.0,0.0,0.0
0.091308594,0.9578349,0.003280759,0.28730035,0.28657943,-0.08261207,-0.95448804,0.02060303,0.99657637,-0.08006892,0.24782637,0.6880188,-0.68206465,-0.7135078,0.60586435,0.3519022,0.655354,0.39944777,0.64105594,0.14955139,9.988831,-0.7310028,0.20204672,9.773076,-0.7852079,0.004776001,-0.04725647,0.014160156,5.5786133,-36.71875,-18.179321,0,0.0,0.0,0.0,0.0
0.099609375,0.9577881,0.0031957447,0.28745767,0.2867306,-0.0825541,-0.95444775,0.020680634,0.99658144,-0.07998563,0.10492417,0.7248596,-0.6808594,-0.71382403,0.5315833,0.4559325,0.69242054,0.43817547,0.57319814,0.20458984,10.00679,-0.72143555,0.20280775,9.773126,-0.78439116,-0.003768921,-0.04084778,0.014312744,5.5786133,-36.71875,-18.179321,0,0.0,0.0,0.0,0.0
0.107910156,0.95890707,0.0027597994,0.2837068,0.28295967,-0.08247103,-0.9555795,0.020760385,0.9965896,-0.07986297,0.035102308,0.73949385,-0.6722474,-0.70581436,0.49456385,0.5071811,0.70752656,0.4566787,0.5393057,0.20458984,10.00679,-0.72143555,0.20358984,9.773206,-0.78318816,-0.006362915,-0.045578003,0.011871338,5.519104,-36.419678,-18.299866,0,0.0,0.0,0.0,0.0
0.116210937,0.9588377,0.0026307434,0.28394273,0.2831877,-0.08231657,-0.95552534,0.020859448,0.9966027,-0.079673216,-0.09912756,0.7618081,-0.64017344,-0.67474955,0.4213831,0.6059284,0.73135954,0.492021,0.472259,0.23091125,10.017548,-0.72143555,0.20456131,9.7733345,-0.78132737,-0.015075684,-0.034423828,0.008514404,5.519104,-36.419678,-18.299866,0,0.0,0.0,0.0,0.0
0.124511719,0.9611159,0.0016993366,0.27614018,0.2753463,-0.08191675,-0.95784867,0.0209928,0.99663776,-0.079199396,-0.22351143,0.7755066,-0.59045076,-0.62569237,0.3503285,0.6969785,0.74736315,0.5252232,0.4069261,0.27397156,10.011566,-0.5276184,0.20586905,9.773678,-0.77668077,-0.016143799,-0.022216797,0.0031738281,5.3390503,-36.299133,-18.359375,0,0.0,0.0,0.0,0.0
0.1328125,0.961008,0.0014931402,0.2765165,0.27571416,-0.08148628,-0.9577795,0.021102203,0.99667335,-0.078720644,-0.28136992,0.7794832,-0.5596757,-0.5952436,0.31569517,0.7389328,0.7526726,0.5410568,0.3751552,0.27397156,10.011566,-0.5276184,0.20694192,9.774027,-0.7719858,-0.010025024,-0.014266968,7.171631E-4,5.3390503,-36.299133,-18.359375,0,0.0,0.0,0.0,0.0
0.141113281,0.9666181,-2.8059605E-4,0.2562216,0.25535613,-0.08107485,-0.9634419,0.02104346,0.996708,-0.07829675,-0.3870864,0.7821283,-0.48830274,-0.52434,0.24889776,0.81432027,0.7584403,0.57124895,0.31375617,0.16870117,10.039093,-0.5539398,0.20636585,9.774366,-0.7678288,-0.010803223,-0.0077056885,7.171631E-4,4.9194336,-36.479187,-18.598938,0,0.0,0.0,0.0,0.0
0.149414062,0.9666415,-2.3243685E-4,0.25613332,0.25527832,-0.080770716,-0.96348804,0.020912018,0.99673265,-0.07801698,-0.47887385,0.77860796,-0.40552375,-0.4420552,0.18522933,0.8776545,0.7584637,0.59954965,0.25548622,0.11366272,10.00798,-0.6089783,0.20507684,9.774609,-0.7650852,0.0066070557,0.0019226074,0.0066833496,4.9194336,-36.479187,-18.598938,0,0.0,0.0,0.0,0.0
0.157714844,0.9629663,9.4091764E-4,0.26962006,0.26881725,-0.08054056,-0.9598179,0.020812241,0.99675083,-0.07781078,-0.51912475,0.7747218,-0.36099267,-0.39763156,0.15495758,0.9043657,0.75657034,0.61302066,0.22761151,0.11366272,10.00798,-0.6089783,0.20409837,9.774787,-0.76306313,0.0066070557,0.005584717,0.0069885254,5.1589966,-36.05957,-18.299866,0,0.0,0.0,0.0,0.0
0.166015625,0.9629223,8.5465633E-4,0.2697776,0.26897097,-0.08037809,-0.9597885,0.020863922,0.99676406,-0.07762774,-0.5880192,0.7632072,-0.26785854,-0.30427495,0.09811397,0.94751805,0.7494332,0.63866144,0.17453194,0.18066406,10.012772,-0.63409424,0.20460519,9.774917,-0.7612681,0.017608643,0.0048217773,0.002090454,5.1589966,-36.05957,-18.299866,0,0.0,0.0,0.0,0.0
0.174316406,0.9548642,0.0030809725,0.29702684,0.29630482,-0.0803217,-0.9517099,0.020925507,0.9967642,-0.07760921,-0.6419128,0.7475428,-0.17066845,-0.20667416,0.045662887,0.9773437,0.7383995,0.6626422,0.12518619,0.22732544,10.010376,-0.6652069,0.20520914,9.774918,-0.7610864,0.01638794,0.017181396,0.0065307617,5.6396484,-35.699463,-17.759705,0,0.0,0.0,0.0,0.0
0.182617187,0.95482886,0.0030185985,0.29714105,0.2964137,-0.080327995,-0.95167553,0.020996014,0.9967639,-0.077594236,-0.66328555,0.73838353,-0.12182781,-0.15738268,0.02152176,0.98730314,0.7316303,0.6740375,0.1019337,0.22732544,10.010376,-0.6652069,0.20590056,9.774915,-0.76093954,0.02218628,0.022842407,0.007446289,5.6396484,-35.699463,-17.759705,0,0.0,0.0,0.0,0.0
0.190917969,0.95663184,0.0025116066,0.29128894,0.2905398,-0.08041117,-0.9534782,0.02102812,0.99675864,-0.07765361,-0.6956857,0.7179524,-0.023789052,-0.058387574,-0.023507852,0.9980172,0.71596956,0.6956952,0.058273572,0.20578003,9.999603,-0.7046814,0.20621543,9.774863,-0.76152176,0.018676758,0.01763916,-0.0017242432,5.519104,-35.51941,-17.819214,0,0.0,0.0,0.0,0.0
0.19921875,0.95662457,0.0024985694,0.29131266,0.29056,-0.0805264,-0.95346236,0.021076072,0.9967494,-0.07775953,-0.71503836,0.69520885,0.073517844,0.0398854,-0.06442224,0.9971254,0.69794655,0.7159151,0.018335685,0.23330688,10.00679,-0.7417755,0.20668566,9.774773,-0.7625605,0.008590698,-0.001449585,0.0042266846,5.519104,-35.51941,-17.819214,0,0.0,0.0,0.0,0.0
0.207519531,0.9583768,0.0019662173,0.28549963,0.28472304,-0.08060724,-0.9552148,0.021135181,0.996744,-0.07781194,-0.7201304,0.68314856,0.12132762,0.08820457,-0.08330915,0.9926125,0.6882095,0.725512,-2.633816E-4,0.23330688,10.00679,-0.7417755,0.20726535,9.77472,-0.7630746,0.0066070557,-0.009231567,0.0045318604,5.3985596,-35.339355,-17.878723,0,0.0,0.0,0.0,0.0
0.215820312,0.9577427,0.002109323,0.28761855,0.28684792,-0.080520995,-0.9545861,0.021145802,0.99675065,-0.07772346,-0.7218154,0.6579396,0.21470472,0.18257338,-0.118217915,0.9760592,0.66756994,0.7437338,-0.03479074,0.22253418,10.016357,-0.69869995,0.20736949,9.774785,-0.7622068,-0.0030059814,-0.0049591064,-0.0021820068,5.519104,-35.21881,-18.119812,0,0.0,0.0,0.0,0.0
0.224121094,0.957697,0.002023436,0.28777155,0.28699914,-0.08026823,-0.954562,0.021167414,0.9967713,-0.07745336,-0.71320957,0.6316913,0.3038064,0.27273744,-0.14917831,0.95045257,0.6457139,0.7607312,-0.065890454,0.25004578,10.00679,-0.5934143,0.20758143,9.774987,-0.759558,-0.002090454,-0.004348755,-0.0069122314,5.519104,-35.21881,-18.119812,0,0.0,0.0,0.0,0.0
0.232421875,0.9576567,0.0019479995,0.2879059,0.2871326,-0.080015,-0.95454305,0.021177342,0.9967918,-0.07718625,-0.70542896,0.6182969,0.34652388,0.31599176,-0.16327716,0.93460673,0.63444394,0.7687974,-0.0801963,0.25004578,10.00679,-0.5934143,0.20767878,9.7751875,-0.75693846,-0.0034637451,-0.016723633,-0.00843811,5.519104,-35.21881,-18.119812,0,0.0,0.0,0.0,0.0
0.240722656,0.9587728,0.0016350246,0.28416923,0.283389,-0.07977365,-0.9556813,0.021106655,0.9968116,-0.07694815,-0.6836712,0.5911903,0.42788768,0.39843747,-0.18885158,0.8975426,0.6114257,0.7841104,-0.10643997,0.22492981,10.02713,-0.6017914,0.20698558,9.775383,-0.7546036,-7.171631E-4,-0.015335083,-0.006149292,5.519104,-35.1593,-18.418884,0,0.0,0.0,0.0,0.0
0.249023437,0.9650198,-2.1633545E-4,0.26217648,0.26132834,-0.0795823,-0.96196353,0.02107272,0.99682826,-0.07674198,-0.6545586,0.5638954,0.5035624,0.47518694,-0.21118723,0.85416466,0.5880055,0.7983871,-0.12972131,0.18544006,10.018753,-0.66041565,0.20665279,9.775546,-0.7525817,0.013183594,-0.02053833,-0.00340271,5.1589966,-35.51941,-19.018555,0,0.0,0.0,0.0,0.0
0.257324219,0.9650445,-1.6435294E-4,0.2620861,0.26124403,-0.07949671,-0.96199375,0.02099309,0.9968352,-0.07667492,-0.6373887,0.55016935,0.53948987,0.51156795,-0.22143608,0.8302194,0.5762238,0.8051582,-0.14030816,0.18544006,10.018753,-0.66041565,0.20587188,9.775614,-0.75192416,0.011810303,-0.025115967,-0.008743286,5.1589966,-35.51941,-19.018555,0,0.0,0.0,0.0,0.0
0.265625,0.965077,-9.5498275E-5,0.26196632,0.26113147,-0.079422005,-0.96203035,0.020897765,0.9968411,-0.07662342,-0.59888995,0.52290195,0.60655123,0.5795751,-0.23967531,0.7788763,0.5526513,0.81800324,-0.15952183,0.15434265,10.02832,-0.71784973,0.20493707,9.775672,-0.75141907,0.0107421875,-0.015792847,7.171631E-4,5.1589966,-35.51941,-19.018555,0,0.0,0.0,0.0,0.0
0.273925781,0.97092825,-0.0018492874,0.23936325,0.2384654,-0.07939945,-0.96789974,0.02079524,0.9968412,-0.076650195,-0.5778247,0.5094143,0.6376642,0.6111778,-0.2477268,0.75172675,0.5409069,0.8240925,-0.16820008,0.15434265,10.02832,-0.71784973,0.20393163,9.775672,-0.7516816,0.014404297,-0.015792847,0.0053100586,4.73938,-35.57892,-19.499207,0,0.0,0.0,0.0,0.0
0.282226562,0.970941,-0.0018195232,0.23931204,0.238415,-0.07947607,-0.9679058,0.020780709,0.99683505,-0.07673278,-0.53206354,0.48260748,0.69569993,0.67007065,-0.26228958,0.69441307,0.5176038,0.83563995,-0.18382639,0.18424988,10.000809,-0.7537384,0.20378914,9.775613,-0.7524915,0.006454468,-0.012283325,7.171631E-4,4.73938,-35.57892,-19.499207,0,0.0,0.0,0.0,0.0
0.290527344,0.9794507,-0.004901485,0.20162383,0.20061056,-0.079300284,-0.9764562,0.020774916,0.99683875,-0.07668744,-0.48297915,0.45644704,0.7472532,0.7225149,-0.27436724,0.63458246,0.49467507,0.8463916,-0.19727613,0.20578003,10.025925,-0.69511414,0.20373233,9.775648,-0.7520469,-0.0011749268,-0.016555786,-1.9836426E-4,4.019165,-35.998535,-20.399475,0,0.0,0.0,0.0,0.0
0.298828125,0.9794473,-0.004911151,0.20164022,0.20062843,-0.07919145,-0.9764614,0.020763732,0.99684733,-0.07657854,-0.45688418,0.44342864,0.77112114,0.74672127,-0.2798944,0.60337913,0.4833881,0.851487,-0.20323826,0.20578003,10.025925,-0.69511414,0.20362265,9.775733,-0.75097895,-0.0042266846,-0.013198853,4.119873E-4,4.019165,-35.998535,-20.399475,0,0.0,0.0,0.0,0.0
0.307128906,0.9847891,-0.0071573765,0.17360662,0.17251484,-0.078842856,-0.9818464,0.020715086,0.99686134,-0.076408826,-0.40317267,0.41800144,0.8140801,0.79039156,-0.28930134,0.53998697,0.4612298,0.8611501,-0.21374643,0.17347717,10.017548,-0.66041565,0.20314561,9.77587,-0.74931467,-4.119873E-4,-0.0061798096,0.0028686523,3.479004,-36.479187,-21.238708,0,0.0,0.0,0.0,0.0
0.315429687,0.9847775,-0.0071955062,0.17367022,0.17257833,-0.07869863,-0.9818468,0.020732496,0.9968725,-0.07625886,-0.34710264,0.39312625,0.8514525,0.82836854,-0.2971371,0.47488418,0.43968758,0.87015015,-0.22251634,0.21296692,10.003189,-0.6616211,0.20331632,9.775979,-0.7478439,0.0050811768,-0.016860962,0.0011749268,3.479004,-36.479187,-21.238708,0,0.0,0.0,0.0,0.0
0.323730469,0.98599637,-0.007794638,0.16658425,0.16547152,-0.07851637,-0.983084,0.020742377,0.9968823,-0.076127075,-0.31872967,0.38103923,0.8678827,0.84511757,-0.3003433,0.4422332,0.429171,0.8744158,-0.22629462,0.21296692,10.003189,-0.6616211,0.20341325,9.776076,-0.7465516,-0.003921509,-0.014572144,-6.5612793E-4,3.2989502,-36.59973,-21.238708,0,0.0,0.0,0.0,0.0
0.33203125,0.9873107,-0.00844176,0.15857613,0.15744266,-0.07827918,-0.9844208,0.020723453,0.99689573,-0.07595678,-0.23276216,0.34613678,0.90885156,0.8870479,-0.30756205,0.34431332,0.39870778,0.88633794,-0.23545109,0.1986084,10.022339,-0.64486694,0.20322765,9.776208,-0.7448816,0.0024871826,-0.039779663,-0.0014190674,3.1799316,-37.1994,-21.77887,0,0.0,0.0,0.0,0.0
0.340332031,0.98731184,-0.008437449,0.15856893,0.15743935,-0.07810824,-0.9844348,0.020691661,0.99690914,-0.07578881,-0.20401639,0.33496508,0.9198781,0.8983942,-0.30924347,0.31185967,0.38892838,0.8900376,-0.23783994,0.1986084,10.022339,-0.64486694,0.20291588,9.77634,-0.7432344,0.0014190674,-0.04878235,-0.0024871826,3.1799316,-37.1994,-21.77887,0,0.0,0.0,0.0,0.0
0.348632812,0.9873151,-0.0084254835,0.15854898,0.1574226,-0.07799997,-0.98444605,0.020661252,0.9969177,-0.0756842,-0.1753943,0.32405415,0.92963743,0.9084809,-0.31056762,0.27966076,0.37934053,0.89360875,-0.23992524,0.21894836,10.022339,-0.68434143,0.20261766,9.776423,-0.7422084,-0.0071258545,-0.049850464,-0.004928589,3.1799316,-37.1994,-21.77887,0,0.0,0.0,0.0,0.0
0.356933594,0.9889754,-0.00926245,0.1477903,0.14663754,-0.0777201,-0.9861323,0.020620275,0.99693215,-0.07550503,-0.118715614,0.30302775,0.9455584,0.92507684,-0.31223038,0.21620613,0.36074853,0.90038127,-0.24325733,0.22851563,10.003189,-0.6412811,0.20221585,9.776566,-0.7404515,-0.0011749268,-0.044662476,-0.0037078857,2.9388428,-37.55951,-22.019958,0,0.0,0.0,0.0,0.0
0.365234375,0.98900574,-0.0091451,0.14759418,0.14645214,-0.07765716,-0.98616487,0.020480322,0.99693817,-0.07546406,-0.06267178,0.28292614,0.957092,0.93726367,-0.3128365,0.15385106,0.3429418,0.90668964,-0.24557038,0.15672302,10.016357,-0.727417,0.20084335,9.776624,-0.74004966,0.0043182373,-0.03993225,-0.0041656494,2.9388428,-37.55951,-22.019958,0,0.0,0.0,0.0,0.0
0.373535156,0.9907585,-0.010003603,0.13526857,0.13410021,-0.07750126,-0.9879325,0.020366369,0.99694204,-0.07544354,-0.035129875,0.27328297,0.96129197,0.9418024,-0.31272954,0.123322606,0.3343264,0.9096794,-0.24639241,0.15672302,10.016357,-0.727417,0.19972585,9.776662,-0.73984843,-0.004837036,-0.04374695,0.0040893555,2.6397705,-37.919617,-22.138977,0,0.0,0.0,0.0,0.0
0.381835937,0.99077785,-0.009922551,0.13513206,0.13397203,-0.07741198,-0.9879568,0.020263894,0.9969498,-0.07536874,0.019302875,0.25464764,0.9668412,0.9480041,-0.31191447,0.06322557,0.31767204,0.91534907,-0.24742787,0.14715576,10.013962,-0.71784973,0.19872092,9.776738,-0.7391149,-0.008346558,-0.049240112,0.0013275146,2.6397705,-37.919617,-22.138977,0,0.0,0.0,0.0,0.0
0.390136719,0.9918566,-0.010590361,0.1269191,0.12574033,-0.07700496,-0.98907006,0.020248009,0.9969744,-0.075046234,0.07206753,0.2370634,0.9688175,0.95064807,-0.31022784,0.005194813,0.30178565,0.92063004,-0.24772121,0.23808289,10.005585,-0.5922241,0.19856514,9.776979,-0.73595214,-0.009887695,-0.039474487,-0.001876831,2.3986816,-37.799072,-21.899414,0,0.0,0.0,0.0,0.0
0.3984375,0.9918547,-0.010597993,0.12693207,0.12575914,-0.07668736,-0.9890923,0.02021648,0.99699885,-0.074729934,0.09792736,0.22859357,0.9685841,0.9507351,-0.30913785,-0.023163736,0.29413092,0.9231353,-0.24760498,0.20698547,10.016357,-0.56829834,0.19825596,9.777219,-0.7328503,-0.0013275146,-0.03656006,-0.0037078857,2.3986816,-37.799072,-21.899414,0,0.0,0.0,0.0,0.0
0.406738281,0.99048626,-0.0097172065,0.1372683,0.13613363,-0.07662362,-0.9877229,0.020115899,0.99701273,-0.0745718,0.14819932,0.21239062,0.96588147,0.94867283,-0.30644503,-0.07817373,0.27938625,0.92789096,-0.24690416,0.1603241,10.00798,-0.6508484,0.19726959,9.777355,-0.7312996,4.5776367E-5,-0.026489258,-9.613037E-4,2.6397705,-37.739563,-21.71936,0,0.0,0.0,0.0,0.0
0.415039062,0.9904991,-0.009665254,0.13717957,0.13605304,-0.07642239,-0.98774964,0.02003044,0.9970287,-0.074381314,0.19607541,0.19729297,0.96053624,0.9439988,-0.30306622,-0.1304501,0.2653692,0.9323231,-0.24566813,0.17108154,10.025925,-0.6017914,0.19643152,9.777512,-0.7294315,-0.0030059814,-0.025115967,0.0011749268,2.6397705,-37.739563,-21.71936,0,0.0,0.0,0.0,0.0
0.423339844,0.9877494,-0.0082016215,0.15583315,0.15476418,-0.076386884,-0.984994,0.019982155,0.9970445,-0.07418177,0.219251,0.19009486,0.9569707,0.9407664,-0.30118582,-0.15571028,0.25862628,0.93442553,-0.24487017,0.17108154,10.025925,-0.6017914,0.19595799,9.777666,-0.72747463,0.0037078857,-0.023284912,0.010192871,3.0593872,-37.379456,-21.359253,0,0.0,0.0,0.0,0.0
0.431640625,0.98774314,-0.008224084,0.15587159,0.15480325,-0.076266795,-0.9849972,0.019988524,0.99705356,-0.07405888,0.26335046,0.17659384,0.94839925,0.93289685,-0.2969671,-0.2037499,0.24566239,0.9384163,-0.24295026,0.19023132,10.022339,-0.6305084,0.19602045,9.777756,-0.72626954,0.009811401,-0.011672974,0.002243042,3.0593872,-37.379456,-21.359253,0,0.0,0.0,0.0,0.0
0.439941406,0.98551583,-0.007178298,0.16943169,0.16840154,-0.07633877,-0.98275805,0.019988732,0.9970561,-0.074024215,0.30540922,0.16393928,0.9380027,0.92317843,-0.29240888,-0.24947682,0.23338129,0.9421364,-0.2406496,0.19023132,9.992432,-0.6687927,0.19602251,9.777781,-0.7259296,0.005996704,-0.009231567,0.0037841797,3.2989502,-37.078857,-20.759583,0,0.0,0.0,0.0,0.0
0.448242187,0.98551357,-0.007185915,0.16944492,0.16841502,-0.07629533,-0.9827592,0.019989876,0.99705935,-0.073979855,0.3254219,0.15799853,0.9322752,0.91779613,-0.2899797,-0.2712231,0.22748804,0.9439005,-0.2393762,0.19023132,9.992432,-0.6687927,0.19603372,9.777812,-0.72549456,0.0069122314,-0.010299683,0.006378174,3.2989502,-37.078857,-20.759583,0,0.0,0.0,0.0,0.0
0.456542969,0.9817088,-0.005559297,0.19030772,0.18933779,-0.076382205,-0.9789367,0.01997832,0.9970631,-0.073932484,0.36395624,0.14669514,0.9197915,0.9059814,-0.28495783,-0.3130445,0.21617967,0.94724846,-0.23661523,0.16989136,10.016357,-0.653244,0.1959204,9.777849,-0.72503,0.007522583,-0.01777649,0.0045318604,3.8391113,-36.779785,-20.878601,0,0.0,0.0,0.0,0.0
0.46484375,0.98169404,-0.005603281,0.19038251,0.1894108,-0.07629925,-0.97892904,0.020011256,0.99706924,-0.07384119,0.3997779,0.13636604,0.9064115,0.89328265,-0.27964482,-0.35191584,0.20548391,0.95036995,-0.23360923,0.2033844,10.02832,-0.624527,0.19624336,9.777908,-0.7241347,0.0029449463,-0.01763916,0.0016326904,3.8391113,-36.779785,-20.878601,0,0.0,0.0,0.0,0.0
0.473144531,0.9831493,-0.006276446,0.18269673,0.18169978,-0.076155595,-0.9804007,0.020066809,0.99707615,-0.07373189,0.4169848,0.13145506,0.89935714,0.88655484,-0.2769459,-0.37056908,0.20036007,0.9518511,-0.23202436,0.22970581,10.021133,-0.63290405,0.19678819,9.777978,-0.72306293,0.008148193,-0.013046265,0.002090454,3.6590576,-36.358643,-20.939636,0,0.0,0.0,0.0,0.0
0.481445312,0.98314244,-0.006297911,0.1827328,0.18173563,-0.07608241,-0.9803996,0.020077221,0.9970816,-0.073655285,0.45029664,0.12202708,0.88450116,0.8723104,-0.27152625,-0.40663022,0.19054537,0.95466375,-0.22871284,0.20698547,10.004395,-0.6520386,0.19689028,9.77803,-0.7223116,0.004623413,8.392334E-4,-6.5612793E-4,3.6590576,-36.358643,-20.939636,0,0.0,0.0,0.0,0.0
0.489746094,0.9824219,-0.0060419547,0.18657637,0.18558855,-0.07602298,-0.9796824,0.020103287,0.99708784,-0.07356532,0.481804,0.11322533,0.86893326,0.85732365,-0.26604474,-0.44070002,0.18127671,0.95728797,-0.22525215,0.22253418,10.010376,-0.6400757,0.19714591,9.778091,-0.72142935,0.005996704,0.0031433105,7.171631E-4,3.718567,-36.419678,-20.759583,0,0.0,0.0,0.0,0.0
0.498046875,0.98240817,-0.0060835998,0.18664698,0.18565743,-0.07594676,-0.9796751,0.020135188,0.9970933,-0.07348126,0.49683332,0.10906614,0.86096525,0.84963775,-0.26328245,-0.4569442,0.1768399,0.9585337,-0.2234742,0.22253418,10.010376,-0.6400757,0.19745873,9.778145,-0.720605,0.011962891,0.0011444092,0.0030059814,3.718567,-36.419678,-20.759583,0,0.0,0.0,0.0,0.0
0.506347656,0.9808025,-0.0054910667,0.19492662,0.19395573,-0.07603526,-0.97805923,0.020191886,0.99709004,-0.07351055,0.52562356,0.10116559,0.84468055,0.8338943,-0.25775206,-0.48804116,0.1683452,0.9609003,-0.21984199,0.24287415,10.0247345,-0.69750977,0.19801474,9.778112,-0.7208922,0.0121154785,0.0010070801,-0.007522583,3.8986206,-36.299133,-20.639038,0,0.0,0.0,0.0,0.0
0.514648437,0.9808118,-0.0054640085,0.19488077,0.1939134,-0.07596594,-0.978073,0.0201485,0.9970954,-0.07344874,0.5525089,0.09388211,0.82820284,0.8179405,-0.2522066,-0.5170735,0.16033427,0.9631085,-0.21613638,0.19979858,10.005585,-0.61854553,0.1975893,9.778166,-0.72028613,0.0038604736,0.0022277832,-0.0024871826,3.8986206,-36.299133,-20.639038,0,0.0,0.0,0.0,0.0
0.522949219,0.9764377,-0.003809005,0.21576586,0.2148615,-0.07596153,-0.9736859,0.02009868,0.99710345,-0.07335329,0.56537044,0.090430096,0.819865,0.80985475,-0.2494458,-0.5309538,0.15649767,0.9641572,-0.21426453,0.19979858,10.005585,-0.61854553,0.19710073,9.778245,-0.7193501,0.005996704,3.8146973E-4,0.0016326904,4.3792725,-36.299133,-20.458984,0,0.0,0.0,0.0,0.0
0.53125,0.97643673,-0.0038114716,0.21577004,0.21486726,-0.07587236,-0.9736916,0.020082181,0.99711025,-0.073265605,0.58930063,0.08409155,0.80352557,0.7940278,-0.24388713,-0.5568114,0.14914641,0.96615094,-0.21049388,0.20698547,10.001999,-0.6520386,0.19693893,9.778312,-0.7184902,-0.0013275146,-7.6293945E-5,-0.006454468,4.3792725,-36.299133,-20.458984,0,0.0,0.0,0.0,0.0
0.539550781,0.97717744,-0.0040946193,0.21238519,0.2114735,-0.075757444,-0.9744433,0.020079732,0.9971179,-0.07316256,0.61184895,0.078184225,0.787101,0.7780854,-0.23840421,-0.58115965,0.14221068,0.96801376,-0.20670138,0.21774292,10.009171,-0.66041565,0.19691491,9.778386,-0.71747965,-0.0025482178,-0.018554688,-0.0029449463,4.319763,-36.538696,-20.579529,0,0.0,0.0,0.0,0.0
0.547851562,0.9771704,-0.004113494,0.21241723,0.21150634,-0.07564517,-0.974445,0.02007671,0.99712634,-0.0730482,0.6226795,0.07536558,0.778839,0.77005136,-0.2356999,-0.5928459,0.13889211,0.96889913,-0.20480089,0.21774292,10.009171,-0.66041565,0.19688529,9.778469,-0.7163581,-7.171631E-4,-0.033050537,-8.087158E-4,4.319763,-36.538696,-20.579529,0,0.0,0.0,0.0,0.0
0.556152344,0.980506,-0.0052977013,0.19641778,0.1954686,-0.075456314,-0.97780293,0.020001069,0.9971351,-0.072949834,0.6331871,0.072643414,0.7705823,0.7620157,-0.2330176,-0.60418123,0.13566944,0.96975553,-0.20289916,0.17228699,10.015152,-0.67836,0.1961435,9.778555,-0.7153935,-0.0074310303,-0.044509888,-0.0037078857,4.019165,-36.898804,-21.058655,0,0.0,0.0,0.0,0.0
0.564453125,0.98051566,-0.005269647,0.19637047,0.19542576,-0.07534096,-0.9778204,0.019947506,0.9971439,-0.07284316,0.65375257,0.06733843,0.75370634,0.74554634,-0.22776581,-0.6263254,0.12949276,0.9713847,-0.1991064,0.18664551,10.0295105,-0.6915283,0.19561821,9.778642,-0.71434736,-0.012481689,-0.045578003,8.69751E-4,4.019165,-36.898804,-21.058655,0,0.0,0.0,0.0,0.0
0.572753906,0.98396844,-0.006679974,0.17821744,0.17722647,-0.074998945,-0.9813083,0.019921236,0.9971612,-0.072612725,0.67308855,0.06240292,0.7369245,0.7291498,-0.22260872,-0.6471368,0.12366259,0.9729087,-0.19533645,0.17945862,10.025925,-0.6197357,0.19536059,9.778811,-0.71208763,-0.0060577393,-0.06100464,0.0056152344,3.6590576,-37.25891,-21.598816,0,0.0,0.0,0.0,0.0
0.581054687,0.9839486,-0.0067439876,0.1783245,0.17733437,-0.074710816,-0.9813107,0.019940719,0.9971824,-0.07231567,0.68258274,0.05998058,0.7283427,0.72074306,-0.22008865,-0.6573359,0.12087257,0.97363406,-0.1934593,0.20219421,10.0247345,-0.55633545,0.19555166,9.779019,-0.7091745,-0.0040740967,-0.053207397,0.0037841797,3.6590576,-37.25891,-21.598816,0,0.0,0.0,0.0,0.0
0.589355469,0.9839232,-0.006825949,0.17846161,0.17746893,-0.074524164,-0.9813006,0.019998008,0.99719584,-0.072114654,0.70069253,0.055379756,0.7113108,0.7040464,-0.21511896,-0.67678833,0.11553606,0.97501636,-0.18972217,0.22970581,10.009171,-0.57188416,0.19611347,9.779151,-0.7072032,0.011352539,-0.04283142,0.0069885254,3.6590576,-37.25891,-21.598816,0,0.0,0.0,0.0,0.0
0.59765625,0.9890267,-0.0092609,0.14744611,0.14636615,-0.07420515,-0.9864433,0.020076612,0.99719995,-0.072035395,0.71768683,0.05109004,0.69448936,0.6875414,-0.21025454,-0.69503945,0.11050993,0.97631085,-0.18602341,0.22970581,10.009171,-0.61135864,0.1968843,9.779191,-0.7064259,0.0107421875,-0.027557373,0.00881958,2.9388428,-37.678528,-22.079468,0,0.0,0.0,0.0,0.0
0.605957031,0.9893794,-0.009540775,0.145043,0.1439498,-0.07417321,-0.9868014,0.020173153,0.9971998,-0.072012044,0.72621495,0.04892329,0.68572474,0.67891407,-0.20789574,-0.7041698,0.10810894,0.97692674,-0.1841917,0.23568726,10.037888,-0.6412811,0.19783105,9.779189,-0.70619696,0.0093688965,-0.022979736,0.007293701,2.8793335,-37.979126,-22.138977,0,0.0,0.0,0.0,0.0
0.614257812,0.98935807,-0.009623929,0.14518288,0.14408381,-0.07414836,-0.9867837,0.020261806,0.9972008,-0.071972616,0.74252313,0.044793144,0.6683211,0.6617724,-0.20326388,-0.72162396,0.10352173,0.97809887,-0.180571,0.23568726,10.037888,-0.6412811,0.19870044,9.7792,-0.70581025,0.0067596436,-3.8146973E-4,0.0043945313,2.8793335,-37.979126,-22.138977,0,0.0,0.0,0.0,0.0
0.622558594,0.9911564,-0.010669605,0.13226928,0.13113283,-0.07393194,-0.9886042,0.020326938,0.99720615,-0.07187898,0.75779295,0.040949624,0.6512088,0.6449099,-0.19874024,-0.7379658,0.099201985,0.9791963,-0.17701279,0.22851563,10.018753,-0.604187,0.19933918,9.779252,-0.704892,0.013336182,0.002532959,0.0013275146,2.6397705,-38.15918,-22.859192,0,0.0,0.0,0.0,0.0
0.630859375,0.9911548,-0.010676448,0.13228051,0.13114426,-0.07389658,-0.98860526,0.020329872,0.9972087,-0.071842805,0.7652258,0.039076317,0.6425749,0.63639116,-0.19653,-0.7459103,0.09713781,0.97971886,-0.17525764,0.1986084,10.021133,-0.6269226,0.19936794,9.779277,-0.7045373,0.015167236,3.8146973E-4,-0.003250122,2.6397705,-38.15918,-22.859192,0,0.0,0.0,0.0,0.0
0.639160156,0.9911506,-0.010694407,0.13231,0.13117298,-0.07386741,-0.98860365,0.02034593,0.99721074,-0.07181092,0.7793693,0.035532393,0.6255565,0.6195967,-0.19219014,-0.76102746,0.093184665,0.9807142,-0.17180285,0.21894836,10.022339,-0.62094116,0.19952542,9.779297,-0.7042246,0.011352539,0.001449585,-0.0023345947,2.6397705,-38.15918,-22.859192,0,0.0,0.0,0.0,0.0
0.647460937,0.99293214,-0.011729483,0.1181018,0.11692837,-0.07378984,-0.9903951,0.02033154,0.9972048,-0.071896814,0.7925987,0.032242414,0.6088906,0.6031461,-0.18796155,-0.7751679,0.08945474,0.981647,-0.16842498,0.20817566,9.98764,-0.7166443,0.19938429,9.779239,-0.7050669,0.012573242,0.002670288,0.0014801025,2.279663,-38.398743,-22.979736,0,0.0,0.0,0.0,0.0
0.655761719,0.99437135,-0.01259521,0.10520001,0.10399908,-0.07369619,-0.9918433,0.020245314,0.9972012,-0.07197148,0.79905957,0.030636605,0.60047084,0.5948262,-0.18589981,-0.7820633,0.087667644,0.98209095,-0.16676846,0.15074158,10.00679,-0.7118683,0.1985387,9.779203,-0.70579916,0.0107421875,-0.0031280518,0.0014801025,1.979065,-38.69934,-23.339844,0,0.0,0.0,0.0,0.0
0.6640625,0.9943826,-0.012534414,0.10510016,0.10390414,-0.07368233,-0.9918542,0.020176338,0.99720293,-0.07196605,0.8116409,0.02751788,0.58350825,0.57805145,-0.1818747,-0.7954736,0.08423564,0.9829366,-0.1635237,0.15074158,10.00679,-0.6628113,0.1978623,9.779221,-0.70574594,9.613037E-4,-0.005722046,-0.0021820068,1.979065,-38.69934,-23.339844,0,0.0,0.0,0.0,0.0
0.672363281,0.9960202,-0.013789341,0.0880542,0.08681693,-0.073387966,-0.9935174,0.020162072,0.9972081,-0.07189875,0.82338977,0.024632312,0.56694126,0.5616672,-0.17795718,-0.80799824,0.0809884,0.9837299,-0.16036329,0.20100403,10.017548,-0.6628113,0.19772239,9.779271,-0.70508593,-0.012313843,-0.020233154,-0.0056915283,1.5594482,-38.69934,-23.699951,0,0.0,0.0,0.0,0.0
0.680664062,0.9960234,-0.0137693295,0.08802174,0.08678994,-0.073191985,-0.9935343,0.020122787,0.9972228,-0.071705885,0.82915807,0.023208862,0.5585323,0.5533421,-0.17604667,-0.8141377,0.07943253,0.9841082,-0.15881294,0.19023132,10.035492,-0.62094116,0.19733714,9.779415,-0.70319456,-0.0069732666,-0.026489258,0.0054626465,1.5594482,-38.69934,-23.699951,0,0.0,0.0,0.0,0.0
0.688964844,0.99602777,-0.013741393,0.0879764,0.086750805,-0.072989285,-0.9935526,0.020074131,0.99723804,-0.07150728,0.8401071,0.020517668,0.54203236,0.5370063,-0.17229916,-0.825795,0.076448336,0.984831,-0.15576786,0.18304443,10.022339,-0.60658264,0.19685999,9.779565,-0.7012469,3.5095215E-4,-0.024658203,-0.0024871826,1.5594482,-38.69934,-23.699951,0,0.0,0.0,0.0,0.0
0.697265625,0.99620634,-0.0139046,0.08590375,0.08467528,-0.07280761,-0.9937449,0.020072075,0.99724907,-0.07135404,0.8503163,0.018023005,0.52596325,0.52109635,-0.16865246,-0.8366689,0.073625706,0.98551077,-0.15279965,0.20578003,9.997208,-0.6053772,0.19683982,9.779673,-0.6997441,0.0011138916,-0.013656616,0.0045318604,1.499939,-38.578796,-23.638916,0,0.0,0.0,0.0,0.0
0.705566406,0.9955472,-0.013385497,0.09330859,0.09209956,-0.072771706,-0.993087,0.020083189,0.9972588,-0.07121488,0.8551799,0.016836645,0.5180577,0.51326776,-0.1668683,-0.84184974,0.07227349,0.98583543,-0.15134414,0.20578003,9.997208,-0.6053772,0.19694881,9.779768,-0.6983794,0.0041656494,-0.009689331,-0.0041656494,1.739502,-38.75885,-24.119568,0,0.0,0.0,0.0,0.0
0.713867187,0.9955384,-0.0134400865,0.09339568,0.0921862,-0.072591096,-0.9930923,0.020126939,0.99727124,-0.071028225,0.8642613,0.014639892,0.5028299,0.49819335,-0.16337243,-0.8515355,0.06968215,0.98645586,-0.14848998,0.24406433,10.00798,-0.55752563,0.19737785,9.77989,-0.69654894,0.007369995,3.8146973E-4,-0.004928589,1.739502,-38.75885,-24.119568,0,0.0,0.0,0.0,0.0
0.722167969,0.9955338,-0.013467903,0.09344004,0.09223148,-0.07244236,-0.99309903,0.020143978,0.99728173,-0.07087665,0.8685685,0.013599166,0.49538252,0.49082017,-0.16166273,-0.85613126,0.06844222,0.9867524,-0.1470899,0.24406433,10.00798,-0.55752563,0.19754495,9.779993,-0.6950625,0.011810303,0.005279541,-0.006454468,1.739502,-38.75885,-24.119568,0,0.0,0.0,0.0,0.0
0.73046875,0.99628663,-0.014041695,0.0849455,0.08372048,-0.072268814,-0.9938652,0.020094462,0.9972863,-0.07082488,0.8767431,0.011629025,0.48081833,0.47639987,-0.15832046,-0.86485714,0.06606594,0.9873193,-0.14434643,0.19979858,10.019943,-0.6006012,0.19705938,9.780039,-0.6945548,0.020812988,0.015350342,-0.004470825,1.499939,-38.75885,-23.999023,0,0.0,0.0,0.0,0.0
0.738769531,0.99629414,-0.013992709,0.08486685,0.0836457,-0.07225857,-0.99387234,0.02003932,0.99728775,-0.07082034,0.88452214,0.009755073,0.46639615,0.46211278,-0.15508741,-0.87315506,0.06381448,0.9878526,-0.1416862,0.18902588,10.00798,-0.5922241,0.1965186,9.780052,-0.6945103,0.028457642,0.031692505,-0.0055389404,1.499939,-38.75885,-23.999023,0,0.0,0.0,0.0,0.0
0.747070312,0.99737674,-0.0149026625,0.07083305,0.069581226,-0.07226905,-0.994955,0.019946521,0.99727386,-0.07104254,0.88821137,0.008872919,0.4593493,0.45513204,-0.15351051,-0.8770914,0.062732585,0.9881072,-0.14038813,0.15074158,10.015152,-0.72262573,0.19560856,9.779916,-0.6966893,0.026306152,0.037338257,-0.0038604736,1.1398315,-38.63983,-24.179077,0,0.0,0.0,0.0,0.0
0.755371094,0.9973835,-0.0148250675,0.07075602,0.06950582,-0.07247358,-0.99494547,0.019878076,0.99726015,-0.07125352,0.8954577,0.0071358862,0.4450894,0.44099584,-0.15044576,-0.88481003,0.060647912,0.9885925,-0.13786472,0.1483612,10.003189,-0.702301,0.19493733,9.779781,-0.69875836,0.024780273,0.009399414,0.0017852783,1.1398315,-38.99994,-24.238586,0,0.0,0.0,0.0,0.0
0.763671875,0.9973863,-0.0148027325,0.07072022,0.06946813,-0.07265238,-0.994935,0.01986575,0.9972474,-0.07143418,0.90220433,0.0055377483,0.43127328,0.42729998,-0.14749028,-0.8919985,0.05866895,0.989048,-0.13543265,0.16870117,10.011566,-0.707077,0.19481646,9.779656,-0.70053,0.013336182,7.6293945E-5,0.006378174,1.1398315,-38.99994,-24.238586,0,0.0,0.0,0.0,0.0
0.771972656,0.9973854,-0.014809679,0.07073136,0.0694769,-0.07274512,-0.9949276,0.019879922,0.9972406,-0.071526,0.90540093,0.0047861855,0.42453063,0.42061588,-0.14605339,-0.89540535,0.057718556,0.98926514,-0.13425002,0.16870117,10.011566,-0.707077,0.19495544,9.77959,-0.70143044,0.0035552979,-0.007247925,0.011566162,1.1398315,-38.99994,-24.238586,0,0.0,0.0,0.0,0.0
0.780273437,0.996979,-0.014439876,0.076317534,0.075073324,-0.07286671,-0.9945121,0.019921638,0.9972371,-0.07156253,0.91146034,0.0033683446,0.41137418,0.40757316,-0.14325728,-0.90186554,0.055894554,0.98967975,-0.13194618,0.20219421,10.016357,-0.70947266,0.19536453,9.779555,-0.7017887,0.006454468,-0.013046265,0.0068359375,1.3198853,-38.879395,-24.598694,0,0.0,0.0,0.0,0.0
0.788574219,0.9969585,-0.014591583,0.076556206,0.075300924,-0.07284842,-0.99449635,0.020088274,0.9972363,-0.071528085,0.91701317,0.0020846513,0.39885136,0.3951612,-0.14055935,-0.90779436,0.054169852,0.99007004,-0.12971854,0.275177,10.00798,-0.66400146,0.19699867,9.779548,-0.7014509,-0.0027008057,-0.025115967,0.0045318604,1.3198853,-38.879395,-24.598694,0,0.0,0.0,0.0,0.0
0.796875,0.9970475,-0.01475946,0.07535583,0.07409437,-0.07270587,-0.9945974,0.02015853,0.9972442,-0.07139761,0.9196431,0.0014732478,0.39275247,0.38911524,-0.13924664,-0.910604,0.053347915,0.9902566,-0.12863047,0.23568726,10.0247345,-0.6161499,0.19768764,9.779625,-0.7001714,-0.0027008057,-0.03488159,0.0037841797,1.3198853,-38.578796,-25.019836,0,0.0,0.0,0.0,0.0
0.805175781,0.9954733,-0.0134634925,0.09408305,0.09286684,-0.072758004,-0.99301666,0.020214768,0.9972588,-0.07117834,0.9246488,3.0479147E-4,0.38082072,0.37728494,-0.13668726,-0.9159544,0.05177417,0.9906142,-0.12650271,0.24047852,10.021133,-0.5742798,0.19823916,9.779768,-0.6980211,-0.003768921,-0.035812378,-0.0011138916,1.7990112,-38.879395,-24.598694,0,0.0,0.0,0.0,0.0
0.813476562,0.9954679,-0.013497006,0.09413562,0.09292197,-0.07250744,-0.99302983,0.020228462,0.99727654,-0.07092466,0.92903805,-6.8505324E-4,0.36998343,0.3665507,-0.13421203,-0.9206669,0.05028694,0.9909524,-0.12443699,0.24047852,10.021133,-0.5742798,0.19837345,9.7799425,-0.69553334,-1.0681152E-4,-0.024963379,-0.009048462,1.7990112,-38.879395,-24.598694,0,0.0,0.0,0.0,0.0
0.821777344,0.9954727,-0.0134671,0.0940887,0.092883036,-0.07222345,-0.9930541,0.020168971,0.9972975,-0.07064561,0.93112135,-0.0011548854,0.36470786,0.36132482,-0.13300386,-0.92290545,0.0495734,0.99111485,-0.12342543,0.21176147,10.022339,-0.5084686,0.19779003,9.780148,-0.6927967,0.0017242432,-0.025268555,-0.013931274,1.7990112,-38.879395,-24.598694,0,0.0,0.0,0.0,0.0
0.830078125,0.99567944,-0.013472621,0.091874674,0.09067725,-0.07206181,-0.9932697,0.020002602,0.99730915,-0.0705288,0.93507934,-0.0020433464,0.35443267,0.35114613,-0.13064264,-0.92716175,0.048198532,0.9914274,-0.12144371,0.16151428,10.011566,-0.5898285,0.19615851,9.780262,-0.6916513,0.016693115,-0.009841919,-0.009963989,1.7990112,-39.29901,-25.2594,0,0.0,0.0,0.0,0.0
0.838378906,0.9956982,-0.013352405,0.09168898,0.09050164,-0.07200373,-0.99329,0.019864757,0.997315,-0.07048557,0.938805,-0.0028680302,0.34443724,0.34124357,-0.12836248,-0.9311691,0.046883438,0.9917232,-0.11952864,0.16151428,10.011566,-0.5898285,0.19480672,9.780319,-0.6912273,0.021270752,-0.008468628,-0.0038604736,1.7990112,-39.29901,-25.2594,0,0.0,0.0,0.0,0.0
0.846679687,0.99655855,-0.0140005015,0.08170116,0.080493525,-0.07193778,-0.99415576,0.019796079,0.9973108,-0.07056325,0.9405753,-0.0032532997,0.33956966,0.33642143,-0.12725292,-0.9330742,0.0462468,0.991865,-0.11859647,0.16151428,10.011566,-0.5898285,0.19413324,9.780279,-0.6919892,0.02279663,0.0031433105,-0.006149292,1.499939,-39.239502,-25.019836,0,0.0,0.0,0.0,0.0
0.854980469,0.9962143,-0.0137208635,0.085842006,0.084642455,-0.072021864,-0.99380505,0.019818366,0.9973087,-0.07058784,0.944069,-0.0040245024,0.32972357,0.32666075,-0.12509704,-0.9368263,0.045017697,0.99213636,-0.11678558,0.2416687,10.015152,-0.6029968,0.19435178,9.780257,-0.6922303,0.01928711,0.0020599365,-0.0038604736,1.6189575,-39.35852,-25.079346,0,0.0,0.0,0.0,0.0
0.86328125,0.996211,-0.013742753,0.08587615,0.08467458,-0.072041504,-0.9938008,0.01984421,0.99730694,-0.07060488,0.9456999,-0.0043785386,0.32501173,0.32199067,-0.12405038,-0.9385806,0.044427436,0.99226624,-0.11590458,0.2416687,10.015152,-0.6029968,0.19460523,9.780241,-0.6923975,0.021118164,0.0032958984,-0.004776001,1.6189575,-39.35852,-25.079346,0,0.0,0.0,0.0,0.0
0.871582031,0.9962342,-0.013586088,0.08563179,0.0844381,-0.072232455,-0.9938071,0.019687345,0.99729526,-0.07081326,0.9487974,-0.005048225,0.31584486,0.31290433,-0.12201766,-0.9419143,0.043293647,0.9925151,-0.11419044,0.107681274,10.005585,-0.727417,0.19306691,9.780126,-0.6944409,0.027069092,0.0060424805,-0.0012664795,1.6189575,-39.35852,-25.079346,0,0.0,0.0,0.0,0.0
0.879882812,0.9951449,-0.012586855,0.09761216,0.09645289,-0.07259168,-0.99268687,0.019580638,0.9972823,-0.07102521,0.9516922,-0.005656282,0.3070015,0.30413902,-0.1200685,-0.94503075,0.04220657,0.9927495,-0.11254796,0.117248535,10.012772,-0.72502136,0.19202048,9.779999,-0.6965194,0.01928711,0.0049743652,0.008514404,1.979065,-39.419556,-25.2594,0,0.0,0.0,0.0,0.0
0.888183594,0.9951558,-0.012521029,0.097510286,0.09635247,-0.07276934,-0.9926837,0.019525178,0.99727017,-0.071210384,0.95299464,-0.005909496,0.3029295,0.3001066,-0.1191267,-0.94643795,0.041679963,0.99286145,-0.11175363,0.117248535,10.012772,-0.72502136,0.1914766,9.779881,-0.6983354,0.017913818,0.0020599365,0.00881958,1.979065,-39.419556,-25.2594,0,0.0,0.0,0.0,0.0
0.896484375,0.9941926,-0.011908656,0.106954396,0.105811805,-0.07301739,-0.9917017,0.019619366,0.99725956,-0.071333274,0.9554738,-0.006381922,0.29500696,0.29226077,-0.117304854,-0.94911706,0.04066294,0.99307543,-0.11021653,0.21655273,10.023529,-0.7130585,0.19240026,9.779776,-0.6995405,0.012573242,2.2888184E-4,0.0045318604,2.218628,-38.938904,-24.958801,0,0.0,0.0,0.0,0.0
