Time,Rot1,Rot2,Rot3,Rot4,Rot5,Rot6,Rot7,Rot8,Rot9,FRot1,FRot2,FRot3,FRot4,FRot5,FRot6,FRot7,FRot8,FRot9,AccX,AccY,AccZ,GravX,GravY,GravZ,GyroX,GyroY,GyroZ,MagX,MagY,MagZ,Imid
0.0,0.0,0.0,0.0,0.0,0.0,0.0,0.0,0.0,0.0,1.0,0.0,0.0,0.0,1.0,0.0,0.0,0.0,1.0,9.961319,-0.090927124,0.3744812,9.798235,-0.066556625,0.40070367,0.0,0.0,0.0,0.0,0.0,0.0,0,0.0,0.0,0.0,0.0
0.008300781,0.0,0.0,0.0,0.0,0.0,0.0,0.0,0.0,0.0,1.0,0.0,0.0,0.0,1.0,0.0,0.0,0.0,1.0,10.009171,-0.04547119,0.38404846,9.798258,-0.0646295,0.40043086,0.04937744,0.004211426,-0.014083862,0.0,0.0,0.0,0,0.0,0.0,0.0,0.0
0.016601563,-6.645295E-4,0.98564786,0.16881317,-0.04134216,-0.16869594,0.9848007,0.9991448,-0.006324672,0.040860917,1.0,0.0,0.0,0.0,1.0,0.0,0.0,0.0,1.0,10.08934,0.025131226,0.40797424,9.798264,-0.06202385,0.40070873,0.03715515,0.008178711,-0.013320923,-47.579956,-2.1591187,12.419128,0,0.0,0.0,0.0,0.0
0.024902344,-8.789379E-4,0.985784,0.16801539,-0.041284617,-0.16790798,0.9849378,0.99914706,-0.0060707517,0.040845294,0.995797,0.068861514,-0.060386907,-0.06872005,0.9976262,0.0044188225,0.060547844,-2.5045846E-4,0.99816525,10.065414,0.029907227,0.36968994,9.7982855,-0.059533738,0.4005555,0.036849976,0.0063476563,-0.009963989,-47.579956,-2.1591187,12.419128,0,0.0,0.0,0.0,0.0
0.033203125,-0.0012092377,0.98530275,0.17081244,-0.04124362,-0.17071638,0.98445654,0.99914837,-0.005854483,0.040843897,0.9907488,0.10214934,-0.0893433,-0.10170338,0.99476904,0.009541652,0.08985061,-3.6686496E-4,0.99595517,10.065414,0.029907227,0.36968994,9.798299,-0.05741287,0.4005418,0.034713745,0.010772705,-0.0014190674,-47.45941,-2.1591187,12.11853,0,0.0,0.0,0.0,0.0
0.041503906,-0.0013596325,0.9854015,0.17024106,-0.041349843,-0.17015103,0.9845501,0.99914384,-0.005700815,0.04097754,0.975423,0.16649388,-0.14432535,-0.16461402,0.9860423,0.024955481,0.14646582,-5.841757E-4,0.98921555,9.981659,0.04307556,0.39242554,9.798254,-0.055905897,0.40185243,0.025543213,0.046966553,0.010345459,-47.45941,-2.1591187,12.11853,0,0.0,0.0,0.0,0.0
0.049804688,-0.0014176689,0.9855841,0.16918012,-0.041641377,-0.16909173,0.98472023,0.9991316,-0.0056488863,0.0412808,0.9540371,0.2276107,-0.1949528,-0.22284053,0.9737519,0.04636107,0.20038792,-7.867957E-4,0.9797163,9.940979,0.01914978,0.3912201,9.798135,-0.055396657,0.40482637,0.0066070557,0.045898438,0.0030059814,-47.579956,-2.1591187,12.179565,0,0.0,0.0,0.0,0.0
0.058105469,-0.001557959,0.9856751,0.1686482,-0.04195107,-0.16856436,0.98479754,0.99911845,-0.0055406983,0.04161274,0.94140285,0.25693062,-0.21851143,-0.25007015,0.9664294,0.058983482,0.22633053,-8.8403793E-4,0.9740501,10.015152,0.047851563,0.38883972,9.798005,-0.05433569,0.4080816,-0.0028533936,0.030929565,-0.0030975342,-47.579956,-2.1591187,12.179565,0,0.0,0.0,0.0,0.0
0.06640625,-0.0017311154,0.9859231,0.16719037,-0.042134885,-0.16711406,0.98503685,0.99911046,-0.0053393357,0.041831054,0.91286945,0.31310973,-0.26197654,-0.300651,0.9497164,0.08745168,0.27618536,-0.0010684425,0.96110374,10.167099,0.08135986,0.4247284,9.797927,-0.052360997,0.4102225,-0.014160156,-0.015487671,-0.0037078857,-47.639465,-2.1591187,12.239075,0,0.0,0.0,0.0,0.0
0.074707031,-0.0018996887,0.9860306,0.16655318,-0.042032894,-0.16648501,0.9851476,0.99911433,-0.0051292395,0.041761994,0.8972096,0.33995613,-0.2818595,-0.3239605,0.9404406,0.103058636,0.3001075,-0.0011538607,0.95390475,10.167099,0.08135986,0.4247284,9.797965,-0.050300658,0.40954527,-0.0027008057,-0.041610718,-0.0024871826,-47.639465,-2.1591187,12.239075,0,0.0,0.0,0.0,0.0
0.083007813,-0.0015865992,0.98766536,0.15657166,-0.04153437,-0.15650183,0.98680407,0.99913585,-0.0049374425,0.04127036,0.86363673,0.39122403,-0.31792364,-0.36664537,0.9202946,0.13648854,0.345981,-0.0013112864,0.93824065,10.009171,0.06341553,0.35891724,9.798176,-0.04841977,0.404724,0.025848389,-0.080093384,-0.0035552979,-47.81952,-1.979065,11.999512,0,0.0,0.0,0.0,0.0
0.091308594,-0.0016217072,0.9876869,0.15643531,-0.040736727,-0.15637091,0.986858,0.99916863,-0.0047722673,0.04048872,0.82786393,0.43898618,-0.34918827,-0.40384802,0.89849263,0.17209817,0.3892918,-0.0014548827,0.9211133,9.968506,0.033493042,0.30389404,9.798497,-0.046799958,0.39705873,0.029678345,-0.085739136,-0.012710571,-47.81952,-1.979065,11.999512,0,0.0,0.0,0.0,0.0
0.099609375,-0.0017673803,0.9873826,0.15834314,-0.03989335,-0.15828694,0.9865869,0.9992024,-0.0045731636,0.039669752,0.8093232,0.46172306,-0.36305344,-0.4205748,0.88702285,0.19054483,0.4100156,-0.0015212306,0.91207725,9.968506,0.033493042,0.30389404,9.798828,-0.044847414,0.3890274,0.01776123,-0.07765198,-0.013473511,-47.698975,-2.0385742,12.179565,0,0.0,0.0,0.0,0.0
0.107910156,-0.0017941148,0.9873989,0.15824115,-0.039155982,-0.15818942,0.9866321,0.99923146,-0.004425956,0.03894638,0.7712934,0.5050407,-0.3873503,-0.45046803,0.8630939,0.228358,0.44964978,-0.0016420875,0.8932034,9.937393,-0.010772705,0.3146515,9.799113,-0.0434038,0.3819335,0.0105896,-0.052139282,-0.003250122,-47.698975,-2.0385742,12.179565,0,0.0,0.0,0.0,0.0
0.116210938,-0.002036093,0.9862473,0.16526417,-0.038585126,-0.16521893,0.98550195,0.9992533,-0.0043701646,0.03839087,0.7325207,0.5454767,-0.40726984,-0.47572863,0.83812416,0.26688975,0.48692483,-0.0017523288,0.8734421,9.936203,-0.052642822,0.33738708,9.799328,-0.04285668,0.37648588,0.010894775,-0.038101196,-0.007217407,-47.999573,-2.0996094,11.938477,0,0.0,0.0,0.0,0.0
0.124511719,-0.0020188375,0.9862359,0.16533156,-0.038197316,-0.16528729,0.98550534,0.9992681,-0.004325647,0.03800526,0.71294314,0.56476957,-0.41562888,-0.48680928,0.8252467,0.28632954,0.50470656,-0.0018046857,0.8632891,9.936203,-0.052642822,0.33738708,9.799473,-0.042420104,0.37270427,-0.010025024,-0.01763916,-0.007980347,-47.999573,-2.0996094,11.938477,0,0.0,0.0,0.0,0.0
0.1328125,-0.0019022258,0.9864276,0.16418603,-0.03800225,-0.16413903,0.98570496,0.9992758,-0.004364404,0.03779869,0.67381537,0.6013318,-0.42938676,-0.50583506,0.7989972,0.32516828,0.53861284,-0.0019045159,0.8425513,9.944565,-0.100494385,0.2979126,9.799548,-0.042800184,0.37067854,-0.016448975,0.013824463,-5.0354004E-4,-47.938538,-2.0996094,12.059021,0,0.0,0.0,0.0,0.0
0.141113281,-0.0018773675,0.98641163,0.16428205,-0.03801123,-0.16423401,0.98568875,0.9992755,-0.004394063,0.037803046,0.63507056,0.63526434,-0.43945932,-0.5209115,0.77229214,0.36361524,0.57038283,-0.0020019277,0.8213765,9.939789,-0.08494568,0.3134613,9.799545,-0.043091036,0.37072125,-0.027740479,0.033981323,-0.0096588135,-47.938538,-2.0996094,12.059021,0,0.0,0.0,0.0,0.0
0.149414063,-0.0015247865,0.9879453,0.15479554,-0.038172673,-0.1547404,0.98721737,0.99926996,-0.0044036643,0.037948463,0.6159354,0.65130204,-0.44320336,-0.52708423,0.75881577,0.38259742,0.58549625,-0.0020497707,0.8106726,9.939789,-0.08494568,0.3134613,9.799491,-0.043185197,0.37214732,-0.028198242,0.04925537,-0.006454468,-47.81952,-2.0385742,12.539673,0,0.0,0.0,0.0,0.0
0.157714844,-0.0015337811,0.9879506,0.1547621,-0.038480017,-0.15470596,0.9872109,0.99925816,-0.004441082,0.03825364,0.5785178,0.68132144,-0.44846204,-0.5366809,0.73198116,0.4197347,0.61424,-0.0021429851,0.7891163,9.98764,-0.102890015,0.32901,9.799376,-0.043552138,0.37514004,-0.035995483,0.048339844,-0.00340271,-47.81952,-2.0385742,12.539673,0,0.0,0.0,0.0,0.0
0.166015625,-0.0011421477,0.9895282,0.14433537,-0.038847525,-0.14427042,0.98877543,0.99924445,-0.004477744,0.038605496,0.5421501,0.70911187,-0.45081437,-0.5432095,0.7050924,0.4558159,0.6410903,-0.00223399,0.76746225,10.113266,-0.08734131,0.37088013,9.799241,-0.04391167,0.37859058,-0.03477478,0.017486572,-0.0041656494,-48.11859,-1.9195557,12.779236,0,0.0,0.0,0.0,0.0
0.174316406,-0.0011353953,0.9895246,0.14436027,-0.03901845,-0.14429426,0.9887653,0.99923784,-0.004510074,0.03877354,0.52453256,0.72206616,-0.45109415,-0.54531115,0.6918202,0.47330812,0.65383583,-0.0022788653,0.756633,10.113266,-0.08734131,0.37088013,9.799176,-0.044228718,0.38023856,-0.03187561,-0.008773804,-0.008743286,-48.11859,-1.9195557,12.779236,0,0.0,0.0,0.0,0.0
0.182617188,-0.0012378772,0.98875266,0.14955498,-0.038891923,-0.14948954,0.9879981,0.9992426,-0.0045934613,0.03863954,0.49027914,0.7464909,-0.4498641,-0.54762334,0.66539145,0.50730956,0.67803764,-0.0023672213,0.7350233,10.083359,-0.14117432,0.3756714,9.799223,-0.045046467,0.3789245,0.0053863525,-0.04801941,-0.007522583,-48.059082,-2.0385742,13.079834,0,0.0,0.0,0.0,0.0
0.190917969,-0.0011318249,0.9886952,0.14993569,-0.038524225,-0.1498676,0.9879554,0.999257,-0.004657963,0.038258333,0.45730284,0.76917166,-0.44637325,-0.5477364,0.6390375,0.5400147,0.7006132,-0.0024553803,0.713537,10.04985,-0.12921143,0.3672943,9.799364,-0.045679014,0.3751861,0.028289795,-0.048477173,0.007904053,-48.059082,-2.0385742,13.079834,0,0.0,0.0,0.0,0.0
0.19921875,-8.1913837E-4,0.9891855,0.14666808,-0.03812811,-0.14659236,0.9884619,0.99927247,-0.004782489,0.037835848,0.4413565,0.77984446,-0.4438998,-0.5470109,0.62596834,0.5558261,0.71132517,-0.002499432,0.7028586,10.04985,-0.12921143,0.3672943,9.799516,-0.046900198,0.37104294,0.030441284,-0.043441772,0.011260986,-47.938538,-1.979065,13.079834,0,0.0,0.0,0.0,0.0
0.207519531,-5.715319E-4,0.98905355,0.14755562,-0.037789907,-0.1474716,0.988344,0.9992855,-0.0050112433,0.037460532,0.41066235,0.7998392,-0.43773693,-0.54409236,0.6002087,0.5862704,0.7316556,-0.0025898414,0.6816696,10.084549,-0.14955139,0.37088013,9.7996435,-0.04914351,0.36736232,0.04219055,-0.035339355,0.028823853,-47.938538,-1.979065,13.079834,0,0.0,0.0,0.0,0.0
0.215820313,-7.43907E-4,0.98695123,0.1610175,-0.03763395,-0.16093113,0.9862479,0.99929136,-0.0053260494,0.037262596,0.3814802,0.8182619,-0.43002352,-0.53951573,0.57483923,0.6152094,0.7505968,-0.002685729,0.660755,10.085754,-0.15434265,0.45703125,9.799701,-0.052230705,0.36542127,0.057617188,-0.022521973,0.03126526,-47.639465,-2.218628,13.378906,0,0.0,0.0,0.0,0.0
0.224121094,-4.031036E-4,0.986758,0.162199,-0.037573557,-0.16209944,0.98605883,0.9992938,-0.0056969095,0.037141353,0.35356003,0.8354947,-0.42064708,-0.5336824,0.54949147,0.64283913,0.7682307,-0.0027902862,0.640167,10.0247345,-0.17826843,0.45703125,9.799725,-0.055867597,0.36423224,0.0574646,-0.007247925,0.035842896,-47.639465,-2.218628,13.378906,0,0.0,0.0,0.0,0.0
0.232421875,1.4317916E-4,0.98714644,0.15981841,-0.03760338,-0.15970007,0.9864492,0.99929273,-0.006150951,0.037097175,0.34017655,0.8435844,-0.41550615,-0.53028184,0.5369891,0.6560822,0.77658296,-0.002848419,0.6300086,9.978073,-0.20219421,0.42712402,9.799714,-0.06032023,0.363799,0.050598145,0.0019226074,0.033706665,-47.698975,-2.1591187,13.378906,0,0.0,0.0,0.0,0.0
0.240722656,5.244213E-4,0.9869309,0.16114286,-0.03777462,-0.16100833,0.9862299,0.9992862,-0.006604311,0.037196506,0.3272125,0.8513053,-0.41013578,-0.5265688,0.5246627,0.6689204,0.78463835,-0.0029144702,0.6199469,9.978073,-0.20219421,0.42712402,9.79965,-0.06476617,0.36477312,0.044631958,0.019622803,0.030807495,-47.698975,-2.1591187,13.378906,0,0.0,0.0,0.0,0.0
0.249023438,0.0012642042,0.9888708,0.14877175,-0.037993193,-0.14861695,0.9881648,0.99927723,-0.0069015548,0.037382472,0.3024201,0.86579794,-0.3986678,-0.5183745,0.5003844,0.6934719,0.7998937,-0.003060589,0.6001339,9.94577,-0.112457275,0.38285828,9.799562,-0.067681134,0.36659682,0.033187866,0.031845093,0.024246216,-47.579956,-1.979065,13.55896,0,0.0,0.0,0.0,0.0
0.257324219,0.0014062392,0.988797,0.1492594,-0.03821409,-0.1490974,0.9880837,0.9992686,-0.0070932955,0.037576318,0.27939686,0.87882835,-0.3867792,-0.50914407,0.47712725,0.7163253,0.8140698,-0.0032126922,0.5807581,9.992432,-0.08375549,0.35533142,9.799478,-0.06956147,0.3684978,0.027069092,0.020233154,0.0027008057,-47.579956,-1.979065,13.55896,0,0.0,0.0,0.0,0.0
0.265625,6.9615815E-4,0.98563176,0.16890728,-0.038379557,-0.16875654,0.98491037,0.999263,-0.0071682404,0.037710626,0.26842847,0.88492876,-0.38058794,-0.50425607,0.4657147,0.7272109,0.8207752,-0.0032903051,0.5712418,9.992432,-0.08375549,0.35533142,9.799423,-0.07029643,0.36981493,0.024932861,0.009857178,-0.0040130615,-47.758484,-2.279663,13.499451,0,0.0,0.0,0.0,0.0
0.273925781,5.878016E-4,0.98569554,0.16853474,-0.038401388,-0.1683882,0.9849724,0.99926215,-0.0070509356,0.037753098,0.24716355,0.8966918,-0.36722472,-0.49421236,0.44264203,0.74821264,0.8334652,-0.0034438726,0.55256116,10.035492,-0.037094116,0.3744812,9.799415,-0.06914606,0.37023142,0.029220581,-0.013809204,-0.022949219,-47.758484,-2.279663,13.499451,0,0.0,0.0,0.0,0.0
0.282226563,6.220766E-5,0.984481,0.17549111,-0.03829114,-0.17536007,0.9837594,0.9992666,-0.006780952,0.037685994,0.22729939,0.9074166,-0.35345444,-0.48361593,0.42021686,0.76781076,0.8452518,-0.003586713,0.5343562,10.054642,-0.007171631,0.38404846,9.7994585,-0.06649843,0.36957335,0.04447937,-0.018859863,-0.032562256,-47.698975,-2.3391724,13.139343,0,0.0,0.0,0.0,0.0
0.290527344,-2.1742449E-4,0.98465586,0.17450711,-0.03809234,-0.17438862,0.9839398,0.9992742,-0.0064334525,0.037545767,0.21780041,0.9124751,-0.3463411,-0.47818086,0.40911594,0.77715325,0.8508267,-0.003650598,0.5254337,10.054642,-0.007171631,0.38404846,9.799532,-0.063090615,0.3681982,0.046020508,-0.02633667,-0.034866333,-47.698975,-2.3391724,13.139343,0,0.0,0.0,0.0,0.0
0.298828125,2.2503764E-4,0.9878351,0.15550455,-0.037837848,-0.15538478,0.98712903,0.99928385,-0.006106099,0.03734259,0.19978957,0.92188734,-0.33197558,-0.46702495,0.3874397,0.7948447,0.8613778,-0.0037608,0.50795084,10.013962,-0.032302856,0.40678406,9.799627,-0.05988038,0.36620572,0.066467285,-0.047409058,-0.030883789,-47.579956,-2.0385742,13.018799,0,0.0,0.0,0.0,0.0
0.307128906,1.0724514E-4,0.9879013,0.1550844,-0.037419003,-0.15497181,0.98721,0.9992996,-0.005908977,0.036949653,0.18336833,0.9301625,-0.31807837,-0.45544094,0.36712793,0.81104296,0.87117714,-0.0038536743,0.49095368,9.942184,-0.117248535,0.33738708,9.799782,-0.057947267,0.36235234,0.07106018,-0.042526245,-0.031036377,-47.579956,-2.0385742,13.018799,0,0.0,0.0,0.0,0.0
0.315429688,4.0007118E-4,0.989571,0.14404501,-0.03699852,-0.14393176,0.98889565,0.99931526,-0.0057250815,0.036555085,0.17559479,0.9340124,-0.31110644,-0.44957435,0.35721925,0.8187046,0.87581354,-0.0038947805,0.4826339,9.942184,-0.117248535,0.33738708,9.799934,-0.05614387,0.3584829,0.06448364,-0.036727905,-0.025238037,-47.51892,-1.8585205,12.89978,0,0.0,0.0,0.0,0.0
0.323730469,3.56493E-4,0.989594,0.14388777,-0.036709134,-0.14377786,0.98892903,0.999326,-0.0056345426,0.03627588,0.1610693,0.941032,-0.29751557,-0.4376719,0.33829442,0.83306676,0.88459027,-0.0039672605,0.4663521,9.936203,-0.14117432,0.37806702,9.80004,-0.055255987,0.35574487,0.059295654,-0.027557373,-0.0096588135,-47.51892,-1.8585205,12.89978,0,0.0,0.0,0.0,0.0
0.33203125,0.0011232711,0.9922686,0.124103166,-0.036504276,-0.12397984,0.991613,0.99933285,-0.0056441473,0.03608279,0.147589,0.94741064,-0.2839552,-0.42571518,0.319995,0.8463863,0.8927397,-0.004033285,0.45055485,9.934998,-0.15553284,0.39601135,9.800108,-0.055350177,0.3538513,0.045547485,-0.020080566,-0.013168335,-47.639465,-1.5594482,12.89978,0,0.0,0.0,0.0,0.0
0.340332031,0.0011557767,0.99225396,0.124221444,-0.036369875,-0.12409763,0.9916034,0.99933773,-0.005663989,0.035944715,0.14138995,0.95025223,-0.27754197,-0.41967887,0.31145486,0.8525641,0.8965927,-0.004065502,0.44283736,9.934998,-0.15553284,0.39601135,9.800156,-0.05554476,0.35249725,0.03425598,-0.020996094,-0.01928711,-47.639465,-1.5594482,12.89978,0,0.0,0.0,0.0,0.0
0.348632813,8.6712063E-4,0.9913413,0.13130811,-0.03628379,-0.1311905,0.99069303,0.99934113,-0.0056234063,0.03585586,0.12967637,0.95554763,-0.26478806,-0.40765548,0.2948078,0.8642369,0.90388113,-0.004128803,0.42776385,9.948166,-0.13639832,0.4019928,9.800189,-0.055146776,0.35162586,0.038528442,-0.012283325,-0.020050049,-47.999573,-1.6189575,12.539673,0,0.0,0.0,0.0,0.0
0.356933594,7.517695E-4,0.99139875,0.130874,-0.036149148,-0.13076155,0.9907546,0.99934614,-0.0054758023,0.035739914,0.11871791,0.96043783,-0.25192323,-0.3957702,0.27846313,0.8751139,0.91064376,-0.00418799,0.4131712,9.92543,-0.0657959,0.35055542,9.800239,-0.05369928,0.35048887,0.046325684,-0.005264282,-0.013015747,-47.999573,-1.6189575,12.539673,0,0.0,0.0,0.0,0.0
0.365234375,3.968215E-4,0.9904993,0.13751686,-0.036073968,-0.13741317,0.98985666,0.999349,-0.005353574,0.035676714,0.113551915,0.9627068,-0.24556378,-0.3898744,0.27051404,0.8802386,0.9138402,-0.004213746,0.40605214,9.92543,-0.0657959,0.35055542,9.800266,-0.05250063,0.34986904,0.044784546,-0.0012969971,-0.01210022,-47.999573,-1.6799927,12.239075,0,0.0,0.0,0.0,0.0
0.373535156,2.9730366E-4,0.9905525,0.13713385,-0.036020074,-0.13703427,0.98991126,0.9993511,-0.0052338755,0.035639033,0.10370643,0.9669896,-0.23275779,-0.378229,0.25478044,0.8899605,0.9198847,-0.004258883,0.39216587,9.876373,-0.033493042,0.34934998,9.800286,-0.051326785,0.34949952,0.04937744,0.0017547607,0.0011749268,-47.999573,-1.6799927,12.239075,0,0.0,0.0,0.0,0.0
0.381835938,-0.0010608973,0.98546535,0.16987297,-0.035983384,-0.16980067,0.98482126,0.99935186,-0.0050678113,0.035640523,0.094617896,0.9708571,-0.22019081,-0.3667595,0.23962067,0.8989268,0.92549175,-0.004297493,0.37874347,9.833298,0.055038452,0.35533142,9.800294,-0.049698252,0.34951416,0.027374268,0.0029754639,0.007293701,-48.239136,-2.0996094,11.878967,0,0.0,0.0,0.0,0.0
0.390136719,-0.0011588817,0.9855317,0.1694868,-0.03597917,-0.16941828,0.9848872,0.99935186,-0.0049566273,0.035654955,0.090098545,0.9728013,-0.21340068,-0.36116004,0.23160094,0.9032854,0.92814094,-0.0043128994,0.3722039,9.833298,0.055038452,0.35533142,9.800294,-0.048607912,0.34965566,0.024932861,-0.010147095,0.002243042,-48.239136,-2.0996094,11.878967,0,0.0,0.0,0.0,0.0
0.3984375,-0.0011275938,0.98633814,0.1647296,-0.035888035,-0.16466351,0.98569673,0.9993552,-0.004800356,0.03558341,0.081601866,0.9763815,-0.20005082,-0.3501048,0.21601011,0.9114638,0.9331494,-0.004338391,0.35946268,9.885941,0.07058716,0.36849976,9.800326,-0.04707541,0.34895405,0.0053863525,-0.041305542,-0.00340271,-48.35968,-1.979065,11.51886,0,0.0,0.0,0.0,0.0
0.406738281,-0.0012955772,0.98645216,0.16404393,-0.035740785,-0.16398494,0.98581505,0.9993602,-0.00458586,0.035469033,0.07384226,0.9795463,-0.18717997,-0.3392437,0.20117168,0.91893613,0.9377958,-0.004356684,0.34715992,10.02713,0.086135864,0.46780396,9.800376,-0.044971924,0.34783238,0.0070648193,-0.06542969,-0.011947632,-48.35968,-1.979065,11.51886,0,0.0,0.0,0.0,0.0
0.415039063,-0.0018611908,0.9847357,0.17404649,-0.03538937,-0.17400263,0.98410916,0.9993719,-0.004327781,0.03517303,0.07019969,0.98099756,-0.18087476,-0.33389658,0.19397075,0.9224361,0.9399921,-0.0043612677,0.34116843,10.02713,0.086135864,0.46780396,9.80049,-0.042441033,0.3449296,0.019439697,-0.07597351,-0.018676758,-48.35968,-2.1591187,11.698914,0,0.0,0.0,0.0,0.0
0.423339844,-0.0020293987,0.98485416,0.17337301,-0.034824714,-0.1733378,0.9842465,0.9993913,-0.0040402366,0.034649037,0.063218564,0.9837351,-0.16813341,-0.32340008,0.17957288,0.9290673,0.94414824,-0.0043599415,0.32949233,10.000809,0.06939697,0.4008026,9.800681,-0.03962119,0.33979097,0.02355957,-0.07963562,-0.016525269,-48.35968,-2.1591187,11.698914,0,0.0,0.0,0.0,0.0
0.431640625,-0.0028648302,0.9811416,0.19326869,-0.034179173,-0.19325264,0.9805535,0.99941164,-0.0037966445,0.034088247,0.056804053,0.9861607,-0.15575723,-0.31313023,0.16573508,0.9351371,0.94800985,-0.0043472815,0.31821114,9.994827,0.03111267,0.40318298,9.80088,-0.037232365,0.33429152,0.021728516,-0.064208984,-0.011947632,-48.41919,-2.3986816,11.459351,0,0.0,0.0,0.0,0.0
0.439941406,-0.0029798367,0.9812332,0.19280191,-0.03366664,-0.19279191,0.980662,0.9994287,-0.00356878,0.033609312,0.053667206,0.9873316,-0.1493188,-0.3081032,0.15861107,0.9380378,0.949838,-0.0043362686,0.31271222,9.994827,0.03111267,0.40318298,9.801047,-0.034997776,0.32959476,0.012878418,-0.043441772,-0.020202637,-48.41919,-2.3986816,11.459351,0,0.0,0.0,0.0,0.0
0.448242188,-0.0033212097,0.9797128,0.20037903,-0.03326871,-0.20037746,0.9791537,0.9994409,-0.0034143776,0.03325928,0.047785915,0.9894541,-0.1367373,-0.2982205,0.14478274,0.9434525,0.95330006,-0.004305876,0.30199406,9.957733,0.0,0.36131287,9.8011675,-0.033483606,0.32616213,0.012420654,-0.014724731,0.0011749268,-48.658752,-2.4597168,11.219788,0,0.0,0.0,0.0,0.0
0.456542969,-0.003235356,0.9796401,0.20073543,-0.033114627,-0.20073135,0.9790864,0.9994463,-0.0034795855,0.033089854,0.04230662,0.9913505,-0.12423519,-0.28859764,0.13117163,0.94842255,0.9565153,-0.004270573,0.29165083,9.919449,-0.09690857,0.3397827,9.801221,-0.03412308,0.32450065,-0.0013275146,-0.00541687,0.008361816,-48.658752,-2.4597168,11.219788,0,0.0,0.0,0.0,0.0
0.46484375,-0.00399145,0.973801,0.22736704,-0.032999694,-0.22737327,0.9732484,0.99944735,-0.0036183698,0.03304268,0.03974443,0.9922038,-0.11811871,-0.28388122,0.12455339,0.9507354,0.95803535,-0.0042547532,0.28661832,9.919449,-0.09690857,0.3397827,9.80123,-0.035484087,0.324038,-0.0043792725,-0.004196167,0.00592041,-48.838806,-2.8198242,11.219788,0,0.0,0.0,0.0,0.0
0.473144531,-0.0038003807,0.97361785,0.22815272,-0.03287613,-0.22815268,0.97307,0.9994522,-0.0038027435,0.032875862,0.034663305,0.9938535,-0.10513629,-0.27468264,0.1106223,0.9551503,0.96090996,-0.0042295526,0.27682886,9.918243,-0.12083435,0.2368927,9.801278,-0.037292175,0.3224021,-0.011398315,-0.004196167,0.019348145,-48.838806,-2.8198242,11.219788,0,0.0,0.0,0.0,0.0
0.481445313,-0.0031248515,0.9767134,0.21452531,-0.032834705,-0.21451089,0.9761695,0.99945587,-0.0039934907,0.03274041,0.030028643,0.9952569,-0.092531346,-0.2657354,0.097190656,0.95913434,0.96357816,-0.004212651,0.26739344,9.915863,-0.08375549,0.24287415,9.801314,-0.039162766,0.32107377,-0.027740479,0.008636475,0.022262573,-48.719788,-2.6992798,11.579895,0,0.0,0.0,0.0,0.0
0.489746094,-0.0028991667,0.97651535,0.21542867,-0.0328191,-0.21540643,0.9759729,0.99945706,-0.004240666,0.03267285,0.027945459,0.99584675,-0.0866502,-0.2613488,0.09094777,0.9609502,0.96483976,-0.0042082677,0.26280496,9.915863,-0.08375549,0.24287415,9.801326,-0.04158673,0.3204112,-0.033096313,0.025283813,0.018127441,-48.719788,-2.6992798,11.579895,0,0.0,0.0,0.0,0.0
0.498046875,-0.0026909928,0.97666806,0.2147377,-0.032964367,-0.2147084,0.9761217,0.9994529,-0.004451955,0.03277302,0.024062125,0.9968825,-0.07514156,-0.25277418,0.07878781,0.9643121,0.967226,-0.004209551,0.25388193,9.88475,-0.0657959,0.27397156,9.801285,-0.043658767,0.32139355,-0.03263855,0.035354614,0.016601563,-48.599243,-2.758789,11.938477,0,0.0,0.0,0.0,0.0
0.506347656,-0.0026599718,0.9766417,0.21485789,-0.033233102,-0.21482632,0.97608674,0.9994441,-0.004544032,0.033028267,0.020547157,0.99773556,-0.0640436,-0.24447009,0.0671265,0.9673306,0.96943915,-0.00421915,0.24529576,9.938583,-0.0023956299,0.31944275,9.801199,-0.044561733,0.32389668,-0.024383545,0.02696228,0.012786865,-48.599243,-2.758789,11.938477,0,0.0,0.0,0.0,0.0
0.514648438,-0.0017242645,0.98220056,0.18782763,-0.033534218,-0.18777907,0.9816387,0.9994361,-0.0046060476,0.033261105,0.01891432,0.9981003,-0.058634274,-0.24042311,0.061464407,0.9687202,0.97048384,-0.004225648,0.24112895,9.938583,-0.0023956299,0.31944275,9.80112,-0.045169897,0.32618,-0.015075684,0.010620117,0.013549805,-48.298645,-2.4597168,12.419128,0,0.0,0.0,0.0,0.0
0.522949219,-0.0017285639,0.9822036,0.18781152,-0.033640053,-0.18776263,0.98163825,0.99943256,-0.004621165,0.03336594,0.01613523,0.9986606,-0.049158078,-0.23251943,0.051564313,0.9712239,0.9724579,-0.004240712,0.23304002,10.0247345,0.015548706,0.3254242,9.801085,-0.04531815,0.3272081,-0.007736206,-0.007858276,-4.5776367E-5,-48.298645,-2.4597168,12.419128,0,0.0,0.0,0.0,0.0
0.53125,-9.965465E-4,0.986017,0.1666419,-0.03362071,-0.16658081,0.98545444,0.9994341,-0.004620569,0.033316597,0.013615611,0.99910635,-0.040014047,-0.22488856,0.042052314,0.9734766,0.97428936,-0.0042557777,0.22526015,10.047455,-0.011962891,0.31225586,9.801101,-0.0453123,0.32672423,0.0040130615,-0.021759033,-0.0026397705,-48.298645,-2.218628,12.838745,0,0.0,0.0,0.0,0.0
0.539550781,-0.0010236765,0.98603374,0.16654274,-0.03347291,-0.16648328,0.98547596,0.99943906,-0.004565862,0.033175845,0.012541203,0.9992737,-0.03598352,-0.22116616,0.037867162,0.9745007,0.97515553,-0.004263073,0.22148041,10.047455,-0.011962891,0.31225586,9.801149,-0.04477581,0.3253439,0.003250122,-0.021759033,-0.0026397705,-48.298645,-2.218628,12.838745,0,0.0,0.0,0.0,0.0
0.547851563,-8.18237E-4,0.9872589,0.15912028,-0.033272587,-0.1590591,0.9867082,0.999446,-0.004486982,0.032978803,0.011517874,0.9994206,-0.032027725,-0.21750726,0.033767007,0.9754745,0.9759908,-0.004269129,0.21777017,9.980469,-0.08375549,0.3409729,9.801217,-0.04400226,0.32341158,0.003250122,-0.021759033,-0.007522583,-48.179626,-2.0996094,12.779236,0,0.0,0.0,0.0,0.0
0.556152344,-7.059404E-4,0.98719233,0.15953274,-0.03317524,-0.15946808,0.9866454,0.99944925,-0.0045960248,0.032862924,0.0096775815,0.99964994,-0.024622068,-0.21037522,0.026107518,0.97727203,0.97757274,-0.0042777564,0.21055424,9.964905,-0.14596558,0.34336853,9.8012495,-0.045071606,0.3222752,-0.015075684,-0.0037384033,-0.0014190674,-48.179626,-2.0996094,12.779236,0,0.0,0.0,0.0,0.0
0.564453125,-1.6130187E-4,0.9890956,0.14727479,-0.033162948,-0.14719908,0.98855084,0.99944997,-0.0047246106,0.032825068,0.008014102,0.99981534,-0.01746771,-0.20349638,0.018733382,0.9788965,0.9790429,-0.0042903596,0.20360895,9.964905,-0.14596558,0.34336853,9.801256,-0.046332605,0.32190394,-0.023925781,-3.8146973E-4,0.0027008057,-48.35968,-1.9195557,12.838745,0,0.0,0.0,0.0,0.0
0.572753906,1.9175333E-5,0.9889964,0.14793977,-0.033149064,-0.14785784,0.988453,0.99945045,-0.004923019,0.03278147,0.0072960425,0.9998721,-0.014231814,-0.20014891,0.015404383,0.9796443,0.9797383,-0.0042990446,0.20023571,9.982849,-0.1878357,0.3146515,9.801261,-0.048278324,0.32147643,-0.020568848,-0.00541687,-0.002029419,-48.35968,-1.9195557,12.838745,0,0.0,0.0,0.0,0.0
0.581054688,1.6188137E-4,0.9889176,0.14846551,-0.033061195,-0.14837906,0.98837775,0.99945325,-0.005068447,0.032670777,0.0059690042,0.9999509,-0.007911844,-0.19363797,0.0089180395,0.98103255,0.9810549,-0.004323754,0.19368169,10.02832,-0.15911865,0.2871399,9.801289,-0.04970449,0.32039088,-0.024230957,-0.008926392,-0.0055389404,-48.35968,-1.9195557,12.838745,0,0.0,0.0,0.0,0.0
0.589355469,7.1004964E-4,0.9907588,0.1356341,-0.0330497,-0.13553677,0.990221,0.9994535,-0.0051857713,0.032648038,0.0047759293,0.99998695,-0.0018044425,-0.1873646,0.002667355,0.9822868,0.9822788,-0.004353244,0.18737489,9.98645,-0.13877869,0.3529358,9.8012905,-0.050855044,0.3201679,-0.009719849,0.0048217773,0.0011749268,-48.298645,-1.739502,12.95929,0,0.0,0.0,0.0,0.0
0.59765625,7.9317926E-4,0.99064904,0.13643302,-0.03314726,-0.13633205,0.99010855,0.99945015,-0.0053077135,0.03272916,0.0042756614,0.99999046,9.087008E-4,-0.18431468,-1.05066094E-4,0.9828673,0.982858,-0.0043698945,0.18431248,9.927826,-0.1268158,0.38046265,9.801258,-0.052050892,0.32096344,0.0030975342,0.006500244,0.0043945313,-48.179626,-1.6799927,12.478638,0,0.0,0.0,0.0,0.0
0.605957031,8.298587E-4,0.9906298,0.13657205,-0.033439003,-0.13646823,0.99007994,0.99944043,-0.005388459,0.033012424,0.0033523068,0.9999751,0.0062141484,-0.17839104,-0.0055164914,0.9839442,0.98395395,-0.0044070315,0.1783681,9.962524,-0.08734131,0.49172974,9.801163,-0.052842736,0.3237413,0.014404297,0.0057373047,0.0023956299,-48.179626,-1.6799927,12.478638,0,0.0,0.0,0.0,0.0
0.614257813,0.0010498851,0.9913698,0.13109133,-0.03369473,-0.13098188,0.99081194,0.99943155,-0.0054573254,0.033266418,0.0025280607,0.99993265,0.011325634,-0.17270288,-0.010718913,0.9849156,0.9849707,-0.004445896,0.17266415,9.962524,-0.08734131,0.49172974,9.801076,-0.05351808,0.3262321,0.037002563,-0.013198853,-0.002029419,-48.239136,-1.5594482,12.179565,0,0.0,0.0,0.0,0.0
0.622558594,9.740936E-4,0.9914088,0.13079613,-0.03381029,-0.13068876,0.99084675,0.9994278,-0.005387433,0.03339252,0.002169718,0.9999038,0.013699459,-0.16994524,-0.013131512,0.985366,0.9854511,-0.0044661243,0.1699004,9.978073,-0.0143585205,0.4749756,9.801039,-0.05283267,0.32746875,0.049682617,-0.023284912,-0.0023345947,-48.239136,-1.5594482,12.179565,0,0.0,0.0,0.0,0.0
0.630861899,9.446786E-4,0.99142396,0.13068156,-0.033798143,-0.13057531,0.9908622,0.9994283,-0.0053528403,0.033384938,0.001511514,0.99983144,0.018299343,-0.16459346,-0.017801043,0.98620087,0.9863603,-0.004502608,0.16453879,9.992432,-0.034698486,0.44267273,9.801043,-0.05249343,0.32739437,0.04876709,-0.021759033,0.0045318604,-48.239136,-1.5594482,12.179565,0,0.0,0.0,0.0,0.0
0.63916268,8.934613E-4,0.9912807,0.1317645,-0.03373902,-0.13165966,0.9907207,0.9994303,-0.005330775,0.033327203,9.2586526E-4,0.99974144,0.022719162,-0.1594465,-0.022280928,0.9869551,0.9872061,-0.004536278,0.15938464,9.981659,-0.021530151,0.40438843,9.801064,-0.052277043,0.3268282,0.044784546,-0.016860962,0.0025634766,-48.239136,-1.5594482,12.059021,0,0.0,0.0,0.0,0.0
0.647463462,0.0011284633,0.99217683,0.12483565,-0.033542775,-0.12472792,0.9916238,0.9994366,-0.0053063445,0.033139613,6.546029E-4,0.99969006,0.024886662,-0.15694658,-0.024475543,0.9873038,0.9876069,-0.004552168,0.15688191,9.96611,-0.020339966,0.29312134,9.801126,-0.052037466,0.32498857,0.03364563,-0.015487671,0.0025634766,-48.298645,-1.3793945,11.399841,0,0.0,0.0,0.0,0.0
0.655764243,0.001111384,0.99218583,0.12476437,-0.033345085,-0.124658294,0.99163926,0.99944323,-0.00526237,0.032945972,2.0097755E-4,0.9995845,0.028822714,-0.15208411,-0.028456884,0.9879578,0.98836756,-0.004582034,0.15201521,9.955338,-0.020339966,0.28474426,9.80119,-0.051606223,0.32308963,0.02798462,-0.017166138,-0.005996704,-48.298645,-1.3793945,11.399841,0,0.0,0.0,0.0,0.0
0.664065024,-1.3761867E-4,0.986935,0.16111898,-0.033069324,-0.16103536,0.9863945,0.99945307,-0.0051923497,0.032659434,-1.9925414E-4,0.9994683,0.03260431,-0.14740223,-0.032277517,0.98854977,0.9890766,-0.0046089753,0.14733028,9.955338,-0.020339966,0.22013855,9.801287,-0.050919555,0.32027966,0.015014648,-0.014419556,-9.613037E-4,-48.179626,-1.7990112,10.978699,0,0.0,0.0,0.0,0.0
0.672365805,-1.4331072E-4,0.9869389,0.16109464,-0.032826167,-0.16101247,0.98640627,0.99946105,-0.0051467572,0.032420497,-4.8833527E-4,0.99938136,0.0351666,-0.14512374,-0.034865137,0.98879904,0.9894134,-0.004620643,0.14505097,9.960129,-0.04307556,0.23928833,9.801365,-0.05047245,0.31793648,6.5612793E-4,-0.0061798096,-0.0053863525,-48.179626,-1.7990112,10.978699,0,0.0,0.0,0.0,0.0
0.680666587,-1.6097378E-4,0.9869513,0.16101916,-0.032653216,-0.16093847,0.98642415,0.9994667,-0.0050990046,0.03225304,-0.0010168734,0.9991935,0.040140968,-0.14068963,-0.039884683,0.98925006,0.99005324,-0.004641476,0.14061671,9.960129,-0.04307556,0.23928833,9.801421,-0.05000416,0.31629428,-0.014465332,0.0034484863,-0.004470825,-48.179626,-1.7990112,10.978699,0,0.0,0.0,0.0,0.0
0.688967368,-0.003965525,0.961866,0.2734922,-0.032426357,-0.2734742,0.9613326,0.9994663,-0.005056167,0.032274283,-0.0014836667,0.9989895,0.044919197,-0.13642038,-0.044701494,0.989642,0.99064994,-0.0046595945,0.13634886,9.934998,-0.051452637,0.3146515,9.801415,-0.049584057,0.31650257,-0.014160156,0.012451172,-0.008285522,-49.079895,-2.999878,9.838867,0,0.0,0.0,0.0,0.0
0.697268149,-0.0049709207,0.9538487,0.30024648,-0.032405294,-0.30024615,0.95331115,0.9994624,-0.0049907407,0.032402247,-0.0020060912,0.998771,0.049521778,-0.13434424,-0.049342122,0.9897055,0.9909327,-0.0046675256,0.13427812,9.976868,-0.044265747,0.35653687,9.801378,-0.04894245,0.3177575,-0.012481689,0.010467529,-0.012710571,-49.079895,-3.239441,9.47876,0,0.0,0.0,0.0,0.0
0.70556893,-0.0051216125,0.9540694,0.29954165,-0.032515887,-0.2995461,0.95352757,0.99945813,-0.004856264,0.03255658,-0.0031118863,0.9982204,0.05955103,-0.13031052,-0.059448324,0.9896894,0.99146837,-0.0046803243,0.13026361,9.985245,-0.011962891,0.3637085,9.801336,-0.047623686,0.31927097,-0.016143799,0.012298584,-0.009811401,-49.079895,-3.239441,9.47876,0,0.0,0.0,0.0,0.0
0.713869712,-0.0052605313,0.95427257,0.29889175,-0.03265556,-0.2989004,0.9537254,0.99945277,-0.004743375,0.032734677,-0.0036198837,0.9979174,0.064402245,-0.12835304,-0.06433361,0.98963964,0.991722,-0.0046838433,0.12831864,10.00679,-0.025131226,0.39482117,9.801284,-0.04651662,0.32101753,-0.012619019,0.005126953,-0.008743286,-49.079895,-3.239441,9.47876,0,0.0,0.0,0.0,0.0
0.722170493,-0.006490379,0.942996,0.3327408,-0.032406878,-0.3327714,0.9424505,0.99945366,-0.0046662297,0.032719366,-0.004552703,0.99726343,0.07379016,-0.12455514,-0.0737818,0.9894656,0.9922022,-0.004686201,0.12455019,10.066605,-0.027511597,0.32183838,9.801293,-0.045760084,0.32086742,-0.0045318604,-0.020233154,-0.0030975342,-49.319458,-3.5995483,9.239197,0,0.0,0.0,0.0,0.0
0.730471274,-0.0064393105,0.94291174,0.33298054,-0.03211094,-0.33301067,0.94237614,0.99946356,-0.0046240664,0.03242214,-0.005554982,0.99643296,0.084205404,-0.12089189,-0.084258266,0.9890833,0.99265015,-0.0046854108,0.12092871,10.066605,-0.04307556,0.23808289,9.80139,-0.045346603,0.3179526,0.0038604736,-0.038101196,-0.0067596436,-49.319458,-3.5995483,9.239197,0,0.0,0.0,0.0,0.0
0.738772055,-0.00692657,0.93653846,0.3504966,-0.031542674,-0.3505352,0.9360183,0.9994784,-0.0045722025,0.03196893,-0.0060144835,0.99599004,0.08926202,-0.11910587,-0.0893417,0.9888538,0.99286336,-0.004684184,0.1191656,10.065414,-0.04307556,0.23808289,9.801536,-0.044837993,0.31350812,0.0038604736,-0.053970337,-0.0050811768,-49.61853,-3.779602,9.118652,0,0.0,0.0,0.0,0.0
0.747072837,-0.00904885,0.9084599,0.4178741,-0.030475572,-0.41794765,0.9079598,0.99949455,-0.0045189597,0.03146778,-0.0069401185,0.9949831,0.09980231,-0.1156121,-0.0999338,0.98825455,0.99327016,-0.0046797493,0.11572563,9.985245,-0.08135986,0.23808289,9.801693,-0.044315852,0.30859348,-8.69751E-4,-0.038864136,-0.007522583,-50.039673,-4.499817,8.699036,0,0.0,0.0,0.0,0.0
0.755373618,-0.0088836355,0.9081077,0.41864228,-0.030062497,-0.4187121,0.9076212,0.9995085,-0.004522457,0.031019675,-0.008084169,0.9935874,0.112777315,-0.1122071,-0.11297007,0.9872423,0.993652,-0.004673382,0.11240083,9.951752,-0.095718384,0.27038574,9.801831,-0.044350155,0.30419913,-0.008651733,-0.028625488,-0.004470825,-50.039673,-4.499817,8.699036,0,0.0,0.0,0.0,0.0
0.763674399,-0.0094935,0.8966379,0.44266292,-0.029626142,-0.44274077,0.8961602,0.999516,-0.0046066977,0.030767078,-0.009101206,0.992082,0.12526143,-0.10890886,-0.12550487,0.98609704,0.99401003,-0.004667406,0.109188765,9.950546,-0.1268158,0.30867004,9.801904,-0.04517627,0.30172196,-0.0152282715,-0.006790161,0.0023956299,-50.39978,-4.73938,8.518982,0,0.0,0.0,0.0,0.0
0.77197518,-0.009353655,0.8963184,0.44331247,-0.029558437,-0.44338596,0.8958433,0.9995193,-0.0047242143,0.030641047,-0.009619805,0.99122465,0.13183764,-0.10729605,-0.13210574,0.9854114,0.99418056,-0.004666192,0.10762532,9.94577,-0.11605835,0.33021545,9.801936,-0.04632872,0.30048603,-0.009414673,8.392334E-4,0.0056152344,-50.39978,-4.73938,8.518982,0,0.0,0.0,0.0,0.0
0.780275962,-0.010875714,0.87050694,0.4920359,-0.029068148,-0.49213225,0.87003493,0.9995182,-0.004840321,0.030656315,-0.010563603,0.9894316,0.14461505,-0.104155794,-0.14492518,0.98394525,0.99450487,-0.0046684896,0.10458597,9.948166,-0.0993042,0.33021545,9.801926,-0.047467336,0.30063576,-0.011566162,0.0029754639,0.0040893555,-50.698853,-5.279541,8.21991,0,0.0,0.0,0.0,0.0
0.788576743,-0.0108258985,0.8703799,0.4922616,-0.02914789,-0.49235594,0.86990565,0.9995165,-0.004930877,0.030699937,-0.011103678,0.9883348,0.15189168,-0.10261844,-0.15222532,0.98300403,0.9946588,-0.004671926,0.10311163,9.948166,-0.0993042,0.33021545,9.8019085,-0.04835539,0.30106354,-0.005142212,-0.0031280518,0.0014801025,-50.698853,-5.279541,8.21991,0,0.0,0.0,0.0,0.0
0.796877524,-0.011038786,0.8645847,0.5023658,-0.029086225,-0.5024615,0.8641101,0.9995159,-0.0050732,0.030694067,-0.012086263,0.9860512,0.16600285,-0.09963081,-0.1663764,0.9810161,0.99495107,-0.00468218,0.10025194,9.933807,-0.13040161,0.30508423,9.801903,-0.0497511,0.301006,-0.008956909,-0.0032806396,0.0065307617,-50.819397,-5.4595947,8.279419,0,0.0,0.0,0.0,0.0
0.805178305,-0.010917999,0.8642742,0.5029025,-0.029156005,-0.5029938,0.86379814,0.99951524,-0.005231682,0.030690467,-0.012990525,0.9835842,0.17998154,-0.09674949,-0.1803886,0.97882557,0.995224,-0.004697664,0.097504616,9.951752,-0.14955139,0.31944275,9.801897,-0.051305283,0.3009707,3.5095215E-4,0.010467529,0.008666992,-50.819397,-5.4595947,8.279419,0,0.0,0.0,0.0,0.0
0.813479087,-0.010814255,0.86400723,0.50336325,-0.029236555,-0.50345063,0.8635291,0.9995139,-0.0053781834,0.030705038,-0.013398538,0.9823135,0.18676361,-0.09535001,-0.1871844,0.9776863,0.99535364,-0.0047083446,0.0961716,9.94696,-0.11366272,0.28355408,9.801884,-0.052741963,0.30111358,1.9836426E-4,0.011077881,0.006225586,-50.819397,-5.4595947,8.279419,0,0.0,0.0,0.0,0.0
0.821779868,-0.008244738,0.9030534,0.429449,-0.030154252,-0.4294928,0.9025666,0.99951124,-0.005508289,0.03077196,-0.014133194,0.9797098,0.19992252,-0.09263304,-0.20036551,0.97533214,0.99560004,-0.00473487,0.09358529,9.998413,-0.08734131,0.29670715,9.801857,-0.054017864,0.30176985,0.0017242432,0.014587402,0.007293701,-50.338745,-4.73938,8.999634,0,0.0,0.0,0.0,0.0
0.830080649,-0.00855453,0.8980113,0.43988934,-0.030164925,-0.439937,0.897522,0.9995083,-0.0055913497,0.030851895,-0.014469493,0.9777428,0.20930733,-0.09007304,-0.20975274,0.9735967,0.99583,-0.004765497,0.09110329,10.009171,-0.07896423,0.31944275,9.801828,-0.05483241,0.30255374,0.002029419,0.0074157715,0.0042266846,-50.579834,-4.9194336,9.059143,0,0.0,0.0,0.0,0.0
0.83838143,-0.008523388,0.8979442,0.4400268,-0.030245312,-0.44007295,0.8974526,0.9995062,-0.005659411,0.030909514,-0.014634707,0.97670656,0.21407938,-0.08883042,-0.21452573,0.9726705,0.99593925,-0.0047820145,0.089900784,10.009171,-0.07896423,0.31944275,9.801807,-0.055499867,0.3031188,0.002029419,-0.008621216,0.0023956299,-50.579834,-4.9194336,9.059143,0,0.0,0.0,0.0,0.0
0.846682212,-0.0092086205,0.88663924,0.4623701,-0.030006196,-0.46242645,0.8861497,0.99950725,-0.00571375,0.03086298,-0.014920011,0.97462815,0.22333236,-0.08642329,-0.22377834,0.9708009,0.9961468,-0.0048167594,0.08756935,10.009171,-0.07896423,0.31944275,9.801819,-0.056032754,0.30266246,-0.004837036,-0.023132324,-1.9836426E-4,-50.579834,-5.218506,8.999634,0,0.0,0.0,0.0,0.0
0.854982993,-0.009027138,0.88623184,0.46315384,-0.029793661,-0.46320543,0.8857499,0.9995153,-0.005803263,0.030585514,-0.015083851,0.9734739,0.22830027,-0.085248284,-0.22874695,0.9697461,0.99624556,-0.0048346994,0.08643736,9.982849,-0.114852905,0.22492981,9.801897,-0.056910567,0.29994145,-0.0014801025,-0.02557373,-1.9836426E-4,-50.579834,-5.218506,8.999634,0,0.0,0.0,0.0,0.0
0.863283774,-0.0087557705,0.8856215,0.4643251,-0.0295211,-0.46436945,0.88514936,0.9995258,-0.0059572216,0.030210437,-0.015365516,0.9711537,0.23795895,-0.08295958,-0.23840474,0.967616,0.99643445,-0.0048730546,0.084229715,10.039093,-0.16270447,0.17706299,9.802,-0.05842039,0.2962632,-0.0042266846,-0.019165039,0.0054626465,-50.579834,-5.218506,8.999634,0,0.0,0.0,0.0,0.0
0.871584555,-0.009288559,0.8721284,0.48918906,-0.029055752,-0.48923898,0.8716657,0.9995346,-0.0061172373,0.029884666,-0.015589213,0.9688222,0.24726607,-0.08075028,-0.24770823,0.96546364,0.9966124,-0.004915987,0.082094245,9.997208,-0.14117432,0.20458984,9.802087,-0.059989613,0.2930685,-0.012481689,-0.0048065186,-0.003250122,-50.579834,-5.519104,8.879089,0,0.0,0.0,0.0,0.0
0.879885337,-0.009121359,0.8717332,0.4898959,-0.028927878,-0.4899413,0.8712753,0.9995399,-0.006224434,0.029686322,-0.015723296,0.9675163,0.25231913,-0.07966538,-0.25276026,0.96424353,0.99669766,-0.0049400125,0.08105178,9.997208,-0.14117432,0.20458984,9.802137,-0.06104084,0.29112336,-0.011245728,-5.340576E-4,-0.003250122,-50.579834,-5.519104,8.879089,0,0.0,0.0,0.0,0.0
0.888186118,-0.008331132,0.8835531,0.46825683,-0.029107023,-0.46828893,0.8830958,0.9995416,-0.0062723756,0.029618979,-0.015948696,0.9648988,0.2621371,-0.07755549,-0.26257437,0.96178997,0.9968605,-0.0049908757,0.079020925,9.949356,-0.098098755,0.2416687,9.802155,-0.06151099,0.29046297,-0.017364502,0.006500244,0.0066833496,-50.279236,-5.3390503,9.1796875,0,0.0,0.0,0.0,0.0
