Time,Rot1,Rot2,Rot3,Rot4,Rot5,Rot6,Rot7,Rot8,Rot9,FRot1,FRot2,FRot3,FRot4,FRot5,FRot6,FRot7,FRot8,FRot9,AccX,AccY,AccZ,GravX,GravY,GravZ,GyroX,GyroY,GyroZ,MagX,MagY,MagZ,Imid
0.0,0.0,0.0,0.0,0.0,0.0,0.0,0.0,0.0,0.0,1.0,0.0,0.0,0.0,1.0,0.0,0.0,0.0,1.0,9.828522,-0.114852905,-0.04547119,9.805311,-0.15812857,-0.035480104,0.0,0.0,0.0,0.0,0.0,0.0,0,0.0,0.0,0.0,0.0
0.008300781,0.0,0.0,0.0,0.0,0.0,0.0,0.0,0.0,0.0,1.0,0.0,0.0,0.0,1.0,0.0,0.0,0.0,1.0,9.828522,-0.114852905,-0.04547119,9.805318,-0.15790632,-0.03462455,0.06311035,0.041778564,0.007446289,0.0,0.0,0.0,0,0.0,0.0,0.0,0.0
0.016601562,0.016327627,0.9577104,0.2872702,-0.0018376773,-0.28727928,0.9578451,0.999865,-0.016167248,-0.002930626,1.0,0.0,0.0,0.0,1.0,0.0,0.0,0.0,1.0,9.899109,-0.1758728,0.14237976,9.805326,-0.15854655,-0.028739624,0.05731201,0.096450806,0.008666992,-18.299866,-2.0996094,8.039856,0,0.0,0.0,0.0,0.0
0.024902343,0.016158143,0.95782036,0.2869132,-0.0027743343,-0.2869066,0.9579546,0.9998656,-0.01627476,-0.001978564,0.9953491,0.07367704,-0.062062863,-0.07349426,0.99728197,0.005225819,0.0622792,-6.402502E-4,0.99805856,10.013962,-0.18304443,0.1651001,9.805332,-0.15960087,-0.019403087,0.06097412,0.08911133,0.01675415,-18.299866,-2.0996094,8.039856,0,0.0,0.0,0.0,0.0
0.033203125,0.015861409,0.94685495,0.3212697,-0.0043869927,-0.3212411,0.9469873,0.9998645,-0.016429957,-9.414899E-4,0.9897678,0.10928682,-0.09173953,-0.10873186,0.9940098,0.011040935,0.09239661,-9.529544E-4,0.9957218,10.013962,-0.18304443,0.1651001,9.805322,-0.16112284,-0.009232862,0.07014465,0.07185364,0.022567749,-18.418884,-2.3986816,7.978821,0,0.0,0.0,0.0,0.0
0.041503906,0.015656428,0.9470036,0.32084116,-0.005235441,-0.32079846,0.947133,0.99986374,-0.016508466,-6.4576765E-5,0.97261775,0.17934933,-0.14781246,-0.17707403,0.98378414,0.028520577,0.1505307,-0.0015658719,0.98860407,10.082153,-0.102890015,0.1651001,9.805314,-0.16189274,-6.332818E-4,0.062805176,0.052764893,0.019500732,-18.418884,-2.3986816,7.978821,0,0.0,0.0,0.0,0.0
0.049804687,0.015183872,0.92838365,0.37131292,-0.0067307972,-0.37125242,0.9285076,0.9998621,-0.016597573,6.117128E-4,0.9345366,0.27760756,-0.22265543,-0.26945817,0.96069145,0.066814914,0.2324515,-0.0024446575,0.97260493,10.122833,-0.107681274,0.13639832,9.805298,-0.16276659,0.0059988536,0.014099121,0.013214111,0.014007568,-18.359375,-2.6992798,7.499695,0,0.0,0.0,0.0,0.0
0.058105468,0.015075847,0.9284776,0.3710823,-0.0071982658,-0.37101412,0.92859936,0.99986047,-0.016670572,0.0010900766,0.9345366,0.27760756,-0.22265543,-0.26945817,0.96069145,0.066814914,0.2324515,-0.0024446575,0.97260493,10.122833,-0.107681274,0.13639832,9.805282,-0.16348246,0.01069,0.014099121,0.013214111,0.014007568,-18.359375,-2.6992798,7.499695,0,0.0,0.0,0.0,0.0
0.06640625,0.014862781,0.91887194,0.39427578,-0.00782963,-0.3942003,0.91899115,0.99985886,-0.016745798,0.0013355144,0.9019605,0.34047323,-0.2656037,-0.32570142,0.94024944,0.09924551,0.28352416,-0.0030080315,0.95896035,10.060623,-0.12562561,0.124420166,9.805266,-0.16422018,0.013096922,-0.0043792725,-0.028015137,0.012634277,-18.838501,-2.758789,7.1395874,0,0.0,0.0,0.0,0.0
0.074707031,0.01485811,0.9188766,0.3942652,-0.007884104,-0.3941888,0.9189957,0.9998585,-0.016762968,0.0013876163,0.8649084,0.40036282,-0.30272618,-0.37660128,0.9163498,0.13592091,0.33182076,-0.0035520743,0.9433358,10.035492,-0.100494385,0.15553284,9.8052635,-0.16438858,0.013607869,0.00630188,-0.05290222,0.014312744,-18.838501,-2.758789,7.1395874,0,0.0,0.0,0.0,0.0
0.083007812,0.01417314,0.8790625,0.47649556,-0.009066091,-0.47641084,0.8791758,0.9998584,-0.016780637,0.0012174246,0.8451427,0.42882755,-0.31912485,-0.39968407,0.9033783,0.1554358,0.35494563,-0.0038163057,0.9348792,10.035492,-0.100494385,0.15553284,9.805262,-0.16456184,0.011938858,0.007217407,-0.056427002,0.0138549805,-19.259644,-3.2989502,6.6589355,0,0.0,0.0,0.0,0.0
0.091308593,0.014363413,0.87882495,0.47692814,-0.008768745,-0.4768483,0.8789419,0.9998584,-0.016806664,8.5702294E-4,0.82394284,0.4579418,-0.3337777,-0.42271224,0.8889728,0.1761864,0.37740242,-0.004075606,0.9260404,9.999603,-0.11366272,0.06819153,9.805262,-0.16481708,0.008404524,0.013641357,-0.05305481,0.007751465,-19.259644,-3.2989502,6.6589355,0,0.0,0.0,0.0,0.0
0.099609375,0.014540176,0.8786038,0.47732985,-0.008434621,-0.47725555,0.878724,0.9998587,-0.016802901,4.7130944E-4,0.7798266,0.51304615,-0.35868388,-0.46386957,0.8583488,0.2192312,0.42035162,-0.0045797816,0.9073497,9.958923,-0.117248535,0.0047912598,9.805264,-0.16478017,0.0046219667,0.007843018,-0.030761719,0.0045318604,-19.259644,-3.2989502,6.6589355,0,0.0,0.0,0.0,0.0
0.107910156,0.014136452,0.85040987,0.52593076,-0.008977199,-0.5258541,0.8505273,0.99985975,-0.016744824,2.0058715E-4,0.73417044,0.5640663,-0.3779193,-0.49870494,0.82571393,0.26360914,0.4607463,-0.005063841,0.88751745,9.897903,-0.09690857,-0.0023956299,9.805275,-0.16421063,0.001967088,0.012420654,-0.028320313,0.0028686523,-19.259644,-3.5385132,6.239319,0,0.0,0.0,0.0,0.0
0.116210937,0.014260561,0.8502329,0.52621347,-0.008740736,-0.52614087,0.8503525,0.9998601,-0.016725997,-7.140188E-5,0.7104407,0.58898836,-0.38518405,-0.5146467,0.8081242,0.2864858,0.48001334,-0.0052974727,0.87724525,9.96611,-0.13279724,-0.029907227,9.805278,-0.16402599,-7.0021325E-4,0.011047363,-0.03213501,0.0031738281,-19.259644,-3.5385132,6.239319,0,0.0,0.0,0.0,0.0
0.124511718,0.013844874,0.8220677,0.5692215,-0.009298965,-0.5691456,0.82218426,0.99986094,-0.016676206,-2.3536931E-4,0.6627101,0.63577324,-0.39573693,-0.5420218,0.77185446,0.33234462,0.5167472,-0.0057500647,0.85611874,9.944565,-0.114852905,0.057434082,9.805286,-0.16353773,-0.0023081845,0.035324097,-0.028167725,-0.0012664795,-19.499207,-3.6590576,5.758667,0,0.0,0.0,0.0,0.0
0.1328125,0.012891957,0.7611537,0.64844346,-0.010493594,-0.6483586,0.7612627,0.9998618,-0.016618667,-3.7137346E-4,0.61401474,0.6801038,-0.40055564,-0.5649868,0.7330898,0.3786414,0.55115867,-0.0061827605,0.8343775,9.944565,-0.114852905,0.057434082,9.805295,-0.16297345,-0.0036419297,0.046157837,-0.017944336,0.0037841797,-20.098877,-4.258728,5.3985596,0,0.0,0.0,0.0,0.0
0.141113281,0.012831273,0.7612694,0.64830875,-0.010516064,-0.6482235,0.76137745,0.9998624,-0.016587099,-3.119756E-4,0.58874935,0.70219094,-0.40037748,-0.57557607,0.71196,0.4022751,0.56752664,-0.0063914894,0.8233302,9.92543,-0.13877869,0.13400269,9.805301,-0.16266388,-0.0030594356,0.05090332,-0.0011444092,-0.0030975342,-20.098877,-4.258728,5.3985596,0,0.0,0.0,0.0,0.0
0.149414062,0.012666983,0.7615825,0.6479441,-0.010609637,-0.64785725,0.76168776,0.99986345,-0.01652274,-1.262822E-4,0.53897434,0.7431544,-0.39652014,-0.5925598,0.6690855,0.44855043,0.5986481,-0.006795254,0.80098337,9.94577,-0.12562561,0.1375885,9.805311,-0.16203272,-0.0012384055,0.055480957,0.0057373047,-0.0024871826,-20.098877,-4.258728,5.3985596,0,0.0,0.0,0.0,0.0
0.157714843,0.012930737,0.78941226,0.6137273,-0.010162813,-0.6136431,0.7895181,0.9998647,-0.016446246,8.7791566E-5,0.49060303,0.78002506,-0.38841918,-0.604397,0.625707,0.49314797,0.6277044,-0.0071804803,0.7784186,9.997208,-0.119644165,0.119644165,9.805324,-0.16128258,8.609412E-4,0.08357239,-0.006942749,-0.007675171,-19.859314,-4.1992188,5.819702,0,0.0,0.0,0.0,0.0
0.166015625,0.012759769,0.7897044,0.61335474,-0.010217936,-0.6132697,0.7898074,0.99986637,-0.016344981,2.4396878E-4,0.4675973,0.79647255,-0.3833853,-0.60814613,0.6046299,0.5143744,0.6414913,-0.007365804,0.76709497,9.9756775,-0.11126709,0.11366272,9.80534,-0.16028951,0.0023925165,0.079452515,-0.006942749,-0.0043182373,-19.859314,-4.1992188,5.819702,0,0.0,0.0,0.0,0.0
0.174316406,0.012807749,0.80264,0.59632623,-0.009962483,-0.59624314,0.8027421,0.99986833,-0.016222209,3.5975582E-4,0.423052,0.8267421,-0.370843,-0.612591,0.5625282,0.55524254,0.667652,-0.007721395,0.74443346,9.924225,-0.10647583,0.114852905,9.805359,-0.15908553,0.0035279996,0.07167053,-0.0037384033,-0.0056915283,-19.918823,-4.1397095,5.999756,0,0.0,0.0,0.0,0.0
0.182617187,0.012896174,0.81646246,0.5772544,-0.009669944,-0.5771736,0.81656414,0.99987006,-0.016112573,4.5181482E-4,0.38114023,0.85327953,-0.35587373,-0.6130573,0.52139145,0.5935585,0.69202083,-0.008058042,0.7218326,9.924225,-0.10647583,0.114852905,9.805376,-0.15801036,0.00443079,0.06188965,-0.023590088,-8.087158E-4,-19.859314,-4.1397095,6.298828,0,0.0,0.0,0.0,0.0
0.190917968,0.012885368,0.816479,0.5772313,-0.009561113,-0.5771522,0.8165806,0.99987125,-0.016040916,3.696304E-4,0.36130613,0.8651826,-0.34773102,-0.61192566,0.5013895,0.6116826,0.70356584,-0.008219141,0.71058255,9.914658,-0.114852905,0.044265747,9.8053875,-0.15730765,0.003624836,0.05807495,-0.023590088,0.0037841797,-19.859314,-4.1397095,6.298828,0,0.0,0.0,0.0,0.0
0.19921875,0.012980145,0.8163338,0.5774346,-0.009307354,-0.57735956,0.81643695,0.99987245,-0.015971858,1.0369667E-4,0.32334375,0.88693595,-0.32983863,-0.6075998,0.46181378,0.6461816,0.7254456,-0.008528894,0.68822664,9.895523,-0.086135864,-0.04067993,9.8054,-0.15663044,0.001016917,0.04663086,-0.0284729,0.010192871,-19.859314,-4.1397095,6.298828,0,0.0,0.0,0.0,0.0
0.207519531,0.013126833,0.8132055,0.58182865,-0.009032857,-0.5817586,0.8133114,0.99987304,-0.015931778,-2.9107943E-4,0.28769046,0.9061295,-0.3101025,-0.60084915,0.4229084,0.6783279,0.7457979,-0.008823645,0.66611385,9.92543,-0.071777344,-0.13160706,9.805405,-0.15623736,-0.002854514,0.026611328,-0.022216797,0.012176514,-19.558716,-4.319763,6.478882,0,0.0,0.0,0.0,0.0
0.215820312,0.013283708,0.8129743,0.582148,-0.008639751,-0.58208436,0.8130825,0.9998745,-0.015830366,-7.0834346E-4,0.2706735,0.91487074,-0.2995787,-0.5967046,0.40364736,0.69355065,0.7554333,-0.008965813,0.6551642,9.912262,-0.015548706,-0.16270447,9.805419,-0.15524286,-0.0069464766,0.021270752,-0.026489258,0.008056641,-19.558716,-4.319763,6.478882,0,0.0,0.0,0.0,0.0
0.224121093,0.013450206,0.8100472,0.5862102,-0.00838465,-0.5861512,0.8101581,0.99987435,-0.015811965,-0.0010918932,0.2383785,0.93066686,-0.27755165,-0.587022,0.36575112,0.7222404,0.77368003,-0.009237658,0.6335091,9.927826,-0.086135864,-0.15553284,9.805419,-0.15506242,-0.010707815,0.001876831,-0.014877319,0.009124756,-19.619751,-4.319763,6.4193726,0,0.0,0.0,0.0,0.0
0.232421875,0.01360453,0.81501836,0.5792754,-0.008043917,-0.57922107,0.8151309,0.9998751,-0.015749115,-0.0013240909,0.20827888,0.9444259,-0.25432193,-0.575782,0.32858714,0.7486692,0.79062945,-0.009498009,0.6122212,9.934998,-0.0657959,-0.07058716,9.805426,-0.15444607,-0.012984896,-0.0055999756,-0.0184021,0.0037841797,-19.67926,-4.319763,6.539917,0,0.0,0.0,0.0,0.0
0.240722656,0.013673217,0.81491756,0.57941556,-0.007866815,-0.5793641,0.8150308,0.9998755,-0.015702248,-0.0015109652,0.19417962,0.95051366,-0.24252413,-0.56961644,0.31053352,0.7609901,0.7986434,-0.009623036,0.60172755,9.917053,-0.086135864,-0.04547119,9.805429,-0.15398645,-0.014817507,-0.0052948,-0.016860962,0.00881958,-19.67926,-4.319763,6.539917,0,0.0,0.0,0.0,0.0
0.249023437,0.013725222,0.8148412,0.5795216,-0.0077074766,-0.5794727,0.81495506,0.9998761,-0.01565209,-0.0016730225,0.16762972,0.9613422,-0.21845254,-0.55644476,0.27517983,0.7839931,0.81379944,-0.009863781,0.58106214,9.917053,-0.086135864,-0.04547119,9.805435,-0.15349458,-0.016406747,-0.004837036,-0.009536743,0.004852295,-19.67926,-4.319763,6.539917,0,0.0,0.0,0.0,0.0
0.257324218,0.013678152,0.8075494,0.5896412,-0.007850615,-0.58959144,0.8076634,0.9998756,-0.01567639,-0.0017247619,0.14321367,0.9705058,-0.19392867,-0.54235107,0.24086638,0.80488425,0.8278557,-0.010093004,0.5608502,9.938583,-0.12562561,-0.023925781,9.80543,-0.15373288,-0.016914137,-0.010803223,0.0049743652,0.007293701,-20.098877,-4.258728,6.298828,0,0.0,0.0,0.0,0.0
0.265625,0.013455097,0.7890498,0.61418194,-0.008325702,-0.6141278,0.7891627,0.99987483,-0.015731756,-0.0016937566,0.13164648,0.9745661,-0.18135598,-0.5350597,0.22386748,0.8146131,0.83449405,-0.010204676,0.5509224,9.94577,-0.14237976,-0.01675415,9.805423,-0.15427582,-0.016610079,-0.009414673,0.009399414,0.007751465,-20.098877,-4.1397095,5.758667,0,0.0,0.0,0.0,0.0
0.273925781,0.013544465,0.78889304,0.61438113,-0.008369664,-0.61432654,0.7890075,0.9998733,-0.01582885,-0.0017179555,0.10938654,0.9818259,-0.15508905,-0.52016157,0.1894977,0.83278,0.847034,-0.010423554,0.5314366,9.934998,-0.18304443,-0.08494568,9.805408,-0.15522799,-0.016847389,-0.007888794,0.016113281,0.0042266846,-20.098877,-4.1397095,5.758667,0,0.0,0.0,0.0,0.0
0.282226562,0.013555518,0.78887373,0.6144059,-0.008437614,-0.6143502,0.7889884,0.9998725,-0.015879264,-0.0016716222,0.09900545,0.9849121,-0.14193702,-0.51251215,0.17273471,0.8411266,0.85295326,-0.010531664,0.52188116,9.934998,-0.15792847,-0.07058716,9.8054,-0.1557224,-0.016393013,-0.011566162,0.019927979,0.0057678223,-20.098877,-4.1397095,5.758667,0,0.0,0.0,0.0,0.0
0.290527343,0.0129334675,0.7444878,0.6675108,-0.009509472,-0.6674449,0.7445985,0.99987113,-0.015977915,-0.0015526912,0.0796767,0.99008363,-0.1156983,-0.4969219,0.14006804,0.85641664,0.8641297,-0.0107434355,0.5031544,9.919449,-0.2033844,-0.035888672,9.805387,-0.15668982,-0.015226699,-0.010025024,0.019165039,0.0025634766,-20.399475,-4.3792725,5.279541,0,0.0,0.0,0.0,0.0
0.298828125,0.011618273,0.66233087,0.74912137,-0.01117921,-0.749039,0.6624315,0.99986994,-0.016070895,-0.0012982044,0.052132323,0.9959553,-0.07317916,-0.47330576,0.089167476,0.87637365,0.87935424,-0.011051272,0.4760399,9.948166,-0.18544006,0.06700134,9.805375,-0.15760164,-0.012731036,0.0027923584,0.012451172,0.015380859,-20.759583,-4.8599243,4.6188354,0,0.0,0.0,0.0,0.0
0.307128906,0.0115393195,0.6625147,0.74896,-0.0114346845,-0.7488735,0.6626143,0.99986804,-0.01621024,-0.0010658428,0.052132323,0.9959553,-0.07317916,-0.47330576,0.089167476,0.87637365,0.87935424,-0.011051272,0.4760399,9.948166,-0.18544006,0.06700134,9.805356,-0.15896815,-0.010452348,0.0027923584,0.012451172,0.015380859,-20.759583,-4.8599243,4.6188354,0,0.0,0.0,0.0,0.0
0.315429687,0.011038058,0.633211,0.7739004,-0.012104217,-0.77380615,0.63330656,0.9998658,-0.016357936,-8.7679434E-4,0.033934962,0.9985728,-0.041239057,-0.45751363,0.052206833,0.8876687,0.8885548,-0.0112555735,0.45863232,9.937393,-0.1651001,0.07537842,9.805334,-0.16041656,-0.008598415,1.9836426E-4,-0.0012969971,0.021484375,-20.999146,-4.6188354,4.0786743,0,0.0,0.0,0.0,0.0
0.323730468,0.01106051,0.63315165,0.77394867,-0.012311603,-0.7738511,0.6332478,0.999863,-0.016532594,-7.6407637E-4,0.016957054,0.99982005,-0.008502437,-0.44157642,0.015118061,0.8970962,0.8970634,-0.011457633,0.44175336,9.937393,-0.1651001,0.07537842,9.805306,-0.16212936,-0.0074930293,-0.0023956299,-0.014877319,0.029129028,-20.999146,-4.6188354,4.0786743,0,0.0,0.0,0.0,0.0
0.33203125,0.01118569,0.63282025,0.77421796,-0.012375144,-0.77411944,0.63291854,0.9998608,-0.016660688,-8.278181E-4,0.009165931,0.999929,0.0076102624,-0.43356827,-0.0028838774,0.90111613,0.9010741,-0.011559136,0.43351108,9.927826,-0.095718384,0.0143585205,9.805285,-0.16338554,-0.008118123,0.008285522,-0.012741089,0.029129028,-20.999146,-4.6188354,4.0786743,0,0.0,0.0,0.0,0.0
0.340332031,0.011293301,0.6310242,0.7756809,-0.012427317,-0.7755819,0.63112456,0.999859,-0.016767114,-9.169427E-4,-0.0051105097,0.99921525,0.03927906,-0.41754645,-0.037823763,0.90786797,0.9086412,-0.011761164,0.41741207,9.927826,-0.095718384,0.0143585205,9.805267,-0.16442922,-0.008992136,0.007217407,-0.0023651123,0.02684021,-21.299744,-4.559326,4.019165,0,0.0,0.0,0.0,0.0
0.348632812,0.011330298,0.63092333,0.77576256,-0.012439463,-0.7756634,0.6310243,0.9998584,-0.016799761,-9.4015006E-4,-0.017782358,0.997374,0.07020562,-0.40160733,-0.07142838,0.91302216,0.9156393,-0.011959407,0.40182292,10.003189,-0.034698486,-0.01914978,9.805262,-0.16474938,-0.009219723,0.004928589,0.002532959,0.020874023,-21.299744,-4.559326,4.019165,0,0.0,0.0,0.0,0.0
0.356933593,0.010913424,0.6057043,0.79561496,-0.012782801,-0.79551286,0.60580194,0.9998588,-0.016781561,-9.391715E-4,-0.023542594,0.99607366,0.08534112,-0.39369962,-0.08770409,0.91504574,0.9189377,-0.012056217,0.3942186,10.003189,-0.034698486,-0.01914978,9.805265,-0.1645709,-0.0092101265,0.004928589,0.0023651123,0.016143799,-21.1792,-4.73938,3.8986206,0,0.0,0.0,0.0,0.0
0.365234375,0.009848257,0.5391274,0.84216666,-0.013619888,-0.84205705,0.5392165,0.99985874,-0.016780557,-9.499389E-4,-0.039401833,0.990587,0.13109115,-0.37027,-0.13632777,0.9188661,0.9280882,-0.012334114,0.37215623,10.055832,-0.093322754,-0.026321411,9.805264,-0.16456105,-0.009315718,0.016845703,-0.0060272217,-0.009353638,-21.598816,-5.039978,3.479004,0,0.0,0.0,0.0,0.0
0.373535156,0.009908504,0.538948,0.8422808,-0.013490182,-0.84217346,0.539038,0.99985987,-0.01670358,-0.0010741707,-0.044591088,0.9880807,0.14733669,-0.36252797,-0.15343444,0.91925585,0.9309055,-0.012423045,0.36504868,10.016357,-0.10887146,-0.08255005,9.805276,-0.16380617,-0.010534016,0.024017334,-0.0060272217,-0.009353638,-21.598816,-5.039978,3.479004,0,0.0,0.0,0.0,0.0
0.381835937,0.010040256,0.5385555,0.84253025,-0.013328551,-0.84242576,0.53864753,0.9998607,-0.016637865,-0.0012800047,-0.049427766,0.98533726,0.1633014,-0.3548528,-0.17015868,0.9193071,0.9336147,-0.012508659,0.35806027,9.982849,-0.17347717,-0.11366272,9.8052845,-0.16316172,-0.012552558,0.024017334,-0.012741089,-0.015304565,-21.598816,-5.039978,3.479004,0,0.0,0.0,0.0,0.0
0.390136718,0.009783368,0.51238865,0.85869795,-0.01341133,-0.8585946,0.5124797,0.9998622,-0.01653006,-0.001528133,-0.058103904,0.97920346,0.19438255,-0.33973545,-0.2024847,0.918466,0.9387245,-0.01267218,0.34443527,9.968506,-0.18066406,-0.088531494,9.805299,-0.1621045,-0.014985867,0.024627686,-0.021911621,-0.017303467,-21.598816,-5.218506,3.3599854,0,0.0,0.0,0.0,0.0
0.3984375,0.009895101,0.5120539,0.8588963,-0.013149185,-0.8587975,0.5121465,0.99986464,-0.016361527,-0.0017647962,-0.0659358,0.9720293,0.22541371,-0.324897,-0.23450883,0.9162137,0.9434481,-0.012824955,0.33127195,9.970886,-0.14596558,-0.0765686,9.805323,-0.16045177,-0.01730674,0.034713745,-0.020996094,-0.02279663,-21.598816,-5.218506,3.3599854,0,0.0,0.0,0.0,0.0
0.406738281,0.010707328,0.55890155,0.8291649,-0.012260467,-0.8290768,0.55900043,0.99986756,-0.016151348,-0.0020248024,-0.06940662,0.96817005,0.24047753,-0.3176199,-0.24996084,0.91467875,0.94567454,-0.012895688,0.32485902,10.0247345,-0.13400269,-0.08494568,9.805351,-0.15839063,-0.01985653,0.036087036,-0.021759033,-0.022949219,-21.77887,-5.0994873,3.718567,0,0.0,0.0,0.0,0.0
0.415039062,0.01165294,0.61805606,0.7860476,-0.011114461,-0.78597236,0.6181617,0.99987036,-0.015939899,-0.0022895294,-0.07485592,0.96059424,0.26768515,-0.3035409,-0.27764925,0.9114679,0.9498734,-0.013024615,0.31236333,10.0247345,-0.13400269,-0.08494568,9.805379,-0.15631701,-0.022452613,0.04386902,-0.04069519,-0.0206604,-21.479797,-4.8599243,4.1397095,0,0.0,0.0,0.0,0.0
0.423339843,0.011799917,0.61766595,0.78635216,-0.010754819,-0.786283,0.617773,0.9998725,-0.015746742,-0.0026351875,-0.07853413,0.9534507,0.29114297,-0.29014817,-0.30126262,0.9083253,0.9537539,-0.013140063,0.30030137,10.003189,-0.1375885,-0.055038452,9.8054,-0.1544228,-0.025842361,0.06983948,-0.043136597,-0.013015747,-21.479797,-4.8599243,4.1397095,0,0.0,0.0,0.0,0.0
0.431640625,0.011923428,0.6173378,0.78660786,-0.010491775,-0.78654325,0.6174462,0.9998739,-0.015614985,-0.0029013199,-0.08009648,0.94977325,0.30251488,-0.2836294,-0.31266063,0.90653056,0.95558304,-0.013192196,0.29442662,9.915863,-0.15553284,0.013153076,9.805413,-0.1531307,-0.028452229,0.07182312,-0.031677246,-0.013320923,-21.479797,-4.8599243,4.1397095,0,0.0,0.0,0.0,0.0
0.439941406,0.012977992,0.69091606,0.7228186,-0.009012633,-0.7227693,0.69103074,0.9998751,-0.015482687,-0.0031531197,-0.082711905,0.942244,0.32455346,-0.27095446,-0.33466348,0.90254307,0.95903206,-0.013288141,0.28298587,9.933807,-0.13040161,-0.044265747,9.805426,-0.1518333,-0.030921541,0.07777405,-0.011062622,-0.007369995,-20.939636,-4.4387817,4.6188354,0,0.0,0.0,0.0,0.0
0.448242187,0.012994552,0.6908768,0.7228558,-0.008871123,-0.7228088,0.6909913,0.9998762,-0.015391663,-0.0032637222,-0.08326429,0.9390791,0.33346286,-0.2649622,-0.34344244,0.90102285,0.9606571,-0.013332033,0.27741697,9.933807,-0.13040161,-0.044265747,9.805436,-0.15094066,-0.03200618,0.07609558,8.392334E-4,-5.0354004E-4,-20.939636,-4.4387817,4.6188354,0,0.0,0.0,0.0,0.0
0.456542968,0.013219716,0.70009035,0.71393186,-0.008430688,-0.71389085,0.7002062,0.9998771,-0.015275465,-0.0035351915,-0.08403186,0.9327041,0.35071608,-0.253345,-0.3603931,0.89773774,0.96371937,-0.013413595,0.26658043,9.955338,-0.0765686,-0.21774292,9.805445,-0.14980115,-0.034668386,0.07426453,-0.0038909912,0.0027008057,-20.819092,-4.3792725,4.6798706,0,0.0,0.0,0.0,0.0
0.46484375,0.0125062205,0.62790203,0.778192,-0.009352138,-0.7781454,0.6280147,0.99987805,-0.015131848,-0.0038594313,-0.084266,0.9264846,0.3667773,-0.24224803,-0.376091,0.89435536,0.9665481,-0.013487327,0.25613073,9.955338,-0.0765686,-0.21774292,9.805454,-0.14839274,-0.037848093,0.054870605,-0.021911621,-8.087158E-4,-21.1792,-4.559326,4.019165,0,0.0,0.0,0.0,0.0
0.473144531,0.012717621,0.62732625,0.7786527,-0.00899377,-0.77861243,0.6274407,0.99987864,-0.014982576,-0.004260069,-0.08470778,0.9226289,0.3762719,-0.2367087,-0.38545188,0.8918497,0.967881,-0.0135202175,0.25104505,9.954147,-0.039474487,-0.23449707,9.80546,-0.14692888,-0.04177701,0.042648315,-0.018859863,-0.0012664795,-21.1792,-4.559326,4.019165,0,0.0,0.0,0.0,0.0
0.481445312,0.0129657425,0.62665,0.77919304,-0.008711283,-0.7791581,0.62676686,0.9998779,-0.014914268,-0.004643438,-0.08526895,0.91486615,0.39465058,-0.22597103,-0.4035288,0.8866237,0.9703949,-0.013578127,0.24114174,9.919449,-0.105285645,-0.20698547,9.805453,-0.14625901,-0.04553657,0.023712158,-0.017028809,-0.0011138916,-21.1792,-4.559326,4.019165,0,0.0,0.0,0.0,0.0
0.489746093,0.013101959,0.6198582,0.78460443,-0.008647637,-0.7845722,0.6199772,0.9998768,-0.014907891,-0.004919124,-0.085436925,0.90706295,0.4122346,-0.21568762,-0.42077434,0.8811514,0.97271746,-0.013631038,0.23159191,9.865601,-0.14715576,-0.14356995,9.805442,-0.14619647,-0.048240125,-0.011245728,-0.009231567,0.004852295,-21.418762,-4.559326,3.9596558,0,0.0,0.0,0.0,0.0
0.498046875,0.013290217,0.6193319,0.7850168,-0.008530615,-0.78498733,0.6194531,0.9998753,-0.014929343,-0.0051493705,-0.085420765,0.9030862,0.42087838,-0.21069981,-0.42924213,0.87826914,0.9738115,-0.013656575,0.22694628,9.865601,-0.14715576,-0.14356995,9.805428,-0.14640684,-0.050498076,-0.01751709,-0.005264282,0.0068359375,-21.418762,-4.559326,3.9596558,0,0.0,0.0,0.0,0.0
0.506347656,0.012966808,0.5845806,0.81123203,-0.0091432445,-0.81119704,0.5847015,0.9998741,-0.014999005,-0.005173673,-0.08514011,0.89513254,0.4375944,-0.201055,-0.4455893,0.87236863,0.975873,-0.0137069775,0.2179084,9.956528,-0.15553284,-0.04307556,9.805415,-0.14708999,-0.050736398,-0.027435303,-7.6293945E-5,0.009735107,-21.659851,-4.6798706,3.718567,0,0.0,0.0,0.0,0.0
0.514648437,0.012848711,0.5705638,0.8211528,-0.009394826,-0.82111543,0.57068485,0.9998733,-0.015047151,-0.0051899254,-0.08488873,0.88641894,0.45503333,-0.19170801,-0.4626793,0.8655495,0.97777396,-0.0137581425,0.20920987,9.956528,-0.15553284,-0.04307556,9.805408,-0.14756215,-0.050895784,-0.027740479,-0.004196167,0.0042266846,-21.839905,-4.8599243,3.718567,0,0.0,0.0,0.0,0.0
0.522949218,0.012883614,0.57046115,0.8212235,-0.009394623,-0.8211863,0.57058275,0.99987286,-0.015066254,-0.0052205804,-0.08471001,0.8819129,0.46373895,-0.18717046,-0.47121078,0.8619325,0.9786682,-0.013783922,0.20498432,9.954147,-0.13519287,-0.059814453,9.805404,-0.14774948,-0.051196404,-0.0138549805,-0.0048065186,-0.0011138916,-21.839905,-4.8599243,3.718567,0,0.0,0.0,0.0,0.0
0.53125,0.013041503,0.56999654,0.8215437,-0.009344305,-0.82150817,0.5701203,0.99987125,-0.015111977,-0.0053874794,-0.08413167,0.8729331,0.4805306,-0.17841755,-0.48764372,0.85461736,0.98035145,-0.013834703,0.19677286,9.978073,-0.17108154,-0.11126709,9.8053875,-0.14819787,-0.052833125,-0.016143799,-0.019470215,0.009124756,-21.839905,-4.8599243,3.718567,0,0.0,0.0,0.0,0.0
0.539550781,0.01302987,0.5434561,0.8393364,-0.009724718,-0.8392991,0.5435829,0.99986786,-0.015245126,-0.005651002,-0.08328995,0.8640095,0.49653843,-0.17007758,-0.50328404,0.8472183,0.9819045,-0.013885283,0.18886715,9.969696,-0.21655273,-0.14356995,9.805354,-0.14950362,-0.055417396,-0.011108398,-0.015640259,0.00881958,-21.659851,-5.039978,3.5995483,0,0.0,0.0,0.0,0.0
0.547851562,0.013318613,0.54260516,0.8398823,-0.009728014,-0.83984673,0.5427364,0.9998639,-0.015398882,-0.005907123,-0.08288276,0.8592532,0.50479126,-0.16600437,-0.5113611,0.8431799,0.98263574,-0.01391248,0.18502283,9.969696,-0.21655273,-0.14356995,9.805316,-0.15101145,-0.057929087,-0.003616333,-0.013656616,0.0056152344,-21.659851,-5.039978,3.5995483,0,0.0,0.0,0.0,0.0
0.556152343,0.012849485,0.482172,0.87598234,-0.010685949,-0.8759385,0.4823046,0.99986035,-0.015558068,-0.0061028926,-0.08188874,0.84978795,0.5207251,-0.15815112,-0.52693945,0.8350587,0.98401344,-0.013971342,0.17754532,9.90509,-0.25004578,-0.13040161,9.805281,-0.15257253,-0.05984893,-0.0095825195,-0.0046539307,-0.0041656494,-22.31903,-5.3985596,3.2989502,0,0.0,0.0,0.0,0.0
0.564453125,0.01198558,0.39870748,0.9169999,-0.011879023,-0.91694427,0.39883855,0.9998576,-0.015673373,-0.006253853,-0.08109739,0.8389179,0.53818214,-0.15045977,-0.54407704,0.82543445,0.98528427,-0.014034176,0.17034662,9.913467,-0.24765015,-0.13998413,9.805254,-0.15370329,-0.06132935,-0.003616333,0.008331299,-1.9836426E-4,-22.738647,-5.9387207,2.8793335,0,0.0,0.0,0.0,0.0
0.572753906,0.012100955,0.39834198,0.9171571,-0.011967416,-0.91710085,0.39847547,0.99985516,-0.015797935,-0.006330673,-0.08088137,0.8324914,0.5481025,-0.14661017,-0.5538594,0.81960064,0.98588216,-0.014066962,0.1668486,9.913467,-0.24765015,-0.13998413,9.80523,-0.15492482,-0.062082697,0.007522583,0.013366699,0.0027008057,-22.738647,-5.9387207,2.8793335,0,0.0,0.0,0.0,0.0
0.581054687,0.012168875,0.39812678,0.9172496,-0.012058446,-0.91719246,0.39826193,0.99985325,-0.015907006,-0.0063604102,-0.08023152,0.8196879,0.5671637,-0.13921002,-0.57263595,0.8079038,0.9870074,-0.014135509,0.16005222,9.933807,-0.21894836,-0.1483612,9.805211,-0.15599445,-0.06237432,0.011047363,0.009399414,0.010498047,-22.738647,-5.9387207,2.8793335,0,0.0,0.0,0.0,0.0
0.589355468,0.0112913465,0.3271564,0.9449028,-0.013080972,-0.9448338,0.32728884,0.9998507,-0.016055778,-0.0063889227,-0.079807796,0.8133217,0.5763145,-0.13565697,-0.58164155,0.80205375,0.98753625,-0.014170939,0.15675229,9.933807,-0.21894836,-0.1483612,9.805186,-0.15745339,-0.06265393,0.01638794,0.009246826,0.010955811,-23.098755,-6.478882,2.519226,0,0.0,0.0,0.0,0.0
0.59765625,0.011262188,0.32724813,0.9448713,-0.01319081,-0.9448004,0.32738078,0.99984956,-0.016150642,-0.006323852,-0.079171166,0.7988768,0.59626144,-0.1285995,-0.6013259,0.7885869,0.9885313,-0.014245581,0.15034284,9.907486,-0.15553284,-0.0765686,9.805175,-0.1583837,-0.062015805,0.011199951,0.013824463,0.013702393,-23.098755,-6.478882,2.519226,0,0.0,0.0,0.0,0.0
0.605957031,0.011483381,0.34620383,0.938089,-0.013091572,-0.93801844,0.34633806,0.99984837,-0.016258191,-0.0062392694,-0.078277126,0.78455776,0.6150949,-0.12192935,-0.6198903,0.7751575,0.98944724,-0.014321021,0.14418384,9.98764,-0.15074158,-0.07417297,9.805163,-0.1594384,-0.061186332,0.01638794,0.014282227,0.009124756,-23.339844,-6.539917,2.6992798,0,0.0,0.0,0.0,0.0
0.614257812,0.011425572,0.34638315,0.93802357,-0.013187944,-0.93795097,0.34651697,0.9998477,-0.016329756,-0.006148545,-0.077697426,0.77770954,0.6238036,-0.118767254,-0.62845975,0.7687215,0.98987746,-0.014359765,0.14119613,9.98764,-0.15074158,-0.07417297,9.805157,-0.1601402,-0.060296632,0.0093688965,0.009094238,0.005004883,-23.339844,-6.539917,2.6992798,0,0.0,0.0,0.0,0.0
0.622558593,0.009325693,0.20715594,0.9782635,-0.014796371,-0.97817034,0.20727727,0.999847,-0.016407754,-0.0060569607,-0.076399855,0.7641598,0.64048636,-0.112713456,-0.64486533,0.75593936,0.99068594,-0.014437777,0.13539872,10.025925,-0.17706299,-0.08375549,9.80515,-0.16090511,-0.059398495,0.01776123,0.024215698,0.009735107,-23.878479,-7.1395874,1.739502,0,0.0,0.0,0.0,0.0
0.630859375,0.009304552,0.20722319,0.97824943,-0.014833156,-0.9781555,0.20734437,0.99984664,-0.016439773,-0.0060275253,-0.075556666,0.747015,0.6604996,-0.10657262,-0.66464865,0.7395164,0.99143,-0.014515789,0.12982999,9.948166,-0.1531372,-0.1603241,9.805146,-0.1612191,-0.059109833,0.01638794,0.024978638,-0.0012664795,-23.878479,-7.1395874,1.739502,0,0.0,0.0,0.0,0.0
0.639160156,0.010079477,0.26383334,0.9645157,-0.014288312,-0.9644282,0.26395875,0.9998471,-0.016441865,-0.0059511983,-0.0750502,0.73851484,0.67004734,-0.10363798,-0.6740802,0.7313516,0.9917795,-0.014554269,0.12712802,9.948166,-0.1531372,-0.1603241,9.805151,-0.16123961,-0.058361318,0.02218628,0.034439087,0.0017852783,-23.458862,-6.77948,2.0996094,0,0.0,0.0,0.0,0.0
0.647460937,0.009945695,0.2642605,0.96440005,-0.014297314,-0.9643116,0.2643837,0.9998483,-0.01641781,-0.0058125337,-0.07366502,0.72327745,0.6866172,-0.098201565,-0.6904026,0.7167291,0.99243635,-0.014629019,0.12188551,10.00798,-0.1531372,-0.14117432,9.805162,-0.16100372,-0.057001483,0.00920105,0.027267456,-0.0040130615,-23.458862,-6.77948,2.0996094,0,0.0,0.0,0.0,0.0
0.655761718,0.010151089,0.29338497,0.9559405,-0.013991088,-0.9558545,0.29350716,0.99985063,-0.016354065,-0.0055981893,-0.0721438,0.7083161,0.7021991,-0.09309086,-0.7057423,0.702326,0.99304044,-0.014699856,0.116852686,10.058228,-0.15074158,-0.04307556,9.805185,-0.1603786,-0.054899484,0.0014190674,0.0058898926,-0.007980347,-23.399353,-6.4193726,2.218628,0,0.0,0.0,0.0,0.0
0.6640625,0.010037071,0.29376107,0.9558262,-0.013920666,-0.95574063,0.29388097,0.99985266,-0.01625544,-0.005503486,-0.071287826,0.70137393,0.7092198,-0.090696394,-0.7126413,0.69564116,0.9933238,-0.01473294,0.11441473,10.058228,-0.15074158,-0.04307556,9.805205,-0.15941142,-0.05397076,0.009811401,-7.6293945E-5,-0.015304565,-23.399353,-6.4193726,2.218628,0,0.0,0.0,0.0,0.0
0.672363281,0.008921256,0.22671582,0.9739201,-0.014549714,-0.97382635,0.22682726,0.9998543,-0.016193843,-0.005389104,-0.069516525,0.6877235,0.7226367,-0.08612373,-0.7258219,0.68246996,0.9938562,-0.014793231,0.109685935,10.080963,-0.19023132,0.0382843,9.805222,-0.15880735,-0.052849058,0.022644043,-0.011672974,-0.013626099,-23.699951,-6.539917,1.739502,0,0.0,0.0,0.0,0.0
0.680664062,0.008916541,0.22673188,0.97391635,-0.014428601,-0.9738245,0.2268426,0.9998561,-0.016074903,-0.0054117227,-0.06790544,0.67234737,0.7371145,-0.08164014,-0.7400868,0.66753757,0.99434584,-0.014848696,0.10514646,10.084549,-0.15792847,-0.009567261,9.805239,-0.15764095,-0.053070866,0.034561157,-0.02420044,-0.018066406,-23.699951,-6.539917,1.739502,0,0.0,0.0,0.0,0.0
0.688964843,0.008458148,0.19121277,0.9815121,-0.0145938415,-0.9814191,0.1913204,0.9998577,-0.01594225,-0.00551046,-0.06706823,0.66478246,0.7440202,-0.079500884,-0.74688894,0.6601792,0.99457604,-0.01487322,0.1029433,10.084549,-0.15792847,-0.009567261,9.805255,-0.15634006,-0.054039154,0.03883362,-0.03137207,-0.015472412,-23.519897,-6.6589355,1.499939,0,0.0,0.0,0.0,0.0
0.697265625,0.008662336,0.19052146,0.9816448,-0.014461852,-0.9815551,0.19063167,0.9998579,-0.015847716,-0.0057472656,-0.06544851,0.6488142,0.7581271,-0.07532201,-0.76080066,0.64459985,0.9950091,-0.014915553,0.09866326,10.005585,-0.18544006,-0.046661377,9.805256,-0.155413,-0.056361422,0.04876709,-0.036254883,-0.0137786865,-23.519897,-6.6589355,1.499939,0,0.0,0.0,0.0,0.0
0.705566406,0.008972465,0.18519123,0.98266155,-0.014276901,-0.9825772,0.1853057,0.99985784,-0.01569201,-0.0061721825,-0.06375184,0.6331826,0.77137244,-0.07139601,-0.77385795,0.6293222,0.9954086,-0.014952467,0.09454159,9.970886,-0.13040161,-0.15553284,9.805256,-0.15388606,-0.060528435,0.04663086,-0.040542603,-0.0137786865,-23.519897,-6.1798096,1.3793945,0,0.0,0.0,0.0,0.0
0.713867187,0.0093538845,0.18379718,0.9829197,-0.01406746,-0.98284125,0.18391639,0.9998573,-0.015547516,-0.006607824,-0.06288385,0.62542075,0.7777497,-0.069513075,-0.78014416,0.6217259,0.9955971,-0.014967258,0.09253339,9.970886,-0.13040161,-0.15553284,9.805251,-0.15246905,-0.06480062,0.040512085,-0.03779602,-0.012252808,-23.519897,-6.1798096,1.3793945,0,0.0,0.0,0.0,0.0
0.722167968,0.010025267,0.20363034,0.97899646,-0.013737427,-0.9789252,0.20375621,0.9998554,-0.015491605,-0.007016631,-0.061103955,0.61013776,0.78993565,-0.065910704,-0.7921536,0.60675246,0.99595284,-0.014990238,0.088618316,10.004395,-0.1878357,-0.124420166,9.805232,-0.15192075,-0.06880964,0.038986206,-0.049087524,-0.013931274,-23.399353,-6.059265,1.499939,0,0.0,0.0,0.0,0.0
0.73046875,0.010412464,0.20220712,0.9792875,-0.013567445,-0.9792219,0.20233782,0.99985373,-0.015393262,-0.0074526775,-0.059223417,0.5958865,0.8008819,-0.06257682,-0.8029284,0.59278166,0.99628145,-0.015010092,0.08484084,9.98645,-0.15074158,-0.13279724,9.805216,-0.15095633,-0.0730858,0.029678345,-0.034118652,-0.006454468,-23.399353,-6.059265,1.499939,0,0.0,0.0,0.0,0.0
0.738769531,0.009838701,0.1342558,0.99089783,-0.014133977,-0.99082816,0.13438669,0.9998517,-0.015327519,-0.007850893,-0.058271173,0.5888815,0.8061161,-0.060982898,-0.8080799,0.5859078,0.9964365,-0.015017756,0.08299947,9.9015045,-0.1531372,-0.13400269,9.805196,-0.15031162,-0.07699096,0.026763916,-0.030303955,-0.0030975342,-23.098755,-6.7199707,1.1398315,0,0.0,0.0,0.0,0.0
0.747070312,0.010123358,0.13329874,0.99102414,-0.014057409,-0.99095803,0.13343343,0.9998499,-0.015282028,-0.008157989,-0.05650372,0.57292664,0.8176566,-0.057785414,-0.8194688,0.5702032,0.9967287,-0.015030023,0.079409845,9.92543,-0.14476013,-0.14356995,9.805179,-0.14986551,-0.08000255,0.0315094,-0.007247925,-0.0026397705,-23.098755,-6.7199707,1.1398315,0,0.0,0.0,0.0,0.0
0.755371093,0.0112478575,0.20155452,0.9794127,-0.0132312495,-0.9793588,0.20169538,0.99984914,-0.015227496,-0.008348871,-0.054702625,0.5573646,0.82846385,-0.054791503,-0.8301316,0.5548688,0.9969982,-0.015040004,0.07594922,9.912262,-0.122039795,-0.15434265,9.805171,-0.14933072,-0.08187446,0.026931763,0.0031433105,0.008361816,-22.918701,-6.298828,1.5594482,0,0.0,0.0,0.0,0.0
0.763671875,0.011340526,0.20123342,0.97947776,-0.013209054,-0.9794251,0.20137551,0.99984837,-0.015221677,-0.008449091,-0.05371897,0.5509008,0.8328401,-0.053442534,-0.8344351,0.5485088,0.9971249,-0.015043754,0.07426653,9.912262,-0.122039795,-0.15434265,9.805163,-0.14927366,-0.08285728,0.028900146,-0.0019073486,0.010192871,-22.918701,-6.298828,1.5594482,0,0.0,0.0,0.0,0.0
0.771972656,0.010671535,0.14997528,0.9886322,-0.013759276,-0.98857284,0.1501148,0.99984837,-0.015204817,-0.008486037,-0.05175754,0.5382531,0.8411925,-0.05087501,-0.84264886,0.5360548,0.99736303,-0.0150508,0.07099707,9.958923,-0.088531494,-0.10169983,9.805163,-0.14910832,-0.0832196,0.02784729,-0.015792847,0.009429932,-23.039246,-6.6589355,1.2588501,0,0.0,0.0,0.0,0.0
0.780273437,0.010810207,0.14950854,0.98870134,-0.013786937,-0.9886428,0.14965042,0.9998465,-0.015248915,-0.0086261695,-0.049911216,0.52423596,0.8501091,-0.048371866,-0.8514399,0.5222166,0.99758154,-0.015056898,0.06785467,9.954147,-0.16870117,-0.11366272,9.805145,-0.14954078,-0.084593825,0.02508545,-0.026031494,0.013702393,-23.039246,-6.6589355,1.2588501,0,0.0,0.0,0.0,0.0
0.788574218,0.0103331385,0.099751025,0.9949588,-0.014408413,-0.9948938,0.09989415,0.9998428,-0.015367997,-0.008843121,-0.048988473,0.51737696,0.8543543,-0.047183484,-0.8556251,0.51544106,0.99768424,-0.015060739,0.06632741,9.954147,-0.16870117,-0.11366272,9.805109,-0.15070857,-0.0867214,0.014099121,-0.035339355,0.013092041,-22.918701,-7.1990967,0.95977783,0,0.0,0.0,0.0,0.0
0.796875,0.0106060365,0.09889327,0.99504155,-0.014564395,-0.9949767,0.099042065,0.9998377,-0.015542621,-0.009112439,-0.047232337,0.50225645,0.8634279,-0.04483486,-0.86458737,0.5004783,0.99787724,-0.015072905,0.06335508,9.888336,-0.19381714,-0.1040802,9.8050585,-0.15242104,-0.0893625,-4.119873E-4,-0.027404785,0.013549805,-22.918701,-7.1990967,0.95977783,0,0.0,0.0,0.0,0.0
0.805175781,0.011665981,0.15259834,0.98821944,-0.014072429,-0.98816377,0.15275587,0.9998329,-0.015688695,-0.00938047,-0.04547117,0.48755866,0.8719054,-0.04265032,-0.8729598,0.48592404,0.9980548,-0.015091506,0.060489032,9.914658,-0.13040161,-0.08255005,9.805012,-0.15385354,-0.09199099,1.9836426E-4,-0.022521973,0.012786865,-22.679138,-7.1990967,1.3793945,0,0.0,0.0,0.0,0.0
0.813476562,0.01185388,0.15202297,0.9883059,-0.014124675,-0.9882513,0.152184,0.99983,-0.015763469,-0.009567337,-0.044543996,0.48132837,0.87540776,-0.041664988,-0.8764102,0.47975945,0.9981381,-0.015103449,0.059093356,9.914658,-0.13040161,-0.08255005,9.804983,-0.15458682,-0.09382353,-0.004837036,-0.018707275,0.01461792,-22.679138,-7.1990967,1.3793945,0,0.0,0.0,0.0,0.0
0.821777343,0.01133558,0.106681205,0.9942286,-0.014697507,-0.9941673,0.106842205,0.99982774,-0.015823802,-0.0097015165,-0.042704653,0.46914923,0.88208574,-0.039795097,-0.8829893,0.46770316,0.9982949,-0.015129587,0.056377593,9.9015045,-0.112457275,-0.08135986,9.80496,-0.15517847,-0.09513937,-0.010940552,-0.011367798,0.018737793,-22.918701,-7.6187134,1.0787964,0,0.0,0.0,0.0,0.0
0.830078125,0.011443198,0.10636213,0.9942616,-0.014745482,-0.9942006,0.10652531,0.9998257,-0.015879856,-0.009808472,-0.040960673,0.455757,0.8891612,-0.0379803,-0.8899752,0.45442453,0.99843866,-0.015157077,0.05376377,9.879959,-0.100494385,-0.09451294,9.804941,-0.1557282,-0.09618826,-0.016906738,-0.014877319,0.014160156,-22.918701,-7.6187134,1.0787964,0,0.0,0.0,0.0,0.0
0.838378906,0.011987885,0.13584524,0.99065757,-0.014431998,-0.9906021,0.13601227,0.999824,-0.015927667,-0.0099147055,-0.0400963,0.44921762,0.89252216,-0.03712199,-0.89329356,0.44793817,0.998506,-0.0151715325,0.052493617,9.879959,-0.100494385,-0.09451294,9.804924,-0.15619706,-0.09723005,-0.00819397,-0.018707275,0.015838623,-22.738647,-7.6187134,1.3198853,0,0.0,0.0,0.0,0.0
0.846679687,0.012129357,0.13543251,0.99071234,-0.0144753605,-0.9906576,0.13560225,0.99982166,-0.015985686,-0.010055605,-0.03834323,0.43751785,0.89839184,-0.035543542,-0.8990812,0.43633658,0.99863225,-0.0152014755,0.05002461,9.888336,-0.114852905,-0.117248535,9.804901,-0.15676603,-0.0986118,6.5612793E-4,-7.6293945E-5,0.014465332,-22.738647,-7.6187134,1.3198853,0,0.0,0.0,0.0,0.0
0.854980468,0.012551185,0.16306534,0.9865354,-0.014196608,-0.98648465,0.16323756,0.9998205,-0.016054284,-0.010066576,-0.03662171,0.42619625,0.9038891,-0.034075633,-0.90450245,0.42510486,0.998748,-0.01523253,0.047647335,9.934998,-0.124420166,-0.0765686,9.80489,-0.15743874,-0.098719396,-0.0034637451,0.014282227,0.007751465,-22.799683,-7.319641,1.499939,0,0.0,0.0,0.0,0.0
0.86328125,0.012469594,0.16331139,0.9864958,-0.014250865,-0.9864432,0.16348282,0.99982065,-0.016096981,-0.009973217,-0.035756174,0.42118722,0.9062686,-0.033402324,-0.9068455,0.4201375,0.9988021,-0.015248966,0.046493955,9.934998,-0.124420166,-0.0765686,9.804892,-0.15785746,-0.09780385,0.0055389404,0.015960693,0.0043945313,-22.799683,-7.319641,1.499939,0,0.0,0.0,0.0,0.0
0.871582031,0.012757877,0.19452858,0.9808139,-0.013899524,-0.98076445,0.19469959,0.999822,-0.016116798,-0.009808617,-0.034903035,0.41627043,0.90857065,-0.0327545,-0.90911263,0.4152605,0.9988538,-0.015265928,0.045365524,9.934998,-0.124420166,-0.0765686,9.804905,-0.1580518,-0.09618968,0.019897461,0.0046691895,0.0054626465,-23.039246,-6.9595337,1.6799927,0,0.0,0.0,0.0,0.0
0.879882812,0.012724004,0.19463572,0.9807931,-0.013913742,-0.98074305,0.1948063,0.9998222,-0.016125217,-0.0097708665,-0.032361794,0.40374258,0.9143001,-0.031010201,-0.91474444,0.40284118,0.99899507,-0.015315966,0.042122908,9.9673,-0.14476013,-0.07298279,9.804907,-0.15813436,-0.09581947,0.03303528,-0.00831604,0.0010223389,-23.039246,-6.9595337,1.6799927,0,0.0,0.0,0.0,0.0
0.888183593,0.013394013,0.24074334,0.9704965,-0.013282823,-0.970455,0.24091639,0.999822,-0.016117768,-0.009800534,-0.03154023,0.3997185,0.91609514,-0.030468434,-0.9165097,0.39885038,0.999038,-0.015332151,0.041085728,9.9673,-0.14476013,-0.07298279,9.804905,-0.15806133,-0.09611041,0.03593445,-0.0016021729,0.0013275146,-22.619629,-6.9595337,2.0385742,0,0.0,0.0,0.0,0.0
