Time,Rot1,Rot2,Rot3,Rot4,Rot5,Rot6,Rot7,Rot8,Rot9,FRot1,FRot2,FRot3,FRot4,FRot5,FRot6,FRot7,FRot8,FRot9,AccX,AccY,AccZ,GravX,GravY,GravZ,GyroX,GyroY,GyroZ,MagX,MagY,MagZ,Imid
0.0,0.0,0.0,0.0,0.0,0.0,0.0,0.0,0.0,0.0,1.0,0.0,0.0,0.0,1.0,0.0,0.0,0.0,1.0,10.057037,-0.32183838,0.16749573,9.789539,-0.38559592,0.43199256,-0.061798096,0.014892578,-0.04447937,0.0,0.0,0.0,0,0.0,0.0,0.0,0.0
0.008300781,0.051440604,0.22397989,-0.97323525,0.02802252,0.973818,0.22559515,0.9982828,-0.038877256,0.043817308,1.0,0.0,0.0,0.0,1.0,0.0,0.0,0.0,1.0,10.057037,-0.32183838,0.16749573,9.789811,-0.3812557,0.42970103,-0.06439209,0.004058838,-0.040359497,-40.73944,40.379333,7.1395874,0,0.0,0.0,0.0,0.0
0.016601562,0.05119737,0.22374628,-0.9733018,0.027784836,0.97388357,0.22534154,0.9983019,-0.038579926,0.043643523,0.9981333,0.008952238,-0.060413416,-0.008842834,0.99995875,0.0020780305,0.06042953,-0.0015399255,0.99817127,10.074982,-0.40797424,0.28234863,9.789998,-0.37833986,0.42799675,-0.056610107,-0.0011444092,-0.036697388,-40.73944,40.379333,7.1395874,0,0.0,0.0,0.0,0.0
0.024902344,0.05084893,0.21492468,-0.9753059,0.028072106,0.9758758,0.21651384,0.99831176,-0.038388394,0.043588858,0.9928352,0.017539639,-0.11819729,-0.017061034,0.99984163,0.005059905,0.11826732,-0.0030070837,0.99297726,10.17308,-0.46420288,0.40678406,9.790094,-0.37646154,0.42746067,-0.048355103,0.025894165,-0.038223267,-40.919495,39.89868,6.6589355,0,0.0,0.0,0.0,0.0
0.033203125,0.050842144,0.21491803,-0.9753077,0.027891977,0.9758842,0.21649906,0.9983171,-0.03821054,0.043621562,0.98903877,0.021523533,-0.14607884,-0.020749476,0.9997614,0.006820716,0.14619079,-0.0037148935,0.9892494,10.17308,-0.46420288,0.40678406,9.790147,-0.3747174,0.4277814,-0.056152344,0.032302856,-0.034866333,-40.919495,39.89868,6.6589355,0,0.0,0.0,0.0,0.0
0.041503906,0.050471928,0.19821271,-0.97885877,0.028513191,0.9794224,0.19979705,0.9983184,-0.037994523,0.043781657,0.9794015,0.029252425,-0.1997922,-0.027645698,0.9995591,0.010827703,0.20002086,-0.0050812745,0.9797784,10.157532,-0.43190002,0.39361572,9.790159,-0.372599,0.4293514,-0.050048828,0.041015625,-0.029968262,-41.279602,39.839172,5.9387207,0,0.0,0.0,0.0,0.0
0.049804687,0.050368387,0.1981093,-0.97888494,0.028328884,0.97945124,0.19968157,0.99832886,-0.03778836,0.043721173,0.9673769,0.035997223,-0.25077143,-0.033241507,0.9993315,0.015217439,0.25115156,-0.006384978,0.96792674,10.101303,-0.4139557,0.19023132,9.790262,-0.37057725,0.42875823,-0.053100586,0.0072631836,-0.030731201,-41.279602,39.839172,5.9387207,0,0.0,0.0,0.0,0.0
0.058105469,0.04999832,0.19195522,-0.98012924,0.028495185,0.98068297,0.19351727,0.9983427,-0.037604503,0.0435627,0.9605728,0.039266016,-0.27524215,-0.03581273,0.99920416,0.017562838,0.2757127,-0.0070132106,0.9612145,10.101303,-0.4139557,0.19023132,9.790398,-0.3687742,0.42720416,-0.0692749,0.0072631836,-0.030731201,-41.519165,39.29901,5.5786133,0,0.0,0.0,0.0,0.0
0.06640625,0.049582902,0.19153112,-0.9802333,0.028403226,0.98077315,0.1930733,0.99836606,-0.037414927,0.043189477,0.945592,0.045358974,-0.32217762,-0.040278465,0.99893695,0.022421677,0.32285213,-0.008224938,0.9464137,10.124039,-0.3912201,0.18544006,9.790627,-0.3669151,0.42354408,-0.079818726,-0.042373657,-0.015914917,-41.519165,39.29901,5.5786133,0,0.0,0.0,0.0,0.0
0.074707031,0.04878686,0.18895943,-0.9807722,0.028501678,0.98127824,0.1904747,0.9984025,-0.037246317,0.042487822,0.92901486,0.05119174,-0.36648446,-0.04417114,0.9986448,0.02752291,0.36739674,-0.009381157,0.93001705,10.107285,-0.3517456,0.13400269,9.790983,-0.36526158,0.4166632,-0.08653259,-0.07627869,-0.011795044,-41.758728,39.118958,5.4595947,0,0.0,0.0,0.0,0.0
0.083007812,0.04779611,0.18793607,-0.98101753,0.028628778,0.9814788,0.18941924,0.99844676,-0.037138846,0.041530497,0.92021203,0.053967863,-0.38768196,-0.045867622,0.9984932,0.030124202,0.38872352,-0.009938603,0.9213008,10.107285,-0.3517456,0.13400269,9.791418,-0.36420766,0.40727505,-0.085006714,-0.08558655,-0.008132935,-41.758728,39.118958,5.4595947,0,0.0,0.0,0.0,0.0
0.091308594,0.046292283,0.17607027,-0.9832885,0.02923857,0.9836832,0.17751747,0.99849993,-0.03696764,0.040388897,0.90172577,0.05931207,-0.42822033,-0.048840355,0.9981787,0.035410363,0.42954066,-0.011016005,0.9029803,10.033112,-0.2859497,0.10647583,9.79194,-0.3625287,0.39607978,-0.087753296,-0.10055542,-0.013931274,-42.23938,38.578796,4.9194336,0,0.0,0.0,0.0,0.0
0.099609375,0.045100283,0.17480111,-0.98357034,0.029154342,0.9839225,0.17620052,0.9985569,-0.036622036,0.03927897,0.88227606,0.063965626,-0.4663661,-0.05090707,0.9978794,0.04056018,0.4679716,-0.012043945,0.88366145,9.909882,-0.15553284,0.18066406,9.792499,-0.3591395,0.3851951,-0.07463074,-0.09460449,-0.0041656494,-42.23938,38.578796,4.9194336,0,0.0,0.0,0.0,0.0
0.107910156,0.043559253,0.1616008,-0.98589444,0.029609194,0.98618877,0.16295725,0.998612,-0.036289833,0.038172774,0.8722441,0.06619651,-0.4845701,-0.051760748,0.9977279,0.04312707,0.48632395,-0.012535626,0.87368864,9.909882,-0.15553284,0.18066406,9.793038,-0.3558817,0.37434706,-0.05935669,-0.09138489,-0.007217407,-42.658997,38.578796,4.4387817,0,0.0,0.0,0.0,0.0
0.116210937,0.042446896,0.16039896,-0.9861392,0.029593445,0.98639387,0.16171418,0.9986603,-0.03604752,0.037122596,0.8620481,0.068115,-0.50222844,-0.05228523,0.9975926,0.04555425,0.5041223,-0.013010825,0.8635343,9.876373,-0.2141571,0.15672302,9.793513,-0.35350543,0.36404833,-0.043624878,-0.0753479,-0.010574341,-42.658997,38.578796,4.4387817,0,0.0,0.0,0.0,0.0
0.124511719,0.041427292,0.15929705,-0.98636115,0.029578017,0.98658043,0.16057473,0.9987036,-0.03582678,0.03615966,0.8412221,0.07178865,-0.5359028,-0.05304033,0.9973227,0.050340753,0.53808194,-0.01392329,0.8427776,9.896713,-0.24885559,0.098098755,9.793937,-0.3513407,0.35460514,-0.03263855,-0.051071167,-0.010421753,-42.658997,38.578796,4.4387817,0,0.0,0.0,0.0,0.0
0.1328125,0.040314447,0.14931756,-0.9879672,0.029893382,0.98814815,0.15056473,0.9987398,-0.03560361,0.035373036,0.8199566,0.07527161,-0.5674552,-0.053447254,0.9970534,0.05502704,0.56992507,-0.014790864,0.82156354,9.896713,-0.24885559,0.098098755,9.7942915,-0.34915215,0.346891,-0.011108398,-0.03274536,-0.015167236,-42.83905,38.15918,4.019165,0,0.0,0.0,0.0,0.0
0.141113281,0.039623115,0.14855647,-0.9881098,0.029833678,0.9882697,0.14977683,0.9987692,-0.035413574,0.034726337,0.80921304,0.07675911,-0.5824794,-0.053380635,0.9969337,0.05721649,0.5850853,-0.0152072115,0.8108292,9.954147,-0.29670715,0.09451294,9.79458,-0.34728855,0.34054902,0.0015716553,-0.0184021,-0.021575928,-42.83905,38.15918,4.019165,0,0.0,0.0,0.0,0.0
0.149414062,0.039443392,0.15756987,-0.9867198,0.029274296,0.9868821,0.158766,0.9987928,-0.035147797,0.034313228,0.78756744,0.079614416,-0.61106384,-0.053049248,0.9966972,0.061485566,0.6139407,-0.016007556,0.78918976,9.943375,-0.27397156,0.15434265,9.794812,-0.34468216,0.3364978,0.007369995,-0.008926392,-0.019592285,-42.599487,38.459778,4.4387817,0,0.0,0.0,0.0,0.0
0.157714844,0.039257325,0.16220373,-0.9859761,0.028846433,0.9861415,0.16337949,0.9988127,-0.034855735,0.034034282,0.7657959,0.08271603,-0.637742,-0.05278659,0.9964321,0.06585291,0.64091367,-0.016765665,0.7674299,9.9015045,-0.2368927,0.14596558,9.795006,-0.34181798,0.33376226,-0.0019378662,0.0115356445,-0.010879517,-42.359924,38.69934,4.6798706,0,0.0,0.0,0.0,0.0
0.166015625,0.039052974,0.16198538,-0.98602,0.028615575,0.98618674,0.16314614,0.9988273,-0.034586877,0.033878222,0.7548982,0.084313706,-0.6503998,-0.052646764,0.99629205,0.06804757,0.6537255,-0.01712754,0.7565379,9.936203,-0.22253418,0.16989136,9.79515,-0.3391814,0.33223188,-0.006210327,0.0115356445,-0.009353638,-42.359924,38.69934,4.6798706,0,0.0,0.0,0.0,0.0
0.174316406,0.03886177,0.16178107,-0.9860612,0.028473921,0.9862267,0.1629304,0.99883884,-0.03440879,0.033719968,0.73315114,0.08740435,-0.6744256,-0.052206345,0.9960135,0.072329365,0.67805886,-0.017819066,0.7347915,9.94577,-0.26679993,0.15672302,9.795263,-0.33743495,0.33067992,-0.01889038,0.010314941,-0.004470825,-42.359924,38.69934,4.6798706,0,0.0,0.0,0.0,0.0
0.182617187,0.03910845,0.17782655,-0.9832844,0.027721161,0.9834654,0.17896184,0.99885035,-0.034256708,0.03353225,0.7115379,0.0903635,-0.69681287,-0.051569678,0.99573743,0.076468945,0.7007527,-0.01847614,0.713165,9.94577,-0.26679993,0.15672302,9.795376,-0.33594355,0.32883906,-0.015075684,-0.01411438,-0.008895874,-41.999817,38.75885,5.3390503,0,0.0,0.0,0.0,0.0
0.190917969,0.038526077,0.17721389,-0.983418,0.02755254,0.983586,0.17832357,0.99887764,-0.03396577,0.03301102,0.7007864,0.092122905,-0.707398,-0.051415563,0.9955703,0.07871596,0.7115159,-0.018791808,0.7024186,9.961319,-0.16989136,0.009567261,9.795644,-0.33309042,0.32372752,-0.022399902,-0.028015137,-0.009048462,-41.999817,38.75885,5.3390503,0,0.0,0.0,0.0,0.0
0.19921875,0.03785929,0.17938082,-0.98305094,0.027277105,0.9832041,0.18045926,0.9989107,-0.033646844,0.032330424,0.6794591,0.095511325,-0.7274702,-0.05094414,0.9952394,0.083085425,0.73194265,-0.019392801,0.68109024,9.942184,-0.1878357,-0.058624268,9.795968,-0.32996282,0.31705317,-0.032485962,-0.041152954,-0.01638794,-41.758728,39.05945,5.519104,0,0.0,0.0,0.0,0.0
0.207519531,0.037183806,0.19036952,-0.9810081,0.026811203,0.98114353,0.19141205,0.9989487,-0.03341943,0.031378612,0.65840584,0.09885119,-0.7461435,-0.05035339,0.9949021,0.08737499,0.75097686,-0.019957356,0.66002685,9.900299,-0.24526978,-0.12083435,9.79634,-0.32773262,0.30771905,-0.05140686,-0.047561646,-0.012252808,-41.33911,39.29901,6.059265,0,0.0,0.0,0.0,0.0
0.215820312,0.036186285,0.18935618,-0.98124135,0.026816864,0.9813468,0.19036548,0.9989852,-0.03320244,0.030433364,0.6479808,0.100693315,-0.7549714,-0.050140146,0.9947119,0.089633845,0.7600045,-0.02022664,0.649603,9.821335,-0.2416687,-0.09211731,9.796698,-0.32560468,0.29844934,-0.048049927,-0.048171997,-0.010116577,-41.33911,39.29901,6.059265,0,0.0,0.0,0.0,0.0
0.224121094,0.035352442,0.18850888,-0.98143494,0.026841745,0.9815154,0.18949121,0.9990144,-0.033042405,0.029639063,0.627385,0.104226,-0.77170265,-0.04955229,0.9943374,0.09400957,0.777131,-0.020740563,0.62899697,9.840485,-0.2632141,-0.0047912598,9.796984,-0.3240353,0.2906599,-0.04347229,-0.030456543,-0.00920105,-41.33911,39.29901,6.059265,0,0.0,0.0,0.0,0.0
0.232421875,0.03472331,0.19040921,-0.9810904,0.026740646,0.98115396,0.19136795,0.9990392,-0.03287993,0.028977256,0.60717046,0.10758345,-0.78725463,-0.04878049,0.99396944,0.09821039,0.7930729,-0.021227784,0.60875684,9.9015045,-0.2715912,0.0143585205,9.797228,-0.32244197,0.28416982,-0.04576111,-0.017471313,-0.016693115,-40.859985,39.59961,6.239319,0,0.0,0.0,0.0,0.0
0.240722656,0.033707574,0.17312348,-0.9843231,0.02720996,0.9843587,0.17406154,0.9990613,-0.03265059,0.028469663,0.5972118,0.10924999,-0.7946084,-0.048364,0.9937826,0.10028485,0.80062413,-0.02146086,0.5987825,9.949356,-0.24885559,0.053833008,9.797444,-0.3201929,0.27919203,-0.041030884,-0.015182495,-0.01852417,-40.979004,39.35852,5.519104,0,0.0,0.0,0.0,0.0
0.249023437,0.033214785,0.17262505,-0.98442745,0.027080042,0.98445386,0.17354336,0.9990813,-0.03242254,0.028023727,0.57764864,0.111790806,-0.80859435,-0.047031727,0.99349034,0.10375446,0.8149295,-0.02190403,0.579146,9.949356,-0.24885559,0.053833008,9.797641,-0.3179565,0.2748189,-0.045455933,-0.009384155,-0.0137786865,-40.979004,39.35852,5.519104,0,0.0,0.0,0.0,0.0
0.257324219,0.032583155,0.16239892,-0.98618704,0.027267603,0.9861992,0.16330184,0.999097,-0.032211848,0.027705254,0.55853593,0.114210315,-0.8215799,-0.04561398,0.9932058,0.10705872,0.82822514,-0.022320619,0.55995077,9.924225,-0.24287415,0.056228638,9.797795,-0.31589034,0.27169576,-0.051727295,0.028945923,-0.012252808,-40.919495,39.538574,5.1589966,0,0.0,0.0,0.0,0.0
0.265625,0.03240425,0.16221842,-0.9862226,0.027109569,0.98623514,0.16311124,0.9991072,-0.03202157,0.02756054,0.54916286,0.1151775,-0.8277405,-0.044768564,0.9930897,0.1084837,0.8345154,-0.022518469,0.5505243,9.976868,-0.25842285,0.052642822,9.7978945,-0.31402436,0.27027658,-0.045303345,0.036117554,-0.008285522,-40.919495,39.538574,5.1589966,0,0.0,0.0,0.0,0.0
0.273925781,0.032411356,0.16222559,-0.98622125,0.026932996,0.98623955,0.16311374,0.99911165,-0.03184863,0.027596137,0.53077686,0.11704664,-0.8393903,-0.04305436,0.99286246,0.11122235,0.84641725,-0.022894835,0.5320278,10.041473,-0.24287415,0.11366272,9.797938,-0.3123284,0.27062565,-0.03477478,0.038101196,-0.0066070557,-40.919495,39.538574,5.1589966,0,0.0,0.0,0.0,0.0
0.282226562,0.03216206,0.15201811,-0.98785424,0.027106622,0.9878693,0.15290296,0.99911505,-0.031695068,0.027651217,0.5217693,0.11795324,-0.8448928,-0.04219024,0.992751,0.112540476,0.85204273,-0.023073932,0.52296346,10.004395,-0.27397156,0.12802124,9.797972,-0.31082243,0.27116582,-0.03477478,0.033828735,-0.006149292,-41.159058,39.118958,4.6798706,0,0.0,0.0,0.0,0.0
0.290527344,0.03193873,0.1438532,-0.9890835,0.027249847,0.98909515,0.14473483,0.99911827,-0.03157502,0.027670467,0.5041468,0.11930561,-0.8553375,-0.04024615,0.9925814,0.11472731,0.8626797,-0.023415366,0.5052083,10.00798,-0.24885559,0.08015442,9.798003,-0.30964518,0.2713546,-0.03630066,0.041152954,2.593994E-4,-41.33911,38.879395,4.319763,0,0.0,0.0,0.0,0.0
0.298828125,0.03183348,0.14374346,-0.98910284,0.027076349,0.98911726,0.14461698,0.99912643,-0.031384956,0.027594997,0.4870381,0.12027956,-0.86505884,-0.03815559,0.9924562,0.11651112,0.87254685,-0.023738522,0.4879533,9.98645,-0.17826843,0.009567261,9.798083,-0.30778128,0.27061448,-0.036453247,0.026351929,-0.0035552979,-41.33911,38.879395,4.319763,0,0.0,0.0,0.0,0.0
0.307128906,0.03164589,0.1435478,-0.98913735,0.026895238,0.9891524,0.14441046,0.9991372,-0.031173076,0.027441852,0.47867003,0.120749705,-0.8696519,-0.037123755,0.9923954,0.11735894,0.87720966,-0.023891464,0.47951266,9.98645,-0.17826843,0.009567261,9.798189,-0.30570346,0.26911265,-0.04133606,0.016113281,-0.010116577,-41.33911,38.879395,4.319763,0,0.0,0.0,0.0,0.0
0.315429687,0.03091543,0.12950343,-0.99109685,0.027148059,0.9910962,0.13035017,0.99915326,-0.03093619,0.027124403,0.46230388,0.12165411,-0.8783367,-0.035088122,0.992278,0.118967265,0.8860271,-0.024179842,0.4630026,9.955338,-0.1986084,-0.022735596,9.7983465,-0.3033804,0.26599953,-0.04194641,-0.016555786,-0.0037078857,-41.63971,38.398743,3.718567,0,0.0,0.0,0.0,0.0
0.323730469,0.030342365,0.12889145,-0.99119437,0.026989343,0.99118376,0.12971626,0.99917513,-0.030687584,0.026596162,0.44644406,0.12196525,-0.8864604,-0.03284467,0.9922332,0.11997677,0.89420855,-0.024447415,0.44698256,9.84288,-0.15194702,-0.021530151,9.798561,-0.3009424,0.26081926,-0.03340149,-0.026031494,-0.0056915283,-41.63971,38.398743,3.718567,0,0.0,0.0,0.0,0.0
0.33203125,0.029673154,0.12180876,-0.99210995,0.027056374,0.9920855,0.12261499,0.99919343,-0.03048127,0.0261426,0.43869,0.122103915,-0.89030427,-0.031745195,0.9922131,0.120438375,0.89807755,-0.024572229,0.43915018,9.7986145,-0.17945862,0.08375549,9.79874,-0.29891914,0.25637135,-0.03340149,-0.023742676,-0.007980347,-41.819763,38.038635,3.4194946,0,0.0,0.0,0.0,0.0
0.340332031,0.029167013,0.11579481,-0.9928448,0.027164545,0.99280876,0.11658862,0.9992054,-0.03037072,0.025811752,0.42354155,0.12209231,-0.89761126,-0.029481364,0.9922087,0.121048465,0.9053968,-0.024806246,0.42384106,9.834503,-0.24765015,0.13639832,9.798858,-0.29783502,0.25312683,-0.034317017,-3.8146973E-4,-0.0052337646,-41.819763,37.799072,3.1799316,0,0.0,0.0,0.0,0.0
0.348632812,0.029027596,0.11564239,-0.99286664,0.027045518,0.99283063,0.116428904,0.9992126,-0.030232247,0.025691884,0.4088725,0.121843055,-0.90442115,-0.027200587,0.9922338,0.12137624,0.9121861,-0.025026614,0.4090113,9.859619,-0.22732544,0.18424988,9.798928,-0.29647705,0.2519513,-0.032943726,0.014892578,-0.007980347,-41.819763,37.799072,3.1799316,0,0.0,0.0,0.0,0.0
0.356933594,0.029070014,0.11568876,-0.99286,0.02686459,0.99283063,0.11647191,0.9992164,-0.030058619,0.025753671,0.40171516,0.12171909,-0.90763944,-0.02609424,0.9922463,0.12151618,0.9153928,-0.025130732,0.40177658,9.859619,-0.22732544,0.18424988,9.798965,-0.29477435,0.25255725,-0.032943726,0.04437256,-0.016998291,-41.819763,37.799072,3.1799316,0,0.0,0.0,0.0,0.0
0.365234375,0.029248374,0.11470391,-0.99296904,0.026592605,0.9929531,0.11548537,0.9992184,-0.029783394,0.02599199,0.3877566,0.12148041,-0.91372174,-0.02395342,0.9922707,0.12175847,0.92145056,-0.025325889,0.38766938,9.991226,-0.18185425,0.20817566,9.7989855,-0.29207534,0.25489435,0.004776001,0.038406372,-0.014389038,-42.118835,37.739563,3.1188965,0,0.0,0.0,0.0,0.0
0.373535156,0.02955704,0.11504438,-0.9929205,0.026270237,0.99292195,0.115826555,0.9992178,-0.029507747,0.02632559,0.3742723,0.12121218,-0.9193628,-0.021892674,0.9922989,0.121915855,0.92706037,-0.025502417,0.37404364,10.096512,-0.20100403,0.28474426,9.79898,-0.28937215,0.25816587,0.024932861,0.023452759,-0.020507813,-42.118835,37.739563,3.1188965,0,0.0,0.0,0.0,0.0
0.381835937,0.03036906,0.14038466,-0.9896311,0.025135372,0.9896675,0.14116114,0.9992227,-0.02916168,0.02652665,0.36770728,0.12108888,-0.9220243,-0.020901712,0.99231195,0.12198402,0.92970663,-0.025582528,0.36741132,10.205383,-0.18185425,0.27038574,9.799027,-0.2859784,0.2601376,0.024932861,0.014587402,-0.028442383,-41.819763,37.799072,4.0786743,0,0.0,0.0,0.0,0.0
0.390136719,0.030763611,0.15146121,-0.98798436,0.02435619,0.9880451,0.15222892,0.9992299,-0.028746646,0.026706817,0.35490122,0.121854015,-0.9269287,-0.019352242,0.9922146,0.12302695,0.9347035,-0.025724268,0.35449633,10.15036,-0.17468262,0.3481598,9.799098,-0.2819083,0.26190442,0.033493042,-0.01335144,-0.039901733,-41.879272,37.85858,4.499817,0,0.0,0.0,0.0,0.0
0.3984375,0.030745145,0.1514412,-0.98798805,0.023855273,0.9880626,0.15219498,0.99924254,-0.028247979,0.026765455,0.34253746,0.12302883,-0.931414,-0.01800881,0.99206656,0.12441739,0.93933153,-0.02584396,0.34203556,10.153946,-0.17228699,0.3397827,9.799222,-0.27701804,0.26247945,0.05319214,0.0019226074,-0.05378723,-41.879272,37.85858,4.499817,0,0.0,0.0,0.0,0.0
0.406738281,0.030725868,0.15142033,-0.9879918,0.023264037,0.98808235,0.1521577,0.999257,-0.027659856,0.02683704,0.33651984,0.12359818,-0.9335298,-0.017354388,0.9919945,0.12508291,0.9415164,-0.02589204,0.3359708,10.153946,-0.17228699,0.3397827,9.799365,-0.27125055,0.26318148,0.06907654,-0.0037384033,-0.060058594,-41.879272,37.85858,4.499817,0,0.0,0.0,0.0,0.0
0.415039062,0.0307919,0.16018915,-0.98660594,0.022331912,0.98671734,0.16090421,0.9992763,-0.026987344,0.026805567,0.32480603,0.124701984,-0.93752354,-0.016084114,0.9918545,0.1263563,0.9456439,-0.02596205,0.32416603,10.085754,-0.14955139,0.2596283,9.799553,-0.26465544,0.26287282,0.084198,-0.015945435,-0.054870605,-41.519165,38.279724,4.9194336,0,0.0,0.0,0.0,0.0
0.423339844,0.030426877,0.15980275,-0.98668,0.021706147,0.9867986,0.16049133,0.99930125,-0.026300268,0.026556494,0.3135018,0.12611066,-0.94117624,-0.014971832,0.9916753,0.12789011,0.94946957,-0.02600265,0.3127801,10.010376,-0.11843872,0.15553284,9.799798,-0.25791752,0.26043025,0.072280884,-0.028015137,-0.043411255,-41.519165,38.279724,4.9194336,0,0.0,0.0,0.0,0.0
0.431640625,0.030258832,0.17263599,-0.9845209,0.020784378,0.9846503,0.17329746,0.999326,-0.025706427,0.026206229,0.30799744,0.12678608,-0.94290125,-0.0144297555,0.99158907,0.12861936,0.9512778,-0.0260086,0.3072364,9.939789,-0.059814453,0.10169983,9.80004,-0.25209394,0.25699532,0.06448364,-0.037643433,-0.034561157,-41.218567,38.69934,5.519104,0,0.0,0.0,0.0,0.0
0.439941406,0.029611282,0.17268644,-0.98453164,0.020349607,0.9846552,0.17332014,0.99935424,-0.025167065,0.025642803,0.29726642,0.12860756,-0.94609344,-0.013528714,0.99135476,0.1305094,0.95469874,-0.025996635,0.29643637,9.896713,-0.07537842,0.06341553,9.800318,-0.2468046,0.25147,0.06616211,-0.034576416,-0.017150879,-40.979004,39.179993,5.6396484,0,0.0,0.0,0.0,0.0
0.448242187,0.028986622,0.17205177,-0.9846614,0.020048216,0.9847771,0.17266217,0.9993787,-0.024745595,0.025096027,0.29203707,0.12949193,-0.9476002,-0.013085902,0.9912401,0.13142252,0.9563175,-0.025980044,0.29117337,9.896713,-0.07537842,0.06341553,9.800557,-0.24267139,0.24610797,0.056549072,-0.025268555,-0.008895874,-40.979004,39.179993,5.6396484,0,0.0,0.0,0.0,0.0
0.456542969,0.028571205,0.17162964,-0.9847472,0.019829804,0.98485816,0.17222431,0.999395,-0.024448,0.024735203,0.28184548,0.1311823,-0.9504495,-0.012204859,0.99101907,0.13316254,0.9593821,-0.02593116,0.2809153,9.929016,-0.08973694,0.1040802,9.800717,-0.239753,0.24256948,0.046020508,0.009552002,0.003616333,-40.979004,39.179993,5.6396484,0,0.0,0.0,0.0,0.0
0.46484375,0.028358344,0.17073813,-0.9849082,0.01965174,0.9850189,0.17132315,0.99940467,-0.024213605,0.0245782,0.2720156,0.13278858,-0.9530869,-0.011329595,0.99080664,0.13481036,0.96222615,-0.025872428,0.2710193,9.94577,-0.15194702,0.14596558,9.800812,-0.23745435,0.24102981,0.035324097,0.0393219,-8.087158E-4,-40.73944,39.29901,5.6396484,0,0.0,0.0,0.0,0.0
0.473144531,0.028480079,0.17086075,-0.9848835,0.019513236,0.9850003,0.17144528,0.99940383,-0.024101041,0.024718843,0.26723495,0.13354963,-0.95433223,-0.010892451,0.9907052,0.13558955,0.9635698,-0.025839252,0.26620573,9.94577,-0.15194702,0.14596558,9.800804,-0.23635048,0.24240905,0.03364563,0.054748535,0.008361816,-40.73944,39.29901,5.6396484,0,0.0,0.0,0.0,0.0
0.481445312,0.028597854,0.16325703,-0.9861691,0.019604836,0.9862912,0.16384576,0.9993987,-0.024019316,0.02500518,0.25794688,0.13503107,-0.9566766,-0.01002907,0.9905062,0.13710187,0.9661071,-0.025770422,0.2568522,10.010376,-0.122039795,0.12322998,9.800754,-0.23554903,0.24521706,0.04524231,0.05657959,0.0082092285,-40.919495,39.05945,5.279541,0,0.0,0.0,0.0,0.0
0.489746094,0.028782545,0.15910217,-0.9868424,0.019575996,0.98697233,0.15969408,0.99939394,-0.023914829,0.025292993,0.24902001,0.13615103,-0.9588805,-0.009101767,0.99035466,0.1382563,0.96845555,-0.02570108,0.24785735,10.047455,-0.093322754,0.19979858,9.800707,-0.23452435,0.24803953,0.035324097,0.054138184,0.012786865,-40.73944,38.99994,5.0994873,0,0.0,0.0,0.0,0.0
0.498046875,0.029137075,0.15946354,-0.9867737,0.019380532,0.98691714,0.16005898,0.9993875,-0.02378785,0.025665391,0.24468902,0.13661079,-0.9599295,-0.008626718,0.99029225,0.13873284,0.9695632,-0.025665358,0.24349213,10.047455,-0.093322754,0.19979858,9.800644,-0.23327914,0.25169152,0.044021606,0.047576904,0.012023926,-40.73944,38.99994,5.0994873,0,0.0,0.0,0.0,0.0
0.506347656,0.029306106,0.15963581,-0.9867409,0.019225584,0.9868923,0.1602313,0.9993856,-0.023666427,0.02585288,0.23628592,0.1375172,-0.96190333,-0.0077035353,0.9901687,0.1396658,0.971653,-0.02559101,0.2350223,10.1276245,-0.07417297,0.122039795,9.800625,-0.23208837,0.25353014,0.041427612,0.020706177,0.007904053,-40.73944,38.99994,5.0994873,0,0.0,0.0,0.0,0.0
0.514648437,0.029024838,0.14789979,-0.9885763,0.019401612,0.9887233,0.14849141,0.99939036,-0.023489915,0.025828041,0.22820675,0.13839445,-0.96372634,-0.006809389,0.99004847,0.14056194,0.9735889,-0.025514798,0.22687814,10.067795,-0.12562561,0.15194702,9.800672,-0.23035738,0.25328657,0.04219055,-0.014877319,0.0023956299,-40.79895,38.879395,4.6188354,0,0.0,0.0,0.0,0.0
0.522949219,0.028806861,0.1476758,-0.9886163,0.019312186,0.9887599,0.14825998,0.9993984,-0.023363242,0.02563112,0.22428337,0.13858469,-0.96461976,-0.0063205063,0.9900229,0.14076473,0.97450346,-0.0254743,0.2229216,10.067795,-0.12562561,0.15194702,9.800751,-0.22911514,0.25135544,0.03944397,-0.032287598,0.0030059814,-40.79895,38.879395,4.6188354,0,0.0,0.0,0.0,0.0
0.53125,0.028251665,0.14443277,-0.98911124,0.019272141,0.98924357,0.14500256,0.99941504,-0.023158854,0.025164245,0.21665224,0.1389449,-0.96631056,-0.005369285,0.98997456,0.14114368,0.9762341,-0.025390703,0.21522626,10.023529,-0.07298279,0.10169983,9.800914,-0.22711079,0.24677695,0.034713745,-0.044052124,0.0011749268,-40.919495,38.819885,4.499817,0,0.0,0.0,0.0,0.0
0.539550781,0.02746567,0.13362005,-0.990652,0.019439584,0.99076706,0.13417453,0.9994337,-0.022943053,0.024614561,0.209293,0.13916229,-0.9678999,-0.004428517,0.9899463,0.14137445,0.9778429,-0.025302323,0.20780511,9.996017,-0.0993042,0.11605835,9.801097,-0.2249945,0.2413864,0.019592285,-0.031677246,-0.0052337646,-41.159058,38.69934,4.0786743,0,0.0,0.0,0.0,0.0
0.547851562,0.026958615,0.13308975,-0.9907372,0.019306041,0.99084324,0.13362934,0.99945015,-0.022729678,0.024142329,0.20570871,0.1390515,-0.9686839,-0.003928721,0.98996305,0.14127174,0.9786054,-0.02525514,0.20419033,9.996017,-0.0993042,0.11605835,9.801258,-0.222902,0.23675537,0.006149292,-0.022979736,-0.0067596436,-41.159058,38.69934,4.0786743,0,0.0,0.0,0.0,0.0
0.556152344,0.026584221,0.13269818,-0.99079996,0.019208249,0.99089944,0.13322689,0.999462,-0.022573262,0.023793386,0.19872618,0.13881552,-0.9701743,-0.0029626023,0.9899987,0.14104521,0.98005056,-0.025155134,0.19714992,9.845276,-0.11605835,0.11843872,9.801374,-0.22136809,0.23333342,-0.01322937,-0.010604858,0.01171875,-41.159058,38.69934,4.0786743,0,0.0,0.0,0.0,0.0
0.564453125,0.025669673,0.10331221,-0.9943177,0.019895501,0.9943956,0.103833936,0.99947244,-0.022447832,0.023470363,0.19199595,0.13857341,-0.97156316,-0.002039101,0.99003524,0.14080513,0.9813936,-0.025052898,0.19036533,9.899109,-0.08973694,0.07417297,9.8014765,-0.22013803,0.23016563,-0.021026611,-0.0077056885,0.007598877,-41.93878,37.55951,2.8198242,0,0.0,0.0,0.0,0.0
0.572753906,0.025376944,0.10298843,-0.9943588,0.019828854,0.99443156,0.10350202,0.99948126,-0.022343561,0.023193492,0.18872209,0.1378698,-0.97230446,-0.0014821813,0.9901348,0.14011042,0.98202944,-0.025000798,0.18706465,9.899109,-0.08973694,0.07417297,9.801563,-0.21911548,0.22745046,-0.027282715,-2.2888184E-4,0.010498047,-41.93878,37.55951,2.8198242,0,0.0,0.0,0.0,0.0
0.581054687,0.024943199,0.091229334,-0.9955175,0.020009995,0.9955822,0.09173663,0.9994886,-0.022208503,0.023007508,0.1823503,0.13649157,-0.9737137,-4.1512772E-4,0.9903284,0.1387428,0.9832336,-0.024895575,0.18064332,9.914658,-0.061019897,0.100494385,9.801635,-0.21779102,0.22562659,-0.025604248,0.020233154,0.016143799,-42.478943,37.139893,2.3391724,0,0.0,0.0,0.0,0.0
0.589355469,0.0248705,0.091146775,-0.99552685,0.0199045,0.9955923,0.091650024,0.99949247,-0.022094846,0.022946646,0.17925192,0.13558885,-0.9744149,1.3621151E-4,0.99045366,0.1378457,0.98380315,-0.024841834,0.17752227,9.914658,-0.061019897,0.100494385,9.801673,-0.21667643,0.22502974,-0.012924194,0.028335571,0.011566162,-42.478943,37.139893,2.3391724,0,0.0,0.0,0.0,0.0
0.59765625,0.024805207,0.08511718,-0.9960621,0.020018836,0.99612665,0.08562123,0.9994919,-0.022063857,0.023005182,0.17322911,0.13383368,-0.975746,0.0011862665,0.9906951,0.13609472,0.98488086,-0.02473306,0.17145847,9.951752,-0.112457275,0.10647583,9.801667,-0.21637253,0.22560377,-0.01675415,0.032302856,0.015075684,-42.718506,37.01935,2.0996094,0,0.0,0.0,0.0,0.0
0.605957031,0.025110802,0.08546769,-0.99602437,0.020139938,0.99609303,0.08598133,0.99948174,-0.022218933,0.023291383,0.16743729,0.13191,-0.9770181,0.00221299,0.99095565,0.13417101,0.9858802,-0.024627361,0.16563101,10.07019,-0.24645996,0.23928833,9.801568,-0.2178933,0.22841045,-0.0152282715,0.036727905,0.016601563,-42.718506,37.01935,2.0996094,0,0.0,0.0,0.0,0.0
0.614257812,0.025242586,0.0762113,-0.99677205,0.02050965,0.9968405,0.07673592,0.99947095,-0.022380462,0.023599766,0.16463062,0.1309837,-0.97761965,0.0027039163,0.9910798,0.13324247,0.9863516,-0.024579193,0.16280791,10.07019,-0.24645996,0.23928833,9.801462,-0.21947736,0.23143466,-0.019348145,0.039794922,0.016906738,-42.89856,36.95984,1.739502,0,0.0,0.0,0.0,0.0
0.622558594,0.025547437,0.0765635,-0.99673736,0.020622618,0.99681026,0.07709768,0.9994609,-0.022524983,0.023887007,0.1591901,0.1288213,-0.9788072,0.0037045442,0.9913653,0.13107657,0.987241,-0.024492126,0.15733832,10.037888,-0.24047852,0.24287415,9.801363,-0.22089463,0.23425151,-0.0043792725,0.023605347,0.010345459,-42.89856,36.95984,1.739502,0,0.0,0.0,0.0,0.0
0.630859375,0.025630295,0.0715189,-0.9971099,0.020838175,0.99718255,0.07205974,0.99945426,-0.022624863,0.024067761,0.153969,0.12675785,-0.97991127,0.004644925,0.9916332,0.129004,0.98806477,-0.024414228,0.152092,10.071396,-0.18185425,0.24885559,9.801298,-0.22187412,0.23602411,-0.008956909,0.014587402,0.007904053,-43.43872,36.479187,1.499939,0,0.0,0.0,0.0,0.0
0.639160156,0.025760964,0.0716739,-0.9970954,0.0208303,0.9971714,0.07221754,0.9994511,-0.022630189,0.024195107,0.15143709,0.12565638,-0.9804475,0.0051099528,0.99177426,0.1278973,0.9884537,-0.02437844,0.14954932,10.071396,-0.18185425,0.24885559,9.801268,-0.22192635,0.23727295,-0.006515503,0.0071105957,0.0068359375,-43.43872,36.479187,1.499939,0,0.0,0.0,0.0,0.0
0.647460937,0.025432734,0.056795172,-0.99806184,0.02114761,0.99813086,0.05733799,0.9994529,-0.022564886,0.024184115,0.14652376,0.12352476,-0.9814644,0.0059947856,0.9920437,0.12575121,0.98918897,-0.024309209,0.14461747,10.0785675,-0.1603241,0.21774292,9.801285,-0.22128595,0.23716515,-0.014465332,-0.015640259,-0.0043182373,-43.79883,36.479187,0.95977783,0,0.0,0.0,0.0,0.0
0.655761719,0.025247682,0.05657344,-0.9980792,0.021030756,0.9981464,0.05710925,0.99946,-0.022432234,0.024011098,0.14179383,0.12089096,-0.9824866,0.0069057327,0.9923698,0.12310369,0.9898721,-0.024240134,0.13987708,10.074982,-0.1758728,0.23928833,9.801354,-0.21998508,0.23546845,-0.013702393,-0.03717041,-0.016998291,-43.79883,36.479187,0.95977783,0,0.0,0.0,0.0,0.0
0.6640625,0.0247643,0.048013937,-0.9985396,0.02109367,0.9985985,0.048539903,0.9994708,-0.022264922,0.023716802,0.13949332,0.11960872,-0.98297274,0.007336896,0.992526,0.12181235,0.9901959,-0.024203977,0.1375732,10.074982,-0.1758728,0.23928833,9.80146,-0.2183443,0.23258238,-0.0057525635,-0.049545288,-0.01210022,-43.79883,36.299133,0.6591797,0,0.0,0.0,0.0,0.0
0.672363281,0.024376482,0.047546573,-0.9985715,0.021030284,0.9986229,0.0480624,0.9994816,-0.022171836,0.023342995,0.1372297,0.11818173,-0.9834638,0.007774567,0.9926979,0.12037621,0.99050874,-0.024165196,0.13530883,9.999603,-0.21296692,0.24645996,9.801567,-0.21743146,0.2289166,-0.0028533936,-0.054595947,-0.0043182373,-43.79883,36.299133,0.6591797,0,0.0,0.0,0.0,0.0
0.680664062,0.02372229,0.044899713,-0.9987098,0.021129943,0.99874526,0.045403205,0.99949527,-0.022179749,0.022743795,0.13067506,0.11404099,-0.9848445,0.00899981,0.993185,0.11620094,0.9913844,-0.024047974,0.12875815,9.982849,-0.23808289,0.08375549,9.801701,-0.21750903,0.22304045,0.0056915283,-0.02267456,0.0066833496,-43.79883,36.479187,0.5996704,0,0.0,0.0,0.0,0.0
0.688964844,0.023250194,0.0443335,-0.9987462,0.02120967,0.99876946,0.04482828,0.9995046,-0.022225343,0.022281285,0.12856175,0.112662494,-0.9852812,0.009388704,0.9933432,0.11480941,0.9916571,-0.024010612,0.12664819,9.982849,-0.23808289,0.08375549,9.801793,-0.21795619,0.21850479,-8.69751E-4,-0.016113281,0.0016326904,-43.79883,36.479187,0.5996704,0,0.0,0.0,0.0,0.0
0.697265625,0.023098828,0.055958185,-0.9981659,0.021005463,0.99818474,0.056445334,0.9995125,-0.022270756,0.02188147,0.12443921,0.10996474,-0.986115,0.010133045,0.99364716,0.11208339,0.9921755,-0.023939915,0.12253439,9.909882,-0.21057129,0.03111267,9.801869,-0.2184015,0.21458393,-0.0084991455,-0.011062622,0.017059326,-43.499756,37.1994,1.0787964,0,0.0,0.0,0.0,0.0
0.705566406,0.022712385,0.05550728,-0.9981999,0.021116894,0.99820805,0.055988215,0.999519,-0.022350509,0.021499546,0.12046457,0.10783127,-0.9868438,0.010774629,0.99388254,0.109915644,0.99265915,-0.023873817,0.11856578,9.866806,-0.19740295,0.015548706,9.801933,-0.21918362,0.21083853,-0.016906738,-0.0066375732,0.01675415,-43.499756,37.1994,1.0787964,0,0.0,0.0,0.0,0.0
0.713867187,0.022421218,0.057971254,-0.9980665,0.021198755,0.9980654,0.058447417,0.9995239,-0.022468228,0.021148922,0.11852771,0.10678726,-0.98719174,0.0110830935,0.9939959,0.10885398,0.99288887,-0.023843354,0.116632536,9.866806,-0.19740295,0.015548706,9.801981,-0.22033806,0.20740008,-0.023162842,-0.0023651123,0.0231781,-43.258667,37.379456,1.1993408,0,0.0,0.0,0.0,0.0
0.722167969,0.022091307,0.05759039,-0.99809587,0.02138219,0.99808395,0.058062963,0.9995273,-0.022624161,0.020817569,0.1147546,0.104858324,-0.9878442,0.011664768,0.9942026,0.10688832,0.99332535,-0.0237889,0.11286618,9.840485,-0.2033844,0.0059814453,9.802014,-0.22186723,0.20415062,-0.025146484,-0.008926392,0.023483276,-43.258667,37.379456,1.1993408,0,0.0,0.0,0.0,0.0
0.73046875,0.021759996,0.04346033,-0.9988181,0.02185721,0.99879515,0.04393551,0.99952424,-0.022787414,0.020783862,0.11111504,0.10299036,-0.98845655,0.012218628,0.99439895,0.10498304,0.99373245,-0.023742778,0.10923428,10.003189,-0.19740295,0.2141571,9.801985,-0.2234682,0.20382006,-0.040725708,0.00390625,0.027297974,-43.67981,37.01935,0.6591797,0,0.0,0.0,0.0,0.0
0.738769531,0.02177761,0.04348109,-0.9988168,0.022020044,0.99879044,0.043960053,0.99952024,-0.022951337,0.020793814,0.10934457,0.10180268,-0.98877704,0.012516553,0.99452174,0.103778295,0.9939251,-0.023723671,0.107471325,10.003189,-0.19740295,0.2141571,9.801946,-0.22507572,0.20391767,-0.03767395,0.009399414,0.01965332,-43.67981,37.01935,0.6591797,0,0.0,0.0,0.0,0.0
0.747070312,0.021746624,0.042048242,-0.9988789,0.02214942,0.9988497,0.04252923,0.99951816,-0.023049453,0.020790264,0.10590784,0.09949849,-0.9893854,0.0130887665,0.99475557,0.10143962,0.9942898,-0.023693085,0.1040501,10.061813,-0.16989136,0.19023132,9.801925,-0.22603793,0.20388284,-0.023925781,-0.0063323975,0.010040283,-43.919373,36.95984,0.5996704,0,0.0,0.0,0.0,0.0
0.755371094,0.021676343,0.041964807,-0.99888396,0.022162503,0.998853,0.042444445,0.99951935,-0.023057807,0.020721436,0.10260355,0.09722852,-0.9899592,0.013632911,0.9949806,0.09913468,0.9946289,-0.023667594,0.10076304,10.085754,-0.16390991,0.19262695,9.801936,-0.22611983,0.20320785,-0.025909424,-0.020080566,8.69751E-4,-43.919373,36.95984,0.5996704,0,0.0,0.0,0.0,0.0
0.763671875,0.02138262,0.036411975,-0.9991081,0.02221944,0.99907243,0.03688621,0.9995245,-0.022988345,0.020553734,0.10099834,0.096125625,-0.99023193,0.013891854,0.9950881,0.09801393,0.9947896,-0.0236554,0.09916688,10.085754,-0.16390991,0.19262695,9.801987,-0.22543867,0.20156328,-0.034622192,-0.02999878,-0.00340271,-43.73932,37.1994,0.4196167,0,0.0,0.0,0.0,0.0
0.771972656,0.021228127,0.036230434,-0.9991179,0.022315444,0.9990769,0.036703084,0.99952555,-0.0230749,0.020400034,0.097871624,0.09376615,-0.9907719,0.014403532,0.9953138,0.09561882,0.99509484,-0.023628986,0.09606242,10.051056,-0.28953552,0.2596283,9.801997,-0.22628748,0.200056,-0.043624878,-0.0284729,0.005004883,-43.73932,37.1994,0.4196167,0,0.0,0.0,0.0,0.0
0.780273437,0.021036286,0.03651855,-0.99911153,0.022391401,0.9990648,0.036988292,0.99952793,-0.023149604,0.020198913,0.09486022,0.09149243,-0.9912773,0.014885571,0.9955259,0.093309045,0.99537927,-0.023607045,0.09307388,9.993622,-0.32661438,0.21655273,9.802021,-0.22702007,0.19808367,-0.04698181,-5.340576E-4,0.017059326,-43.919373,36.779785,0.4196167,0,0.0,0.0,0.0,0.0
0.788574219,0.020966977,0.03643584,-0.99911606,0.022534577,0.9990647,0.036906864,0.9995262,-0.023288481,0.020126298,0.09339474,0.09039513,-0.99151707,0.015115725,0.99562633,0.09219357,0.99551445,-0.023597896,0.09161989,9.873978,-0.25842285,0.23210144,9.802003,-0.22838198,0.19737154,-0.03614807,0.0101623535,0.017822266,-43.919373,36.779785,0.4196167,0,0.0,0.0,0.0,0.0
0.796875,0.020974234,0.036795903,-0.99910265,0.02265674,0.99904835,0.037269536,0.9995233,-0.02341811,0.0201206,0.09054728,0.08826236,-0.9919732,0.015559043,0.99581796,0.09002467,0.9957706,-0.023585645,0.088795334,9.86441,-0.21655273,0.1603241,9.801975,-0.22965321,0.1973157,-0.022857666,0.018859863,0.017211914,-44.21997,36.59973,0.4196167,0,0.0,0.0,0.0,0.0
0.805175781,0.020988617,0.036813274,-0.99910176,0.022873743,0.99904263,0.037291616,0.99951804,-0.023635894,0.020126466,0.08781077,0.08622787,-0.9923981,0.015977139,0.99599636,0.08795422,0.99600905,-0.023579013,0.08608154,9.873978,-0.27876282,0.10887146,9.801924,-0.23178895,0.19737321,-0.030181885,0.02696228,0.017211914,-44.21997,36.59973,0.4196167,0,0.0,0.0,0.0,0.0
0.813476562,0.021024773,0.035673764,-0.9991422,0.023105245,0.99907887,0.0361577,0.9995119,-0.023845637,0.020181155,0.0864833,0.08524126,-0.9925999,0.016180163,0.9960813,0.086949974,0.9961219,-0.02358015,0.08476518,9.873978,-0.27876282,0.10887146,9.801864,-0.23384583,0.19790953,-0.03843689,0.027420044,0.018127441,-44.039917,35.998535,0.35858154,0,0.0,0.0,0.0,0.0
0.821777344,0.021127194,0.035799,-0.9991357,0.02327821,0.99907017,0.03628888,0.99950576,-0.024024772,0.02027421,0.08390802,0.08328158,-0.9929873,0.016578449,0.99624676,0.08495585,0.9963356,-0.023590665,0.08221242,9.9218445,-0.25723267,0.0993042,9.801803,-0.23560251,0.19882208,-0.023620605,0.031082153,0.016448975,-44.039917,35.998535,0.35858154,0,0.0,0.0,0.0,0.0
0.830078125,0.02124596,0.035967644,-0.9991271,0.023393838,0.9990611,0.036462728,0.9995005,-0.024148103,0.020384591,0.080238655,0.08049336,-0.9935204,0.017138299,0.99647534,0.0821169,0.99662834,-0.023616197,0.07857633,9.94696,-0.23808289,0.11843872,9.801752,-0.236812,0.19990455,-0.018737793,-0.0020599365,0.008361816,-43.97888,35.939026,0.35858154,0,0.0,0.0,0.0,0.0
0.838378906,0.021249099,0.03597148,-0.99912685,0.023477508,0.9990589,0.036468346,0.9994985,-0.02423193,0.020384584,0.080238655,0.08049336,-0.9935204,0.017138299,0.99647534,0.0821169,0.99662834,-0.023616197,0.07857633,9.94696,-0.23808289,0.11843872,9.801732,-0.23763405,0.19990449,-0.018737793,-0.0020599365,0.008361816,-43.97888,35.939026,0.35858154,0,0.0,0.0,0.0,0.0
0.846679687,0.02105494,0.027548105,-0.9993987,0.023712292,0.9993254,0.028045643,0.9994971,-0.024288535,0.020387506,0.07791645,0.07873272,-0.9938462,0.017489705,0.9966154,0.08032327,0.9968065,-0.02364058,0.07627573,9.948166,-0.22970581,0.19502258,9.801718,-0.23818915,0.19993313,-0.009109497,-0.011672974,-8.087158E-4,-44.039917,35.81848,0.059509277,0,0.0,0.0,0.0,0.0
0.854980469,0.021108363,0.027613787,-0.9993958,0.02374142,0.9993228,0.028113214,0.99949527,-0.024320498,0.020438477,0.075679265,0.07670883,-0.9941773,0.017846925,0.99677265,0.07826764,0.9969725,-0.023666244,0.074066,10.045074,-0.2416687,0.2859497,9.801701,-0.23850262,0.200433,0.0026397705,-0.014572144,-0.004928589,-44.039917,35.81848,0.059509277,0,0.0,0.0,0.0,0.0
0.86328125,0.021329965,0.037410386,-0.9990724,0.02350823,0.99900466,0.037909746,0.99949604,-0.024295034,0.02042928,0.07459471,0.075728334,-0.9943344,0.018017372,0.99684733,0.07727137,0.9970512,-0.02367933,0.072995104,10.045074,-0.2416687,0.2859497,9.801708,-0.23825291,0.2003428,0.012420654,-0.023895264,-0.013320923,-43.79883,36.17859,0.4196167,0,0.0,0.0,0.0,0.0
0.871582031,0.021214606,0.037270818,-0.99908006,0.02350529,0.99901015,0.037767325,0.9994986,-0.02428488,0.02031754,0.07147729,0.07347745,-0.99473214,0.018453946,0.9970149,0.074972086,0.9972715,-0.023715535,0.06990796,10.040283,-0.3026886,0.25483704,9.801733,-0.23815332,0.199247,0.039596558,-0.03060913,-0.019744873,-43.79883,36.17859,0.4196167,0,0.0,0.0,0.0,0.0
0.879882812,0.02066046,0.026553262,-0.9994338,0.02370678,0.9993531,0.027041188,0.9995054,-0.024252044,0.020017605,0.0704766,0.0727541,-0.9948568,0.018590868,0.9970677,0.07423278,0.9973402,-0.023726922,0.06891737,9.98645,-0.33021545,0.15672302,9.8018,-0.23783131,0.19630566,0.039596558,-0.008621216,-0.015609741,-43.618774,36.17859,0.059509277,0,0.0,0.0,0.0,0.0
0.888183594,0.020433296,0.026279401,-0.99944586,0.023688924,0.9993612,0.026761485,0.9995105,-0.024222618,0.01979771,0.06948574,0.07183128,-0.99499345,0.018738322,0.9971343,0.07329442,0.99740696,-0.023737425,0.06794062,9.98645,-0.33021545,0.15672302,9.80185,-0.23754275,0.19414923,0.036849976,0.0075683594,-0.008895874,-43.618774,36.17859,0.059509277,0,0.0,0.0,0.0,0.0
0.896484375,0.020214818,0.024651503,-0.99949163,0.023654629,0.99940425,0.025127765,0.9995158,-0.02415056,0.019619657,0.06850987,0.07092138,-0.9951264,0.01888116,0.99719924,0.07236898,0.9974718,-0.02374713,0.06697891,9.888336,-0.2536316,0.049057007,9.801902,-0.23683609,0.19240311,0.03883362,0.020843506,-0.0027923584,-43.67981,35.81848,0.0,0,0.0,0.0,0.0,0.0
