Time,Rot1,Rot2,Rot3,Rot4,Rot5,Rot6,Rot7,Rot8,Rot9,FRot1,FRot2,FRot3,FRot4,FRot5,FRot6,FRot7,FRot8,FRot9,Imid
15580.694888,0.75895834,-0.6505171,-0.028454589,0.6500984,0.75949115,-0.023347955,0.036799256,-7.7816006E-4,0.99932235,0.7580651,-0.65155214,-0.028585581,0.65114564,0.75860304,-0.02303911,0.03669629,-0.001148233,0.9993258,0
15580.702452,0.75837064,-0.65120053,-0.028494071,0.65078145,0.7589053,-0.023373028,0.036844827,-8.1799366E-4,0.9993206,0.758125,-0.65147966,-0.028647862,0.651073,0.75866514,-0.023044733,0.03674731,-0.0011810625,0.99932384,0
15580.712492,0.7581337,-0.6514786,-0.028441142,0.65105987,0.75866663,-0.023369443,0.03680204,-7.997229E-4,0.9993223,0.7581381,-0.6514649,-0.028638525,0.65105844,0.7586779,-0.023039347,0.036736738,-0.001178347,0.99932426,0
15580.722424,0.75857246,-0.65096486,-0.028504819,0.6505464,0.75910735,-0.023352025,0.036839567,-8.2950393E-4,0.9993208,0.75814563,-0.6514536,-0.028693998,0.65104717,0.7586875,-0.023038946,0.036778584,-0.0012142704,0.9993227,0
15580.732447,0.7582482,-0.65134233,-0.028509466,0.6509222,0.7587835,-0.023405034,0.036877204,-8.1061845E-4,0.99931943,0.7581567,-0.65144116,-0.028684981,0.6510336,0.7586982,-0.02307045,0.036792286,-0.0011838696,0.99932224,0
15580.742567,0.7592518,-0.6501691,-0.028579853,0.6497498,0.75978905,-0.02336017,0.036902726,-8.335075E-4,0.9993185,0.7581268,-0.65147483,-0.028710894,0.6510677,0.7586693,-0.023061385,0.036805987,-0.0012092803,0.9993217,0
15580.752405,0.7601499,-0.6491169,-0.02862581,0.6486965,0.7606883,-0.023372628,0.036946885,-8.027618E-4,0.99931693,0.7581666,-0.65142757,-0.02873124,0.6510189,0.75870985,-0.023101198,0.036847435,-0.001190026,0.9993202,0
15580.76242,0.76053417,-0.64866483,-0.028659886,0.6482443,0.7610735,-0.023366114,0.03696907,-8.078814E-4,0.99931604,0.7582762,-0.65129936,-0.028744753,0.6508907,0.75881994,-0.023099013,0.036856465,-0.0011942614,0.99931985,0
15580.77245,0.7612569,-0.647812,-0.028767753,0.64739174,0.7617997,-0.023344971,0.03703842,-8.52488E-4,0.9993134,0.7583767,-0.6511796,-0.028807227,0.65077037,0.7589227,-0.023113616,0.036913574,-0.0012180628,0.99931777,0
15580.782415,0.7610621,-0.64804107,-0.028762065,0.64761996,0.76160485,-0.023372767,0.037051845,-8.387621E-4,0.99931294,0.7584699,-0.6510712,-0.028805919,0.650661,0.75901574,-0.023138706,0.03692909,-0.0011928768,0.99931717,0
15580.792555,0.7610675,-0.6480306,-0.028854636,0.6476082,0.7616137,-0.0234079,0.037145123,-8.715056E-4,0.9993094,0.75858974,-0.6509273,-0.028900098,0.6505156,0.7591391,-0.023178512,0.037026722,-0.0012169855,0.99931353,0
15580.803499,0.7608008,-0.6483413,-0.02890908,0.6479175,0.7613493,-0.023455476,0.037217062,-8.8575477E-4,0.9993068,0.75867116,-0.6508279,-0.029001432,0.6504148,0.7592243,-0.023215763,0.037128057,-0.0012498304,0.9993097,0
15580.812263,0.7615806,-0.6474242,-0.028931592,0.647001,0.7621294,-0.02342082,0.03721282,-8.819298E-4,0.999307,0.7587513,-0.65073335,-0.029027924,0.6503203,0.7593053,-0.023216117,0.037148558,-0.0012621884,0.999309,0
15580.822373,0.76058036,-0.64860034,-0.02889761,0.6481759,0.7611286,-0.02347772,0.037222456,-8.740398E-4,0.9993066,0.7588568,-0.6506098,-0.02904045,0.65019625,0.7594112,-0.023226129,0.03716479,-0.0012566862,0.99930835,0
15580.832265,0.7605854,-0.6485927,-0.028937327,0.6481662,0.7611352,-0.023532482,0.037288215,-8.577359E-4,0.9993042,0.7589429,-0.6505083,-0.029062463,0.6500931,0.7594982,-0.023270123,0.037210293,-0.0012326115,0.9993067,0
15580.842273,0.7596505,-0.6496848,-0.028997099,0.6492538,0.76020336,-0.023677394,0.03742653,-8.3993096E-4,0.99929905,0.7590268,-0.6504076,-0.029123724,0.64998907,0.7595844,-0.023360219,0.037315592,-0.0011990698,0.9993028,0
15580.852275,0.7583482,-0.65120214,-0.029044839,0.65076834,0.7589037,-0.02378032,0.037528034,-8.676964E-4,0.9992951,0.7590467,-0.65038174,-0.02918475,0.64996195,0.7596066,-0.02339568,0.03738505,-0.0012105642,0.99930024,0
15580.862272,0.7576308,-0.6520358,-0.029064331,0.65159804,0.75818765,-0.023901785,0.03762104,-8.295328E-4,0.9992917,0.7590051,-0.65042883,-0.02921641,0.6500056,0.75956637,-0.02348992,0.037470322,-0.0011618581,0.9992971,0
15580.872276,0.75746846,-0.6522228,-0.029102098,0.6517797,0.75802696,-0.024049997,0.03774613,-7.510418E-4,0.99928707,0.75895244,-0.65048844,-0.02925578,0.65006053,0.7595153,-0.023615973,0.037582133,-0.0010946267,0.99929297,0
15580.88227,0.75707996,-0.6526725,-0.029129576,0.6522264,0.75763977,-0.024138648,0.03782436,-7.241918E-4,0.99928415,0.7588877,-0.6505613,-0.02931467,0.6501307,0.75945294,-0.02369126,0.03767573,-0.0010793606,0.9992894,0
15580.892266,0.7568939,-0.65288246,-0.029263541,0.6524325,0.757459,-0.024246458,0.037996013,-7.4049E-4,0.9992776,0.75881714,-0.6506375,-0.02945046,0.6502034,0.7593876,-0.023789058,0.03784237,-0.001097244,0.99928313,0
15580.902271,0.75764614,-0.652005,-0.029352706,0.65154827,0.75821424,-0.024408739,0.038170267,-6.3151773E-4,0.99927104,0.7587295,-0.65073675,-0.02951744,0.650295,0.7593028,-0.023993662,0.038026232,-9.903444E-4,0.9992763,0
15580.912274,0.7559607,-0.6539586,-0.029350935,0.6534947,0.75653005,-0.024634028,0.038314503,-5.583251E-4,0.99926555,0.7586867,-0.65078354,-0.02958567,0.65033567,0.7592628,-0.02415782,0.03818481,-9.1239956E-4,0.99927026,0
15580.922279,0.7557404,-0.6542122,-0.029372977,0.6537433,0.7563109,-0.02476837,0.038418874,-4.83931E-4,0.9992616,0.7585724,-0.6509159,-0.029605132,0.65046376,0.7591494,-0.024272647,0.038274165,-8.4450585E-4,0.9992669,0
15580.932264,0.75515026,-0.6548893,-0.029462848,0.6544149,0.7557246,-0.024926122,0.03858965,-4.5795552E-4,0.999255,0.75844306,-0.65106297,-0.0296853,0.6506053,0.75902337,-0.024418877,0.03843006,-7.930861E-4,0.999261,0
15580.942265,0.7550649,-0.65497965,-0.029641844,0.6544993,0.75564635,-0.025084887,0.038828842,-4.598461E-4,0.99924576,0.7583151,-0.6512068,-0.02979954,0.65074354,0.7589,-0.024570052,0.03861505,-7.6001795E-4,0.99925387,0
15580.95233,0.7548296,-0.65524596,-0.02974933,0.65476143,0.7554154,-0.025198152,0.038984094,-4.5840535E-4,0.9992397,0.7581991,-0.6513369,-0.02990665,0.6508696,0.7587883,-0.024678499,0.03876683,-7.541148E-4,0.99924797,0
15580.962274,0.7552727,-0.6547333,-0.02979132,0.6542458,0.75585985,-0.025263213,0.03905873,-4.1023365E-4,0.99923676,0.7580651,-0.65149164,-0.029931903,0.65102136,0.7586555,-0.024760619,0.03883934,-7.1614515E-4,0.9992452,0
15580.972682,0.75509655,-0.65493405,-0.029845707,0.654441,0.7556861,-0.025410801,0.03919638,-3.446499E-4,0.99923146,0.757945,-0.65162736,-0.030018762,0.6511515,0.7585389,-0.024909848,0.03900234,-6.664649E-4,0.9992389,0
15580.982271,0.75411016,-0.6560629,-0.02998972,0.6555624,0.75470626,-0.025625365,0.039445277,-3.3578184E-4,0.99922174,0.7578118,-0.6517738,-0.030202623,0.6512915,0.7584131,-0.025081277,0.039253384,-6.638241E-4,0.9992291,0
15580.992267,0.7551279,-0.6548836,-0.030153893,0.6543761,0.7557297,-0.025778776,0.039670292,-2.6571378E-4,0.9992128,0.7576523,-0.6519527,-0.030342627,0.65146166,0.7582594,-0.02530442,0.039504867,-5.951071E-4,0.9992192,0
15581.002395,0.7550044,-0.65502256,-0.030230181,0.65450644,0.75560933,-0.025996936,0.039870784,-1.5804822E-4,0.9992048,0.75755864,-0.6520567,-0.030448107,0.6515572,0.75817007,-0.025522223,0.03972678,-5.041025E-4,0.9992105,0
15581.012267,0.7553269,-0.65464556,-0.030337797,0.6541248,0.75593585,-0.026106257,0.040023778,-1.2594646E-4,0.9991987,0.7574506,-0.6521773,-0.030551843,0.65167266,0.7580663,-0.025654348,0.039891507,-4.7790044E-4,0.9992039,0
15581.022273,0.7555154,-0.6544227,-0.030452901,0.6538974,0.7561289,-0.026216635,0.040183082,-1.06002204E-4,0.99919236,0.7573973,-0.65223426,-0.030656695,0.6517249,0.7580173,-0.025775773,0.04005015,-4.5723104E-4,0.99919754,0
15581.032274,0.75546527,-0.6544756,-0.03056038,0.65394694,0.7560831,-0.026300691,0.040319346,-1.15606934E-4,0.9991868,0.7573295,-0.65230894,-0.030739086,0.65179664,0.757953,-0.025850099,0.040161036,-4.5859054E-4,0.9991931,0
15581.042271,0.75557506,-0.65434563,-0.030629838,0.6538153,0.75619566,-0.026340345,0.040397838,-1.2414902E-4,0.9991837,0.7572548,-0.6523933,-0.030792754,0.6518793,0.7578804,-0.025895188,0.040231075,-4.6390548E-4,0.9991903,0
15581.052307,0.7548285,-0.65520304,-0.030704683,0.6546701,0.7554528,-0.026423257,0.040508546,-1.5641283E-4,0.99917924,0.7572028,-0.6524496,-0.030878415,0.651934,0.757832,-0.025936622,0.04032299,-4.914057E-4,0.9991866,0
15581.062267,0.75446063,-0.65562636,-0.030710783,0.65509087,0.75508547,-0.026493162,0.040558882,-1.3030507E-4,0.99917716,0.75711304,-0.6525531,-0.030891873,0.6520351,0.7577428,-0.025998622,0.04037358,-4.5869025E-4,0.99918455,0
15581.072262,0.75485784,-0.6551655,-0.030789625,0.6546283,0.75548553,-0.026526025,0.04064005,-1.3238564E-4,0.9991739,0.75701314,-0.6526662,-0.030952059,0.6521461,0.7576454,-0.026055552,0.040456265,-4.608691E-4,0.9991812,0
15581.082271,0.7553203,-0.65462935,-0.030850062,0.65408754,0.75595003,-0.02662726,0.04075209,-6.653555E-5,0.9991693,0.7569128,-0.65278035,-0.0309965,0.65225476,0.75754714,-0.026194323,0.040580448,-3.9079296E-4,0.9991762,0
15581.092272,0.7553337,-0.6546091,-0.03095033,0.6540627,0.7559675,-0.026738971,0.04090102,-4.6611764E-5,0.99916315,0.756841,-0.6528581,-0.031113733,0.6523275,0.75748014,-0.026319869,0.040751174,-3.7638718E-4,0.9991693,0
15581.102278,0.75564826,-0.65423864,-0.031104151,0.6536865,0.7562881,-0.026872408,0.041104667,-2.6274472E-5,0.9991548,0.75677913,-0.6529221,-0.031274173,0.6523848,0.75742495,-0.02648547,0.040980786,-3.5914485E-4,0.9991599,0
15581.11226,0.75512344,-0.65483445,-0.031311937,0.65427274,0.75577235,-0.027116364,0.041421425,-1.0345131E-5,0.99914175,0.7567255,-0.6529728,-0.03151199,0.6524266,0.75738126,-0.026705753,0.04130472,-3.5033363E-4,0.9991465,0
15581.122268,0.75444543,-0.65560216,-0.031591356,0.6550296,0.75510657,-0.027393656,0.04181418,-2.6257709E-5,0.9991254,0.7566407,-0.653056,-0.03182399,0.6524995,0.7573095,-0.026958345,0.041705918,-3.6735565E-4,0.9991299,0
15581.132263,0.7548342,-0.65513486,-0.031995308,0.65455085,0.755512,-0.027656667,0.042291682,-6.635673E-5,0.99910533,0.7565238,-0.65317565,-0.03214593,0.6526084,0.7572063,-0.027220048,0.042120572,-3.8608696E-4,0.9991125,0
15581.142272,0.7547761,-0.6551809,-0.03241923,0.65458435,0.75547206,-0.027952682,0.042805884,-1.2310129E-4,0.99908346,0.75644857,-0.65324396,-0.032526415,0.6526644,0.7571474,-0.027513279,0.042600174,-4.1645556E-4,0.99909216,0
15581.152463,0.75347555,-0.6566613,-0.032720342,0.65604764,0.7541857,-0.028381472,0.043314226,-8.135754E-5,0.99906147,0.7563707,-0.6533184,-0.032838207,0.6527245,0.7570831,-0.027853131,0.043058217,-3.6701057E-4,0.9990725,0
15581.162267,0.7528241,-0.6573916,-0.033046965,0.6567632,0.7535491,-0.028736841,0.04379387,-7.0242204E-5,0.99904054,0.75624084,-0.6534512,-0.033186544,0.65284306,0.75696856,-0.028188068,0.043540698,-3.4863726E-4,0.9990516,0
15581.172267,0.7520552,-0.6582574,-0.03331938,0.6576178,0.752793,-0.029011931,0.044179913,-9.284448E-5,0.9990236,0.7560998,-0.65360004,-0.033468287,0.6529825,0.75684005,-0.028408539,0.04389796,-3.7451554E-4,0.99903595,0
15581.182267,0.7519758,-0.6583364,-0.03355054,0.65768754,0.7527239,-0.02922104,0.044491563,-9.22596E-5,0.9990097,0.755934,-0.6537798,-0.033701867,0.6531525,0.7566847,-0.028635604,0.04422307,-3.6583352E-4,0.99902165,0
15581.192271,0.7522306,-0.6580348,-0.033753596,0.6573788,0.7529875,-0.02937624,0.044746622,-9.118765E-5,0.99899834,0.7557449,-0.653987,-0.033922292,0.653351,0.75650567,-0.028838012,0.04452209,-3.6898343E-4,0.99900836,0
15581.202749,0.75203156,-0.6582444,-0.03410095,0.6575766,0.7528043,-0.029641757,0.04518286,-1.324499E-4,0.9989787,0.75559956,-0.65413743,-0.034257725,0.6534907,0.7563756,-0.029082393,0.044935588,-4.1246292E-4,0.9989898,0
15581.212368,0.75135934,-0.65899605,-0.034399293,0.6583119,0.7521463,-0.030020034,0.04565639,-8.963422E-5,0.99895716,0.7554419,-0.6542996,-0.03463445,0.65363616,0.7562353,-0.029459808,0.045467332,-3.8315527E-4,0.99896574,0
15581.222373,0.7509782,-0.65940845,-0.03481679,0.6587006,0.7517848,-0.030545354,0.046316605,5.0505623E-6,0.99892676,0.75528044,-0.6544637,-0.0350525,0.65377855,0.7560933,-0.029940814,0.046098135,-3.0286136E-4,0.99893683,0
15581.232369,0.7504565,-0.6599762,-0.035306234,0.65924305,0.7512866,-0.031100303,0.047050558,6.403308E-5,0.99889255,0.75507545,-0.65467113,-0.03559168,0.6539612,0.75591373,-0.030483296,0.046860773,-2.5838814E-4,0.99890137,0
15581.242377,0.7499608,-0.66050357,-0.035969727,0.65974253,0.75082284,-0.031697497,0.047943205,4.1119754E-5,0.99885005,0.7548501,-0.65489686,-0.03621144,0.654162,0.7557181,-0.031018369,0.047679476,-2.73926E-4,0.9988626,0
15581.25244,0.7502011,-0.6601888,-0.03672846,0.65939635,0.7510996,-0.03233742,0.04893554,4.0959567E-5,0.9988019,0.7546288,-0.6551124,-0.036920823,0.6543467,0.7555313,-0.03166691,0.04864022,-2.62256E-4,0.9988163,0
15581.262444,0.74976516,-0.66064316,-0.037452925,0.6598123,0.75070006,-0.0331243,0.04999926,1.2354739E-4,0.9987493,0.75441325,-0.6553184,-0.037662517,0.6545152,0.7553528,-0.03243534,0.04970396,-1.8104131E-4,0.998764,0
15581.272456,0.7491049,-0.6613497,-0.03819088,0.66048205,0.7500778,-0.033866644,0.051043816,1.452826E-4,0.9986964,0.7542042,-0.65551704,-0.03838509,0.6546805,0.75518036,-0.03310723,0.050690018,-1.6035547E-4,0.99871445,0
15581.282725,0.7481529,-0.66238207,-0.038951594,0.66147536,0.74916625,-0.034647785,0.05213129,1.563225E-4,0.9986403,0.7539582,-0.6557482,-0.03925914,0.6548721,0.75497967,-0.03388462,0.05185963,-1.6212891E-4,0.99865437,0
15581.292445,0.7471905,-0.6634222,-0.039717466,0.6624688,0.7482453,-0.035555847,0.05330694,2.5540963E-4,0.99857813,0.7536967,-0.6560027,-0.040022194,0.6550848,0.75475854,-0.03469012,0.0529639,-7.210602E-5,0.99859643,0
15581.302445,0.74583185,-0.66489923,-0.04054407,0.6639016,0.746933,-0.036410492,0.054493017,2.388265E-4,0.9985141,0.7533851,-0.6563038,-0.04094147,0.6553435,0.75449675,-0.03549076,0.054182924,-9.251562E-5,0.99853104,0
15581.312438,0.7460354,-0.6646178,-0.04140504,0.6635809,0.74718344,-0.037110545,0.05560149,2.101902E-4,0.99845296,0.75305223,-0.65663743,-0.041708678,0.65564054,0.7542064,-0.03616809,0.055206273,-1.0944062E-4,0.99847496,0
15581.322459,0.74654216,-0.66400146,-0.04215472,0.6629261,0.7477313,-0.03777575,0.056603547,2.5573187E-4,0.9983967,0.7527574,-0.6569292,-0.042430766,0.6558931,0.75395226,-0.036881104,0.056219045,-6.752386E-5,0.99841845,0
15581.332423,0.74493885,-0.6657612,-0.04275471,0.66465473,0.74616474,-0.038367808,0.057445865,1.645498E-4,0.99834865,0.7524816,-0.6572028,-0.043080542,0.65614,0.7537138,-0.03735958,0.05702322,-1.5447049E-4,0.99837285,0
15581.342437,0.7447889,-0.6658958,-0.043269496,0.6647597,0.7460447,-0.038883276,0.05817319,1.9601548E-4,0.9983065,0.75218666,-0.657507,-0.04358725,0.6564143,0.7534484,-0.037892506,0.057755332,-1.0905484E-4,0.9983308,0
15581.352438,0.7443561,-0.6663509,-0.043708354,0.6651878,0.74563825,-0.039355386,0.058815118,2.2016092E-4,0.9982689,0.7518582,-0.65785575,-0.04399044,0.6567389,0.75314397,-0.03831732,0.0583384,-8.104652E-5,0.99829686,0
15581.362436,0.74436563,-0.66631323,-0.044119947,0.66513234,0.745672,-0.039651673,0.05931944,1.6973726E-4,0.99823904,0.7515445,-0.65818715,-0.044390626,0.65705144,0.75285435,-0.038649026,0.058857966,-1.2046255E-4,0.99826634,0
15581.372803,0.7451629,-0.6653951,-0.044512928,0.6641934,0.74649113,-0.039972115,0.059825767,2.2054836E-4,0.99820876,0.75121975,-0.65853566,-0.044717405,0.6573777,0.7525495,-0.03903464,0.059357762,-7.2633375E-5,0.9982368,0
15581.382576,0.74645656,-0.6639136,-0.04495886,0.6626953,0.7478092,-0.040202267,0.06031148,2.1522306E-4,0.9981795,0.7509721,-0.6587938,-0.045073256,0.6576167,0.7523235,-0.03936444,0.05984272,-7.932968E-5,0.9982078,0
15581.392639,0.74541104,-0.6650673,-0.04525294,0.66382587,0.7467833,-0.040617518,0.06080753,2.3667142E-4,0.99814945,0.75077003,-0.6589973,-0.045462124,0.6577974,0.7521453,-0.03974934,0.060388833,-6.225254E-5,0.9981749,0
15581.402941,0.74430716,-0.6662868,-0.04548162,0.6650177,0.7456954,-0.041105863,0.06130374,3.4929998E-4,0.9981191,0.75054836,-0.6592292,-0.045759574,0.65800464,0.75194204,-0.04016181,0.060884386,3.3367156E-5,0.9981448,0
15581.412672,0.74348235,-0.6671809,-0.045864016,0.6658868,0.7448956,-0.041534647,0.061875034,3.400277E-4,0.99808383,0.7502707,-0.65951306,-0.04622066,0.65826404,0.75169307,-0.04056981,0.061500072,1.2940341E-5,0.9981071,0
15581.422778,0.74227214,-0.6685014,-0.04623717,0.6671802,0.74371076,-0.04200857,0.062469877,3.3326633E-4,0.99804676,0.7499974,-0.65979385,-0.04664811,0.6585215,0.75144666,-0.040956177,0.0620762,-1.7602506E-6,0.99807143,0
15581.432694,0.7425429,-0.6681582,-0.04684779,0.666805,0.7440192,-0.04250365,0.06325481,3.2244623E-4,0.99799734,0.74965405,-0.6601416,-0.047242053,0.6588349,0.7511412,-0.04151563,0.06289165,-2.3485482E-6,0.99802035,0
15581.442739,0.74150497,-0.66926444,-0.047491483,0.6678652,0.7430242,-0.043255117,0.06423643,3.559701E-4,0.99793464,0.74933314,-0.6604591,-0.047891643,0.65911335,0.750862,-0.042141102,0.06379249,1.1706027E-5,0.9979632,0
15581.45266,0.7400584,-0.6708135,-0.048194908,0.66936576,0.74162596,-0.044049405,0.06529154,3.391076E-4,0.99786615,0.7489706,-0.66080916,-0.04872661,0.65941674,0.75055397,-0.04287557,0.06490452,-1.8604482E-5,0.9978915,0
15581.462782,0.7382437,-0.67275673,-0.04893513,0.67125416,0.7398637,-0.044939857,0.06643891,3.2866E-4,0.99779046,0.74856794,-0.66120726,-0.049507115,0.6597685,0.7502033,-0.043594886,0.06596565,-2.9502651E-5,0.99782187,0
15581.472694,0.7378173,-0.6731663,-0.049727272,0.6716162,0.73949105,-0.045657642,0.067508064,2.8935447E-4,0.99771863,0.74812096,-0.66165125,-0.050324984,0.66016406,0.7498117,-0.044337124,0.06706998,-5.3213826E-5,0.99774826,0
15581.482693,0.73647887,-0.6745744,-0.050479136,0.67297214,0.73820674,-0.04646673,0.06860931,2.5071763E-4,0.9976436,0.7476589,-0.6621111,-0.05113663,0.66057503,0.7494057,-0.045074876,0.06816666,-7.894604E-5,0.9976739,0
15581.492679,0.73682207,-0.67414004,-0.05126802,0.6724928,0.7386035,-0.04709829,0.069617584,2.2568367E-4,0.99757373,0.7471629,-0.66261387,-0.05187018,0.6610327,0.7489612,-0.045748398,0.06916227,-1.0637669E-4,0.99760544,0
15581.502676,0.7360605,-0.67490715,-0.052108113,0.67320806,0.7379026,-0.04785989,0.0707517,1.4817156E-4,0.9974939,0.74669075,-0.6630785,-0.05272426,0.66144913,0.7485499,-0.046455443,0.070270345,-1.8657111E-4,0.99752796,0
15581.512713,0.7346725,-0.6763786,-0.052614745,0.6746394,0.7365541,-0.048473544,0.07154007,1.16199255E-4,0.9974377,0.7462397,-0.6635376,-0.053330943,0.66187125,0.7481429,-0.046996154,0.07108288,-2.2782534E-4,0.99747044,0
15581.522532,0.7339642,-0.67710066,-0.05320789,0.67532086,0.7358903,-0.049061902,0.07237503,7.728115E-5,0.9973775,0.74573725,-0.66405374,-0.053930223,0.66234857,0.7476847,-0.047558963,0.07190451,-2.541125E-4,0.9974115,0
15581.532732,0.7339371,-0.67709076,-0.05370721,0.6752804,0.7358995,-0.049479444,0.07302518,4.737079E-5,0.99733007,0.745238,-0.6645779,-0.054373987,0.6628426,0.74721885,-0.047996465,0.072526656,-2.7260534E-4,0.9973664,0
15581.542729,0.7328693,-0.6782127,-0.054130297,0.6763735,0.73486567,-0.049913727,0.07363062,-3.2063574E-5,0.9972856,0.74475974,-0.66507435,-0.05485358,0.6633115,0.746777,-0.048392463,0.07314798,-3.4425643E-4,0.997321,0
15581.552727,0.7330032,-0.6780348,-0.054545388,0.67616725,0.7350298,-0.05028954,0.07419055,-1.9416213E-5,0.99724406,0.7442636,-0.6655991,-0.05522225,0.6638085,0.74630934,-0.048790663,0.0736879,-3.4389118E-4,0.9972813,0
15581.562655,0.73384905,-0.6770865,-0.054949734,0.6751938,0.73590344,-0.050590564,0.074691884,2.411753E-5,0.9972066,0.7438069,-0.66608196,-0.055553146,0.6642616,0.74587846,-0.04921281,0.07421566,-2.9699333E-4,0.99724215,0
15581.572705,0.73334974,-0.67759836,-0.055303507,0.67567843,0.735432,-0.050971888,0.075210445,1.28373495E-5,0.99716765,0.7433833,-0.66652745,-0.055878226,0.6646817,0.74548036,-0.049570657,0.074696325,-2.9123318E-4,0.9972063,0
15581.582772,0.73325926,-0.6776729,-0.055590395,0.67574066,0.7353635,-0.05113852,0.075534336,-6.6900626E-5,0.99714327,0.7429833,-0.66695094,-0.056144834,0.6650911,0.7451015,-0.049774494,0.075030744,-3.59815E-4,0.9971812,0
15581.592691,0.7333599,-0.6775482,-0.055782493,0.6756067,0.7354783,-0.0512555,0.07575489,-9.829737E-5,0.9971264,0.7426,-0.66736394,-0.056308586,0.66549295,0.74473166,-0.04993959,0.075262666,-3.878231E-4,0.9971637,0
15581.602653,0.7338662,-0.6769853,-0.055957865,0.67503494,0.73599654,-0.05135148,0.07594899,-8.839928E-5,0.99711174,0.74222165,-0.6677722,-0.056456868,0.6658882,0.74436563,-0.050127123,0.075498044,-3.885244E-4,0.9971459,0
15581.612654,0.7335554,-0.677298,-0.056249067,0.6753274,0.7357088,-0.051627837,0.07635036,-1.146607E-4,0.997081,0.74184763,-0.6681613,-0.056767646,0.6662571,0.74401635,-0.05040946,0.075917706,-4.2571075E-4,0.99711394,0
15581.622822,0.7340585,-0.676708,-0.056784548,0.6747065,0.7362515,-0.052007463,0.07700157,-1.3639033E-4,0.9970309,0.7414833,-0.6685207,-0.057295073,0.6665812,0.7436935,-0.050888363,0.07662989,-4.589483E-4,0.99705946,0
15581.632761,0.7325232,-0.67830986,-0.057493076,0.67625356,0.7347759,-0.05277758,0.07804409,-2.1909548E-4,0.9969499,0.74113196,-0.66884714,-0.058025174,0.6668589,0.74339986,-0.051534846,0.07760484,-5.004848E-4,0.99698406,0
15581.642724,0.7303561,-0.68055683,-0.058500234,0.6784113,0.73269516,-0.053997617,0.079611294,-2.497323E-4,0.99682593,0.74070764,-0.6692122,-0.059222545,0.6671403,0.74307126,-0.052621834,0.07922174,-5.323514E-4,0.9968569,0
15581.652688,0.7285808,-0.68234116,-0.059837367,0.6800848,0.7310338,-0.05544514,0.08157565,-2.982244E-4,0.99666715,0.7402003,-0.6696334,-0.060783915,0.6674531,0.7426916,-0.053996056,0.081301264,-6.0251757E-4,0.9966894,0
15581.66273,0.7268936,-0.6840076,-0.061314177,0.68162143,0.7294749,-0.057084605,0.08377345,-2.9862486E-4,0.99648476,0.7396257,-0.6701305,-0.062282085,0.6678376,0.7422431,-0.055390894,0.083347574,-6.2579213E-4,0.99652034,0
15581.672687,0.7255875,-0.685258,-0.06280364,0.68273973,0.72830033,-0.058693927,0.085960396,-2.909638E-4,0.99629843,0.73899555,-0.670668,-0.06395238,0.66824585,0.7417573,-0.056951787,0.08563289,-6.4879516E-4,0.9963265,0
15581.682675,0.7239859,-0.6868018,-0.064403445,0.6841417,0.7268447,-0.060389847,0.08828715,-3.39685E-4,0.996095,0.7382917,-0.6712752,-0.065689035,0.6687187,0.7412079,-0.05853381,0.08798152,-7.1245927E-4,0.9961219,0
15581.692739,0.72202134,-0.6887269,-0.065882295,0.6859185,0.72502077,-0.062134214,0.09055954,-3.2766163E-4,0.995891,0.7375784,-0.6718999,-0.06729464,0.6692092,0.7406416,-0.060075905,0.090206206,-7.2349777E-4,0.99592286,0
15581.702724,0.7185327,-0.69220054,-0.06759579,0.6892171,0.7217051,-0.06419933,0.093223035,-4.5886263E-4,0.99564517,0.73680776,-0.6725444,-0.06927046,0.6696947,0.74005634,-0.06185166,0.09286203,-8.1728364E-4,0.9956786,0
15581.712759,0.7165657,-0.6940837,-0.06914733,0.6909056,0.71989423,-0.06634561,0.095828176,-2.3327768E-4,0.99539787,0.73589516,-0.6733536,-0.071086064,0.670328,0.7393202,-0.06376457,0.09549148,-7.269432E-4,0.99543,0
15581.722723,0.7141501,-0.6963685,-0.071137704,0.69296724,0.7176844,-0.06874247,0.09892451,-2.0366162E-4,0.9950949,0.734918,-0.67419165,-0.07321981,0.6709706,0.738556,-0.06582834,0.09845785,-7.499112E-4,0.9951409,0
15581.732692,0.710589,-0.69974726,-0.0736013,0.6960915,0.7143904,-0.07143654,0.102567576,-4.7121572E-4,0.99472594,0.73380405,-0.67511165,-0.07586709,0.6716558,0.737715,-0.068228446,0.102030106,-8.9025573E-4,0.9947809,0
15581.742774,0.7076389,-0.70250446,-0.07572723,0.6985817,0.71167916,-0.074136935,0.10597503,-4.3948367E-4,0.9943687,0.73265934,-0.6761087,-0.07802043,0.6724245,0.7368014,-0.0704908,0.10514501,-8.1710296E-4,0.9944565,0
15581.752694,0.70413184,-0.70579344,-0.07780689,0.70162034,0.7084173,-0.076639906,0.1092117,-6.262921E-4,0.99401826,0.73142415,-0.67716867,-0.08038193,0.67325985,0.73582715,-0.072659664,0.10835006,-9.7289984E-4,0.9941123,0
15581.762693,0.7020575,-0.7076745,-0.07944872,0.7032907,0.7065383,-0.0786502,0.1117923,-6.5857917E-4,0.9937314,0.7301365,-0.6783289,-0.082283534,0.67421496,0.73475766,-0.07460087,0.111062385,-0.0010079701,0.9938129,0
15581.772687,0.7003183,-0.7092325,-0.080892436,0.7046552,0.7049744,-0.08045057,0.11408526,-6.60263E-4,0.9934708,0.7288681,-0.6795172,-0.08371113,0.67523545,0.7336588,-0.07616948,0.11317389,-0.0010072157,0.9935747,0
15581.782722,0.6989683,-0.7104155,-0.08217776,0.70567346,0.70378214,-0.08194884,0.11605296,-7.110201E-4,0.99324274,0.72761697,-0.6806881,-0.08507252,0.6762434,0.7325726,-0.07766675,0.11518863,-0.0010180876,0.9933431,0
15581.792684,0.69864494,-0.7105946,-0.08336977,0.7057021,0.70360136,-0.08324476,0.11781237,-6.756894E-4,0.9930357,0.726367,-0.6818886,-0.086133644,0.67730033,0.73145545,-0.07897561,0.11685549,-9.730677E-4,0.99314845,0
15581.802661,0.6973769,-0.7117125,-0.084443614,0.70667607,0.7024704,-0.084522836,0.11947511,-7.3000416E-4,0.9928369,0.7251195,-0.6830691,-0.087283194,0.67834044,0.730353,-0.08024166,0.11855814,-0.0010229294,0.99294657,0
15581.813371,0.6964396,-0.7125138,-0.085416764,0.7073309,0.7016579,-0.08578706,0.12105779,-6.7240745E-4,0.99264526,0.72391534,-0.6842179,-0.08827504,0.67935276,0.729277,-0.08145465,0.12010968,-0.0010036164,0.9927601,0
15581.822693,0.6943617,-0.7144322,-0.08630597,0.70909613,0.6997045,-0.087157875,0.122657046,-6.8014115E-4,0.9924489,0.7226974,-0.68535805,-0.08940292,0.6803465,0.7282055,-0.0827368,0.12180802,-0.0010312956,0.9925531,0
15581.83269,0.6932263,-0.7153993,-0.08741357,0.7098935,0.69871557,-0.08858805,0.12445305,-6.427616E-4,0.99222535,0.7214536,-0.68651927,-0.090531655,0.6813532,0.72711086,-0.08406826,0.12354103,-0.0010326828,0.9923389,0
15581.842652,0.69015115,-0.71824,-0.088445485,0.7125181,0.6957951,-0.09048236,0.126528,-5.725026E-4,0.99196285,0.7201822,-0.68766123,-0.09197647,0.6822917,0.726031,-0.085773386,0.12576081,-9.823164E-4,0.9920601,0
15581.852688,0.6876923,-0.7204073,-0.089958385,0.7144263,0.6935509,-0.09263927,0.12912874,-5.6133047E-4,0.99162763,0.7187856,-0.688898,-0.09363112,0.683303,0.72485757,-0.08762738,0.12823556,-9.931226E-4,0.99174327,0
15581.862816,0.6854633,-0.72230005,-0.09177495,0.71601266,0.6915796,-0.09509721,0.1321584,-5.2637234E-4,0.99122846,0.7172875,-0.6901668,-0.09575204,0.6842785,0.7236497,-0.08996754,0.13138354,-9.884591E-4,0.9913311,0
15581.872697,0.68154126,-0.72578543,-0.093471736,0.7191471,0.687921,-0.09794007,0.13538465,-4.697256E-4,0.99079305,0.71576333,-0.69145644,-0.0978308,0.68526757,0.7224175,-0.09231124,0.13450389,-9.672773E-4,0.99091256,0
15581.882691,0.6780883,-0.7287558,-0.09545317,0.7217354,0.68477356,-0.10091222,0.13890417,-4.6453997E-4,0.9903058,0.71407956,-0.69285214,-0.100230336,0.686314,0.72107893,-0.094964184,0.13807014,-9.774944E-4,0.99042195,0
15581.892586,0.6748317,-0.7315296,-0.09729716,0.72413546,0.6818096,-0.10374758,0.14223254,-4.4416636E-4,0.9898331,0.7123635,-0.6943114,-0.10232242,0.6874476,0.719674,-0.097391285,0.14125867,-9.6330495E-4,0.98997223,0
15581.902775,0.67285043,-0.7330817,-0.09931523,0.7253198,0.6801404,-0.106395975,0.14554524,-4.4672567E-4,0.98935145,0.7105481,-0.69583964,-0.10453994,0.6886218,0.7181965,-0.09996909,0.14464267,-9.5562905E-4,0.9894835,0
15581.91269,0.6697037,-0.7357262,-0.10101428,0.72760075,0.67727894,-0.10904314,0.14864075,-4.7147274E-4,0.9888912,0.7087477,-0.6973641,-0.10658325,0.68980783,0.71671635,-0.10238564,0.14779003,-9.5637405E-4,0.98901826,0
15581.922748,0.66794556,-0.73709077,-0.102692984,0.72862625,0.6757936,-0.11138546,0.15150046,-4.253909E-4,0.9884571,0.7069543,-0.6989299,-0.10822468,0.6910717,0.7151896,-0.10451717,0.15045135,-9.0214924E-4,0.988617,0
15581.932695,0.66522217,-0.73933446,-0.10423094,0.7305227,0.6733383,-0.11380791,0.15432478,-4.355237E-4,0.98802006,0.7051139,-0.7004972,-0.110082254,0.69230837,0.7136546,-0.10680045,0.15337412,-9.043775E-4,0.98816776,0
15581.942724,0.6622912,-0.74175763,-0.10566995,0.7325856,0.67066807,-0.11628786,0.15712684,-3.9586425E-4,0.98757833,0.70329124,-0.70207465,-0.11168067,0.69357413,0.7121029,-0.10892389,0.15600082,-8.536019E-4,0.98775655,0
15581.952687,0.6601082,-0.74347657,-0.107237205,0.7339471,0.6687619,-0.11865589,0.15993401,-3.806986E-4,0.9871276,0.7013768,-0.7036966,-0.113497615,0.69484365,0.7105001,-0.11127428,0.1589434,-8.17897E-4,0.98728734,0
15581.962721,0.6579972,-0.74511683,-0.1088147,0.7351981,0.6669339,-0.121173196,0.1628604,-2.6873127E-4,0.98664904,0.6994852,-0.7053175,-0.11509898,0.69612473,0.7088912,-0.11350628,0.16165061,-7.2728354E-4,0.9868478,0
15581.972727,0.65563256,-0.74696493,-0.11040549,0.7366591,0.66486347,-0.123653226,0.16576919,-2.6012212E-4,0.98616457,0.69751793,-0.7069358,-0.11709123,0.69735694,0.7072772,-0.115983605,0.16480894,-7.5373123E-4,0.9863252,0
15581.982749,0.65348506,-0.74859345,-0.11209417,0.73786145,0.6630293,-0.12630425,0.16887225,-1.72019E-4,0.98563796,0.69557005,-0.7085557,-0.118874654,0.69859874,0.70565456,-0.11837006,0.16775621,-7.110141E-4,0.9858283,0
15581.993379,0.6500436,-0.75135094,-0.113644384,0.7401457,0.6599028,-0.12927721,0.17212681,-7.7575445E-5,0.9850748,0.693555,-0.71017027,-0.12099435,0.6997669,0.7040296,-0.12111421,0.17119531,-6.684684E-4,0.9852369,0
15582.002635,0.64668393,-0.75399715,-0.11527442,0.74230367,0.6568777,-0.13227583,0.1754568,-2.7962029E-5,0.9844871,0.69146466,-0.7118748,-0.122926,0.7010512,0.70230603,-0.12366658,0.17436679,-6.6633685E-4,0.98468053,0
15582.012681,0.6439978,-0.75599295,-0.117224276,0.74376535,0.65457976,-0.13541956,0.17910887,2.2530556E-5,0.98382926,0.68929213,-0.71358913,-0.1251673,0.70227665,0.7005641,-0.12655994,0.17799951,-6.6530233E-4,0.9840303,0
15582.0227,0.6408342,-0.75841993,-0.118872285,0.7456888,0.6517662,-0.13838011,0.18242718,3.6969785E-5,0.9832194,0.6871312,-0.71532005,-0.12715316,0.7035443,0.69879675,-0.12926137,0.18131746,-6.383671E-4,0.9834244,0
15582.032687,0.63765526,-0.7608017,-0.12073343,0.7475054,0.6489845,-0.1416149,0.18609498,5.2586198E-5,0.9825318,0.6848512,-0.7170877,-0.12947613,0.70476985,0.69698274,-0.13234253,0.18514381,-6.1593263E-4,0.98271126,0
15582.042752,0.63396305,-0.76360756,-0.12245154,0.7497063,0.6456806,-0.1450409,0.18981892,1.4787912E-4,0.98181903,0.68257314,-0.71888936,-0.13149942,0.7060524,0.6951244,-0.13524853,0.18863717,-5.284758E-4,0.9820467,0
15582.052687,0.6304811,-0.76618594,-0.12430831,0.7516482,0.64261883,-0.14854601,0.19369674,2.1935998E-4,0.9810614,0.6801875,-0.7207054,-0.13389803,0.70726526,0.69324136,-0.13853607,0.19266732,-4.709201E-4,0.981264,0
15582.062692,0.625409,-0.77005446,-0.12601523,0.75479734,0.6379782,-0.15252869,0.19785033,2.7685612E-4,0.98023224,0.6776737,-0.7226115,-0.13634878,0.708539,0.69125426,-0.1419157,0.19680157,-4.3589444E-4,0.98044324,0
15582.072652,0.62290823,-0.77175236,-0.12799883,0.7558605,0.63592315,-0.15580972,0.20164393,3.058985E-4,0.97945887,0.6751199,-0.7245897,-0.13850215,0.70992714,0.6891804,-0.14503063,0.20054068,-4.1336904E-4,0.9796853,0
15582.082781,0.61861974,-0.77490413,-0.12974358,0.7582934,0.6320789,-0.15958598,0.20567197,3.3934414E-4,0.97862095,0.6724798,-0.72657347,-0.14093213,0.7112357,0.68708867,-0.14850213,0.20473057,-3.7128775E-4,0.9788183,0
15582.092687,0.61524904,-0.7772677,-0.13161975,0.75992024,0.62917,-0.16329852,0.20973782,4.4874102E-4,0.9777575,0.6698735,-0.728565,-0.14304747,0.7125859,0.6849766,-0.15175086,0.20854452,-2.7973898E-4,0.9780128,0
15582.102747,0.612654,-0.7789586,-0.13371104,0.7608835,0.62707514,-0.1668321,0.21380216,4.7182292E-4,0.9768768,0.6671342,-0.7305866,-0.14551681,0.7138903,0.68281996,-0.15529814,0.21282052,-2.783363E-4,0.97709125,0
15582.112722,0.6090758,-0.7814148,-0.13571137,0.76253635,0.62401175,-0.17072701,0.2180941,5.0084287E-4,0.9759276,0.66436505,-0.7326064,-0.14800978,0.715164,0.68065244,-0.15891097,0.2171624,-2.7635737E-4,0.97613543,0
15582.122752,0.6057167,-0.7836905,-0.13761011,0.7640356,0.6211513,-0.17441551,0.22216447,5.0736964E-4,0.9750091,0.66162974,-0.7346269,-0.150231,0.71648175,0.6784712,-0.16226737,0.22113338,-2.7684763E-4,0.9752435,0
15582.132685,0.601128,-0.7869254,-0.13926122,0.7664003,0.61704797,-0.17855667,0.22644159,6.0559064E-4,0.97402453,0.65885675,-0.7366714,-0.15239103,0.717789,0.6762509,-0.16572186,0.22513713,-1.9762773E-4,0.9743271,0
15582.142721,0.5979784,-0.7889525,-0.14133547,0.76757073,0.6144538,-0.18243237,0.23077461,6.056279E-4,0.973007,0.6559133,-0.73877597,-0.15487999,0.7190704,0.6739511,-0.16949275,0.2295987,-1.9705614E-4,0.9732854,0
15582.152682,0.59395474,-0.7916607,-0.14314647,0.76939654,0.61096054,-0.18642971,0.23504597,5.9441477E-4,0.9719841,0.65304077,-0.7408622,-0.15703803,0.7203928,0.671657,-0.17294788,0.23360625,-1.8706465E-4,0.9723313,0
15582.162759,0.59129846,-0.79325086,-0.14532399,0.77012,0.60889465,-0.19016404,0.23933482,5.268082E-4,0.97093695,0.65004003,-0.7429813,-0.15945779,0.72166556,0.6693122,-0.17669207,0.23800594,-2.1827423E-4,0.9712637,0
15582.172683,0.58688843,-0.79622287,-0.14693855,0.77215195,0.60500306,-0.19430016,0.24360453,5.7364255E-4,0.9698745,0.6470598,-0.7450742,-0.16179629,0.7228776,0.6669816,-0.18050906,0.24240778,-1.5875716E-4,0.97017443,0
15582.182668,0.5826098,-0.7990719,-0.14849193,0.77407694,0.6012351,-0.19829537,0.24773085,5.846396E-4,0.9688287,0.64408654,-0.74720186,-0.1638348,0.7241996,0.66459715,-0.18397184,0.24634825,-1.5530191E-4,0.96918136,0
15582.192688,0.5786243,-0.80164677,-0.15018754,0.775675,0.5977976,-0.20240119,0.25203604,6.175265E-4,0.96771765,0.64095986,-0.7493714,-0.16617157,0.7254373,0.6621499,-0.18787853,0.2508213,-1.2445048E-4,0.96803343,0
15582.203332,0.57434255,-0.8044232,-0.15176943,0.7774313,0.59405625,-0.20663407,0.25638083,6.884187E-4,0.96657556,0.6378532,-0.75155306,-0.1682595,0.7267275,0.6596726,-0.19157043,0.25497153,-8.498791E-5,0.96694857,0
15582.212682,0.5714209,-0.8061112,-0.15382758,0.77810574,0.59176373,-0.2106354,0.26082513,6.673485E-4,0.96538585,0.6346062,-0.75374585,-0.17071082,0.72791785,0.657166,-0.19562325,0.25963557,-1.1971662E-4,0.96570665,0
15582.222765,0.56747675,-0.80855155,-0.15561002,0.77944845,0.58842486,-0.21497937,0.26538673,7.057786E-4,0.9641417,0.6313988,-0.75594765,-0.17285475,0.7291624,0.6546321,-0.199447,0.26392776,-1.0857681E-4,0.96454245,0
15582.232635,0.564044,-0.8105852,-0.15749912,0.7803861,0.5856203,-0.21919504,0.26991093,7.2552264E-4,0.962885,0.62809527,-0.7581415,-0.17526482,0.7302867,0.65209,-0.2036169,0.26865888,-1.02773316E-4,0.9632354,0
15582.242723,0.5594282,-0.81345963,-0.15913329,0.78206325,0.58162075,-0.22381718,0.2746215,7.573515E-4,0.961552,0.6247966,-0.7603231,-0.1775891,0.7313763,0.649545,-0.2077978,0.2733456,-5.309547E-5,0.9619159,0
15582.252709,0.5559772,-0.81547534,-0.16090138,0.782975,0.5787913,-0.22792713,0.2789973,7.40543E-4,0.9602916,0.62153107,-0.7625077,-0.1796696,0.7325395,0.64697915,-0.21166924,0.27764192,-5.6066558E-5,0.96068466,0
15582.262686,0.5523165,-0.8176108,-0.16266172,0.7839259,0.5757706,-0.23226771,0.28356048,7.705614E-4,0.9589541,0.6182343,-0.76470906,-0.18167692,0.73369026,0.64437574,-0.2155886,0.28193074,-1.033104E-5,0.95943475,0
15582.272685,0.54819703,-0.82004786,-0.16432153,0.7851312,0.5722944,-0.23674446,0.28818208,7.6862425E-4,0.95757526,0.61477464,-0.76693815,-0.1840054,0.73473644,0.641721,-0.21990123,0.28673077,-5.755768E-6,0.9580112,0
15582.282756,0.54520965,-0.82164896,-0.16625163,0.78551114,0.5699934,-0.24099758,0.2927777,8.016973E-4,0.95618016,0.61141914,-0.76913965,-0.185986,0.73583615,0.6390807,-0.22387701,0.29105276,2.745963E-5,0.956707,0
15582.29273,0.5409067,-0.824151,-0.16791408,0.78668123,0.56636965,-0.24567881,0.29757786,7.9447037E-4,0.9546972,0.60796,-0.77130884,-0.1883278,0.73677224,0.6364611,-0.22821914,0.29589075,-6.59151E-6,0.9552218,0
15582.302676,0.5372642,-0.82620424,-0.16951002,0.78749716,0.5633701,-0.24992466,0.3019857,7.869378E-4,0.95331216,0.60453475,-0.7735119,-0.19030787,0.7378275,0.63378173,-0.23223098,0.3002471,-2.2705852E-5,0.9538615,0
15582.312682,0.5332383,-0.82850194,-0.17100099,0.7884859,0.5599855,-0.25437418,0.30650762,8.1019104E-4,0.95186794,0.60105824,-0.7756846,-0.19246411,0.7387338,0.63112074,-0.2365565,0.30496132,4.478381E-6,0.95236474,0
15582.322695,0.5298672,-0.8303202,-0.17265338,0.78898704,0.557286,-0.25871193,0.31103104,8.6167455E-4,0.9503994,0.5975417,-0.7778757,-0.194559,0.7396326,0.6284181,-0.24090292,0.30965695,4.7360634E-5,0.95084834,0
15582.332782,0.5266139,-0.8320504,-0.17426991,0.7893996,0.5546993,-0.26297688,0.31547743,9.186715E-4,0.9489326,0.59409684,-0.7800724,-0.19630602,0.7406292,0.6256893,-0.24491096,0.31387484,1.10875546E-4,0.9494644,0
15582.342748,0.5232643,-0.83382326,-0.17587812,0.78981465,0.55203056,-0.26731077,0.31998008,9.6306205E-4,0.9474238,0.59055465,-0.78223735,-0.19836788,0.74145013,0.6229805,-0.24929295,0.3185856,1.4123198E-4,0.9478941,0
15582.352664,0.52033883,-0.83527255,-0.17767146,0.78988177,0.54983515,-0.27160272,0.32455236,9.8601E-4,0.94586724,0.5870774,-0.7843884,-0.20018718,0.7423419,0.6202699,-0.25336474,0.32290646,1.3737804E-4,0.94643086,0
15582.362682,0.5161869,-0.83755004,-0.17905614,0.79068416,0.5463598,-0.27624223,0.32919574,0.0010157675,0.9442612,0.58348984,-0.7865137,-0.20232597,0.74303645,0.61757284,-0.2578773,0.32777506,1.3323472E-4,0.9447558,0
15582.372688,0.51279116,-0.8392701,-0.18075125,0.79088634,0.5437138,-0.28084564,0.33398226,0.0010614544,0.9425788,0.5799568,-0.7886576,-0.20413047,0.7438261,0.61483264,-0.26211357,0.33222395,1.769919E-4,0.9432005,0
15582.382974,0.50903404,-0.8412351,-0.18222988,0.79133505,0.5406683,-0.28542355,0.33863425,0.0010854303,0.9409175,0.5762747,-0.7908104,-0.2062192,0.7444628,0.61206114,-0.26675123,0.33716843,1.9944363E-4,0.94144434,0
15582.392691,0.50606346,-0.84262687,-0.18406442,0.7911752,0.5384968,-0.2899364,0.3434263,0.0010990202,0.93917906,0.5727433,-0.7929055,-0.20800488,0.74515724,0.6093446,-0.2709978,0.3416223,2.1581851E-4,0.93983734,0
15582.402777,0.5028419,-0.84417963,-0.18577066,0.7911387,0.5360592,-0.29451683,0.3482092,0.0011250228,0.93741626,0.5690454,-0.79501855,-0.21007799,0.7457004,0.6065851,-0.2756545,0.34658062,2.0469929E-4,0.93802017,0
15582.412723,0.498792,-0.84627825,-0.18713525,0.79162407,0.53273994,-0.2991979,0.35289913,0.0010967702,0.9356607,0.5655119,-0.79706335,-0.21186401,0.74629617,0.6038957,-0.27991423,0.35105315,1.8152769E-4,0.93635553,0
15582.422751,0.4952367,-0.8480305,-0.18863925,0.7917054,0.529946,-0.3039071,0.35769117,0.001159221,0.9338392,0.5617635,-0.7991596,-0.2139291,0.7467136,0.60111886,-0.2847366,0.35614684,2.1087192E-4,0.93443,0
15582.432808,0.49095958,-0.85020894,-0.19000918,0.7921204,0.5264442,-0.30887166,0.36263466,0.0011333525,0.93193066,0.558011,-0.80121624,-0.21604687,0.7470753,0.5983749,-0.289527,0.36125076,1.5595013E-4,0.9324687,0
15582.442647,0.48724237,-0.85198027,-0.1916365,0.79213303,0.5235729,-0.31368247,0.36758694,0.0010377765,0.9299886,0.55432916,-0.8032712,-0.21788652,0.7475364,0.5956134,-0.29399624,0.36593488,9.2576134E-5,0.93064046,0
15582.452731,0.4829366,-0.8540948,-0.19311789,0.7923611,0.5201167,-0.31881478,0.37274182,9.482205E-4,0.92793465,0.55052924,-0.80532193,-0.21994132,0.74781394,0.59283775,-0.29886085,0.3710687,5.6438184E-5,0.92860544,0
15582.462779,0.47968525,-0.8555755,-0.1946603,0.7921092,0.5176772,-0.32337782,0.37744534,9.2735887E-4,0.92603135,0.54680943,-0.8073921,-0.22162443,0.7482379,0.5900152,-0.30335155,0.37568545,4.770474E-5,0.92674726,0
15582.472732,0.47517094,-0.8578304,-0.19580492,0.7924666,0.5139321,-0.32843655,0.3823733,8.94621E-4,0.92400753,0.54302466,-0.8094212,-0.2235209,0.74847645,0.5872286,-0.30813253,0.38066685,2.3452993E-5,0.92471224,0
15582.482724,0.47137088,-0.8596288,-0.19709857,0.7924829,0.5109185,-0.33306628,0.3870147,8.005202E-4,0.9220732,0.53927606,-0.81148255,-0.22511648,0.74887985,0.5843767,-0.31254256,0.38517565,-3.84554E-5,0.9228433,0
15582.492684,0.46797752,-0.86116576,-0.19847049,0.7922067,0.5083236,-0.33766207,0.39167026,7.8861415E-4,0.92010534,0.5354791,-0.8135091,-0.22685915,0.74908996,0.5815522,-0.31727162,0.39003378,-4.557417E-5,0.92080057,0
15582.502693,0.46408862,-0.8629906,-0.19967215,0.792124,0.50521934,-0.3424806,0.39643577,7.7624613E-4,0.9180621,0.5317709,-0.81554556,-0.22826552,0.7494519,0.57869285,-0.32161543,0.39438766,-4.8299888E-5,0.9189442,0
