Time,Rot1,Rot2,Rot3,Rot4,Rot5,Rot6,Rot7,Rot8,Rot9,FRot1,FRot2,FRot3,FRot4,FRot5,FRot6,FRot7,FRot8,FRot9,Imid
84720.206042375,-0.13559918,-0.99075806,-0.0034008408,0.9907108,-0.13562664,0.009883976,-0.010253871,-0.0020289905,0.99994534,-0.11034151,-0.9938881,-0.0033350175,0.99383664,-0.110370524,0.010349883,-0.010654714,-0.0021724405,0.9999409,0
84720.210406389,-0.13560443,-0.9907573,-0.0033637292,0.99071044,-0.13563143,0.009841936,-0.010207198,-0.0019978723,0.99994594,-0.11034151,-0.9938881,-0.0033350175,0.99383664,-0.110370524,0.010349883,-0.010654714,-0.0021724405,0.9999409,0
84720.214739885,-0.13560194,-0.99075764,-0.0033812316,0.9907106,-0.13562915,0.009855247,-0.010222755,-0.0020134316,0.9999457,-0.11138667,-0.9937713,-0.0033974848,0.99371934,-0.1114164,0.010402116,-0.010715861,-0.0022174895,0.99994016,0
84720.219103898,-0.13560194,-0.99075764,-0.0033812316,0.9907106,-0.13562915,0.009855247,-0.010222755,-0.0020134316,0.9999457,-0.1118717,-0.99371684,-0.0033974024,0.9936649,-0.11190139,0.010391112,-0.010705998,-0.0022134082,0.9999402,0
84720.223437394,-0.13560224,-0.9907575,-0.0033791244,0.99071074,-0.1356294,0.009839832,-0.010207198,-0.0020134319,0.99994594,-0.11232958,-0.99366534,-0.0033480308,0.9936132,-0.112358764,0.010412289,-0.010722511,-0.0021570392,0.9999402,0
84720.227801408,-0.11118191,-0.99379516,-0.0031239602,0.99374735,-0.11120784,0.009952659,-0.010238313,-0.0019978716,0.9999456,-0.11232958,-0.99366534,-0.0033480308,0.9936132,-0.112358764,0.010412289,-0.010722511,-0.0021570392,0.9999402,0
84720.232134904,-0.11118191,-0.99379516,-0.0031239602,0.99374735,-0.11120784,0.009952659,-0.010238313,-0.0019978716,0.9999456,-0.11228413,-0.9936704,-0.0033671465,0.9936183,-0.11231351,0.010408476,-0.010720772,-0.0021769516,0.99994016,0
84720.236498918,-0.11118775,-0.9937947,-0.0030911772,0.99374706,-0.11121329,0.009925007,-0.010207198,-0.0019683086,0.99994594,-0.112262055,-0.9936729,-0.0033622724,0.99362093,-0.11229136,0.010399365,-0.010711122,-0.00217337,0.9999403,0
84720.240832414,-0.102944255,-0.99468267,-0.0029623439,0.9946347,-0.10296893,0.0099551035,-0.010207199,-0.0019216295,0.999946,-0.11230149,-0.9936686,-0.0033162823,0.9936163,-0.11233035,0.0104208505,-0.010727392,-0.002124835,0.9999402,0
84720.245196428,-0.102945976,-0.9946826,-0.0029484855,0.99463445,-0.102970555,0.0099721765,-0.010222757,-0.0019060697,0.99994594,-0.11230149,-0.9936686,-0.0033162823,0.9936163,-0.11233035,0.0104208505,-0.010727392,-0.002124835,0.9999402,0
84720.249560441,-0.10294557,-0.99468267,-0.0029516853,0.9946342,-0.10297024,0.010003129,-0.010253874,-0.0019060691,0.99994564,-0.11194876,-0.9937084,-0.0033363304,0.9936563,-0.11197781,0.010399279,-0.0107074445,-0.0021509794,0.99994034,0
84720.253893937,-0.13737144,-0.9905142,-0.0032967571,0.99046665,-0.13739778,0.009894768,-0.010253874,-0.0019060691,0.99994564,-0.1117688,-0.99372864,-0.0033285648,0.99367666,-0.11179775,0.010391416,-0.010698373,-0.002146081,0.99994045,0
84720.258257951,-0.13737862,-0.9905133,-0.0032367182,0.9904655,-0.13740434,0.009903084,-0.010253875,-0.0018453862,0.9999457,-0.112325504,-0.9936656,-0.0034071617,0.99361473,-0.11235507,0.010301907,-0.010619462,-0.0022282393,0.9999411,0
84720.262591447,-0.13738045,-0.99051315,-0.003221324,0.9904653,-0.13740602,0.009905215,-0.010253875,-0.0018298265,0.9999457,-0.112325504,-0.9936656,-0.0034071617,0.99361473,-0.11235507,0.010301907,-0.010619462,-0.0022282393,0.9999411,0
84720.266955461,-0.13909769,-0.99027336,-0.0032558518,0.9902255,-0.13912354,0.0099113155,-0.010267877,-0.001845386,0.9999456,-0.11344974,-0.9935376,-0.0034879935,0.993487,-0.11348007,0.010284582,-0.010613937,-0.0022984932,0.99994105,0
84720.271288957,-0.13909955,-0.9902731,-0.0032404612,0.9902252,-0.13912527,0.009913476,-0.010267878,-0.0018298264,0.99994564,-0.11396348,-0.99347883,-0.003483519,0.9934283,-0.11399372,0.010276934,-0.010607015,-0.002289431,0.9999411,0
84720.275652971,-0.13909818,-0.9902733,-0.0032517442,0.9902258,-0.13912395,0.009882041,-0.010238317,-0.0018453867,0.99994594,-0.11448449,-0.9934187,-0.0035492203,0.9933684,-0.11451539,0.010270079,-0.010608928,-0.0023499187,0.999941,0
84720.279986467,-0.08907439,-0.99602133,-0.002686948,0.99597263,-0.08909703,0.010007619,-0.010207201,-0.0017847043,0.9999463,-0.11448449,-0.9934187,-0.0035492203,0.9933684,-0.11451539,0.010270079,-0.010608928,-0.0023499187,0.999941,0
84720.28435048,-0.08907595,-0.99602133,-0.0026742371,0.9959723,-0.08909852,0.0100399945,-0.010238318,-0.001769144,0.999946,-0.113419116,-0.99354094,-0.003533875,0.9934914,-0.11344973,0.010196481,-0.010531539,-0.0023543988,0.9999418,0
84720.288714494,-0.08907767,-0.9960211,-0.002660142,0.9959719,-0.08910013,0.010056872,-0.010253876,-0.0017535841,0.99994594,-0.11293296,-0.9935964,-0.003516592,0.9935469,-0.1129634,0.010193704,-0.010525674,-0.0023426937,0.9999419,0
84720.29304799,-0.10591562,-0.9943712,-0.0028144394,0.9943223,-0.10593875,0.010012075,-0.010253876,-0.0017380243,0.99994594,-0.112473816,-0.99364835,-0.0035458321,0.9935987,-0.112504646,0.010212436,-0.010546493,-0.0023745026,0.9999416,0
84720.297412004,-0.10591136,-0.99437153,-0.0028453423,0.9943227,-0.105934806,0.01000879,-0.010253876,-0.0017691437,0.9999459,-0.112473816,-0.99364835,-0.0035458321,0.9935987,-0.112504646,0.010212436,-0.010546493,-0.0023745026,0.9999416,0
84720.3017455,-0.105913274,-0.9943713,-0.0028313717,0.99432224,-0.105936594,0.010024355,-0.010267878,-0.0017535837,0.9999457,-0.11218797,-0.9936808,-0.0035209819,0.9936309,-0.11221859,0.010230588,-0.010561058,-0.0023508074,0.99994147,0
84720.306109514,-0.12887578,-0.99165606,-0.0030664096,0.9916073,-0.12890032,0.0099870665,-0.010298995,-0.0017535832,0.9999454,-0.11195838,-0.9937068,-0.003481858,0.99365765,-0.11198843,0.010158836,-0.010484832,-0.0023224077,0.99994236,0
84720.31044301,-0.1288736,-0.99165624,-0.0030838237,0.9916075,-0.12889837,0.010000495,-0.010314553,-0.0017691427,0.9999453,-0.112297036,-0.99366856,-0.0034735973,0.9936194,-0.11232698,0.010155233,-0.0104811145,-0.0023110313,0.99994236,0
84720.314807023,-0.1288736,-0.99165624,-0.0030838237,0.9916075,-0.12889837,0.010000495,-0.010314553,-0.0017691427,0.9999453,-0.112297036,-0.99366856,-0.0034735973,0.9936194,-0.11232698,0.010155233,-0.0104811145,-0.0023110313,0.99994236,0
84720.319140519,-0.12828743,-0.99173206,-0.00312466,0.9916832,-0.12831265,0.010011953,-0.01033011,-0.0018142654,0.999945,-0.112997204,-0.9935896,-0.0033660764,0.99354076,-0.11302586,0.01009879,-0.010414506,-0.0022031988,0.9999433,0
84720.323504533,-0.12829082,-0.99173176,-0.0030971707,0.99168265,-0.12831578,0.010029623,-0.010344112,-0.0017847016,0.99994487,-0.113364406,-0.99354804,-0.0032953469,0.9934994,-0.11339223,0.010060293,-0.01036905,-0.002133446,0.999944,0
84720.327838029,-0.12828508,-0.9917323,-0.0031438614,0.99168324,-0.12831056,0.01003928,-0.01035967,-0.0018298246,0.9999447,-0.11366317,-0.9935139,-0.0032913852,0.99346524,-0.11369092,0.010059599,-0.010368552,-0.0021264711,0.999944,0
84720.332202043,-0.11811247,-0.9929956,-0.0030407822,0.99294627,-0.118137434,0.010070981,-0.01035967,-0.0018298246,0.9999447,-0.11366317,-0.9935139,-0.0032913852,0.99346524,-0.11369092,0.010059599,-0.010368552,-0.0021264711,0.999944,0
84720.336566057,-0.118115254,-0.99299526,-0.003023521,0.99294597,-0.11814002,0.010057362,-0.010344112,-0.0018142652,0.99994487,-0.11384813,-0.993493,-0.003186305,0.993445,-0.11387464,0.009984422,-0.010282293,-0.0020287111,0.99994504,0
84720.340899553,-0.118115254,-0.99299526,-0.003023521,0.99294597,-0.11814002,0.010057362,-0.010344112,-0.0018142652,0.99994487,-0.113933444,-0.9934833,-0.003167582,0.993435,-0.1139598,0.010005187,-0.010300964,-0.0020068614,0.9999449,0
84720.345263566,-0.16886473,-0.98563284,-0.0035504869,0.98558486,-0.16889213,0.009886502,-0.010344111,-0.0018298248,0.99994475,-0.1140171,-0.9934737,-0.003164696,0.99342537,-0.114043415,0.010006217,-0.0103018265,-0.0020030094,0.9999449,0
84720.349597062,-0.16886501,-0.98563284,-0.0035481248,0.9855851,-0.16889238,0.009872702,-0.01033011,-0.0018298251,0.999945,-0.1140171,-0.9934737,-0.003164696,0.99342537,-0.114043415,0.010006217,-0.0103018265,-0.0020030094,0.9999449,0
84720.353961076,-0.16886742,-0.9856325,-0.0035266294,0.9855842,-0.16889465,0.009922157,-0.010375229,-0.0018002609,0.99994457,-0.11626494,-0.99321276,-0.003291012,0.99316394,-0.11629258,0.010065884,-0.010380285,-0.0020982055,0.9999439,0
84720.358294572,-0.105832204,-0.9943797,-0.0029144417,0.99433005,-0.1058565,0.01009232,-0.010344111,-0.0018298248,0.99994475,-0.11737259,-0.9930821,-0.003409168,0.9930328,-0.11740154,0.010128897,-0.010459068,-0.0021965608,0.9999429,0
84720.362658586,-0.10582995,-0.99437994,-0.0029284097,0.99433064,-0.10585438,0.010076757,-0.01033011,-0.0018453848,0.999945,-0.11714195,-0.99310935,-0.0033992613,0.9930601,-0.11717081,0.010128264,-0.010456769,-0.0021892262,0.99994296,0
84720.366992082,-0.105834424,-0.9943795,-0.0029006382,0.99432975,-0.10585862,0.010109432,-0.01035967,-0.0018142649,0.9999447,-0.11714195,-0.99310935,-0.0033992613,0.9930601,-0.11717081,0.010128264,-0.010456769,-0.0021892262,0.99994296,0
84720.371356096,-0.11400124,-0.9934762,-0.0029714701,0.9934265,-0.11402575,0.010102311,-0.010375229,-0.0018002609,0.99994457,-0.11672822,-0.993158,-0.0034170104,0.99310774,-0.1167575,0.010226772,-0.010555762,-0.0021997069,0.9999418,0
84720.375720109,-0.11399933,-0.99347633,-0.0029871375,0.9934265,-0.11402403,0.010116175,-0.010390786,-0.0018142643,0.9999444,-0.11668262,-0.9931634,-0.0033999106,0.9931139,-0.11671157,0.010154667,-0.010482053,-0.0021916255,0.99994266,0
84720.380053605,-0.1140031,-0.99347603,-0.0029560302,0.99342626,-0.11402745,0.01010408,-0.010375229,-0.0017847011,0.99994457,-0.11662895,-0.9931697,-0.003391653,0.99312025,-0.116657816,0.0101539185,-0.010480228,-0.0021840786,0.9999427,0
84720.384417619,-0.14603615,-0.98927385,-0.0032808983,0.98922485,-0.14606209,0.010003312,-0.010375229,-0.0017847011,0.99994457,-0.11662895,-0.9931697,-0.003391653,0.99312025,-0.116657816,0.0101539185,-0.010480228,-0.0021840786,0.9999427,0
84720.388751115,-0.14603639,-0.98927385,-0.0032786285,0.98922503,-0.14606227,0.00998792,-0.010359671,-0.0017847015,0.99994475,-0.117753014,-0.99303705,-0.0034073796,0.99298733,-0.11778202,0.01017116,-0.010501667,-0.0021858003,0.9999425,0
84720.393115129,-0.14603615,-0.98927385,-0.0032808983,0.98922485,-0.14606209,0.010003312,-0.010375229,-0.0017847011,0.99994457,-0.118354775,-0.9929655,-0.003400726,0.99291617,-0.1183836,0.010132467,-0.010463782,-0.00217741,0.99994284,0
84720.397448625,-0.10097554,-0.9948849,-0.0028094635,0.9948346,-0.100999124,0.010158998,-0.010390787,-0.0017691413,0.99994445,-0.11890939,-0.9928993,-0.003398376,0.99285,-0.118938155,0.010129742,-0.010462011,-0.002169556,0.99994296,0
84720.401812639,-0.10097201,-0.99488527,-0.0028419604,0.9948349,-0.10099595,0.010171343,-0.010406344,-0.0018002602,0.9999442,-0.11890939,-0.9928993,-0.003398376,0.99285,-0.118938155,0.010129742,-0.010462011,-0.002169556,0.99994296,0
84720.406146135,-0.10097337,-0.99488515,-0.0028294786,0.9948345,-0.10099724,0.01020232,-0.010435905,-0.0017847001,0.999944,-0.11820846,-0.99298316,-0.0033486844,0.99293387,-0.11823671,0.010117673,-0.010442616,-0.0021290276,0.9999432,0
84720.410510148,-0.12656896,-0.99195313,-0.003075938,0.991903,-0.12659396,0.010128011,-0.010435905,-0.0017691404,0.999944,-0.117916435,-0.9930179,-0.0033331448,0.9929691,-0.11794445,0.010075918,-0.010398693,-0.0021215936,0.9999437,0
84720.414874162,-0.1265763,-0.9919522,-0.0030292815,0.9919021,-0.1266008,0.010118267,-0.010420348,-0.0017240176,0.9999442,-0.11808956,-0.99299735,-0.00332799,0.99294853,-0.11811751,0.010076908,-0.0103994375,-0.0021145446,0.9999437,0
84720.419207658,-0.1265738,-0.99195254,-0.003045117,0.9919023,-0.12659849,0.010131935,-0.010435905,-0.0017380209,0.999944,-0.11808956,-0.99299735,-0.00332799,0.99294853,-0.11811751,0.010076908,-0.0103994375,-0.0021145446,0.9999437,0
84720.423571672,-0.12657227,-0.9919527,-0.0030548251,0.991903,-0.12659697,0.010085215,-0.010390787,-0.0017535816,0.99994445,-0.118485995,-0.99295026,-0.0032833864,0.99290127,-0.11851348,0.010081956,-0.010400007,-0.002065508,0.9999438,0
84720.427905168,-0.12657227,-0.9919527,-0.0030548251,0.991903,-0.12659697,0.010085215,-0.010390787,-0.0017535816,0.99994445,-0.11864775,-0.99293095,-0.003278812,0.99288195,-0.11867517,0.0100819785,-0.010399822,-0.0020592692,0.9999438,0
84720.432269182,-0.1265738,-0.99195254,-0.003045117,0.9919023,-0.12659849,0.010131935,-0.010435905,-0.0017380209,0.999944,-0.11877156,-0.9929159,-0.0033600982,0.9928672,-0.1187998,0.010062895,-0.010390788,-0.002140946,0.99994373,0
84720.436602678,-0.06797387,-0.99768394,-0.0024579684,0.99763256,-0.06799569,0.010277015,-0.010420348,-0.001753581,0.9999442,-0.11877156,-0.9929159,-0.0033600982,0.9928672,-0.1187998,0.010062895,-0.010390788,-0.002140946,0.99994373,0
84720.440966691,-0.067972064,-0.99768424,-0.0024725224,0.997633,-0.067994006,0.010261994,-0.010406345,-0.0017691408,0.99994427,-0.1167648,-0.99315417,-0.0032755185,0.9931049,-0.116792336,0.010104793,-0.010418174,-0.0020730495,0.99994355,0
84720.445300187,-0.06796819,-0.9976844,-0.0025035318,0.9976333,-0.06799045,0.010259887,-0.010406344,-0.0018002602,0.9999442,-0.11579131,-0.9932682,-0.0032595475,0.99321896,-0.11581874,0.01010847,-0.010417938,-0.0020669713,0.9999436,0
84720.449664201,-0.123536065,-0.9923353,-0.0030822447,0.9922859,-0.123561196,0.010071578,-0.010375229,-0.0018142646,0.99994457,-0.114749715,-0.9933888,-0.003341412,0.9933388,-0.11477821,0.010188915,-0.010505076,-0.0021499796,0.9999425,0
84720.454028215,-0.12353736,-0.9923351,-0.0030722052,0.99228525,-0.12356244,0.01010418,-0.010406344,-0.0018002602,0.9999442,-0.114749715,-0.9933888,-0.003341412,0.9933388,-0.11477821,0.010188915,-0.010505076,-0.0021499796,0.9999425,0
84720.458361711,-0.1235338,-0.9923355,-0.0030995852,0.99228597,-0.12355914,0.010085101,-0.010390786,-0.0018298241,0.9999444,-0.11514994,-0.99334264,-0.0033076261,0.99329233,-0.11517812,0.010214529,-0.010527493,-0.002109237,0.99994236,0
84720.462725724,-0.17851005,-0.9839311,-0.0036930826,0.9838837,-0.1785384,0.009842919,-0.010344111,-0.0018765039,0.99994475,-0.11531779,-0.99332315,-0.0033034855,0.9932729,-0.11534592,0.010211898,-0.010524759,-0.0021036488,0.9999424,0
84720.467059221,-0.17850955,-0.98393124,-0.0036958551,0.9838836,-0.17853794,0.009858228,-0.010359669,-0.0018765036,0.99994457,-0.11660438,-0.99317306,-0.003271176,0.9931224,-0.116632156,0.010235752,-0.010547398,-0.0020551446,0.9999423,0
84720.471423234,-0.17851232,-0.98393077,-0.0036805724,0.9838831,-0.17854056,0.009860995,-0.010359669,-0.0018609439,0.99994457,-0.117847785,-0.99302626,-0.0032799984,0.9929757,-0.117875576,0.0102283405,-0.010543642,-0.0020515716,0.9999423,0
84720.47575673,-0.08424253,-0.9964416,-0.0026806819,0.99639136,-0.08426564,0.010169968,-0.01035967,-0.0018142649,0.9999447,-0.119048595,-0.99288297,-0.0032792198,0.99283177,-0.11907644,0.010292694,-0.010609918,-0.0020303829,0.99994165,0
84720.480120744,-0.08424459,-0.9964415,-0.0026693703,0.9963909,-0.08426764,0.010202149,-0.010390786,-0.0018002606,0.9999444,-0.11835376,-0.9929661,-0.003267131,0.9929149,-0.118381515,0.010290528,-0.010604913,-0.0020260604,0.99994177,0
84720.48445424,-0.084244825,-0.99644154,-0.002668062,0.9963911,-0.08426783,0.010186646,-0.010375229,-0.0018002609,0.99994457,-0.11772495,-0.9930409,-0.0032494501,0.9929894,-0.11775259,0.010316112,-0.010626952,-0.0020122058,0.9999415,0
84720.488818254,-0.06448224,-0.99791586,-0.0024180757,0.99786496,-0.06450373,0.010225005,-0.010359671,-0.001753582,0.99994475,-0.11772495,-0.9930409,-0.0032494501,0.9929894,-0.11775259,0.010316112,-0.010626952,-0.0020122058,0.9999415,0
84720.49315175,-0.06447903,-0.99791616,-0.002436581,0.99786484,-0.064500794,0.010270588,-0.010406345,-0.0017691408,0.99994427,-0.115665354,-0.9932832,-0.0031526128,0.9932309,-0.11569219,0.01037383,-0.010668885,-0.0019313798,0.99994123,0
84720.497515764,-0.06448737,-0.9979157,-0.002388625,0.9978648,-0.06450856,0.010226902,-0.010359672,-0.0017240187,0.99994487,-0.114644244,-0.99340165,-0.0031381212,0.9933494,-0.11467098,0.010372223,-0.010663635,-0.001928135,0.9999413,0
84720.501879777,-0.12676385,-0.99192846,-0.0029888842,0.9918792,-0.1267878,0.010032134,-0.010330113,-0.0016929,0.9999453,-0.11364356,-0.9935164,-0.003218513,0.9934644,-0.113671176,0.010358866,-0.010657555,-0.0020202596,0.9999412,0
84720.506213273,-0.1267605,-0.9919288,-0.0030234677,0.9918793,-0.12678483,0.010057519,-0.010359672,-0.0017240187,0.99994487,-0.11364356,-0.9935164,-0.003218513,0.9934644,-0.113671176,0.010358866,-0.010657555,-0.0020202596,0.9999412,0
84720.510577287,-0.1267618,-0.99192864,-0.0030100183,0.99187887,-0.12678601,0.01007492,-0.01037523,-0.0017084586,0.9999447,-0.1141026,-0.9934636,-0.0032706186,0.993412,-0.11413068,0.0103311045,-0.010636854,-0.002070266,0.9999413,0
84720.514910783,-0.1016324,-0.99481815,-0.0027696975,0.9947679,-0.10165551,0.010146251,-0.01037523,-0.0017240185,0.9999447,-0.11435599,-0.9934344,-0.003265466,0.99338293,-0.114383996,0.010325899,-0.010631622,-0.00206303,0.99994135,0
84720.519274797,-0.101634264,-0.994818,-0.0027558177,0.99476755,-0.101657264,0.010163305,-0.010390788,-0.0017084584,0.99994457,-0.114101544,-0.99346375,-0.0032517728,0.9934118,-0.114129506,0.010366906,-0.01067027,-0.0020474694,0.999941,0
84720.523608293,-0.10163656,-0.99481785,-0.0027387803,0.99476755,-0.10165936,0.010149404,-0.010375231,-0.001692899,0.99994475,-0.114101544,-0.99346375,-0.0032517728,0.9934118,-0.114129506,0.010366906,-0.01067027,-0.0020474694,0.999941,0
84720.527972307,-0.11704697,-0.9931221,-0.0029130795,0.993072,-0.11707075,0.010119352,-0.010390788,-0.0017084584,0.99994457,-0.113599494,-0.9935209,-0.0033512132,0.99346876,-0.113628626,0.010406408,-0.010719778,-0.002147163,0.9999402,0
84720.532305803,-0.11704251,-0.9931226,-0.0029405747,0.99307275,-0.11706655,0.010100452,-0.01037523,-0.0017380222,0.9999447,-0.113668405,-0.9935131,-0.0033424692,0.99346095,-0.11369743,0.010400636,-0.010713199,-0.0021383888,0.99994034,0
84720.536669816,-0.117042795,-0.9931225,-0.0029387563,0.99307275,-0.11706677,0.010085,-0.010359671,-0.0017380223,0.99994475,-0.11375321,-0.9935033,-0.0033819252,0.993451,-0.113782704,0.010424393,-0.010741473,-0.0021739688,0.9999399,0
84720.54103383,-0.1337193,-0.9910144,-0.0030900326,0.9909653,-0.13374387,0.010006755,-0.010330112,-0.0017240192,0.9999451,-0.11375321,-0.9935033,-0.0033819252,0.993451,-0.113782704,0.010424393,-0.010741473,-0.0021739688,0.9999399,0
84720.545367326,-0.13371518,-0.99101484,-0.0031192903,0.99096584,-0.13374005,0.010002812,-0.010330111,-0.0017535826,0.99994504,-0.11457895,-0.9934084,-0.0033810465,0.99335605,-0.11460839,0.010423558,-0.010742346,-0.0021642628,0.99994,0
84720.54973134,-0.13370591,-0.9910159,-0.0031853712,0.99096674,-0.13373156,0.0100394385,-0.010375229,-0.0018142646,0.99994457,-0.1149362,-0.99336666,-0.0034935395,0.9933152,-0.114966705,0.010366042,-0.010698922,-0.0022787526,0.99994016,0
84720.554064836,-0.075480536,-0.9971438,-0.002606696,0.99709344,-0.075503364,0.010191965,-0.01035967,-0.0018298246,0.9999447,-0.11531204,-0.9933232,-0.0034874864,0.99327177,-0.11534244,0.01035936,-0.010692448,-0.002269463,0.9999403,0
84720.558428849,-0.07548241,-0.99714375,-0.0025911992,0.9970933,-0.075505085,0.010193135,-0.01035967,-0.0018142649,0.9999447,-0.11531204,-0.9933232,-0.0034874864,0.99327177,-0.11534244,0.01035936,-0.010692448,-0.002269463,0.9999403,0
84720.562762346,-0.075480536,-0.9971438,-0.002606696,0.99709344,-0.075503364,0.010191965,-0.01035967,-0.0018298246,0.9999447,-0.11373781,-0.9935051,-0.0033453924,0.99345374,-0.11376672,0.010331356,-0.010644849,-0.0021484268,0.999941,0
84720.567126359,-0.07832812,-0.9969242,-0.0026382334,0.9968736,-0.07835117,0.010215499,-0.010390786,-0.0018298241,0.9999444,-0.11302602,-0.9935867,-0.0032446468,0.99353415,-0.11305409,0.010426858,-0.010726809,-0.0020451609,0.9999404,0
84720.571459855,-0.07833028,-0.996924,-0.0026250584,0.996873,-0.07835325,0.010246183,-0.010420348,-0.0018142639,0.9999441,-0.11233319,-0.99366534,-0.0032323403,0.99361277,-0.11236116,0.010422925,-0.010720089,-0.0020408542,0.99994045,0
84720.575823869,-0.07832792,-0.9969241,-0.00263945,0.9968733,-0.07835101,0.01023101,-0.010406344,-0.0018298237,0.9999442,-0.11233319,-0.99366534,-0.0032323403,0.99361277,-0.11236116,0.010422925,-0.010720089,-0.0020408542,0.99994045,0
84720.580187883,-0.10583063,-0.9943799,-0.002924142,0.99432945,-0.10585521,0.010183602,-0.010435904,-0.0018298231,0.9999439,-0.11102296,-0.9938129,-0.0031317044,0.99376017,-0.11104992,0.010424456,-0.010707733,-0.0019548093,0.99994075,0
84720.584521379,-0.1058309,-0.9943799,-0.002922498,0.9943295,-0.10585542,0.0101681305,-0.010420346,-0.0018298232,0.999944,-0.110893235,-0.9938274,-0.003130301,0.9937753,-0.11092007,0.010366465,-0.0106496895,-0.0019612445,0.9999414,0
84720.588885392,-0.10582917,-0.99437994,-0.0029331774,0.9943301,-0.10585373,0.010121623,-0.010375228,-0.0018453839,0.99994445,-0.1107921,-0.99383867,-0.0031261246,0.9937866,-0.11081889,0.010362514,-0.010645102,-0.001958616,0.9999414,0
84720.593218889,-0.1235303,-0.9923359,-0.0031265877,0.99228674,-0.12355584,0.010050389,-0.010359669,-0.0018609439,0.99994457,-0.1107921,-0.99383867,-0.0031261246,0.9937866,-0.11081889,0.010362514,-0.010645102,-0.001958616,0.9999414,0
84720.597582902,-0.12352827,-0.992336,-0.0031420083,0.99228686,-0.12355398,0.01004847,-0.010359669,-0.0018765036,0.99994457,-0.11122874,-0.9937899,-0.0031158195,0.9937381,-0.11125535,0.010333978,-0.010616454,-0.0019468734,0.9999417,0
84720.601916398,-0.12352777,-0.99233615,-0.0031458475,0.99228674,-0.123553574,0.010079351,-0.0103907855,-0.001876503,0.99994427,-0.111431256,-0.9937674,-0.0030797257,0.9937148,-0.11145758,0.010393968,-0.010672445,-0.0019021562,0.99994123,0
84720.606280412,-0.07734971,-0.9970004,-0.0026615206,0.9969495,-0.0773731,0.010245145,-0.010420346,-0.0018609427,0.999944,-0.111673415,-0.9937402,-0.0030811194,0.99368775,-0.11169972,0.010387677,-0.010666813,-0.0019016431,0.99994135,0
84720.610613908,-0.07734756,-0.9970007,-0.002675929,0.99695,-0.07737109,0.010229989,-0.010406343,-0.0018765028,0.9999441,-0.111673415,-0.9937402,-0.0030811194,0.99368775,-0.11169972,0.010387677,-0.010666813,-0.0019016431,0.99994135,0
84720.614977922,-0.07735004,-0.9970004,-0.0026592372,0.9969498,-0.07737336,0.010215673,-0.0103907855,-0.0018609433,0.99994427,-0.110299334,-0.9938936,-0.003080837,0.9938414,-0.11032568,0.010371298,-0.010647862,-0.0019179161,0.99994147,0
84720.619341935,-0.064654745,-0.99790454,-0.0024969361,0.9978537,-0.06467706,0.01023518,-0.010375228,-0.0018298242,0.99994445,-0.109606646,-0.99397,-0.0031774591,0.993918,-0.10963405,0.010365454,-0.010651307,-0.0020220112,0.99994123,0
84720.623675432,-0.06465464,-0.99790454,-0.002497941,0.99785364,-0.064677,0.010250706,-0.010390786,-0.0018298241,0.9999444,-0.1087095,-0.9940685,-0.0031636804,0.9940165,-0.1087368,0.010363245,-0.010645785,-0.0020181676,0.9999413,0
84720.628039445,-0.06465758,-0.9979045,-0.0024684684,0.99785346,-0.06467963,0.010252612,-0.010390786,-0.0018002606,0.9999444,-0.1087095,-0.9940685,-0.0031636804,0.9940165,-0.1087368,0.010363245,-0.010645785,-0.0020181676,0.9999413,0
84720.632372941,-0.06465767,-0.9979044,-0.0024674633,0.9978536,-0.06467969,0.010237087,-0.010375229,-0.0018002609,0.99994457,-0.10699434,-0.9942546,-0.0031757613,0.99420303,-0.107021786,0.010329398,-0.010609927,-0.0020521644,0.99994165,0
84720.636736955,-0.064659216,-0.9979043,-0.002451951,0.99785334,-0.06468107,0.010238088,-0.010375229,-0.0017847011,0.99994457,-0.10625377,-0.99433416,-0.0031119948,0.9942822,-0.10628064,0.010359611,-0.010631661,-0.0019934534,0.9999415,0
84720.641070451,-0.064659216,-0.9979043,-0.002451951,0.99785334,-0.06468107,0.010238088,-0.010375229,-0.0017847011,0.99994457,-0.1054235,-0.9944226,-0.0030986508,0.99437064,-0.105450265,0.010357546,-0.010626531,-0.0019892785,0.9999416,0
84720.645434465,-0.090145044,-0.99592495,-0.0027283514,0.99587464,-0.09016835,0.010170665,-0.010375229,-0.0018002609,0.99994457,-0.1054235,-0.9944226,-0.0030986508,0.99437064,-0.105450265,0.010357546,-0.010626531,-0.0019892785,0.9999416,0
84720.649767961,-0.09014276,-0.99592507,-0.002743678,0.9958747,-0.09016625,0.010184902,-0.010390786,-0.0018142643,0.9999444,-0.10489571,-0.9944785,-0.0030703451,0.9944262,-0.104922265,0.010386228,-0.010651027,-0.001963761,0.99994135,0
84720.654131974,-0.09013648,-0.9959256,-0.0027858978,0.9958758,-0.090160325,0.010134227,-0.010344111,-0.0018609442,0.99994475,-0.104557484,-0.99451405,-0.0030921379,0.9944625,-0.10458414,0.010317612,-0.010584399,-0.0019962317,0.999942,0
84720.658495988,-0.11816855,-0.99298847,-0.003159923,0.9929398,-0.11819466,0.010026925,-0.010330108,-0.0019527467,0.99994475,-0.104208425,-0.9945501,-0.0032756259,0.9944994,-0.10423697,0.0102764685,-0.010561904,-0.002186713,0.9999418,0
84720.662829484,-0.11816644,-0.9929887,-0.0031753536,0.99294007,-0.11819271,0.010025092,-0.010330107,-0.0019683063,0.9999447,-0.104208425,-0.9945501,-0.0032756259,0.9944994,-0.10423697,0.0102764685,-0.010561904,-0.002186713,0.9999418,0
84720.667193498,-0.118166216,-0.9929888,-0.0031770063,0.99294007,-0.11819253,0.010038998,-0.0103441095,-0.001968306,0.99994457,-0.10473565,-0.99449474,-0.003261206,0.99444425,-0.10476395,0.010249878,-0.010535108,-0.0021695602,0.9999422,0
84720.671526994,-0.12183364,-0.9925453,-0.003215967,0.99249643,-0.121860184,0.010042633,-0.010359667,-0.0019683056,0.9999444,-0.10500457,-0.9944664,-0.0032595736,0.994416,-0.105032824,0.010245621,-0.010531289,-0.002165535,0.99994224,0
84720.675891008,-0.121837206,-0.99254495,-0.0031969566,0.9924964,-0.1218635,0.010015179,-0.010330108,-0.0019527467,0.99994475,-0.10534117,-0.99443084,-0.0032408624,0.9943795,-0.10536939,0.010322628,-0.010606627,-0.0021352496,0.99994147,0
84720.680224504,-0.121834315,-0.9925452,-0.003212372,0.9924966,-0.121860765,0.010013291,-0.010330107,-0.0019683063,0.9999447,-0.10534117,-0.99443084,-0.0032408624,0.9943795,-0.10536939,0.010322628,-0.010606627,-0.0021352496,0.99994147,0
84720.684588517,-0.1100425,-0.99392205,-0.0030915525,0.99387336,-0.11006832,0.01003526,-0.010314548,-0.0019683065,0.99994487,-0.105977006,-0.994363,-0.0033232942,0.99431074,-0.106006294,0.010433365,-0.010726842,-0.0021986903,0.99994004,0
84720.688922014,-0.110043295,-0.99392205,-0.0030848826,0.9938739,-0.110068925,0.009974951,-0.010253872,-0.0019683077,0.9999454,-0.10605839,-0.99435437,-0.0033186914,0.9943021,-0.10608762,0.010425382,-0.010718597,-0.0021940826,0.99994016,0
84720.693286027,-0.11004715,-0.99392164,-0.0030522768,0.99387354,-0.11007241,0.0099629,-0.010238314,-0.0019371886,0.99994564,-0.106042266,-0.9943559,-0.003367791,0.994303,-0.106072195,0.010507371,-0.010805295,-0.002234379,0.99993914,0
84720.697619523,-0.09920898,-0.99506223,-0.0029295757,0.9950137,-0.09923362,0.010012599,-0.010253873,-0.0019216287,0.9999456,-0.106042266,-0.9943559,-0.003367791,0.994303,-0.106072195,0.010507371,-0.010805295,-0.002234379,0.99993914,0
84720.701983537,-0.099210605,-0.9950622,-0.0029125651,0.99501365,-0.099235035,0.009998658,-0.010238315,-0.0019060692,0.9999457,-0.10571095,-0.99439156,-0.0032563542,0.9943382,-0.10573972,0.01051541,-0.010800761,-0.0021263235,0.9999394,0
84720.706347551,-0.09920781,-0.9950625,-0.0029419605,0.9950143,-0.09923252,0.009980097,-0.010222756,-0.001937189,0.9999459,-0.105581,-0.9944054,-0.003249411,0.99435216,-0.10560968,0.010505116,-0.010789513,-0.0021219184,0.9999395,0
84720.710681047,-0.08912956,-0.99601597,-0.0028548865,0.9959678,-0.089153886,0.009992485,-0.010207199,-0.0019527491,0.999946,-0.10543615,-0.99442065,-0.0032738824,0.9943672,-0.105465166,0.010535416,-0.010821916,-0.0021446275,0.99993914,0
84720.71504506,-0.08913566,-0.9960155,-0.002808452,0.99596727,-0.08915953,0.00999663,-0.0102071995,-0.00190607,0.9999462,-0.10543615,-0.99442065,-0.0032738824,0.9943672,-0.105465166,0.010535416,-0.010821916,-0.0021446275,0.99993914,0
84720.719378557,-0.089135475,-0.9960155,-0.002809837,0.99596703,-0.08915938,0.0100121265,-0.010222757,-0.0019060697,0.99994594,-0.104721434,-0.99449605,-0.0033204406,0.99444246,-0.10475102,0.010551452,-0.010841197,-0.0021970244,0.99993885,0
84720.72374257,-0.12382435,-0.992299,-0.0031728288,0.99225146,-0.12385009,0.009906087,-0.010222757,-0.0019216294,0.99994594,-0.10440999,-0.99452883,-0.0033100566,0.99447536,-0.10443947,0.010540798,-0.010828828,-0.0021912053,0.99993896,0
84720.728076066,-0.12382549,-0.9922991,-0.0031415764,0.99225163,-0.12385089,0.009894309,-0.0102071995,-0.0018920663,0.9999462,-0.10472025,-0.994496,-0.0033719637,0.99444246,-0.10475042,0.010556415,-0.010851528,-0.002247754,0.9999386,0
84720.73244008,-0.12382367,-0.9922991,-0.003192116,0.9922513,-0.12384967,0.009935039,-0.010253873,-0.0019371884,0.9999456,-0.10472025,-0.994496,-0.0033719637,0.99444246,-0.10475042,0.010556415,-0.010851528,-0.002247754,0.9999386,0
84720.736773576,-0.08671671,-0.99622893,-0.0028488734,0.99618036,-0.086741164,0.01002902,-0.010238314,-0.0019683081,0.99994564,-0.10545188,-0.9944188,-0.00332892,0.99436647,-0.105481274,0.01043859,-0.01073147,-0.0022093975,0.99994,0
84720.74113759,-0.086714156,-0.9962291,-0.0028641485,0.99618036,-0.086738795,0.010043311,-0.010253872,-0.0019823115,0.9999454,-0.10507762,-0.99445844,-0.0033191585,0.9944062,-0.10510691,0.01043054,-0.010721606,-0.0022045756,0.9999401,0
84720.745501603,-0.08670878,-0.99622947,-0.0028963122,0.9961808,-0.086733766,0.010054577,-0.010267874,-0.0020134307,0.9999453,-0.10464096,-0.9945047,-0.003279562,0.9944519,-0.104669936,0.010470141,-0.010755875,-0.002165761,0.9999398,0
84720.749835099,-0.088963136,-0.99603033,-0.0029963881,0.9959818,-0.08898906,0.010056705,-0.010283431,-0.0020896727,0.999945,-0.10464096,-0.9945047,-0.003279562,0.9944519,-0.104669936,0.010470141,-0.010755875,-0.002165761,0.9999398,0
84720.754351701,-0.088965625,-0.9960303,-0.0029795307,0.9959818,-0.08899134,0.010042587,-0.010267872,-0.0020741133,0.9999451,-0.103933364,-0.9945792,-0.0031817788,0.9945262,-0.10396133,0.010471619,-0.010745635,-0.0020760118,0.9999401,0
84720.75889882,-0.088965625,-0.9960303,-0.0029795307,0.9959818,-0.08899134,0.010042587,-0.010267872,-0.0020741133,0.9999451,-0.103634275,-0.99461037,-0.0031776011,0.9945575,-0.10366219,0.010463076,-0.010736081,-0.002075974,0.9999402,0
84720.763415422,-0.14246984,-0.98979294,-0.003515998,0.98974586,-0.14249812,0.009867569,-0.010267872,-0.0020741133,0.9999451,-0.10335862,-0.9946387,-0.0032961802,0.9945862,-0.103387795,0.010450655,-0.010735409,-0.0021981702,0.9999399,0
84720.767932023,-0.14247485,-0.98979235,-0.0034847895,0.9897454,-0.14250278,0.009857906,-0.010253871,-0.0020445504,0.99994534,-0.10335862,-0.9946387,-0.0032961802,0.9945862,-0.103387795,0.010450655,-0.010735409,-0.0021981702,0.9999399,0
84720.772479142,-0.14248258,-0.98979133,-0.0034364443,0.9897443,-0.14251001,0.009849132,-0.010238313,-0.0019978716,0.9999456,-0.104868606,-0.99448055,-0.003322782,0.9944291,-0.10489779,0.01035614,-0.010647532,-0.0022182371,0.9999409,0
84720.776995744,-0.119678736,-0.9928075,-0.0032125236,0.99275964,-0.11970517,0.009954919,-0.010267874,-0.0019978709,0.9999453,-0.105701126,-0.99439263,-0.0032305026,0.9943409,-0.10572929,0.010364733,-0.010648172,-0.002116657,0.99994105,0
84720.781512346,-0.11967482,-0.9928078,-0.003243381,0.99276006,-0.11970157,0.009951207,-0.010267874,-0.0020289903,0.9999453,-0.1059809,-0.99436295,-0.0032302502,0.9943112,-0.10600905,0.010356512,-0.010640567,-0.0021142815,0.9999412,0
84720.786028947,-0.11967457,-0.99280787,-0.0032452403,0.9927599,-0.11970136,0.009966653,-0.010283431,-0.0020289898,0.99994504,-0.1059809,-0.99436295,-0.0032302502,0.9943112,-0.10600905,0.010356512,-0.010640567,-0.0021142815,0.9999412,0
84720.790576066,-0.07361267,-0.9972831,-0.002780621,0.997234,-0.07363722,0.010106133,-0.010283431,-0.0020289898,0.99994504,-0.106566556,-0.99430037,-0.0032124198,0.99424976,-0.10659424,0.010248094,-0.010532109,-0.0021018437,0.9999423,0
84720.795092668,-0.07361292,-0.99728304,-0.0027784472,0.99723417,-0.07363739,0.010076651,-0.010253871,-0.0020289905,0.99994534,-0.10586495,-0.99437565,-0.0031233428,0.994325,-0.10589171,0.010236322,-0.010509484,-0.0020219502,0.9999427,0
84720.799609269,-0.07360788,-0.9972833,-0.002821108,0.9972348,-0.07363271,0.010042311,-0.0102227535,-0.0020741143,0.9999456,-0.10522083,-0.994444,-0.0031163136,0.9943934,-0.10524755,0.010233244,-0.010504372,-0.002022091,0.9999428,0
84720.804125871,-0.097189665,-0.99526113,-0.0030749969,0.9952132,-0.097215846,0.0099867,-0.010238312,-0.0020896737,0.9999454,-0.10522083,-0.994444,-0.0031163136,0.9943934,-0.10524755,0.010233244,-0.010504372,-0.002022091,0.9999428,0
84720.80867299,-0.09719111,-0.995261,-0.0030639102,0.9952126,-0.09721727,0.010033112,-0.010283431,-0.002074113,0.999945,-0.10484071,-0.99448454,-0.0029936936,0.9944328,-0.10486632,0.010315957,-0.010572997,-0.0018954949,0.9999423,0
84720.813189592,-0.09719131,-0.9952609,-0.0030623998,0.9952126,-0.09721742,0.010017626,-0.010267872,-0.0020741133,0.9999451,-0.10484071,-0.99448454,-0.0029936936,0.9944328,-0.10486632,0.010315957,-0.010572997,-0.0018954949,0.9999423,0
84720.817706193,-0.1112842,-0.9937835,-0.0031852932,0.9937358,-0.111310735,0.009945581,-0.010238312,-0.0020585542,0.9999454,-0.104687765,-0.99450064,-0.0029950207,0.99444896,-0.10471339,0.010309975,-0.010566895,-0.0018990673,0.99994236,0
84720.822253312,-0.1112803,-0.9937839,-0.003212719,0.9937367,-0.11130705,0.0099112075,-0.010207196,-0.0020896744,0.9999457,-0.104687765,-0.99450064,-0.0029950207,0.99444896,-0.10471339,0.010309975,-0.010566895,-0.0018990673,0.99994236,0
84720.826769914,-0.111277595,-0.9937841,-0.0032316186,0.9937366,-0.1113046,0.009940406,-0.010238311,-0.0021052333,0.99994534,-0.105026245,-0.99446523,-0.0028988263,0.99441284,-0.10505092,0.010367439,-0.010614582,-0.0017937768,0.99994206,0
84720.831286516,-0.07050382,-0.9975076,-0.0028042644,0.99745923,-0.07052862,0.010034425,-0.010207196,-0.0020896744,0.9999457,-0.10515126,-0.994452,-0.0029055327,0.99439967,-0.10517599,0.010358935,-0.010607056,-0.0018000059,0.9999421,0
84720.835803117,-0.07049743,-0.9975079,-0.0028492133,0.99745977,-0.07052268,0.01003126,-0.010207195,-0.0021347974,0.99994564,-0.10447686,-0.99452275,-0.0030182246,0.99447066,-0.10450283,0.010357848,-0.010616528,-0.0019193803,0.99994177,0
84720.840350236,-0.070497885,-0.99750787,-0.0028460366,0.99746025,-0.070523016,0.0099862525,-0.010162077,-0.0021347986,0.9999462,-0.10447686,-0.99452275,-0.0030182246,0.99447066,-0.10450283,0.010357848,-0.010616528,-0.0019193803,0.99994177,0
84720.844866838,-0.07049569,-0.99750805,-0.0028615363,0.9974603,-0.07052096,0.00998516,-0.010162075,-0.002150358,0.999946,-0.10311563,-0.9946647,-0.0030442784,0.99461216,-0.10314205,0.010410037,-0.010668489,-0.0019544389,0.9999412,0
84720.849383439,-0.070495844,-0.99750805,-0.002860441,0.99746054,-0.07052107,0.009969641,-0.010146517,-0.0021503584,0.99994624,-0.1024642,-0.994732,-0.0030403193,0.9946796,-0.10249059,0.010401551,-0.01065836,-0.0019583572,0.9999413,0
84720.853930558,-0.07049864,-0.99750775,-0.0028406684,0.9974608,-0.07052354,0.0099102035,-0.010085841,-0.0021348,0.99994683,-0.1017737,-0.99480325,-0.0029248353,0.99475133,-0.10179877,0.010333864,-0.010577906,-0.0018577684,0.9999423,0
84720.85844716,-0.093531,-0.9956116,-0.003070389,0.9955651,-0.09355703,0.0098574,-0.010101399,-0.0021347997,0.9999467,-0.1017737,-0.99480325,-0.0029248353,0.99475133,-0.10179877,0.010333864,-0.010577906,-0.0018577684,0.9999423,0
84720.862963762,-0.09352887,-0.99561185,-0.00308586,0.9955654,-0.093555056,0.009855952,-0.010101399,-0.0021503596,0.9999467,-0.10147348,-0.9948338,-0.002945392,0.99478155,-0.10149886,0.010374942,-0.010620298,-0.00187724,0.9999418,0
84720.867480363,-0.093530625,-0.99561167,-0.0030731503,0.99556494,-0.093556754,0.009886833,-0.01013096,-0.002134799,0.9999465,-0.101314664,-0.99485004,-0.0029481181,0.9947979,-0.101340055,0.010364534,-0.01060992,-0.0018827023,0.99994195,0
84720.872027482,-0.11966401,-0.99280894,-0.0033283995,0.9927631,-0.11969126,0.009773301,-0.010101399,-0.0021347997,0.9999467,-0.10111516,-0.99487,-0.003055993,0.9948172,-0.10114186,0.010440936,-0.010696463,-0.0019844177,0.9999408,0
84720.876544084,-0.119661346,-0.992809,-0.0033492213,0.9927628,-0.1196889,0.009816239,-0.010146517,-0.0021503584,0.99994624,-0.10111516,-0.99487,-0.003055993,0.9948172,-0.10114186,0.010440936,-0.010696463,-0.0019844177,0.9999408,0
84720.881060685,-0.11966355,-0.99280894,-0.0033319325,0.99276286,-0.1196909,0.009802649,-0.01013096,-0.002134799,0.9999465,-0.10179889,-0.9948003,-0.0030485773,0.99474704,-0.101825565,0.010478633,-0.010734571,-0.0019658504,0.99994045,0
84720.885577287,-0.1697186,-0.9854851,-0.0038540992,0.9854405,-0.16974851,0.009616312,-0.010130959,-0.0021659182,0.9999463,-0.10213067,-0.99476606,-0.0031196182,0.9947136,-0.10215794,0.010414358,-0.010678545,-0.0020395014,0.9999409,0
84720.890124406,-0.16971803,-0.9854851,-0.0038593754,0.9854402,-0.16974808,0.009646978,-0.010162075,-0.0021659178,0.999946,-0.10348807,-0.99462575,-0.003135209,0.9945735,-0.10351542,0.010398937,-0.010667593,-0.0020420298,0.999941,0
84720.894641008,-0.16971831,-0.9854851,-0.0038567372,0.9854404,-0.1697483,0.009631645,-0.010146516,-0.002165918,0.9999462,-0.10348807,-0.99462575,-0.003135209,0.9945735,-0.10351542,0.010398937,-0.010667593,-0.0020420298,0.999941,0
84720.899157609,-0.088991195,-0.9960277,-0.00306043,0.99598074,-0.08901746,0.009913464,-0.010146516,-0.002165918,0.9999462,-0.106181145,-0.9943415,-0.0032543838,0.99428946,-0.106209606,0.010394551,-0.01068138,-0.0021320942,0.9999407,0
84720.903704728,-0.088993475,-0.9960276,-0.003043569,0.9959807,-0.08901954,0.009899346,-0.010130959,-0.0021503586,0.9999463,-0.10582903,-0.99437904,-0.0032553475,0.9943274,-0.10585743,0.010349112,-0.010635543,-0.0021416447,0.9999412,0
84720.90822133,-0.0889931,-0.99602765,-0.003046335,0.99598044,-0.089019254,0.009930341,-0.010162075,-0.002150358,0.999946,-0.10549255,-0.9944148,-0.0032509533,0.9943633,-0.10552089,0.010340159,-0.010625451,-0.0021418189,0.9999413,0
84720.912737932,-0.096730836,-0.9953058,-0.0031122959,0.9952583,-0.096757345,0.00995278,-0.010207195,-0.0021347974,0.99994564,-0.10549255,-0.9944148,-0.0032509533,0.9943633,-0.10552089,0.010340159,-0.010625451,-0.0021418189,0.9999413,0
84720.917254533,-0.09673313,-0.99530554,-0.0030925095,0.9952586,-0.09675932,0.009893735,-0.010146518,-0.002120795,0.9999463,-0.105051935,-0.9944614,-0.003257922,0.99441063,-0.10508025,0.010280256,-0.010565662,-0.0021597513,0.9999419,0
84720.921801652,-0.09673331,-0.9953055,-0.003091006,0.99525875,-0.096759446,0.009878248,-0.01013096,-0.0021207954,0.9999465,-0.10484197,-0.9944831,-0.0033879082,0.99443257,-0.10487168,0.010284841,-0.010583396,-0.0022907632,0.99994135,0
84720.926318254,-0.0959217,-0.9953843,-0.0030195029,0.9953374,-0.09594713,0.009871253,-0.010115403,-0.002058557,0.9999467,-0.10467987,-0.9945002,-0.0033819033,0.99444973,-0.104709506,0.01027675,-0.010574347,-0.0022873639,0.99994147,0
84720.930834855,-0.09592368,-0.99538416,-0.0030055826,0.99533725,-0.09594897,0.009872591,-0.010115403,-0.0020445532,0.9999467,-0.10467987,-0.9945002,-0.0033819033,0.99444973,-0.104709506,0.01027675,-0.010574347,-0.0022873639,0.99994147,0
84720.935381974,-0.0959217,-0.9953843,-0.0030195029,0.9953374,-0.09594713,0.009871253,-0.010115403,-0.002058557,0.9999467,-0.10428335,-0.9945421,-0.0033153847,0.9944935,-0.10431188,0.0100925835,-0.010383333,-0.00224464,0.9999436,0
84720.939898576,-0.08123281,-0.9966909,-0.0028879722,0.9966439,-0.081257656,0.009899488,-0.0101014,-0.0020741168,0.99994683,-0.10411624,-0.99455965,-0.003309429,0.994511,-0.104144715,0.010088198,-0.010377974,-0.0022409183,0.9999436,0
84720.944415178,-0.08122926,-0.9966911,-0.002918955,0.99664414,-0.081254415,0.0098969685,-0.010101399,-0.0021052363,0.9999467,-0.103685014,-0.99460435,-0.0034107617,0.99455553,-0.10371466,0.010125824,-0.010424934,-0.0023422956,0.9999429,0
