Time,Rot1,Rot2,Rot3,Rot4,Rot5,Rot6,Rot7,Rot8,Rot9,FRot1,FRot2,FRot3,FRot4,FRot5,FRot6,FRot7,FRot8,FRot9,AccX,AccY,AccZ,Imid
7620.330414975,0.70446575,0.70823735,0.046127893,-0.70665026,0.705974,-0.04739518,-0.066132136,7.919923E-4,0.99781066,0.6902677,0.72213393,0.04531063,-0.72048414,0.6917525,-0.04879625,-0.066581175,0.0010368857,0.9977805,0.035614014,-0.034088135,0.27772522,0
7620.334809507,0.70448583,0.70821947,0.04609628,-0.7066345,0.70599186,-0.047361095,-0.06608565,7.919946E-4,0.99781364,0.6905439,0.72188085,0.045134384,-0.72022796,0.6920163,-0.0488376,-0.06648866,0.0012174586,0.99778646,0.13093567,0.0137786865,0.30166626,0
7620.339204038,0.7059222,0.7067665,0.04642017,-0.7051823,0.7074465,-0.047299482,-0.06626949,6.5507053E-4,0.9978016,0.690844,0.72158825,0.045221034,-0.7199336,0.6923214,-0.048852816,-0.06655911,0.0011935297,0.99778175,0.017807007,0.02468872,0.23478699,0
7620.343598569,0.7057161,0.7069505,0.046751812,-0.7053628,0.7072628,-0.047354583,-0.06654317,4.4189917E-4,0.9977834,0.6911282,0.721298,0.045508876,-0.7196413,0.69262415,-0.048868842,-0.06676954,0.0010245675,0.99776787,0.010925293,0.036361694,0.13438416,0
7620.3479931,0.705573,0.7070781,0.046981826,-0.7054857,0.7071354,-0.04742809,-0.06675787,3.189764E-4,0.9977691,0.6914199,0.72099525,0.045873284,-0.7193363,0.6929396,-0.048888486,-0.06703578,8.041544E-4,0.9977503,-0.034866333,0.03756714,-0.033081055,0
7620.352387632,0.7055282,0.7071179,0.04705375,-0.7055276,0.70709544,-0.047397755,-0.0667873,2.427328E-4,0.99776715,0.6916718,0.720738,0.046117485,-0.7190771,0.6932072,-0.04890691,-0.06721804,6.65505E-4,0.99773806,-0.058517456,-0.18193054,-0.109695435,0
7620.356782163,0.705573,0.7070781,0.046981826,-0.7054857,0.7071354,-0.04742809,-0.06675787,3.189764E-4,0.9977691,0.6919923,0.7204266,0.04617448,-0.71876574,0.6935308,-0.04889498,-0.06724867,6.463116E-4,0.997736,-0.020492554,-0.09649658,-0.052230835,0
7620.361176694,0.7055862,0.7070664,0.04696068,-0.705474,0.70714706,-0.04742734,-0.06674238,3.345366E-4,0.99777013,0.69228065,0.7201553,0.046084717,-0.71849227,0.6938125,-0.04891961,-0.067203864,7.5458735E-4,0.99773896,0.008087158,0.0038909912,0.17282104,0
7620.365571225,0.67590195,0.73561764,0.044980887,-0.7339702,0.67739695,-0.049204417,-0.06666555,2.4273137E-4,0.9977753,0.6925596,0.71989065,0.04602755,-0.7182262,0.69408697,-0.048931964,-0.06717279,8.3011267E-4,0.997741,0.055221558,0.04789734,0.14874268,0
7620.369965757,0.67592263,0.7356006,0.044948786,-0.7339525,0.67741543,-0.04921292,-0.066650055,2.7385107E-4,0.9977763,0.6922252,0.7202112,0.046043307,-0.7185541,0.6937545,-0.048833963,-0.06711352,7.194975E-4,0.9977451,0.04069519,0.081100464,0.27323914,0
7620.374360288,0.67584187,0.73566705,0.045073964,-0.73402137,0.67734325,-0.04917975,-0.06671047,1.5248464E-4,0.99777234,0.6919101,0.72050965,0.046111528,-0.7188543,0.69344467,-0.048815623,-0.06714792,6.2855234E-4,0.99774283,-0.07841492,0.08708191,0.100860596,0
7620.378754819,0.6738004,0.7375463,0.044928722,-0.7358986,0.67529666,-0.04927262,-0.06668104,1.3692526E-4,0.9977743,0.6915895,0.7208088,0.04624527,-0.71915853,0.69313383,-0.048749506,-0.06719323,4.5696882E-4,0.99773985,0.112838745,-0.061187744,3.0517578E-4,0
7620.38314935,0.67381424,0.7375348,0.04490863,-0.7358887,0.6753091,-0.049249,-0.06665006,1.3692555E-4,0.99777645,0.69123006,0.7211518,0.04627161,-0.71950215,0.692777,-0.04875206,-0.067213535,4.0636503E-4,0.99773854,0.04548645,0.010620117,0.067337036,0
7620.387543882,0.67382866,0.73752296,0.044887744,-0.7358756,0.6753222,-0.049268134,-0.06665006,1.6648902E-4,0.99777645,0.69086444,0.7214991,0.0463186,-0.7198498,0.6924153,-0.04875768,-0.06725033,3.425135E-4,0.9977361,-0.011962891,0.0677948,0.115219116,0
7620.391938413,0.7001916,0.7124284,0.04666386,-0.7108357,0.7017448,-0.04761101,-0.06666555,1.6648883E-4,0.9977753,0.690512,0.72183615,0.046321187,-0.72018665,0.69206387,-0.0487724,-0.067262895,3.1802716E-4,0.9977352,-0.0357666,7.4768066E-4,3.0517578E-4,0
7620.396332944,0.70018494,0.7124342,0.046674337,-0.71084076,0.70173883,-0.047622424,-0.06668104,1.6648865E-4,0.9977743,0.6907058,0.721652,0.04630228,-0.71999985,0.6922559,-0.04880436,-0.06727279,3.7181715E-4,0.99773455,-0.026031494,0.0103302,0.0050964355,0
7620.400727475,0.7001721,0.7124455,0.046694584,-0.71085346,0.7017274,-0.04760248,-0.06668104,1.3692526E-4,0.9977743,0.69087136,0.72149247,0.046317976,-0.7198343,0.69242215,-0.048888754,-0.06734446,4.3457156E-4,0.99772966,-0.006881714,-0.089920044,-0.10983276,0
7620.405122007,0.70468664,0.707956,0.0470625,-0.7063725,0.70625645,-0.04732524,-0.06674239,1.0580693E-4,0.9977703,0.69107836,0.72129864,0.046250414,-0.7196385,0.6926241,-0.048911083,-0.06731365,5.178091E-4,0.99773175,-0.14993286,-0.05609131,0.048324585,0
7620.409516538,0.7046867,0.707956,0.047062453,-0.70637095,0.70625645,-0.04734717,-0.06675788,1.2136665E-4,0.9977692,0.6913279,0.7210593,0.046251386,-0.7194002,0.6928732,-0.04888851,-0.06729786,5.247351E-4,0.9977328,-0.054016113,0.010772705,-0.047439575,0
7620.413911069,0.704722,0.7079245,0.04700911,-0.7063403,0.7062881,-0.047333438,-0.06671047,1.5248464E-4,0.99777234,0.69159067,0.72080606,0.046271667,-0.7191492,0.6931367,-0.048847467,-0.06728214,5.062221E-4,0.9977339,0.026931763,-0.10443115,0.029037476,0
7620.4183056,0.70470804,0.707937,0.047030255,-0.70635426,0.7062756,-0.04731234,-0.06671047,1.2136532E-4,0.99777234,0.69159067,0.72080606,0.046271667,-0.7191492,0.6931367,-0.048847467,-0.06728214,5.062221E-4,0.9977339,0.026931763,-0.10412598,0.029037476,0
7620.422700132,0.6765209,0.73503506,0.04519855,-0.73339564,0.67802906,-0.04906506,-0.06671047,4.5123004E-5,0.99777234,0.6920945,0.72031534,0.04637869,-0.7186586,0.6936466,-0.048828367,-0.067342244,4.63401E-4,0.99772984,0.022140503,-0.0076141357,-0.038009644,0
7620.427094663,0.67649406,0.7350572,0.04524141,-0.7334176,0.6780052,-0.049068946,-0.06674239,1.4003859E-5,0.9977703,0.6918386,0.7205582,0.04642534,-0.71890444,0.69339436,-0.048792925,-0.0673492,3.8144505E-4,0.9977294,-0.07331848,-0.0887146,0.14888,0
7620.431489194,0.64497393,0.76298785,0.04310695,-0.76128316,0.64641285,-0.05097459,-0.06675788,6.0683324E-5,0.9977692,0.6915392,0.72084874,0.04637403,-0.71919626,0.6930923,-0.048782744,-0.06730646,3.831527E-4,0.9977323,0.084854126,0.040100098,0.110580444,0
7620.435883725,0.645052,0.7629283,0.04299044,-0.7612224,0.64648294,-0.050990887,-0.06669499,1.664885E-4,0.9977734,0.6915392,0.72084874,0.04637403,-0.71919626,0.6930923,-0.048782744,-0.06730646,3.831527E-4,0.9977323,0.084243774,0.0390625,0.110443115,0
7620.440278257,0.6450574,0.76292425,0.042982396,-0.76122046,0.6464878,-0.05095913,-0.06666555,1.524851E-4,0.9977753,0.6897867,0.7225384,0.046179898,-0.7208795,0.6913307,-0.048935708,-0.0672835,4.650584E-4,0.9977338,0.045639038,-0.032608032,0.20620728,0
7620.444672788,0.68108255,0.73079675,0.045416314,-0.729164,0.6825951,-0.048823547,-0.06668104,1.3692526E-4,0.9977743,0.68890977,0.723379,0.046110272,-0.7217183,0.690451,-0.048990436,-0.06727554,4.713617E-4,0.9977343,-0.016448975,-0.037246704,-0.1625061,0
7620.449067319,0.68108374,0.7307958,0.045414556,-0.7291617,0.68259615,-0.04884427,-0.06669499,1.524848E-4,0.9977734,0.6886974,0.72358114,0.04611162,-0.72191566,0.6902392,-0.04906754,-0.067332394,5.039819E-4,0.9977305,-0.025894165,0.03440857,0.081710815,0
7620.45346185,0.68109626,0.73078537,0.04539558,-0.7291513,0.68260735,-0.048842926,-0.06668104,1.6648865E-4,0.9977743,0.6885213,0.7237481,0.04612031,-0.7220864,0.69006413,-0.049017284,-0.06730214,4.465987E-4,0.9977325,0.0027008057,0.0103302,0.124801636,0
7620.457856382,0.693516,0.7189579,0.04620553,-0.71735007,0.69505346,-0.04805598,-0.06666555,1.8204853E-4,0.9977753,0.68838817,0.72387695,0.046085775,-0.722212,0.68992895,-0.049069136,-0.06731593,4.949101E-4,0.99773157,0.055221558,0.058059692,0.23014832,0
7620.462250913,0.6935091,0.71896386,0.046216283,-0.7173567,0.69504726,-0.048045583,-0.06666555,1.6648883E-4,0.9977753,0.68850803,0.7237687,0.045994062,-0.7221045,0.6900424,-0.0490572,-0.06724392,5.637615E-4,0.9977364,-0.011810303,-0.0519104,-0.009277344,0
7620.466645444,0.69350964,0.71896356,0.04621559,-0.7173579,0.69504786,-0.048024718,-0.06665006,1.5248526E-4,0.99777645,0.6886002,0.72368145,0.045990013,-0.7220202,0.69013405,-0.049008954,-0.067206144,5.4185593E-4,0.997739,0.02154541,-0.018249512,-0.038009644,0
7620.471039975,0.68796074,0.7242999,0.045823228,-0.7226824,0.6894851,-0.048377946,-0.066634566,1.6648918E-4,0.99777734,0.68869084,0.7235935,0.046015467,-0.7219333,0.69022626,-0.048989754,-0.06720975,5.186956E-4,0.9977387,0.0644989,0.01991272,0.115219116,0
7620.475434507,0.6879744,0.7242883,0.045801546,-0.72266936,0.6894972,-0.048398584,-0.066634566,1.9760864E-4,0.99777734,0.6886552,0.7236257,0.046041757,-0.7219643,0.69019246,-0.04900913,-0.06724194,5.098847E-4,0.9977366,-0.021697998,0.067489624,0.038604736,0
7620.479829038,0.68796754,0.72429407,0.045812383,-0.72267586,0.68949115,-0.048388265,-0.066634566,1.820489E-4,0.99777734,0.68862814,0.7236518,0.046036273,-0.72198963,0.69016504,-0.04902167,-0.06724725,5.1998417E-4,0.9977362,-0.031280518,-0.05206299,-0.11462402,0
7620.484223569,0.6879543,0.7243054,0.045833524,-0.72268724,0.6894794,-0.04838954,-0.06665006,1.6648902E-4,0.99777645,0.68862814,0.7236518,0.046036273,-0.72198963,0.69016504,-0.04902167,-0.06724725,5.1998417E-4,0.9977362,-0.03112793,-0.0519104,-0.11462402,0
7620.4886181,0.6769512,0.73464376,0.045117676,-0.73300254,0.67845297,-0.049078654,-0.06666555,1.524851E-4,0.9977753,0.6885885,0.7236895,0.046037987,-0.7220231,0.6901255,-0.049085215,-0.06729443,5.5901986E-4,0.997733,-0.040542603,-0.023040771,-0.018844604,0
7620.493012632,0.6769382,0.73465455,0.045138814,-0.7330132,0.6784414,-0.04908022,-0.06668104,1.3692526E-4,0.9977743,0.68836415,0.7239056,0.04599408,-0.7222372,0.6898987,-0.049122952,-0.06729164,5.9583556E-4,0.9977332,-0.011657715,-0.046829224,0.014663696,0
7620.497407163,0.6822654,0.72968686,0.045507632,-0.7280587,0.6837814,-0.048717167,-0.06666555,1.05805986E-4,0.9977753,0.6881402,0.7241206,0.045960844,-0.7224514,0.6896731,-0.049143538,-0.0672838,6.131729E-4,0.9977337,0.021697998,-0.07046509,0.033828735,0
7620.501801694,0.6822723,0.72968113,0.04549671,-0.72805226,0.6837875,-0.0487274,-0.06666555,1.2136569E-4,0.9977753,0.68796754,0.72428656,0.045930587,-0.7226197,0.68949884,-0.049112886,-0.06724089,5.9772644E-4,0.9977366,-0.002243042,0.020355225,0.072128296,0
7620.506196225,0.6822856,0.7296701,0.045475584,-0.72804147,0.68379945,-0.04872598,-0.06665006,1.3692555E-4,0.99777645,0.68791056,0.7243441,0.045877744,-0.72268105,0.6894384,-0.04905891,-0.067165405,5.9316435E-4,0.9977417,0.03112793,0.048934937,0.115219116,0
7620.510590757,0.65402347,0.7552182,0.043574017,-0.75353366,0.6554733,-0.05041319,-0.066634566,1.3692566E-4,0.99777734,0.6878026,0.7244478,0.0458577,-0.7227867,0.6893294,-0.049033474,-0.067133255,5.8001647E-4,0.99774384,0.0357666,0.0058288574,0.120010376,0
7620.514985288,0.6540166,0.7552236,0.04358533,-0.7535397,0.6554673,-0.050403368,-0.066634566,1.21365934E-4,0.99777734,0.68715054,0.72506964,0.045805987,-0.7234077,0.68867534,-0.049068145,-0.06712327,5.807998E-4,0.9977445,-0.026489258,-0.051467896,0.072128296,0
7620.519379819,0.6540087,0.7552297,0.04359816,-0.753548,0.65546024,-0.050371736,-0.06661908,9.024656E-5,0.9977785,0.686459,0.72572976,0.04571949,-0.7240661,0.6879796,-0.04911562,-0.067098744,6.119296E-4,0.99774617,0.035614014,-0.0703125,0.23493958,0
7620.52377435,0.7102046,0.702403,0.04732299,-0.700839,0.7117795,-0.04684791,-0.066589646,1.05806525E-4,0.99778044,0.68583375,0.7263255,0.045643516,-0.7246621,0.68735063,-0.049131483,-0.06705855,6.199015E-4,0.99774885,0.049682617,0.039657593,0.096069336,0
7620.528168882,0.71019185,0.7024146,0.04734295,-0.70085186,0.7117681,-0.046827685,-0.066589646,7.624294E-5,0.99778044,0.6862949,0.7258873,0.045683466,-0.72422224,0.6878134,-0.04914222,-0.06709341,6.4107333E-4,0.9977465,0.0018005371,-0.06538391,0.100860596,0
7620.532563413,0.7102181,0.70239085,0.047301866,-0.7008268,0.7117915,-0.046847273,-0.06657416,1.21366436E-4,0.99778146,0.68677956,0.7254267,0.045716815,-0.7237616,0.6882991,-0.049127396,-0.06710517,6.516167E-4,0.9977457,0.030380249,0.092178345,0.105651855,0
7620.536957944,0.69999766,0.7126205,0.046640523,-0.7110324,0.70154977,-0.047549147,-0.06660514,1.2136618E-4,0.9977794,0.68725663,0.7249678,0.045826975,-0.7233051,0.6887826,-0.049074996,-0.067142606,5.8022985E-4,0.9977432,-0.089019775,0.010772705,0.100860596,0
7620.541352475,0.7000102,0.7126094,0.046619922,-0.71102566,0.70156085,-0.04748246,-0.06654317,9.024702E-5,0.9977835,0.68751913,0.72471875,0.04582739,-0.7230606,0.6890446,-0.04899896,-0.06708757,5.517423E-4,0.9977469,0.14978027,-0.05593872,0.17747498,0
7620.545747007,0.7000102,0.7126094,0.046619922,-0.71102566,0.70156085,-0.04748246,-0.06654317,9.024702E-5,0.9977835,0.6877718,0.72447777,0.045847397,-0.7228229,0.6892981,-0.048940975,-0.06705917,5.206725E-4,0.99774885,0.015701294,-0.0128479,-0.014053345,0
7620.550141538,0.65215534,0.75684005,0.043434605,-0.7551578,0.65360016,-0.05043312,-0.06655867,9.024693E-5,0.9977825,0.6879776,0.7242797,0.045886893,-0.72262466,0.6895061,-0.048936807,-0.06708323,5.084291E-4,0.99774724,-0.05596924,0.006286621,0.052978516,0
7620.554536069,0.652167,0.75683105,0.043416515,-0.7551517,0.6536106,-0.050389394,-0.06651375,7.624333E-5,0.9977855,0.6872304,0.72498816,0.045896847,-0.7233324,0.6887612,-0.0489725,-0.06711645,4.5671663E-4,0.99774504,0.1159668,-0.05580139,-0.071517944,0
7620.5589306,0.6521541,0.7568411,0.04343661,-0.7551618,0.6535991,-0.050390463,-0.06652769,6.0683407E-5,0.9977846,0.6865302,0.7256519,0.045887787,-0.72399575,0.6880619,-0.04900006,-0.06713062,4.1745673E-4,0.99774414,-0.027542114,-0.022140503,-0.076309204,0
7620.563325132,0.6521468,0.7568467,0.043447923,-0.7551681,0.6535925,-0.05038069,-0.06652769,4.5123557E-5,0.9977846,0.6858592,0.7262888,0.045844615,-0.72463703,0.6873896,-0.048956156,-0.06706941,3.5632373E-4,0.99774826,-0.013168335,-0.060287476,0.014663696,0
7620.567719663,0.65215504,0.7568402,0.043435037,-0.7551593,0.6535998,-0.050412267,-0.06654317,7.6243174E-5,0.9977835,0.6852117,0.7269025,0.04580038,-0.7252507,0.6867406,-0.0489766,-0.06705419,3.425791E-4,0.99774927,-0.017807007,0.07824707,-0.033218384,0
7620.572114194,0.65214247,0.7568499,0.043454535,-0.7551674,0.65358865,-0.050436363,-0.06657416,7.624301E-5,0.99778146,0.684563,0.72752064,0.04568559,-0.7258688,0.68608564,-0.048998337,-0.06699153,3.807008E-4,0.9977535,-0.07496643,0.01600647,-0.071517944,0
7620.576508725,0.67589104,0.73562664,0.044997837,-0.7339913,0.67738724,-0.049022444,-0.06654317,1.0580685E-4,0.9977835,0.68386763,0.72817683,0.045646332,-0.7265203,0.68538916,-0.049090896,-0.06703235,4.0868408E-4,0.99775076,0.058807373,0.049240112,0.096069336,0
7620.580903257,0.67589104,0.73562664,0.044997837,-0.7339913,0.67738724,-0.049022444,-0.06654317,1.0580685E-4,0.9977835,0.68374,0.7282981,0.045622922,-0.7266397,0.6852603,-0.049123332,-0.067040004,4.361626E-4,0.99775016,0.0013427734,0.025283813,-0.066726685,0
7620.585297788,0.6758922,0.7356257,0.04499605,-0.7339875,0.67738825,-0.04906621,-0.06657416,1.3692623E-4,0.99778146,0.68361616,0.72841406,0.045628283,-0.72675717,0.6851371,-0.049104515,-0.06703004,4.0796085E-4,0.9977509,-0.07017517,0.0872345,0.052978516,0
7620.589692319,0.67411894,0.7372589,0.044866014,-0.7356164,0.6756103,-0.049185183,-0.06657416,1.5248603E-4,0.99778146,0.6834588,0.7285611,0.045637477,-0.72690517,0.6849807,-0.049095165,-0.06702962,3.804058E-4,0.99775094,-0.017501831,0.03440857,-0.023635864,0
7620.59408685,0.67411894,0.7372589,0.044866014,-0.7356164,0.6756103,-0.049185183,-0.06657416,1.5248603E-4,0.99778146,0.6833068,0.7287085,0.04555994,-0.7270525,0.6848239,-0.049101386,-0.06698113,4.2684167E-4,0.9977541,-0.012710571,-0.0038757324,0.124801636,0
7620.598481382,0.67413324,0.7372471,0.044845127,-0.73560333,0.6756232,-0.04920433,-0.06657416,1.8204965E-4,0.99778146,0.68316114,0.728845,0.045561485,-0.72718513,0.6846786,-0.04916281,-0.06702704,4.5448393E-4,0.99775106,0.030380249,0.07720947,0.100860596,0
7620.602875913,0.71587884,0.6965983,0.047627337,-0.695042,0.7174614,-0.046538837,-0.066589646,2.1316903E-4,0.99778044,0.68300205,0.72899526,0.045542106,-0.7273382,0.68451864,-0.04912645,-0.066987365,4.2895618E-4,0.9977537,-0.050872803,0.072128296,0.105651855,0
7620.607270444,0.7158921,0.6965861,0.047606196,-0.69502974,0.7174732,-0.046538375,-0.06657416,2.2872904E-4,0.99778146,0.6836706,0.72836417,0.04561023,-0.7267099,0.68519014,-0.04906397,-0.06698811,3.9818825E-4,0.99775374,0.030380249,0.019302368,0.115219116,0
7620.611664975,0.7158921,0.6965861,0.047606196,-0.69502974,0.7174732,-0.046538375,-0.06657416,2.2872904E-4,0.99778146,0.6843341,0.7277367,0.045674574,-0.72608167,0.6858565,-0.04905322,-0.06702403,4.0531723E-4,0.9977513,-0.04144287,1.373291E-4,0.15353394,0
7620.616059507,0.70541257,0.70724255,0.0469156,-0.70566493,0.706971,-0.04721252,-0.06655867,1.9760967E-4,0.9977825,0.68496054,0.7271431,0.045737904,-0.7254872,0.6864858,-0.04904767,-0.06706309,4.1345938E-4,0.9977487,0.04937744,-0.08093262,0.019454956,0
7620.620454038,0.7053992,0.70725447,0.04693676,-0.70567834,0.70695907,-0.04719136,-0.06655867,1.6649003E-4,0.9977825,0.6853853,0.72674155,0.04575786,-0.7250855,0.68691087,-0.0490355,-0.067067705,4.2984853E-4,0.9977483,-0.022445679,-0.04711914,0.120010376,0
7620.624848569,0.7054059,0.7072485,0.046926208,-0.7056731,0.70696497,-0.04718,-0.06654317,1.664902E-4,0.9977835,0.6857862,0.7263618,0.045780797,-0.72470444,0.6873124,-0.049042158,-0.06708806,4.5488784E-4,0.99774694,0.039642334,7.4768066E-4,0.096069336,0
7620.6292431,0.6812004,0.73069566,0.04527643,-0.7290693,0.6827034,-0.04872532,-0.06651375,1.820504E-4,0.9977855,0.6862142,0.72595584,0.0458065,-0.72429776,0.6877412,-0.049039267,-0.067103356,4.738974E-4,0.99774593,0.06808472,0.038909912,0.033828735,0
7620.633637632,0.6811815,0.7307115,0.0453052,-0.72908145,0.68268645,-0.04878111,-0.06657416,1.9760945E-4,0.99778146,0.6861235,0.7260435,0.045776084,-0.7243889,0.68764865,-0.04899074,-0.06704727,4.5400928E-4,0.9977497,-0.13722229,0.029174805,0.067337036,0
7620.638032163,0.6811676,0.7307231,0.045326285,-0.72909296,0.682674,-0.0487826,-0.066589646,1.8204947E-4,0.99778044,0.6860199,0.72614,0.045796778,-0.72448415,0.68754673,-0.049012147,-0.06707711,4.4426892E-4,0.99774766,-0.07002258,-0.05683899,0.100860596,0
7620.642426694,0.692892,0.71956754,0.046077535,-0.7179613,0.69442236,-0.048052307,-0.06657416,2.1316925E-4,0.99778146,0.6859494,0.7262092,0.045756083,-0.7245541,0.6874736,-0.04900334,-0.067042775,4.6105083E-4,0.99775,0.04953003,0.08169556,-0.071517944,0
7620.646821225,0.69291276,0.71954966,0.046046093,-0.7179442,0.69444096,-0.048039604,-0.06654317,2.2872952E-4,0.9977835,0.686064,0.72609985,0.045772996,-0.7244412,0.6875891,-0.049052633,-0.067090124,4.934023E-4,0.9977468,0.07316589,0.03845215,-0.014053345,0
7620.651215757,0.69289887,0.7195617,0.04606719,-0.71795624,0.69442856,-0.04804077,-0.06655867,2.1316948E-4,0.9977825,0.68621397,0.72596204,0.04571106,-0.7243058,0.6877346,-0.04901206,-0.06701797,5.2397366E-4,0.99775165,-0.012863159,-0.014053345,-0.014053345,0
7620.655610288,0.7168989,0.6955459,0.047662433,-0.6939927,0.71848154,-0.046458583,-0.06655867,2.287293E-4,0.9977825,0.68635046,0.7258324,0.045720737,-0.7241746,0.68787146,-0.049031008,-0.06703828,5.426587E-4,0.9977503,-0.017654419,0.014511108,0.115219116,0
7620.660004819,0.71689236,0.69555205,0.047673173,-0.69399804,0.71847576,-0.046469763,-0.06657416,2.2872904E-4,0.99778146,0.68695796,0.72525316,0.045789238,-0.7235989,0.68848217,-0.04895947,-0.06703308,5.0005625E-4,0.99775064,-0.03187561,0.019302368,0.1295929,0
7620.66439935,0.7168989,0.6955459,0.047662433,-0.6939927,0.71848154,-0.046458583,-0.06655867,2.287293E-4,0.9977825,0.6875454,0.72469634,0.045788504,-0.72304565,0.68906826,-0.04888783,-0.066980235,5.0542614E-4,0.99775416,0.006286621,0.004928589,0.029037476,0
7620.668793882,0.7226801,0.68950975,0.048060212,-0.6879705,0.72427636,-0.0460469,-0.06655867,2.1316948E-4,0.9977825,0.68813765,0.7241306,0.0458426,-0.72247684,0.68966275,-0.04891337,-0.0670356,5.389156E-4,0.99775046,0.006286621,-0.061935425,0.124801636,0
7620.673188413,0.72268033,0.68950945,0.048059713,-0.68797165,0.72427654,-0.046024952,-0.06654317,1.9760986E-4,0.9977835,0.68884486,0.72345436,0.045898072,-0.72180355,0.6903721,-0.048848026,-0.067026064,5.193217E-4,0.9977511,0.025283813,-0.028259277,-0.057159424,0
7620.677582944,0.7226741,0.68951535,0.048070043,-0.68797827,0.724271,-0.0460141,-0.06654317,1.8205002E-4,0.9977835,0.6895307,0.7227985,0.04593251,-0.72115016,0.6910587,-0.04878883,-0.06700655,5.1715825E-4,0.9977524,0.0013427734,-0.04248047,-0.014053345,0
7620.681977475,0.6877394,0.7245163,0.04572311,-0.72290283,0.6892576,-0.048325595,-0.06652769,1.8205022E-4,0.9977846,0.69020206,0.7221535,0.045995448,-0.7205077,0.69173276,-0.048728466,-0.067005984,4.924123E-4,0.9977524,0.063446045,-0.023330688,0.096069336,0
7620.686372007,0.68773246,0.7245222,0.045733944,-0.72290945,0.6892514,-0.048315287,-0.06652769,1.6649037E-4,0.9977846,0.69016457,0.7221921,0.045950387,-0.7205489,0.6916924,-0.048691787,-0.066948354,4.958484E-4,0.9977563,-0.027542114,-0.008804321,0.076919556,0
7620.690766538,0.6877394,0.7245163,0.04572311,-0.72290283,0.6892576,-0.048325595,-0.06652769,1.8205022E-4,0.9977846,0.69010204,0.7222522,0.045946132,-0.72061014,0.6916297,-0.048677348,-0.066935025,4.8308558E-4,0.9977572,0.015548706,0.019760132,-0.071517944,0
7620.695161069,0.71060723,0.7019976,0.047294766,-0.7004351,0.7121793,-0.046810444,-0.06654317,1.3692651E-4,0.9977835,0.69005257,0.7222955,0.04600646,-0.72065365,0.6915844,-0.0486748,-0.06697494,4.334472E-4,0.9977545,-0.07527161,-0.118652344,0.20141602,0
7620.6995556,0.7106198,0.7019862,0.04727481,-0.70042235,0.7121905,-0.0468307,-0.06654317,1.664902E-4,0.9977835,0.69041896,0.7219442,0.04602352,-0.7203039,0.6919511,-0.04864077,-0.06696195,4.3158585E-4,0.9977554,0.0013427734,0.07258606,0.1295929,0
7620.703950132,0.7106397,0.70196813,0.047243163,-0.70040363,0.71220833,-0.046840746,-0.06652769,1.9761008E-4,0.9977846,0.6908461,0.72153485,0.04603483,-0.71989465,0.692378,-0.048625495,-0.066958494,4.5250313E-4,0.99775565,0.029922485,0.100997925,-0.018844604,0
7620.708344663,0.66318727,0.7471559,0.044054575,-0.7454855,0.66464883,-0.04993446,-0.066589646,2.7385217E-4,0.99778044,0.69124466,0.7211526,0.04604102,-0.7195139,0.69277614,-0.048589747,-0.06693674,4.6025292E-4,0.9977571,-0.036514282,-0.043380737,0.124801636,0
7620.712739194,0.66320777,0.7471394,0.04402361,-0.7454698,0.6646672,-0.049920537,-0.06655866,2.8941254E-4,0.9977824,0.69067985,0.72169816,0.045967784,-0.7200512,0.69220763,-0.048731554,-0.06698872,5.5874616E-4,0.99775356,0.10684204,0.028274536,3.0517578E-4,0
7620.717133725,0.6632144,0.74713415,0.044013713,-0.74546534,0.66467315,-0.049908616,-0.06654317,2.8941286E-4,0.9977835,0.69013804,0.7222161,0.045972146,-0.72056776,0.6916673,-0.048769325,-0.067019425,5.315195E-4,0.99775153,0.015701294,0.004333496,0.13917542,0
7620.721528257,0.6987383,0.71387,0.04641475,-0.7122757,0.7002781,-0.047683652,-0.06654317,2.582932E-4,0.9977835,0.6895956,0.7227304,0.046028744,-0.72108084,0.6911299,-0.04880421,-0.067084126,4.6472144E-4,0.9977472,-0.013015747,-0.07196045,0.091278076,0
7620.725922788,0.69874513,0.7138641,0.046404075,-0.7122691,0.70028424,-0.04769413,-0.06654317,2.7385302E-4,0.9977835,0.68980134,0.7225301,0.046091266,-0.7208787,0.6913393,-0.04882469,-0.06714201,4.5312304E-4,0.9977433,0.020492554,0.0140686035,0.0050964355,0
7620.730317319,0.69873154,0.713876,0.046425436,-0.7122824,0.7002721,-0.047673177,-0.06654317,2.4273337E-4,0.9977835,0.68997467,0.7223607,0.046151318,-0.7207135,0.69151634,-0.048756845,-0.06713442,3.791147E-4,0.9977439,0.030075073,-0.11489868,-0.042785645,0
7620.73471185,0.6987185,0.7138874,0.046445947,-0.71229666,0.7002605,-0.04763135,-0.06652769,1.9761008E-4,0.9977846,0.68997467,0.7223607,0.046151318,-0.7207135,0.69151634,-0.048756845,-0.06713442,3.791147E-4,0.9977439,0.029922485,-0.11445618,-0.042785645,0
7620.739106382,0.70563084,0.70702535,0.046908192,-0.7054497,0.7071883,-0.0471762,-0.06652769,1.9761008E-4,0.9977846,0.69029355,0.7220543,0.0461764,-0.72041225,0.69183624,-0.04866955,-0.06708857,3.3023654E-4,0.99774694,0.010772705,0.019607544,-0.090667725,0
7620.743500913,0.7056301,0.7070259,0.04690927,-0.70545167,0.70718765,-0.0471554,-0.06651375,1.820504E-4,0.9977855,0.6906114,0.7217519,0.046151444,-0.7201119,0.6921517,-0.048629683,-0.067042366,3.500129E-4,0.99775004,0.048934937,-0.03289795,0.086502075,0
7620.747895444,0.69983,0.71279085,0.046554003,-0.7112074,0.7013766,-0.04748428,-0.06649825,1.2136705E-4,0.99778646,0.6909052,0.72146726,0.04620444,-0.71982586,0.6924484,-0.0486393,-0.067085855,3.4599585E-4,0.9977471,-0.0038909912,-0.16638184,0.076919556,0
7620.752289975,0.69980395,0.7128137,0.046595033,-0.7112288,0.7013534,-0.047506925,-0.06654317,1.0580685E-4,0.9977835,0.69108397,0.72129464,0.04622686,-0.71965384,0.6926282,-0.048625816,-0.06709157,3.3718537E-4,0.99774677,-0.113586426,-0.041732788,0.17747498,0
7620.756684507,0.69980377,0.7128139,0.046595406,-0.7112318,0.7013533,-0.04746528,-0.06651375,7.624333E-5,0.9977855,0.6912667,0.7211241,0.046156105,-0.7194814,0.6928058,-0.048648413,-0.06705876,4.205693E-4,0.997749,0.07287598,-0.09411621,0.014663696,0
7620.761079038,0.7005192,0.71210766,0.04664315,-0.7105271,0.70207036,-0.04741836,-0.06651375,7.624333E-5,0.9977855,0.6914271,0.72097343,0.04610655,-0.7193342,0.6929626,-0.04859238,-0.06698393,4.3207567E-4,0.9977539,-0.008529663,0.02557373,0.033828735,0
7620.765473569,0.70053864,0.7120906,0.046610948,-0.7105124,0.70208764,-0.047383398,-0.06646624,7.624238E-5,0.9977887,0.6915937,0.7208122,0.046129685,-0.71917367,0.6931303,-0.048575386,-0.06698761,4.191747E-4,0.99775374,0.12988281,-0.03186035,0.24435425,0
7620.7698681,0.70054495,0.712085,0.046600442,-0.71050745,0.7020931,-0.047371987,-0.066450745,7.624245E-5,0.9977896,0.6917728,0.7206379,0.046167333,-0.71900064,0.6933115,-0.048552085,-0.06699681,3.9267403E-4,0.99775314,0.029174805,0.02079773,0.033676147,0
7620.774262632,0.7005323,0.7120962,0.046621453,-0.71051717,0.702082,-0.047394793,-0.066481724,7.624229E-5,0.9977876,0.6919299,0.7204873,0.0461633,-0.7188496,0.693468,-0.048553,-0.06699459,4.1080522E-4,0.99775326,-0.09501648,-0.012710571,0.057617188,0
7620.778657163,0.7005006,0.71212393,0.046673954,-0.7105442,0.70205384,-0.047407568,-0.06652769,4.5123557E-5,0.9977846,0.6921078,0.72031367,0.046206456,-0.71867645,0.6936484,-0.04853974,-0.067014866,3.8724282E-4,0.9977519,-0.11373901,-0.084228516,0.091278076,0
7620.783051694,0.70050704,0.71211827,0.046663277,-0.7105378,0.70205957,-0.04741809,-0.06652769,6.0683407E-5,0.9977846,0.6923154,0.7201133,0.04621942,-0.7184769,0.69385636,-0.048520684,-0.06701003,3.8403212E-4,0.99775225,-0.008392334,0.059249878,0.105651855,0
7620.787446225,0.70560366,0.7070482,0.046972547,-0.7054782,0.7071654,-0.047092102,-0.06651375,9.02472E-5,0.9977855,0.6925042,0.71993285,0.046201285,-0.71829987,0.6940436,-0.048464224,-0.06695669,3.753017E-4,0.9977558,0.029785156,0.08769226,-0.042785645,0
7620.791840757,0.7055978,0.70705324,0.046982083,-0.7054839,0.70716023,-0.04708256,-0.06651375,7.624333E-5,0.9977855,0.6927518,0.71969277,0.04622976,-0.71805686,0.69429255,-0.048499767,-0.06700191,4.0270828E-4,0.9977528,0.0010528564,-0.06059265,0.115219116,0
7620.796235288,0.7055983,0.7070529,0.046981405,-0.70548505,0.70716065,-0.04705987,-0.06649722,6.0682585E-5,0.99778664,0.6929992,0.71944904,0.046316158,-0.7178142,0.6945451,-0.04847581,-0.067044534,3.4730227E-4,0.9977499,0.04878235,-0.041290283,0.052825928,0
7620.800629819,0.6826478,0.7293333,0.04543988,-0.727717,0.68415844,-0.04852876,-0.066481724,6.0682643E-5,0.9977876,0.6932256,0.7192294,0.04633954,-0.7175978,0.6947726,-0.04841991,-0.06702046,3.1277142E-4,0.99775153,0.0103302,0.0017852783,0.11029053,0
7620.80502435,0.6826222,0.7293548,0.045481127,-0.72773695,0.6841357,-0.048553087,-0.06652769,4.5123557E-5,0.9977846,0.6930055,0.7194407,0.046350144,-0.71781266,0.69455373,-0.04837402,-0.066994905,2.5274354E-4,0.99775326,-0.089782715,-0.021987915,-0.124191284,0
7620.809418882,0.6826279,0.72935,0.045471925,-0.7277328,0.68414074,-0.048542604,-0.06651375,4.51236E-5,0.9977855,0.69276166,0.719675,0.046359267,-0.71804285,0.69431096,-0.048443105,-0.06705104,2.7158306E-4,0.9977495,0.015411377,-0.0124053955,-0.023635864,0
7620.813813413,0.7179693,0.6944305,0.047817096,-0.6928927,0.7195598,-0.04618816,-0.066481724,2.956334E-5,0.9977876,0.6925847,0.71984524,0.046359852,-0.71821284,0.6941345,-0.04845176,-0.067057736,2.607066E-4,0.99774903,0.09172058,-0.055343628,1.5258789E-4,0
7620.818207944,0.7179889,0.69441235,0.047785185,-0.69287527,0.71957725,-0.046176616,-0.066450745,4.5123084E-5,0.9977896,0.69308245,0.7193647,0.046380706,-0.7177386,0.6946326,-0.04834073,-0.06699216,2.1488853E-4,0.9977535,0.062698364,0.059402466,0.12944031,0
7620.822602475,0.71800125,0.69440097,0.047765102,-0.6928638,0.7195882,-0.046177354,-0.066436805,6.0682825E-5,0.9977906,0.6935931,0.7188715,0.046394378,-0.71724784,0.695143,-0.048288308,-0.066963814,2.1616786E-4,0.9977554,0.043395996,0.035308838,-0.03337097,0
7620.826997007,0.6894844,0.7228455,0.045887154,-0.7212471,0.69100964,-0.04804393,-0.066436805,2.9563427E-5,0.9977906,0.69412154,0.71836114,0.046394452,-0.7167378,0.69567025,-0.04826693,-0.066948324,2.5045645E-4,0.99775636,-0.018844604,-0.06492615,0.07676697,0
7620.831391538,0.68949085,0.72283995,0.04587631,-0.7212408,0.69101536,-0.04805429,-0.066436805,4.5123128E-5,0.9977906,0.6940262,0.71845603,0.046352863,-0.7168316,0.69557226,-0.048286803,-0.06693371,2.8510706E-4,0.9977574,0.014663696,0.035461426,-0.004638672,0
7620.835786069,0.6894854,0.7228447,0.045885623,-0.7212449,0.6910105,-0.04806468,-0.066450745,4.5123084E-5,0.9977896,0.6939218,0.7185571,0.04634879,-0.71693075,0.6954678,-0.048319355,-0.06695431,3.00976E-4,0.997756,-0.037872314,0.0019378662,0.08155823,0
7620.8401806,0.6641593,0.7462827,0.04421185,-0.74463326,0.6656292,-0.04958994,-0.066436805,1.4003729E-5,0.9977906,0.6938584,0.7186201,0.046321854,-0.7169936,0.69540274,-0.04832449,-0.066939294,3.178815E-4,0.997757,0.014663696,-0.09350586,-0.018997192,0
7620.844575132,0.6641796,0.7462663,0.04418085,-0.74461776,0.6656474,-0.04957606,-0.06640582,2.9563489E-5,0.99779266,0.69328225,0.7191792,0.04627069,-0.71755236,0.6948245,-0.048347432,-0.066920474,3.1677223E-4,0.99775827,0.07661438,0.045196533,0.12464905,0
7620.848969663,0.6641796,0.7462663,0.04418085,-0.74461776,0.6656474,-0.04957606,-0.06640582,2.9563489E-5,0.99779266,0.6927079,0.7197359,0.046216637,-0.71810824,0.69424784,-0.048378866,-0.066905804,3.2387595E-4,0.9977592,0.0047912598,-0.012252808,-0.03337097,0
7620.853364194,0.6937161,0.71876657,0.046179514,-0.7171793,0.6952515,-0.04774142,-0.066421315,0.0,0.9977917,0.6921218,0.72029984,0.046211038,-0.71867216,0.6936627,-0.048397325,-0.06691546,2.862576E-4,0.99775857,-0.06210327,-0.06463623,0.19168091,0
7620.857758725,0.6937101,0.7187717,0.046189204,-0.7171851,0.69524616,-0.047732044,-0.066421315,-1.4003745E-5,0.9977917,0.69212985,0.7202914,0.046221927,-0.7186616,0.69367146,-0.04842769,-0.06694488,3.0032388E-4,0.9977566,0.024093628,-0.05491638,-0.08125305,0
7620.862153257,0.6937035,0.7187775,0.04619997,-0.7171916,0.69524026,-0.04772164,-0.066421315,-2.956346E-5,0.9977917,0.6921218,0.7203006,0.046199538,-0.718669,0.6936619,-0.048455156,-0.06694914,3.3469187E-4,0.9977563,-0.009429932,-0.030822754,0.14859009,0
7620.866547788,0.6873366,0.724897,0.04574413,-0.72329694,0.68885714,-0.04813738,-0.06640582,0.0,0.99779266,0.6921775,0.7202465,0.046208274,-0.7186139,0.6937181,-0.048468497,-0.06696478,3.4289612E-4,0.9977553,0.03352356,0.08857727,0.048034668,0
7620.870942319,0.68734336,0.72489136,0.045733854,-0.72329205,0.68886316,-0.04812578,-0.066390336,0.0,0.99779373,0.69205314,0.7203639,0.04624137,-0.7187295,0.6935962,-0.04849976,-0.06701031,3.2937562E-4,0.99775225,0.018997192,-0.03111267,0.18211365,0
7620.87533685,0.6873237,0.72490805,0.04576416,-0.7233079,0.6888456,-0.04813972,-0.066421315,-1.4003745E-5,0.9977917,0.6919343,0.7204743,0.04629981,-0.71883774,0.6934815,-0.04853527,-0.067076474,3.0116385E-4,0.9977478,-0.09082031,-0.0070343018,0.09591675,0
7620.879731382,0.699629,0.71298397,0.04661628,-0.71141076,0.7011803,-0.04733681,-0.066436805,-4.5123128E-5,0.9977906,0.69184035,0.72056305,0.04632244,-0.71892524,0.6933893,-0.048555877,-0.06710705,2.9054258E-4,0.9977457,-0.033218384,-0.097717285,0.019302368,0
7620.884125913,0.69964206,0.7129726,0.046595328,-0.71140087,0.7011919,-0.047313955,-0.06640582,-4.512322E-5,0.99779266,0.6919987,0.7204066,0.0463912,-0.7187704,0.69355196,-0.048525687,-0.067132935,2.3509141E-4,0.997744,0.06703186,0.017196655,0.03845215,0
7620.888520444,0.6996419,0.71297264,0.046595525,-0.7114024,0.7011918,-0.047292035,-0.066390336,-6.0683018E-5,0.99779373,0.6921494,0.72026354,0.046364035,-0.71862715,0.69370043,-0.04852566,-0.06711401,2.6855431E-4,0.9977453,0.03337097,-0.040100098,0.04324341,0
7620.892914975,0.68196577,0.729973,0.045409057,-0.7283645,0.6834759,-0.048432384,-0.066390336,-4.512327E-5,0.99779373,0.692304,0.7201115,0.04641797,-0.71847504,0.6938584,-0.048520405,-0.0671476,2.4071921E-4,0.99774307,-1.5258789E-4,0.021987915,-0.08125305,0
7620.897309507,0.68197924,0.7299618,0.04538794,-0.7283535,0.68348795,-0.048430942,-0.066374846,-2.9563553E-5,0.9977948,0.6920887,0.72032017,0.046390925,-0.71868527,0.6936417,-0.048504803,-0.06711767,2.2915458E-4,0.9977451,0.042785645,0.021835327,0.052825928,0
7620.901704038,0.68197817,0.72996277,0.045389675,-0.72835577,0.683487,-0.04841021,-0.0663609,-4.5123357E-5,0.9977957,0.691844,0.72055477,0.04639734,-0.7189165,0.69339806,-0.048562694,-0.06716391,2.420002E-4,0.99774194,0.061813354,-0.030670166,-0.08604431,0
7620.906098569,0.6467461,0.7614901,0.043037817,-0.7598143,0.6481765,-0.05049219,-0.06634541,-4.5123405E-5,0.9977967,0.6916567,0.7207347,0.046395455,-0.7190966,0.69321096,-0.04856637,-0.06716531,2.2844409E-4,0.9977419,0.023345947,0.021987915,0.0049438477,0
7620.9104931,0.646745,0.761491,0.043039534,-0.7598166,0.6481755,-0.050470386,-0.06632991,-6.0683255E-5,0.99779767,0.6908256,0.72153735,0.046300534,-0.7198965,0.69237536,-0.048634402,-0.06714889,2.6629813E-4,0.9977429,0.0471344,-0.06404114,0.03845215,0
7620.914887632,0.64673114,0.76150155,0.04306058,-0.759827,0.6481631,-0.050472822,-0.06634541,-7.624299E-5,0.9977967,0.6899461,0.72238374,0.04621732,-0.7207422,0.69149226,-0.048672814,-0.06711937,2.7084493E-4,0.9977449,-0.034118652,-0.03036499,-0.028579712,0
7620.919282163,0.68843544,0.7238469,0.045851592,-0.72225547,0.68996066,-0.047973,-0.0663609,-9.0246715E-5,0.9977957,0.68909997,0.7231934,0.046179,-0.7215509,0.69064546,-0.048714787,-0.067123525,2.4885783E-4,0.9977446,-0.043533325,-0.04460144,0.17732239,0
7620.923676694,0.6884482,0.723836,0.04583097,-0.722246,0.689972,-0.047949847,-0.06632991,-9.02469E-5,0.99779767,0.6890926,0.72319907,0.04620053,-0.7215585,0.6906396,-0.04868515,-0.06711697,2.1218944E-4,0.9977451,0.03277588,0.02243042,0.13423157,0
7620.928071225,0.6884482,0.723836,0.04583097,-0.722246,0.689972,-0.047949847,-0.06632991,-9.02469E-5,0.99779767,0.68912286,0.7231717,0.0461764,-0.7215286,0.69066817,-0.048722677,-0.06712743,2.583188E-4,0.9977443,0.008834839,-0.0014953613,0.09591675,0
7620.932465757,0.6943594,0.7181402,0.046257004,-0.7165649,0.6958984,-0.047539096,-0.06632991,-1.3692632E-4,0.99779767,0.68910134,0.7231934,0.046158087,-0.7215488,0.69064546,-0.048745263,-0.067131124,2.8511498E-4,0.9977441,-0.0055389404,-0.13032532,0.15338135,0
7620.936860288,0.6943529,0.7181458,0.046267394,-0.7165741,0.69589263,-0.047485888,-0.066298924,-1.8205013E-4,0.9977997,0.68921983,0.7230768,0.046215054,-0.72143143,0.6907675,-0.04875321,-0.06717617,2.6068493E-4,0.99774104,0.07556152,-0.12510681,-0.009429932,0
7620.941254819,0.6943333,0.71816283,0.046298947,-0.71659034,0.69587517,-0.047498472,-0.06632991,-1.9760958E-4,0.99779767,0.68933356,0.7229679,0.046223342,-0.7213244,0.69088155,-0.048721064,-0.067158625,2.4303995E-4,0.9977423,-0.0725708,-0.048339844,-0.047729492,0
7620.94564935,0.710454,0.7021456,0.04739917,-0.7006107,0.7120333,-0.046400804,-0.06632991,-2.4273302E-4,0.99779767,0.68943995,0.72286654,0.04622168,-0.7212238,0.69098765,-0.04870584,-0.067146435,2.4357767E-4,0.9977431,0.008834839,-0.10055542,0.033676147,0
7620.950043882,0.71044713,0.7021517,0.04740967,-0.70061755,0.7120272,-0.046390157,-0.06632991,-2.5829283E-4,0.99779767,0.68985933,0.7224652,0.046239395,-0.72082305,0.69140714,-0.048684604,-0.06714318,2.5510587E-4,0.9977433,-0.015106201,-0.03816223,0.19168091,0
7620.954438413,0.71044725,0.70215166,0.047409546,-0.70061904,0.7120273,-0.046368223,-0.06631442,-2.7385296E-4,0.99779874,0.6902474,0.7220891,0.04632346,-0.7204512,0.69180006,-0.048608948,-0.06714656,1.7841088E-4,0.9977431,-9.0026855E-4,-0.047592163,0.11029053,0
7620.958832944,0.67741877,0.73420423,0.045255825,-0.7325996,0.67892873,-0.048515018,-0.0663454,-2.8941216E-4,0.99779665,0.69060767,0.7217413,0.04637326,-0.7201036,0.6921629,-0.048592724,-0.06716923,1.6495494E-4,0.9977416,-0.07241821,-0.037857056,-0.03816223,0
7620.963227475,0.6774059,0.7342147,0.045276985,-0.7326101,0.6789173,-0.04851656,-0.0663609,-3.0497165E-4,0.9977957,0.69060767,0.7217413,0.04637326,-0.7201036,0.6921629,-0.048592724,-0.06716923,1.6495494E-4,0.9977416,-0.072265625,-0.037704468,-0.03816223,0
7620.967622007,0.67741424,0.73420787,0.04526326,-0.7325997,0.67892474,-0.048569337,-0.066390336,-2.582918E-4,0.99779373,0.6900611,0.7222643,0.04636818,-0.72062916,0.6916172,-0.048573192,-0.06715171,1.04207815E-4,0.9977428,-0.062408447,0.09111023,0.11506653,0
7620.972016538,0.7003857,0.71222883,0.046797127,-0.7106703,0.70194733,-0.04709331,-0.066390336,-2.7385156E-4,0.99779373,0.68977153,0.7225421,0.0463485,-0.72090614,0.6913269,-0.048595063,-0.067153946,1.06573585E-4,0.99774265,-0.009735107,-0.023635864,0.019302368,0
7620.976411069,0.700373,0.7122399,0.046818502,-0.7106828,0.7019361,-0.047072254,-0.066390336,-3.0497106E-4,0.99779373,0.6900251,0.72229767,0.0463831,-0.7206661,0.69158226,-0.04852036,-0.067123875,5.353443E-5,0.9977446,-0.0049438477,-0.061645508,0.13423157,0
7620.9808056,0.70039165,0.7122237,0.04678714,-0.71067005,0.7019525,-0.047018327,-0.06632991,-3.189761E-4,0.99779767,0.69022906,0.7221038,0.046368014,-0.72047585,0.69178474,-0.04846,-0.067069836,4.1461382E-5,0.99774826,0.008834839,-0.02319336,0.06718445,0
7620.985200132,0.7003853,0.71222925,0.046797827,-0.7106764,0.70194685,-0.047007795,-0.06632991,-3.345359E-4,0.99779767,0.69022906,0.7221038,0.046368014,-0.72047585,0.69178474,-0.04846,-0.067069836,4.1461382E-5,0.99774826,0.008834839,-0.023040771,0.06718445,0
7620.989594663,0.7003915,0.71222377,0.046787314,-0.7106716,0.70195234,-0.0469964,-0.06631442,-3.3453625E-4,0.9977987,0.6906369,0.7217133,0.04637539,-0.72008646,0.69219214,-0.0484319,-0.06705462,5.456609E-5,0.9977493,0.04698181,-0.0038909912,-0.009429932,0
7620.993989194,0.7004035,0.71221334,0.04676718,-0.710667,0.701963,-0.04690822,-0.06623749,-3.8121172E-4,0.9978038,0.6908358,0.72152156,0.0463961,-0.7198958,0.69239193,-0.04840965,-0.06705289,4.2760537E-5,0.99774945,0.18510437,-0.11357117,0.10055542,0
7620.998383725,0.6755746,0.7359079,0.045149785,-0.73430735,0.67708147,-0.048510704,-0.066269495,-3.8121687E-4,0.99780166,0.69103956,0.72132677,0.046390235,-0.71969885,0.6925949,-0.04843502,-0.06706712,8.351944E-5,0.9977485,-0.092315674,-0.0034332275,0.04324341,0
7621.002778257,0.67557514,0.7359075,0.045148905,-0.73430836,0.677082,-0.048489064,-0.06625298,-3.9521503E-4,0.9978028,0.6907444,0.72160935,0.046391483,-0.7199772,0.6923005,-0.048506886,-0.06711987,1.0504845E-4,0.9977449,0.0368042,-0.036819458,0.21548462,0
7621.007172788,0.6755864,0.7358982,0.045131516,-0.7343034,0.677092,-0.04842295,-0.06619255,-4.2633602E-4,0.9978067,0.6904338,0.7219117,0.046311174,-0.7202816,0.6919852,-0.04848716,-0.06705009,1.2008959E-4,0.9977496,-0.069122314,0.06881714,0.0143585205,0
