Time,Rot1,Rot2,Rot3,Rot4,Rot5,Rot6,Rot7,Rot8,Rot9,FRot1,FRot2,FRot3,FRot4,FRot5,FRot6,FRot7,FRot8,FRot9,AccX,AccY,AccZ,Imid
6153.88878835,0.57803357,0.81507146,0.039186835,-0.81355816,0.5793519,-0.04974324,-0.06324727,-0.0031275095,0.997993,0.5657577,0.82365286,0.038914178,-0.82205343,0.56708694,-0.05138676,-0.06439257,-0.0029170818,0.9979204,-0.71824646,0.08378601,9.344559,0
6153.893213399,0.57890934,0.8145026,0.038072236,-0.813071,0.58015233,-0.04835982,-0.061476897,-0.00295948,0.9981041,0.56607276,0.8234869,0.037827175,-0.82195395,0.56732917,-0.050291892,-0.062875174,-0.002623325,0.9980179,-0.5506592,0.08857727,9.751572,0
6153.897638448,0.5795349,0.8140945,0.03727488,-0.8127449,0.58072424,-0.046958607,-0.059875168,-0.0030808148,0.99820113,0.5664156,0.823303,0.03668239,-0.8218581,0.5675967,-0.04881865,-0.06101334,-0.0024960747,0.99813384,-0.40222168,0.11730957,10.37886,0
6153.902063497,0.5464554,0.8367555,0.035025727,-0.8354166,0.54756653,-0.047433645,-0.058869276,-0.0033407076,0.9982601,0.5667667,0.8230897,0.036039814,-0.8217209,0.56790507,-0.047523517,-0.059583314,-0.0026799247,0.9982197,-0.24899292,-0.026321411,10.589554,0
6153.906488546,0.54638326,0.83679855,0.035121437,-0.8354854,0.54749864,-0.04700411,-0.058561914,-0.0036611895,0.99827707,0.5664244,0.82333857,0.03573452,-0.8220224,0.56754273,-0.046631236,-0.058674168,-0.0029615047,0.9982728,-0.15800476,-0.09815979,10.7332,0
6153.910913595,0.5461306,0.83694935,0.03545706,-0.8356173,0.5472674,-0.04735126,-0.059035096,-0.0037685619,0.99824876,0.5660199,0.82361007,0.035887383,-0.8223089,0.56714714,-0.046392262,-0.058562562,-0.0032515707,0.99827844,-0.11491394,-0.07899475,10.407593,0
6153.915338643,0.5963928,0.8017488,0.038913857,-0.80044377,0.597649,-0.045882896,-0.060043395,-0.0037841233,0.99818856,0.5655636,0.823903,0.036352906,-0.8225724,0.5667208,-0.046926837,-0.059265114,-0.003362781,0.9982366,-0.4740448,-0.13166809,10.326187,0
6153.919763692,0.59588045,0.8020976,0.039572917,-0.80073065,0.5971815,-0.046954658,-0.061294425,-0.0037078825,0.9981128,0.5661228,0.82349205,0.0369576,-0.82211375,0.56731796,-0.047741443,-0.060281407,-0.0033558325,0.9981758,-0.6799469,-0.04069519,9.804245,0
6153.924188741,0.59545726,0.80238485,0.04011681,-0.80095464,0.59679663,-0.048016705,-0.06246944,-0.0035398519,0.9980406,0.5666722,0.8230855,0.037589107,-0.82164925,0.5679081,-0.04871317,-0.06144226,-0.0032806592,0.9981052,-0.8140259,-0.05984497,9.464264,0
6153.92861379,0.57447433,0.81758815,0.039099425,-0.81608474,0.57579356,-0.049674325,-0.06312634,-0.003371821,0.9979999,0.56720376,0.82269377,0.038141966,-0.8211947,0.56847626,-0.049739625,-0.06260328,-0.0031094763,0.99803364,-0.7805023,-0.007171631,9.392441,0
6153.933038839,0.57443243,0.81761503,0.039153308,-0.81609654,0.57575583,-0.049915195,-0.063354164,-0.0032799712,0.99798566,0.5673104,0.82261056,0.038350496,-0.82107776,0.56859744,-0.050282102,-0.063168585,-0.0029631786,0.9979984,-0.9289398,-0.05984497,9.267944,0
6153.937463888,0.5745699,0.81752694,0.038976658,-0.81602466,0.57588106,-0.049647443,-0.06303404,-0.003279992,0.99800605,0.56744933,0.8225156,0.03833204,-0.8209735,0.56873536,-0.050424185,-0.06327547,-0.0028564224,0.99799204,-0.8571167,-0.002380371,9.315826,0
6153.941888936,0.58871853,0.80737364,0.039475057,-0.8059289,0.5900311,-0.04839154,-0.06236157,-0.0033250996,0.998048,0.5676398,0.82239324,0.03813681,-0.8208728,0.56891215,-0.050069217,-0.06287308,-0.0028841887,0.9980174,-0.6943054,0.06942749,9.646225,0
6153.946313985,0.5890496,0.8071533,0.039039414,-0.80575264,0.5903321,-0.047650907,-0.061507814,-0.0033873643,0.9981008,0.5681295,0.82206947,0.03782408,-0.8205905,0.5693793,-0.049380414,-0.06213038,-0.0029836122,0.99806356,-0.59854126,-0.04548645,9.847351,0
6153.950739034,0.58924013,0.8070264,0.038788617,-0.80566907,0.59050447,-0.04692529,-0.060774796,-0.0036005243,0.99814504,0.5686026,0.8217596,0.037446484,-0.82032245,0.56982625,-0.048673242,-0.06133569,-0.0030424614,0.9981125,-0.5506592,-0.12689209,10.014938,0
6153.955164083,0.5717041,0.8196038,0.037468378,-0.81824404,0.57291925,-0.047328237,-0.060256768,-0.003600531,0.9981764,0.56906736,0.8214491,0.037198775,-0.8200569,0.5702727,-0.04791386,-0.06057224,-0.0032388982,0.9981586,-0.4453125,-0.05984497,10.187317,0
6153.959589132,0.57173586,0.8195838,0.037426554,-0.81822765,0.57294816,-0.047264643,-0.0601808,-0.0036005473,0.9981809,0.5691751,0.821385,0.036963813,-0.8200131,0.57036495,-0.04756352,-0.060150824,-0.0032388414,0.998184,-0.43095398,-0.04069519,10.230423,0
6153.963983663,0.5717494,0.8195751,0.0374087,-0.81820923,0.5729612,-0.0474246,-0.06030175,-0.0034931602,0.9981741,0.5692233,0.8213532,0.03692963,-0.8199807,0.57041097,-0.047571737,-0.060138263,-0.0032026405,0.9981849,-0.3256073,0.05984497,10.149017,0
6153.968408712,0.57155013,0.81970197,0.03767152,-0.81830996,0.5727798,-0.047875755,-0.060821336,-0.0034635905,0.99814266,0.56923646,0.82134,0.03701868,-0.8199532,0.5704303,-0.04781282,-0.06038716,-0.0031367843,0.9981701,-0.5458679,-0.06463623,10.038879,0
6153.972833761,0.57134616,0.8198318,0.03794066,-0.81841266,0.5725942,-0.048339605,-0.061354943,-0.0034324662,0.9981101,0.569253,0.8213166,0.03728377,-0.8199033,0.57046425,-0.048261575,-0.060907092,-0.0030960354,0.99813867,-0.6081238,-0.01675415,9.938324,0
6153.977258809,0.57111156,0.81998086,0.038249984,-0.81853735,0.57238054,-0.048756596,-0.061873015,-0.003463582,0.998078,0.56927353,0.82128763,0.037605975,-0.81984574,0.5705059,-0.0487428,-0.061486293,-0.003083115,0.99810314,-0.6224823,-0.06942749,9.651016,0
6153.981683858,0.5763663,0.8162709,0.038777925,-0.8148223,0.57765865,-0.048733555,-0.062180184,-0.003508741,0.9980587,0.56924933,0.82129097,0.037898764,-0.81982654,0.5705011,-0.04912322,-0.061965745,-0.003107048,0.99807346,-0.6368561,-0.10772705,9.612717,0
6153.986108907,0.57634944,0.8162818,0.038799234,-0.81482977,0.5776434,-0.04879262,-0.06224064,-0.0034931689,0.9980551,0.5694046,0.821174,0.038101155,-0.8196949,0.57066935,-0.049364228,-0.062279776,-0.0031231046,0.99805385,-0.7565613,-0.05027771,9.651016,0
6153.990533956,0.5764164,0.81623846,0.038714584,-0.8147939,0.5777044,-0.048664924,-0.062087778,-0.0034931474,0.9980645,0.5694046,0.821174,0.038101155,-0.8196949,0.57066935,-0.049364228,-0.062279776,-0.0031231046,0.99805385,-0.7565613,-0.05027771,9.651016,0
6153.994959005,0.5266613,0.8493336,0.03550257,-0.84783167,0.5278453,-0.050605867,-0.061721124,-0.0034480554,0.9980875,0.5696488,0.82100767,0.038033854,-0.8195426,0.5709082,-0.049129587,-0.062049612,-0.0031837544,0.998068,-0.6416321,0.002380371,9.588776,0
6153.999384054,0.5268416,0.84923095,0.0352822,-0.8477494,0.52801055,-0.05025797,-0.06130999,-0.0034324757,0.99811286,0.56887156,0.8215608,0.037722826,-0.82011354,0.5701123,-0.0488447,-0.061635133,-0.0031506405,0.9980938,-0.6512146,-0.08857727,9.928741,0
6154.003809102,0.5270329,0.84912187,0.035048287,-0.8476603,0.5281861,-0.04991662,-0.06089731,-0.0034013367,0.9981383,0.5680596,0.82213604,0.037425406,-0.8207061,0.56928253,-0.048568137,-0.061235245,-0.0031256652,0.99811846,-0.51234436,-0.03111267,9.909592,0
6154.008234151,0.592691,0.8044932,0.03883396,-0.8031395,0.59395176,-0.046778966,-0.060698863,-0.0034636164,0.9981501,0.567299,0.8226739,0.03714007,-0.821261,0.568505,-0.048294637,-0.06084506,-0.0031041917,0.99814236,-0.58895874,-0.16519165,9.981415,0
6154.0126592,0.5927018,0.804486,0.03881909,-0.8031349,0.5939615,-0.04673402,-0.060653906,-0.0034776295,0.9981528,0.5678153,0.8223207,0.037075043,-0.8209174,0.56901586,-0.048121117,-0.060667273,-0.0031116467,0.9981532,-0.47883606,-0.09815979,9.923965,0
6154.017084249,0.5926299,0.8045341,0.038917962,-0.80317646,0.59389615,-0.046850212,-0.060805827,-0.003493157,0.99814355,0.56831896,0.82197076,0.0371153,-0.8205702,0.569521,-0.048066597,-0.06064728,-0.0031385457,0.9981543,-0.5171356,-0.03590393,10.029297,0
6154.021509298,0.58259964,0.81184447,0.03855037,-0.81046313,0.58386266,-0.047474615,-0.061050132,-0.0035849605,0.9981283,0.5688074,0.82162625,0.037262067,-0.82021856,0.5700178,-0.048179023,-0.06082519,-0.0031584552,0.99814343,-0.59854126,-0.13645935,9.895233,0
6154.025934347,0.58244133,0.8119477,0.038768988,-0.81055385,0.5837187,-0.0476936,-0.061354894,-0.0036456308,0.9981093,0.569022,0.82146734,0.037489336,-0.82004887,0.5702465,-0.048360486,-0.061104722,-0.0032249056,0.99812615,-0.5793915,-0.11251831,9.8138275,0
6154.030359395,0.5823816,0.81198657,0.03885146,-0.810584,0.5836648,-0.047841962,-0.061523262,-0.0036300903,0.99809897,0.56930274,0.8212635,0.037691325,-0.81983244,0.57053983,-0.048570737,-0.061393775,-0.0032491137,0.9981083,-0.6033325,0.05027771,9.84256,0
6154.034784444,0.5158938,0.85593873,0.034964245,-0.8544317,0.51706463,-0.050898924,-0.06164513,-0.003616116,0.9980916,0.569563,0.8210767,0.037829783,-0.81963867,0.5708085,-0.04868383,-0.061566718,-0.0032782485,0.9980976,-0.6703644,-0.20350647,9.742004,0
6154.039209493,0.51592284,0.85592264,0.03492876,-0.8544173,0.5170913,-0.05086658,-0.06159922,-0.00360051,0.9980944,0.56853604,0.82179064,0.03777463,-0.8203431,0.5697805,-0.048860602,-0.06167643,-0.0032091439,0.99809104,-0.727829,-0.011962891,9.765945,0
6154.043634542,0.51592696,0.8559204,0.034923706,-0.8544138,0.51709515,-0.05088773,-0.061614726,-0.0035849474,0.99809355,0.5674726,0.822531,0.037652183,-0.82108617,0.5687113,-0.048836693,-0.06158291,-0.0032022034,0.9980968,-0.65600586,0.011962891,9.928741,0
6154.048059591,0.5800816,0.8136364,0.03874383,-0.8122362,0.5813622,-0.047857482,-0.061462793,-0.003707902,0.9981025,0.56644917,0.8232412,0.03754038,-0.82179904,0.56768274,-0.048811864,-0.06149496,-0.0032012102,0.99810225,-0.58895874,-0.06463623,9.756363,0
6154.052484639,0.5802044,0.8135565,0.038583126,-0.812167,0.5814743,-0.047671407,-0.06121848,-0.003676781,0.9981177,0.5667395,0.8230399,0.037571717,-0.8216093,0.5679739,-0.048618242,-0.06135451,-0.0033153922,0.99811053,-0.54107666,0.03590393,9.837769,0
6154.056909688,0.5802644,0.81351745,0.03850468,-0.8121379,0.58152866,-0.04750116,-0.0610346,-0.0037078839,0.9981287,0.5667395,0.8230399,0.037571717,-0.8216093,0.5679739,-0.048618242,-0.06135451,-0.0033153922,0.99811053,-0.54107666,0.03590393,9.837769,0
6154.061334737,0.58028686,0.81350285,0.038475227,-0.8121242,0.5815492,-0.047483988,-0.0610036,-0.0036923315,0.9981307,0.5667395,0.8230399,0.037571717,-0.8216093,0.5679739,-0.048618242,-0.06135451,-0.0033153922,0.99811053,-0.54107666,0.03590393,9.837769,0
6154.065759786,0.5450364,0.83762085,0.036423076,-0.83619016,0.5462395,-0.049076952,-0.0610036,-0.003707891,0.9981307,0.5675276,0.8225033,0.037426796,-0.82109374,0.5687505,-0.04824913,-0.060971573,-0.0033481966,0.9981339,-0.58895874,-0.07899475,9.900009,0
6154.070184835,0.5450022,0.8376413,0.036466625,-0.8362047,0.5462084,-0.049176417,-0.061110567,-0.0036923075,0.9981242,0.5670966,0.82280093,0.037417088,-0.8213885,0.56831986,-0.048306584,-0.061011575,-0.003339466,0.99813145,-0.5602417,-0.03590393,9.885651,0
6154.074609884,0.57591677,0.81660545,0.03840981,-0.815206,0.5771843,-0.047930595,-0.06130993,-0.0037078792,0.9981119,0.56663615,0.8231161,0.037461624,-0.8216973,0.56786335,-0.04842373,-0.061131425,-0.0033434774,0.9981241,-0.6655731,-0.09815979,9.751572,0
6154.079034932,0.5758789,0.81662995,0.038456492,-0.81522477,0.5771497,-0.048028037,-0.061416294,-0.003692353,0.9981054,0.56680346,0.82299596,0.037570473,-0.8215678,0.56803745,-0.04857887,-0.06132165,-0.003332019,0.9981125,-0.6033325,0.002380371,9.794678,0
6154.083459981,0.5758957,0.81661916,0.03843578,-0.81521416,0.5771652,-0.048023615,-0.061400797,-0.0036767968,0.9981064,0.5669817,0.82286936,0.037655026,-0.8214368,0.56822085,-0.04864925,-0.061428342,-0.0033479899,0.9981059,-0.5650177,0.011962891,9.832977,0
6154.08788503,0.53770876,0.84235394,0.036181424,-0.8408919,0.5389122,-0.04974416,-0.061400797,-0.0036767968,0.9981064,0.5671739,0.8227367,0.037658677,-0.82129824,0.5684133,-0.048740704,-0.06150645,-0.0032845454,0.9981013,-0.6033325,-0.04069519,9.789886,0
6154.092310079,0.537715,0.8423503,0.036173686,-0.840889,0.53891784,-0.049731385,-0.061385892,-0.003676743,0.9981073,0.5665582,0.82316047,0.03766335,-0.82172155,0.567799,-0.04876429,-0.06152605,-0.0033209806,0.9980999,-0.5602417,-0.03590393,9.866501,0
6154.096735128,0.53776664,0.8423201,0.03610941,-0.84086156,0.5389653,-0.049682092,-0.061309945,-0.0036456413,0.99811214,0.5660352,0.8235216,0.037635226,-0.8220873,0.567275,-0.048699424,-0.06145455,-0.0033738504,0.9981042,-0.65600586,-0.03590393,9.880859,0
6154.101160177,0.5675467,0.82247156,0.03783297,-0.8210565,0.56879485,-0.048360646,-0.061294448,-0.0036160816,0.99811316,0.565454,0.82392573,0.037525427,-0.8224936,0.56668794,-0.048673406,-0.06136848,-0.0033418522,0.9981096,-0.55545044,0.03590393,9.70369,0
6154.105585225,0.5675467,0.82247156,0.03783297,-0.8210565,0.56879485,-0.048360646,-0.061294448,-0.0036160816,0.99811316,0.5655205,0.8238814,0.037497807,-0.82245386,0.5667523,-0.048594896,-0.061288398,-0.0033588088,0.9981144,-0.59854126,-0.05027771,9.751572,0
6154.110010274,0.567563,0.82246125,0.037812266,-0.82104635,0.56880975,-0.048356034,-0.06127895,-0.0036005254,0.99811417,0.5655705,0.82384837,0.037468787,-0.822422,0.5668004,-0.048573002,-0.061254114,-0.0033437,0.99811655,-0.58418274,0.026321411,9.794678,0
6154.114435323,0.61025757,0.79117614,0.04032345,-0.7898307,0.6115777,-0.046263434,-0.06126345,-0.0036160885,0.9981151,0.56559086,0.8238324,0.037512314,-0.82240504,0.5668235,-0.04859119,-0.06129386,-0.003367581,0.9981141,-0.55545044,-0.07421875,9.943115,0
6154.118860372,0.61026603,0.79117024,0.040311616,-0.7898241,0.6115854,-0.04627254,-0.06126345,-0.003600529,0.9981151,0.5665483,0.8231685,0.03763696,-0.82174176,0.5677868,-0.048565634,-0.06134747,-0.0034130828,0.9981106,-0.6320648,-0.02154541,10.043671,0
6154.123285421,0.61026603,0.79117024,0.040311616,-0.7898241,0.6115854,-0.04627254,-0.06126345,-0.003600529,0.9981151,0.5674332,0.82255566,0.037706245,-0.82112586,0.5686745,-0.048596177,-0.061415646,-0.003386489,0.99810654,-0.5793915,-0.026321411,9.856918,0
6154.12771047,0.56339467,0.82533455,0.037540983,-0.8239122,0.5646328,-0.04856465,-0.061278954,-0.0035694062,0.9981143,0.568295,0.82195777,0.037765197,-0.8205244,0.5695386,-0.04863692,-0.061486237,-0.0033471447,0.9981023,-0.6655731,0.03111267,9.866501,0
6154.132135518,0.56343204,0.8253112,0.037493017,-0.82388663,0.5646672,-0.04859729,-0.061278973,-0.0035087243,0.9981145,0.5681828,0.82203335,0.03780815,-0.82059515,0.5694295,-0.048719443,-0.06157808,-0.0033436324,0.99809664,-0.59375,0.11251831,9.852127,0
6154.136560567,0.5634985,0.82526964,0.03740781,-0.8238479,0.56472814,-0.048544455,-0.06118752,-0.0034636206,0.99812025,0.56806076,0.8221178,0.037806064,-0.82067424,0.56930786,-0.048809677,-0.061650593,-0.0032995988,0.99809235,-0.58418274,-0.11730957,9.799454,0
6154.140985616,0.5748517,0.8173706,0.038087852,-0.8159666,0.5761016,-0.04801376,-0.06118752,-0.0034776244,0.99812025,0.56795424,0.8221968,0.037688736,-0.82075363,0.5691942,-0.04880029,-0.06157565,-0.0032168375,0.99809724,-0.59854126,-0.09815979,9.74678,0
6154.145410665,0.5748517,0.8173706,0.038087852,-0.8159666,0.5761016,-0.04801376,-0.06118752,-0.0034776244,0.99812025,0.5680915,0.8221034,0.037657015,-0.8206644,0.5693291,-0.048727095,-0.061497945,-0.0032223235,0.998102,-0.58895874,-0.011962891,9.832977,0
6154.149835714,0.5748227,0.8173894,0.038124368,-0.81598717,0.57607484,-0.047988173,-0.06118751,-0.0035243034,0.99812007,0.5682021,0.8220301,0.037586965,-0.8205949,0.56943494,-0.04865974,-0.061403107,-0.003195107,0.9981079,-0.6033325,-0.16040039,9.761154,0
6154.154260763,0.59471947,0.80297357,0.039271403,-0.8016026,0.5960043,-0.047032785,-0.06117201,-0.003508747,0.998121,0.5683629,0.82191974,0.037569817,-0.8204894,0.56959414,-0.04857535,-0.06132459,-0.0032172124,0.9981127,-0.5793915,0.011962891,9.967056,0
6154.158685811,0.5947106,0.8029795,0.039283402,-0.8016092,0.59599614,-0.04702393,-0.06117201,-0.003524307,0.998121,0.56890625,0.82154286,0.037590962,-0.8201175,0.5701376,-0.0484826,-0.061262555,-0.0032469458,0.99811643,-0.58418274,-0.08378601,9.794678,0
6154.16311086,0.59472346,0.80297077,0.039265927,-0.8016018,0.5960078,-0.046998955,-0.0611416,-0.0035242583,0.9981228,0.5694309,0.8211761,0.037659332,-0.81975174,0.5706654,-0.048456997,-0.06128261,-0.0032783914,0.99811506,-0.5219269,-0.03590393,9.876068,0
6154.167535909,0.59707886,0.8012152,0.03938222,-0.79985017,0.5983659,-0.046880193,-0.06112611,-0.0035087024,0.9981239,0.5699131,0.82084054,0.03768176,-0.819415,0.57114816,-0.048465434,-0.061304256,-0.0032559107,0.9981138,-0.55545044,-0.01675415,9.914383,0
6154.171960958,0.59705293,0.8012328,0.039416917,-0.79986954,0.59834206,-0.04685441,-0.061126094,-0.0035538245,0.9981237,0.5704975,0.8204309,0.03775895,-0.81900615,0.5717362,-0.048441894,-0.061331388,-0.0032888318,0.998112,-0.61769104,-0.15083313,10.038879,0
6154.176386007,0.59706104,0.8012274,0.03940615,-0.7998636,0.5983496,-0.046862416,-0.061126098,-0.0035398211,0.99812376,0.5710618,0.8200362,0.037803374,-0.81860983,0.5723023,-0.048456572,-0.0613711,-0.0032745148,0.99810964,-0.6081238,0.03111267,9.670166,0
6154.180811056,0.5970373,0.8012435,0.039437793,-0.79988015,0.5983278,-0.04685825,-0.061141595,-0.0035693808,0.99812275,0.5716073,0.8196534,0.03786055,-0.8182283,0.5728503,-0.048426054,-0.06138101,-0.0032978882,0.998109,-0.6416321,-0.14604187,9.804245,0
6154.185236104,0.59702843,0.80124956,0.03944976,-0.7998867,0.5983196,-0.046849363,-0.061141588,-0.00358494,0.9981226,0.5721275,0.81928676,0.03793887,-0.8178627,0.57337433,-0.04840018,-0.061406802,-0.0033377106,0.99810725,-0.58895874,-0.06463623,9.66539,0
6154.189661153,0.59703505,0.801245,0.03944084,-0.79988295,0.59832567,-0.046836637,-0.06112609,-0.0035849437,0.99812365,0.57257193,0.8189762,0.037938993,-0.8175549,0.57381785,-0.048343062,-0.061361887,-0.0033373302,0.99811,-0.5602417,-0.04548645,9.852127,0
6154.194086202,0.56828547,0.82196313,0.03779176,-0.82055783,0.56952906,-0.04818047,-0.061126076,-0.0036300658,0.9981234,0.57304966,0.81864285,0.037919756,-0.8172228,0.5742934,-0.048310958,-0.06132649,-0.0033043115,0.99811226,-0.59854126,-0.13166809,9.70369,0
6154.198511251,0.568287,0.8219622,0.03778977,-0.8205556,0.56953067,-0.04820186,-0.061142534,-0.0036161153,0.9981225,0.57292765,0.81873006,0.03788128,-0.8173113,0.57416916,-0.04829146,-0.061287932,-0.0032932886,0.9981147,-0.6607971,0.011962891,9.789886,0
6154.2029363,0.56829005,0.8219603,0.037785992,-0.8205524,0.5695335,-0.04822332,-0.06115804,-0.0036005522,0.9981216,0.57282203,0.818805,0.037859343,-0.8173882,0.5740623,-0.048261,-0.06124997,-0.0033008172,0.998117,-0.6416321,-0.01675415,9.890442,0
6154.207361348,0.59940946,0.7994623,0.039602276,-0.7981039,0.60070544,-0.046722945,-0.061142534,-0.0036005555,0.9981225,0.57270443,0.8188884,0.03783284,-0.8174729,0.57394326,-0.048241742,-0.06121851,-0.0032990605,0.99811894,-0.56980896,-0.05027771,9.880859,0
6154.211786397,0.59943205,0.7994469,0.039571833,-0.79808944,0.6007261,-0.046705738,-0.06111059,-0.003584947,0.9981246,0.5732776,0.8184857,0.037868433,-0.81707215,0.57451737,-0.048196204,-0.061203975,-0.0033114399,0.9981198,-0.49798584,0.007171631,9.804245,0
6154.216211446,0.59937996,0.7994824,0.03964197,-0.7981238,0.6006785,-0.046730112,-0.061171986,-0.0036301126,0.99812067,0.57381624,0.81810653,0.0379027,-0.81669176,0.57505727,-0.048204575,-0.061232705,-0.0032942554,0.9981181,-0.7709198,-0.15560913,9.923965,0
6154.220636495,0.6012167,0.79809654,0.039756574,-0.7967435,0.60251856,-0.046596438,-0.06114252,-0.0036612381,0.9981223,0.5743699,0.81771874,0.037883993,-0.81630325,0.5756088,-0.04820167,-0.061221775,-0.0032392375,0.99811894,-0.5458679,-0.09336853,9.84256,0
6154.225061544,0.6012167,0.79809654,0.039756574,-0.7967435,0.60251856,-0.046596438,-0.06114252,-0.0036612381,0.9981223,0.57487696,0.8173588,0.037961747,-0.81594545,0.5761196,-0.048158318,-0.061233133,-0.0032896094,0.99811804,-0.5793915,-0.05027771,9.828186,0
6154.229486593,0.6012167,0.79809654,0.039756574,-0.7967435,0.60251856,-0.046596438,-0.06114252,-0.0036612381,0.9981223,0.57543564,0.8169607,0.038067188,-0.8155469,0.57668376,-0.048157174,-0.061295245,-0.003334226,0.9981141,-0.59854126,-0.011962891,9.789886,0
6154.233911641,0.557118,0.8296026,0.03713564,-0.8281806,0.5583425,-0.048687976,-0.061126076,-0.0036300658,0.9981234,0.5759647,0.81658846,0.038053587,-0.8151743,0.57721096,-0.048149724,-0.061283454,-0.0032877678,0.99811494,-0.5650177,0.04069519,9.84256,0
6154.23833669,0.557102,0.82961243,0.03715689,-0.82819027,0.5583279,-0.04869359,-0.06114253,-0.0036456787,0.99812245,0.5755912,0.8168528,0.03803078,-0.81543934,0.5768368,-0.04814572,-0.06126552,-0.0032995439,0.9981161,-0.65600586,-0.09336853,9.818619,0
6154.242761739,0.55707717,0.82962763,0.037189975,-0.82820576,0.558305,-0.04869013,-0.061158024,-0.0036767945,0.9981213,0.5752105,0.81712484,0.037944954,-0.81570905,0.5764516,-0.04818899,-0.061249852,-0.00323323,0.9981172,-0.6368561,-0.10293579,9.890442,0
6154.247186788,0.55638134,0.8300962,0.037149068,-0.8286733,0.557608,-0.048721343,-0.061158024,-0.0036767945,0.9981213,0.57483834,0.81738794,0.037920643,-0.81597126,0.5760787,-0.048211582,-0.061252836,-0.0032282853,0.9981171,-0.6033325,-0.05505371,9.86171,0
6154.251611837,0.5563595,0.8301096,0.0371772,-0.8286857,0.557588,-0.04873803,-0.061187465,-0.003692347,0.99811935,0.57446533,0.81765276,0.037861887,-0.81623495,0.5757028,-0.048236333,-0.061237764,-0.0031940932,0.99811804,-0.67515564,-0.07421875,9.818619,0
6154.256036886,0.55637556,0.83009976,0.037156533,-0.82867616,0.5576028,-0.048733164,-0.06117197,-0.0036767912,0.9981205,0.5741077,0.8179055,0.03782776,-0.81649023,0.5753436,-0.048202053,-0.061188683,-0.0032128226,0.998121,-0.59375,-0.002380371,9.981415,0
6154.260461934,0.5689209,0.82151896,0.03788975,-0.8201162,0.57016927,-0.048129074,-0.061142515,-0.0036923576,0.9981222,0.57378227,0.8181366,0.03776955,-0.81672376,0.5750151,-0.048166092,-0.0611245,-0.0032104338,0.998125,-0.50756836,-0.05505371,9.828186,0
6154.264886983,0.56893003,0.8215132,0.03787748,-0.82010984,0.5701776,-0.04813754,-0.061142515,-0.0036767977,0.9981222,0.57368004,0.81820875,0.03775764,-0.8167923,0.57491255,-0.04822877,-0.06116854,-0.003172262,0.99812245,-0.6081238,-0.002380371,9.856918,0
6154.269312032,0.56890535,0.8215288,0.037910506,-0.8201259,0.570155,-0.04813362,-0.061158016,-0.003707914,0.99812126,0.573558,0.81828964,0.037860338,-0.8168718,0.574797,-0.048258428,-0.06125138,-0.0032480399,0.9981171,-0.6512146,-0.11730957,9.828186,0
6154.273737081,0.56333977,0.82536805,0.03762896,-0.82395774,0.5645826,-0.048375145,-0.061171956,-0.0037530335,0.9981202,0.5734639,0.8183546,0.03787887,-0.81693566,0.57470435,-0.048280913,-0.061280064,-0.0032572374,0.9981153,-0.6224823,-0.17955017,9.732422,0
6154.27816213,0.56332564,0.82537687,0.037645694,-0.8239651,0.56456965,-0.048401333,-0.061202962,-0.0037530265,0.99811834,0.5732535,0.8185007,0.037909266,-0.81708205,0.57449615,-0.04828193,-0.06129752,-0.0032971927,0.9981141,-0.71347046,-0.026321411,9.981415,0
6154.282587179,0.5632949,0.82539624,0.03768222,-0.8239828,0.5645413,-0.048430976,-0.06124791,-0.0037685756,0.9981155,0.5730725,0.81862706,0.03791791,-0.8172068,0.5743161,-0.048311852,-0.061326254,-0.0033005853,0.9981123,-0.727829,-0.05505371,9.804245,0
6154.287012227,0.53674453,0.84297216,0.03609868,-0.8415198,0.53794396,-0.04960411,-0.06123396,-0.003753019,0.9981164,0.5728806,0.81876135,0.03791601,-0.81734014,0.5741245,-0.048333567,-0.06134217,-0.0033009117,0.99811137,-0.5458679,-0.011962891,9.799454,0
6154.291437276,0.53674096,0.84297436,0.03610324,-0.84152335,0.5379406,-0.04958284,-0.061218455,-0.0037685821,0.99811727,0.57217133,0.8192583,0.037892897,-0.8178348,0.57341516,-0.04838657,-0.06136946,-0.0033047209,0.99810964,-0.5506592,-0.07899475,9.761154,0
6154.295862325,0.5367389,0.84297556,0.03610588,-0.84152246,0.5379388,-0.049616102,-0.06124791,-0.0037530158,0.9981155,0.5714944,0.81973314,0.03783699,-0.8183085,0.57273614,-0.048420064,-0.061362147,-0.0032905373,0.9981101,-0.6703644,0.01675415,9.809036,0
6154.300287374,0.57784945,0.81523514,0.038494434,-0.81384426,0.5791182,-0.04774775,-0.061218463,-0.0037374632,0.9981174,0.5708497,0.8201841,0.03779708,-0.81875926,0.57209015,-0.04843647,-0.061350163,-0.0032967648,0.99811083,-0.55545044,0.007171631,9.804245,0
6154.304681905,0.57785916,0.81522876,0.0384823,-0.8138373,0.57912713,-0.04775632,-0.06121847,-0.0037219038,0.99811745,0.57099634,0.82008106,0.03781889,-0.81865525,0.5722379,-0.048449274,-0.061373737,-0.0032962754,0.9981094,-0.58418274,-0.026321411,9.900009,0
6154.309106954,0.5778437,0.81523883,0.0385015,-0.81385064,0.57911277,-0.047704734,-0.061187457,-0.0037685896,0.99811924,0.57116103,0.8199636,0.03788015,-0.81853807,0.57240605,-0.04844397,-0.06140512,-0.0033370377,0.9981074,-0.5793915,-0.007171631,9.880859,0
6154.313532003,0.5778604,0.815228,0.03848077,-0.8138399,0.5791281,-0.04770036,-0.061171956,-0.0037530335,0.9981202,0.57116103,0.8199636,0.03788015,-0.81853807,0.57240605,-0.04844397,-0.06140512,-0.0033370377,0.9981074,-0.5793915,-0.007171631,9.880859,0
6154.317957052,0.5650821,0.82417005,0.037761707,-0.8227615,0.56632984,-0.048312083,-0.061202955,-0.0037685859,0.9981182,0.57141614,0.8197881,0.03782892,-0.81836814,0.5726573,-0.04834442,-0.06129519,-0.0033331981,0.9981141,-0.67515564,-0.07899475,9.794678,0
6154.3223821,0.5650769,0.82417333,0.037768196,-0.8227673,0.56632483,-0.04827003,-0.06117194,-0.003798156,0.99811995,0.5712933,0.8198747,0.037808474,-0.8184538,0.57253337,-0.04836234,-0.061297677,-0.0033154069,0.99811405,-0.5506592,-0.11730957,9.962265,0
6154.326807149,0.5517626,0.83318084,0.036983386,-0.8317536,0.55298764,-0.048892256,-0.061187446,-0.003784149,0.99811906,0.5711589,0.8199691,0.037791874,-0.81854844,0.5723982,-0.048360795,-0.061286356,-0.003312782,0.9981147,-0.6224823,0.002380371,9.885651,0
6154.331232198,0.55174977,0.8331886,0.036999833,-0.8317599,0.5529761,-0.04891862,-0.061218455,-0.003784142,0.99811727,0.5707773,0.8202354,0.03777888,-0.81881326,0.5720166,-0.0483933,-0.061304044,-0.0033120466,0.99811363,-0.6943054,-0.05984497,9.799454,0
6154.335657247,0.55173135,0.83319974,0.03702342,-0.8317721,0.552959,-0.048903055,-0.061218448,-0.0038137052,0.9981171,0.5704096,0.82049036,0.037793733,-0.81906784,0.5716505,-0.048409365,-0.061324228,-0.0033424662,0.99811226,-0.58895874,-0.09336853,9.919174,0
6154.340082296,0.54624295,0.8368238,0.03667057,-0.8353891,0.54745924,-0.049128395,-0.061187442,-0.0037981526,0.998119,0.5700408,0.82074755,0.037772834,-0.81932074,0.5712813,-0.048488997,-0.061376147,-0.00330736,0.9981092,-0.5602417,-0.007171631,9.847351,0
6154.344507345,0.5462307,0.8368309,0.03668742,-0.8353981,0.5474479,-0.0490989,-0.061171938,-0.0038292755,0.9981199,0.5695513,0.821088,0.037760526,-0.8196611,0.57079196,-0.048500545,-0.06137662,-0.0033272835,0.9981091,-0.5506592,-0.09815979,9.876068,0
6154.348932393,0.54625106,0.8368189,0.036659308,-0.8353836,0.5474667,-0.049135715,-0.061187446,-0.003784149,0.99811906,0.5691018,0.82140106,0.037729427,-0.81997424,0.57034135,-0.04850745,-0.06136272,-0.0033314843,0.99811,-0.64642334,0.07899475,9.718063,0
6154.353357442,0.560869,0.8270546,0.03750551,-0.82564044,0.56210893,-0.048491683,-0.061187457,-0.0037685896,0.99811924,0.56859565,0.82175344,0.037687328,-0.8203269,0.5698335,-0.048513293,-0.06134147,-0.0033314829,0.99811125,-0.6033325,-0.03590393,9.818619,0
6154.357782491,0.56083715,0.82707435,0.03754562,-0.8256597,0.56207967,-0.048502073,-0.06121845,-0.0037981456,0.99811715,0.5684256,0.82187176,0.037672564,-0.8204418,0.56966305,-0.048573714,-0.06138203,-0.0032976028,0.9981089,-0.6799469,-0.08378601,9.765945,0
6154.36220754,0.5608274,0.8270805,0.037557937,-0.8256664,0.5620706,-0.048493754,-0.061218448,-0.0038137052,0.9981171,0.56829816,0.82196194,0.037626952,-0.8205295,0.5695332,-0.048613988,-0.06138865,-0.0032467812,0.9981087,-0.5746002,-0.08857727,9.799454,0
6154.366632589,0.58244765,0.81194043,0.03882615,-0.8105597,0.5837278,-0.04748445,-0.061218448,-0.0038137052,0.9981171,0.56813043,0.82208145,0.03754724,-0.8206515,0.56936073,-0.048575386,-0.06131085,-0.0032160361,0.9981135,-0.6224823,-0.05505371,9.785095,0
6154.371057638,0.5824703,0.81192565,0.038796663,-0.81054574,0.5837485,-0.047467344,-0.061187442,-0.0037981526,0.998119,0.5684719,0.8218446,0.037565906,-0.82041657,0.5697026,-0.048534848,-0.061289497,-0.0032289922,0.9981148,-0.53630066,0.007171631,9.9048,0
6154.375482686,0.5824906,0.81191236,0.03877023,-0.8105301,0.5837674,-0.04750534,-0.061202962,-0.0037530265,0.99811834,0.56875354,0.8216497,0.03756557,-0.8202214,0.5699838,-0.048531253,-0.061287455,-0.003209763,0.998115,-0.62727356,0.10293579,9.847351,0
6154.379907735,0.5728685,0.81875616,0.038209785,-0.8173603,0.57412905,-0.0479387,-0.061187457,-0.0037685896,0.99811924,0.5690458,0.82144487,0.037619703,-0.8200182,0.57027864,-0.048502225,-0.061295617,-0.0032488555,0.99811435,-0.5793915,-0.07421875,9.876068,0
6154.384332784,0.5728716,0.8187542,0.038205765,-0.81736034,0.5741317,-0.047905535,-0.061158,-0.0037841562,0.99812096,0.5691588,0.82136863,0.037573725,-0.8199408,0.57038873,-0.04851515,-0.06128045,-0.003195405,0.9981154,-0.48840332,-0.08857727,9.789886,0
6154.388757833,0.5728698,0.81875545,0.038208216,-0.81736284,0.57413,-0.047884896,-0.061142493,-0.0037981633,0.99812186,0.5692691,0.82129276,0.03756247,-0.8198634,0.5704982,-0.04853756,-0.061292868,-0.0031651615,0.9981148,-0.5793915,-0.06463623,9.8138275,0
6154.393182882,0.57288444,0.8187461,0.03818903,-0.8173503,0.5741436,-0.047934245,-0.061171956,-0.0037530335,0.9981202,0.5693313,0.82124877,0.037581798,-0.8198148,0.5705617,-0.04861046,-0.061364014,-0.0031346602,0.99811053,-0.6799469,0.08378601,9.775513,0
6154.397607931,0.5728713,0.81875443,0.038206123,-0.81735724,0.5741317,-0.047960192,-0.061202962,-0.0037530265,0.99811834,0.569373,0.8212173,0.03763625,-0.81978476,0.57060665,-0.048588887,-0.061377533,-0.0031884268,0.9981095,-0.67515564,-0.04069519,9.9048,0
6154.402032979,0.57288533,0.81874543,0.03818779,-0.817345,0.5741448,-0.04801084,-0.061233975,-0.0037078967,0.9981166,0.56946605,0.8211523,0.037647087,-0.8197179,0.57070035,-0.048618637,-0.061408505,-0.003173325,0.9981077,-0.6703644,0.08378601,9.646225,0
6154.406458028,0.56156147,0.8265838,0.037522197,-0.82516617,0.5628015,-0.0485328,-0.061233975,-0.0037078967,0.9981166,0.569495,0.8211332,0.037625603,-0.81969804,0.57072794,-0.048628993,-0.06140486,-0.0031476608,0.99810797,-0.6081238,-0.05505371,9.852127,0
6154.410883077,0.5615375,0.8265987,0.037553143,-0.8251815,0.5627794,-0.048528735,-0.061247922,-0.0037374566,0.99811566,0.5693579,0.82122815,0.03762834,-0.819795,0.57059103,-0.048599653,-0.061381802,-0.003176932,0.9981093,-0.64642334,-0.10293579,9.86171,0
6154.415308126,0.5615556,0.8265874,0.03752973,-0.825169,0.5627961,-0.048544575,-0.061247926,-0.0037078934,0.9981157,0.56914884,0.8213732,0.037625063,-0.819942,0.5703821,-0.048572738,-0.06135701,-0.003205256,0.9981107,-0.61769104,0.04069519,9.8138275,0
6154.419733175,0.5820901,0.8122001,0.038756825,-0.8108132,0.58336705,-0.047591686,-0.061263427,-0.0037218935,0.99811476,0.56899285,0.821483,0.037587,-0.82004935,0.57022417,-0.048615146,-0.06136954,-0.003161524,0.9981101,-0.65600586,-0.07421875,9.876068,0
6154.424158223,0.5821134,0.81218493,0.038725067,-0.8107976,0.5833884,-0.04759529,-0.06124793,-0.0036923338,0.9981158,0.56924844,0.8213066,0.03757381,-0.8198709,0.5704786,-0.048641764,-0.061384853,-0.0031164242,0.99810934,-0.5315094,0.01675415,9.828186,0
6154.428583272,0.5821086,0.81218815,0.0387316,-0.81080335,0.58338386,-0.047554366,-0.06121847,-0.0037219038,0.99811745,0.5694819,0.821145,0.0375666,-0.819707,0.5707114,-0.048672188,-0.061406605,-0.00307567,0.9981081,-0.53630066,-0.10772705,9.938324,0
6154.433008321,0.5648696,0.8243188,0.03769508,-0.82290626,0.5661139,-0.048377853,-0.061218474,-0.0036923403,0.99811757,0.56972915,0.82097286,0.037579034,-0.81953645,0.5709588,-0.048641782,-0.061389666,-0.003084748,0.9981091,-0.59375,0.04548645,9.761154,0
6154.43743337,0.5648497,0.82433146,0.037718322,-0.82291996,0.5660954,-0.048361994,-0.06121847,-0.0037219038,0.99811745,0.5696578,0.82102346,0.03755584,-0.8195873,0.5708862,-0.048638176,-0.061373193,-0.0030731694,0.9981102,-0.61291504,-0.11251831,9.66539,0
6154.441858419,0.5648497,0.82433146,0.037718322,-0.82291996,0.5660954,-0.048361994,-0.06121847,-0.0037219038,0.99811745,0.5695606,0.82108915,0.03759476,-0.81965256,0.57079154,-0.048649646,-0.061404463,-0.0031057228,0.99810815,-0.6081238,-0.03111267,9.880859,0
6154.446283468,0.5794539,0.81408954,0.03861841,-0.81270033,0.58072716,-0.047686584,-0.06124791,-0.0037530158,0.9981155,0.56944066,0.82117116,0.03762042,-0.81973445,0.5706734,-0.048654318,-0.061422497,-0.0031330101,0.99810696,-0.6799469,-0.14125061,9.823395,0
6154.450708516,0.57942134,0.8141107,0.03865994,-0.81272113,0.5806973,-0.04769521,-0.061278906,-0.0037841275,0.99811345,0.5696249,0.8210438,0.037611336,-0.8196053,0.5708568,-0.04867938,-0.06143859,-0.0030974622,0.99810606,-0.6607971,-0.11251831,9.698898,0
6154.455133565,0.5794197,0.81411195,0.03866223,-0.81272376,0.58069575,-0.04767456,-0.06126341,-0.0037981353,0.99811447,0.56984705,0.8208903,0.03759514,-0.8194517,0.5710776,-0.04867518,-0.06142673,-0.0030699978,0.9981069,-0.5602417,-0.05984497,9.708481,0
6154.459558614,0.57799745,0.8151274,0.038552668,-0.81373906,0.5792693,-0.04770552,-0.06121845,-0.0037981456,0.99811715,0.570058,0.82074094,0.03765926,-0.81930226,0.5712921,-0.048673578,-0.06146284,-0.0031075557,0.9981045,-0.50756836,-0.05984497,9.799454,0
6154.463983663,0.5779992,0.8151263,0.038550343,-0.81373674,0.57927096,-0.04772618,-0.061233956,-0.0037841385,0.9981163,0.5702263,0.82062626,0.03761028,-0.81918913,0.571457,-0.048642416,-0.061409898,-0.00307275,0.9981079,-0.6512146,0.02154541,9.856918,0
6154.468408712,0.57797945,0.815139,0.03857774,-0.81374854,0.579253,-0.04774295,-0.06126341,-0.0037981353,0.99811447,0.570354,0.8205365,0.037632465,-0.81910145,0.5715858,-0.04860594,-0.061393127,-0.0031022106,0.9981088,-0.6703644,-0.07899475,9.732422,0
6154.472833761,0.5493346,0.8347889,0.036866333,-0.83335596,0.55055726,-0.04903867,-0.061233956,-0.0037841385,0.9981163,0.5704797,0.82044774,0.037661605,-0.8190159,0.5717129,-0.048551727,-0.061365783,-0.003147681,0.99811035,-0.50756836,0.01675415,9.885651,0
6154.477258809,0.54935074,0.83477914,0.036845706,-0.83334637,0.5505721,-0.049033616,-0.061218455,-0.0037685821,0.99811727,0.5700692,0.8207363,0.037590895,-0.8193049,0.57129866,-0.04855174,-0.061323803,-0.0031205574,0.99811304,-0.58418274,-0.011962891,9.895233,0
6154.481683858,0.549358,0.83477473,0.036836382,-0.8333394,0.550579,-0.04907502,-0.061247922,-0.0037374566,0.99811566,0.5696696,0.8210177,0.037501197,-0.8195895,0.57089424,-0.048505627,-0.0612332,-0.0031034038,0.99811864,-0.70388794,0.04548645,10.067612,0
6154.486108907,0.5567746,0.82982737,0.037265744,-0.82840025,0.558008,-0.048786473,-0.061278924,-0.003707886,0.99811375,0.5692559,0.8213067,0.037458073,-0.8198767,0.5704787,-0.048543066,-0.061237775,-0.0030775738,0.99811846,-0.6607971,0.02154541,9.775513,0
6154.490533956,0.55673635,0.8298508,0.037313934,-0.828426,0.55797267,-0.048754256,-0.061278913,-0.0037685684,0.99811363,0.5690293,0.8214664,0.03739943,-0.82003677,0.57024884,-0.048537992,-0.06119931,-0.003049374,0.9981209,-0.6033325,-0.17955017,9.871292,0
6154.494959005,0.5567243,0.82985824,0.037329126,-0.8284353,0.5579615,-0.04872543,-0.06126341,-0.0037981353,0.99811447,0.56876403,0.8216484,0.03743391,-0.8202154,0.56998634,-0.048602153,-0.061270703,-0.003060716,0.99811643,-0.5650177,-0.10772705,9.670166,0
6154.499384054,0.53893495,0.84156466,0.036308017,-0.84011674,0.540143,-0.049493387,-0.061263394,-0.003829254,0.9981143,0.5684889,0.8218403,0.037401557,-0.8204079,0.5697098,-0.048595503,-0.06124578,-0.00305853,0.99811804,-0.59854126,-0.11251831,9.732422,0
6154.503809102,0.5389321,0.84156626,0.03631153,-0.8401162,0.5401405,-0.049527984,-0.061294403,-0.0038136872,0.99811244,0.5679286,0.82222813,0.037391454,-0.82079303,0.56915,-0.048653413,-0.061285548,-0.0030589818,0.9981156,-0.6703644,-0.026321411,9.828186,0
6154.508234151,0.538922,0.84157217,0.036324054,-0.84012276,0.5401312,-0.049519997,-0.061294403,-0.0038292469,0.99811244,0.56735927,0.8226229,0.03735064,-0.8211873,0.5685792,-0.048673797,-0.061276976,-0.0030563413,0.99811614,-0.6320648,-0.06463623,9.809036,0
6154.5126592,0.54983747,0.8344542,0.03694549,-0.8330208,0.55106413,-0.049037527,-0.061278902,-0.003813691,0.9981134,0.56676096,0.82303745,0.037301585,-0.82160145,0.567979,-0.048692662,-0.0612624,-0.0030499354,0.998117,-0.5602417,-0.01675415,9.847351,0
6154.517084249,0.5498106,0.8344703,0.036981765,-0.8330352,0.5510396,-0.049067575,-0.06132385,-0.0038292396,0.99811053,0.5664288,0.82326484,0.03732908,-0.82183117,0.56764895,-0.048664976,-0.06125398,-0.0031129569,0.9981174,-0.6990967,-0.05027771,9.679749,0
6154.521509298,0.54980683,0.8344725,0.036986835,-0.8330387,0.5510361,-0.049047522,-0.061309896,-0.0038448025,0.99811137,0.5660745,0.8235097,0.03730314,-0.8220755,0.5672937,-0.048680086,-0.06125036,-0.0031094442,0.99811757,-0.55545044,-0.08857727,9.847351,0
6154.525934347,0.5370298,0.84278524,0.036220882,-0.84133226,0.53823626,-0.049614664,-0.0613099,-0.0038292431,0.9981114,0.56576025,0.8237277,0.037255153,-0.82229525,0.566977,-0.04865769,-0.061203506,-0.003106148,0.9981205,-0.6224823,-0.01675415,9.909592,0
6154.530359395,0.5369961,0.8428049,0.036264524,-0.8413528,0.5382053,-0.049603514,-0.06132384,-0.0038743622,0.9981104,0.5651738,0.8241325,0.037204053,-0.8227023,0.5663884,-0.048632376,-0.061151467,-0.0031221162,0.9981236,-0.62727356,-0.12210083,9.718063,0
6154.534784444,0.5369726,0.84281856,0.03629501,-0.84136885,0.5381835,-0.04956761,-0.061309878,-0.003921044,0.99811107,0.56459653,0.82453054,0.037149936,-0.8231016,0.5658088,-0.0486232,-0.061111078,-0.0031256839,0.9981261,-0.5746002,-0.15560913,9.900009,0
6154.539209493,0.5006061,0.86500144,0.034146193,-0.86350346,0.50175387,-0.05103562,-0.06127887,-0.0039366107,0.99811286,0.5640495,0.8249056,0.03713323,-0.8234751,0.56526184,-0.048659842,-0.06112978,-0.0031317314,0.9981249,-0.5458679,-0.10772705,9.799454,0
6154.543634542,0.5005799,0.8650154,0.034178063,-0.86351764,0.5017296,-0.051035184,-0.061294366,-0.0039661704,0.99811184,0.562805,0.8257595,0.037038382,-0.8243289,0.5640138,-0.048686333,-0.06109336,-0.0031308958,0.99812716,-0.62727356,-0.12689209,9.804245,0
6154.548059591,0.5005754,0.8650178,0.034183476,-0.86352146,0.5017255,-0.05101415,-0.061278865,-0.0039817337,0.9981128,0.5616078,0.8265782,0.036948822,-0.8251454,0.5628133,-0.048747227,-0.061088685,-0.0031113317,0.9981275,-0.5793915,-0.05027771,9.871292,0
6154.552484639,0.5425039,0.8392552,0.036608487,-0.8378164,0.5437234,-0.049279973,-0.06126337,-0.003936615,0.9981139,0.5604182,0.82738876,0.036869284,-0.8259521,0.5616211,-0.048835058,-0.06111215,-0.0030842095,0.99812615,-0.52671814,0.06942749,9.737213,0
6154.556909688,0.54254115,0.83923304,0.036562983,-0.83779335,0.5437579,-0.0492908,-0.061247885,-0.0038899402,0.99811506,0.56002367,0.8276567,0.036850553,-0.82622164,0.5612262,-0.048816048,-0.06108442,-0.0031085825,0.99812776,-0.59854126,0.06942749,9.880859,0
6154.561334737,0.54252434,0.83924305,0.036583528,-0.8378031,0.54374236,-0.04929604,-0.06126338,-0.0039054956,0.998114,0.5596519,0.82790947,0.036820352,-0.8264733,0.56085324,-0.048842028,-0.061087597,-0.0030965065,0.99812764,-0.70388794,0.04069519,9.919174,0
6154.565759786,0.54252493,0.8392427,0.03658277,-0.8377993,0.5437431,-0.04935194,-0.061309893,-0.0038743657,0.99811125,0.5596519,0.82790947,0.036820352,-0.8264733,0.56085324,-0.048842028,-0.061087597,-0.0030965065,0.99812764,-0.70388794,0.04069519,9.919174,0
6154.570184835,0.5588982,0.82838506,0.03756292,-0.82696456,0.5601457,-0.048647225,-0.06133935,-0.0038743587,0.9981095,0.5589277,0.8284007,0.036772393,-0.8269637,0.5601275,-0.04886947,-0.061080728,-0.0030949332,0.99812806,-0.67515564,-0.06463623,9.670166,0
