Time,Rot1,Rot2,Rot3,Rot4,Rot5,Rot6,Rot7,Rot8,Rot9,FRot1,FRot2,FRot3,FRot4,FRot5,FRot6,FRot7,FRot8,FRot9,Imid
204.653937156,-0.7468007,0.66497856,-0.009609146,-0.66329324,-0.7437036,0.08334933,0.04827915,0.06861901,0.996474,-0.74329484,0.66888565,-0.010232586,-0.6672358,-0.7401892,0.08316419,0.048053283,0.06864306,0.9964833,0
204.658331687,-0.7646463,0.6444082,-0.007343601,-0.6426426,-0.7615995,0.083525956,0.048231937,0.06858713,0.99647856,-0.74336797,0.66880476,-0.010209639,-0.66715574,-0.74026614,0.083122164,0.04803465,0.06860177,0.9964871,0
204.662726219,-0.7646456,0.64440936,-0.0073353406,-0.6426447,-0.7616012,0.083494544,0.04821806,0.06855775,0.9964812,-0.74336797,0.66880476,-0.010209639,-0.66715574,-0.74026614,0.083122164,0.04803465,0.06860177,0.9964871,0
204.66712075,-0.76464903,0.6444049,-0.0073706848,-0.64264417,-0.7616051,0.08346468,0.048171494,0.0685579,0.9964835,-0.74426234,0.66781074,-0.010116152,-0.66616213,-0.74116665,0.083065845,0.047974512,0.06856178,0.99649274,0
204.671484764,-0.7359149,0.67698663,-0.01088268,-0.67535293,-0.73280394,0.083048515,0.048247863,0.06846628,0.9964861,-0.74464434,0.6673872,-0.009960413,-0.665731,-0.7415572,0.08303722,0.04803176,0.06846415,0.99649674,0
204.675879295,-0.7359169,0.67698395,-0.010904228,-0.6753526,-0.7328062,0.083028615,0.048218362,0.06846637,0.99648744,-0.74444944,0.6676045,-0.009963911,-0.6659488,-0.7413642,0.08301409,0.048033696,0.068435244,0.9964986,0
204.680273826,-0.7359202,0.67697996,-0.010937351,-0.6753513,-0.73280853,0.08301908,0.048187267,0.06848197,0.9964879,-0.74444944,0.6676045,-0.009963911,-0.6659488,-0.7413642,0.08301409,0.048033696,0.068435244,0.9964986,0
204.684668357,-0.7362192,0.67665553,-0.010889094,-0.6750243,-0.7331081,0.08303439,0.04820279,0.068481915,0.99648714,-0.7441081,0.6679841,-0.010021128,-0.6663304,-0.74102044,0.083021805,0.048031386,0.06845458,0.9964974,0
204.689062889,-0.73622066,0.67665374,-0.010902258,-0.67502594,-0.73311263,0.08298026,0.04815632,0.06845109,0.9964915,-0.74395084,0.66815865,-0.010057595,-0.6665093,-0.7408655,0.08296815,0.047984567,0.06842771,0.9965015,0
204.69345742,-0.73622555,0.67664766,-0.010947198,-0.6750261,-0.7331198,0.082916364,0.04807956,0.0684348,0.9964964,-0.7437972,0.6683293,-0.010087457,-0.66668123,-0.7407106,0.08296917,0.047978837,0.068437345,0.9965011,0
204.697821433,-0.7406449,0.6718168,-0.010355124,-0.67016757,-0.7375462,0.08307201,0.048171796,0.06846654,0.99648976,-0.7437972,0.6683293,-0.010087457,-0.66668123,-0.7407106,0.08296917,0.047978837,0.068437345,0.9965011,0
204.702215965,-0.740641,0.67182183,-0.01031458,-0.670172,-0.73754746,0.0830261,0.048171252,0.06840508,0.99649405,-0.7436606,0.66848105,-0.010095868,-0.6668332,-0.7405745,0.08296253,0.047982138,0.068428226,0.99650156,0
204.706610496,-0.74064004,0.6718231,-0.010304224,-0.6701731,-0.73754776,0.08301466,0.0481713,0.06838959,0.99649507,-0.74360347,0.6685448,-0.010085259,-0.66689706,-0.7405195,0.08294037,0.047981024,0.06840057,0.9965035,0
204.711005027,-0.74096626,0.67146343,-0.01028684,-0.6698155,-0.73787653,0.082978085,0.048126332,0.06837425,0.9964983,-0.74351996,0.6686377,-0.010082167,-0.6669884,-0.74043494,0.082960874,0.048005585,0.06840775,0.9965018,0
204.715399558,-0.74096525,0.6714646,-0.010277571,-0.6698176,-0.7378782,0.082944795,0.04811091,0.06834332,0.9965011,-0.74351996,0.6686377,-0.010082167,-0.6669884,-0.74043494,0.082960874,0.048005585,0.06840775,0.9965018,0
204.71979409,-0.7409641,0.67146623,-0.010266169,-0.669818,-0.737877,0.08295519,0.048126437,0.068343274,0.99650043,-0.7434184,0.66875005,-0.010120347,-0.6671042,-0.7403337,0.082934044,0.047969714,0.068406016,0.9965036,0
204.724158103,-0.7810704,0.6244219,-0.0051208255,-0.6225892,-0.77809405,0.08338022,0.04807996,0.068314,0.99650466,-0.7433991,0.6687708,-0.010165498,-0.66713125,-0.7403169,0.08286607,0.04789272,0.06838428,0.9965088,0
204.728766258,-0.7810709,0.6244215,-0.0051246537,-0.62258637,-0.7780907,0.08343454,0.048110865,0.068358816,0.99650013,-0.74417496,0.66790897,-0.0100624,-0.6662629,-0.74109167,0.08292672,0.047930345,0.06841619,0.99650484,0
204.733374412,-0.7810717,0.6244203,-0.0051328475,-0.6225888,-0.7780954,0.08337058,0.048064433,0.068314046,0.9965053,-0.74417496,0.66790897,-0.0100624,-0.6662629,-0.74109167,0.08292672,0.047930345,0.06841619,0.99650484,0
204.737982566,-0.74592227,0.6659645,-0.009558989,-0.66429317,-0.74286026,0.082904935,0.048110742,0.0681906,0.9965116,-0.7456798,0.6662322,-0.009814147,-0.6645799,-0.74261,0.08284904,0.047908615,0.06830114,0.9965138,0
204.742560203,-0.74592805,0.6659572,-0.009611458,-0.6642878,-0.74286115,0.08294074,0.048095014,0.06825259,0.9965081,-0.7457002,0.6662082,-0.009895109,-0.66455996,-0.74262416,0.08288189,0.047868248,0.06838094,0.9965102,0
204.747168357,-0.7459269,0.66595864,-0.009601209,-0.66428906,-0.7428613,0.082929224,0.048095066,0.06823711,0.9965092,-0.7456952,0.6662141,-0.009872343,-0.6645641,-0.74262005,0.08288553,0.04788811,0.068368144,0.99651015,0
204.751776512,-0.7508081,0.66045874,-0.009023007,-0.6587703,-0.7477552,0.08296815,0.048050042,0.06823725,0.99651134,-0.7456952,0.6662141,-0.009872343,-0.6645641,-0.74262005,0.08288553,0.04788811,0.068368144,0.99651015,0
204.756354148,-0.7508055,0.6604621,-0.008999676,-0.65877,-0.74775094,0.083009355,0.048095014,0.06825259,0.9965081,-0.7459078,0.6659766,-0.009841386,-0.66432476,-0.7428326,0.08289939,0.047898546,0.06837317,0.9965093,0
204.760962303,-0.7508057,0.6604619,-0.009001066,-0.65877104,-0.7477525,0.08298755,0.04807954,0.06823716,0.9965099,-0.7460027,0.6658701,-0.0098584965,-0.6642197,-0.7429262,0.082903564,0.047878865,0.068394475,0.99650884,0
204.765570457,-0.7156202,0.6983628,-0.013303195,-0.69682956,-0.7124778,0.0824855,0.048126582,0.068298355,0.9965034,-0.74611837,0.66574013,-0.009879518,-0.66408914,-0.74303705,0.082955144,0.047885716,0.068455234,0.9965043,0
204.770178611,-0.71562344,0.69835895,-0.013336295,-0.69682956,-0.7124816,0.08245313,0.048080016,0.06829852,0.99650574,-0.74611837,0.66574013,-0.009879518,-0.66408914,-0.74303705,0.082955144,0.047885716,0.068455234,0.9965043,0
204.774756248,-0.71562046,0.6983627,-0.013304885,-0.6968327,-0.71248245,0.08241992,0.04807949,0.06825265,0.9965089,-0.7449445,0.6670511,-0.0100267455,-0.66541123,-0.74186826,0.08282116,0.047807425,0.06836908,0.99651396,0
204.779364402,-0.71561825,0.6983653,-0.013282818,-0.69683266,-0.71247977,0.082441494,0.048110534,0.06825254,0.9965073,-0.74441004,0.66764706,-0.0100566745,-0.66600865,-0.7413364,0.08278194,0.047813732,0.06832153,0.99651694,0
204.783972556,-0.71561724,0.6983666,-0.013271732,-0.6968318,-0.7124772,0.082473114,0.04814066,0.068267345,0.99650496,-0.7438637,0.6682557,-0.010056302,-0.6666147,-0.7407913,0.08278318,0.047870707,0.06828309,0.9965168,0
204.788580711,-0.71561307,0.6983715,-0.013229555,-0.69683594,-0.71247804,0.08242883,0.04814018,0.06820598,0.9965091,-0.7438637,0.6682557,-0.010056302,-0.6666147,-0.7407913,0.08278318,0.047870707,0.06828309,0.9965168,0
204.793158348,-0.7493606,0.66209894,-0.009158254,-0.660411,-0.74630195,0.083011106,0.04812673,0.06825344,0.9965065,-0.7427557,0.6694846,-0.010207783,-0.6678515,-0.73968244,0.08272984,0.04783584,0.06826535,0.99651974,0
204.797766502,-0.74936175,0.6620974,-0.009172387,-0.6604131,-0.74630624,0.08295609,0.04807959,0.06822167,0.99651104,-0.7428463,0.66938347,-0.010251027,-0.66775274,-0.73976946,0.082749054,0.04780745,0.068314984,0.99651766,0
204.802374656,-0.7493608,0.6620984,-0.009162167,-0.660414,-0.7463066,0.082944505,0.048079647,0.06820619,0.9965121,-0.7429775,0.6692384,-0.010215562,-0.66760534,-0.7399013,0.08275936,0.047827236,0.06830831,0.9965172,0
204.806952293,-0.73640746,0.67645234,-0.010780876,-0.6748297,-0.7333227,0.08271988,0.0480502,0.0681908,0.9965145,-0.7429775,0.6692384,-0.010215562,-0.66760534,-0.7399013,0.08275936,0.047827236,0.06830831,0.9965172,0
204.811560447,-0.7364055,0.67645484,-0.010762011,-0.674833,-0.7333246,0.082676426,0.04803482,0.06814593,0.9965183,-0.7426985,0.6695469,-0.010293055,-0.6679212,-0.73962396,0.082690775,0.047752358,0.06828926,0.9965221,0
204.816168601,-0.7364132,0.67644525,-0.010834799,-0.6748257,-0.7333249,0.08273311,0.048019,0.06823736,0.99651283,-0.7426021,0.66965264,-0.010372102,-0.66803026,-0.7395217,0.08272454,0.04772631,0.0683603,0.9965185,0
204.820776756,-0.72125936,0.6925491,-0.01267901,-0.69099975,-0.7181361,0.08246163,0.048003472,0.06823741,0.99651355,-0.74244624,0.6698245,-0.010426018,-0.66820544,-0.7393642,0.08271678,0.047697097,0.06837949,0.99651855,0
204.825354392,-0.7212498,0.6925602,-0.012603865,-0.6910053,-0.71812963,0.082469895,0.04806417,0.068190746,0.99651384,-0.74244624,0.6698245,-0.010426018,-0.66820544,-0.7393642,0.08271678,0.047697097,0.06837949,0.99651855,0
204.829962547,-0.7212473,0.6925633,-0.012583649,-0.691008,-0.7181295,0.08244872,0.048064265,0.06816132,0.9965158,-0.74162585,0.6707319,-0.01047859,-0.6691153,-0.73854697,0.0826627,0.04770558,0.06831618,0.99652255,0
204.834570701,-0.7312289,0.6820373,-0.011371219,-0.6804376,-0.72813684,0.08259108,0.0480504,0.0681304,0.9965187,-0.7412117,0.6711893,-0.010491751,-0.66957337,-0.73813564,0.082627065,0.047714066,0.06826915,0.99652535,0
204.839178855,-0.73123264,0.6820328,-0.011404215,-0.68043584,-0.7281396,0.082581304,0.048019297,0.06814598,0.996519,-0.74104524,0.67137206,-0.010555323,-0.6697614,-0.737969,0.08259134,0.047660016,0.06827347,0.9965276,0
204.843756492,-0.7312305,0.6820354,-0.011385247,-0.6804414,-0.7281444,0.08249409,0.047973786,0.06806919,0.9965266,-0.74104524,0.67137206,-0.010555323,-0.6697614,-0.737969,0.08259134,0.047660016,0.06827347,0.9965276,0
204.848364646,-0.7558367,0.65470695,-0.008347347,-0.6530027,-0.75281316,0.08282605,0.04794279,0.068053804,0.99652916,-0.74064,0.6718186,-0.010590453,-0.6702106,-0.73756593,0.08254814,0.047646217,0.06823629,0.9965308,0
204.852972801,-0.7558304,0.6547149,-0.008300589,-0.6530043,-0.7528048,0.08288727,0.048018802,0.06806903,0.99652433,-0.74096066,0.6714659,-0.010528602,-0.66985464,-0.7378883,0.08255686,0.047665183,0.06822402,0.9965308,0
204.857550437,-0.75582093,0.6547266,-0.008230774,-0.6530073,-0.7527931,0.08297002,0.04812661,0.06808523,0.9965181,-0.741259,0.6711375,-0.010465436,-0.6695213,-0.7381859,0.08260031,0.04771073,0.068235055,0.99652785,0
204.862158592,-0.73691875,0.67589813,-0.0106034,-0.67426926,-0.7338463,0.08264656,0.048079398,0.06805335,0.9965225,-0.741259,0.6711375,-0.010465436,-0.6695213,-0.7381859,0.08260031,0.04771073,0.068235055,0.99652785,0
204.866766746,-0.73692423,0.67589134,-0.010659053,-0.67426884,-0.7338527,0.082595386,0.04800333,0.0680536,0.99652624,-0.74107164,0.6713439,-0.010499973,-0.66973096,-0.7379998,0.082563326,0.04767941,0.06821749,0.99653053,0
204.8713749,-0.7369199,0.67589676,-0.0106147565,-0.67426926,-0.7338476,0.082636125,0.048063874,0.06805341,0.9965233,-0.74103105,0.671389,-0.010476626,-0.66977495,-0.7379614,0.082549125,0.047691226,0.06818845,0.9965319,0
204.875952537,-0.7305753,0.6827361,-0.011450153,-0.68113726,-0.7274788,0.08262275,0.04807979,0.06816127,0.9965151,-0.74099404,0.6714289,-0.010541167,-0.66981643,-0.73791766,0.082604505,0.047684535,0.06827009,0.9965267,0
204.880560691,-0.73057747,0.6827335,-0.0114715425,-0.68113714,-0.72748137,0.08260271,0.048050296,0.06816137,0.9965166,-0.74099404,0.6714289,-0.010541167,-0.66981643,-0.73791766,0.082604505,0.047684535,0.06827009,0.9965267,0
204.885168846,-0.7305772,0.68273383,-0.011468668,-0.68113315,-0.72747535,0.082687885,0.048110638,0.06822157,0.9965095,-0.7406235,0.67183626,-0.010625325,-0.6702256,-0.7375407,0.08265129,0.047691524,0.06833485,0.9965219,0
204.889746482,-0.73500085,0.6779776,-0.01095307,-0.67636144,-0.7319127,0.08269726,0.0480502,0.0681908,0.9965145,-0.7403979,0.6720847,-0.010631975,-0.6704767,-0.73732007,0.08258403,0.047664303,0.06827354,0.99652743,0
204.894354637,-0.7350107,0.6779656,-0.011035405,-0.6763508,-0.73191243,0.08278699,0.048049793,0.068313144,0.99650615,-0.740303,0.67218804,-0.010711096,-0.6705828,-0.7372184,0.08263042,0.047646765,0.06835423,0.9965227,0
204.898962791,-0.73501486,0.67796063,-0.011070179,-0.6763507,-0.7319185,0.08273374,0.047987748,0.068297856,0.99651015,-0.740303,0.67218804,-0.010711096,-0.6705828,-0.7372184,0.08263042,0.047646765,0.06835423,0.9965227,0
204.903296287,-0.73592836,0.67696965,-0.011021333,-0.6753587,-0.7328295,0.082773,0.047958054,0.068358354,0.99650747,-0.74012786,0.6723801,-0.010759346,-0.67077756,-0.7370417,0.08262508,0.047625378,0.06837026,0.99652267,0
204.907629783,-0.7359252,0.6769737,-0.010988591,-0.6753591,-0.7328258,0.08280451,0.048003748,0.06835917,0.99650526,-0.7400776,0.67243534,-0.010761209,-0.67083246,-0.7369911,0.08263108,0.04763315,0.06837238,0.9965221,0
204.911963279,-0.73592836,0.67696965,-0.011021333,-0.6753587,-0.7328295,0.082773,0.047958054,0.068358354,0.99650747,-0.73997945,0.67254305,-0.01077887,-0.670941,-0.7368925,0.08262875,0.047628522,0.068375565,0.99652207,0
204.916296775,-0.7408374,0.6716037,-0.01041079,-0.6699734,-0.73775595,0.08277546,0.047911685,0.06829811,0.99651384,-0.73997945,0.67254305,-0.01077887,-0.670941,-0.7368925,0.08262875,0.047628522,0.068375565,0.99652207,0
204.920630271,-0.7408377,0.6716034,-0.010413889,-0.66997635,-0.73776037,0.08271216,0.04786681,0.068253346,0.996519,-0.73997784,0.6725461,-0.0107009,-0.6709386,-0.7368944,0.08263162,0.047688138,0.068325214,0.9965227,0
204.924994285,-0.7408374,0.6716037,-0.01041079,-0.6699734,-0.73775595,0.08277546,0.047911685,0.06829811,0.99651384,-0.7399923,0.6725301,-0.0107061975,-0.67092115,-0.7369059,0.08267228,0.04771014,0.06835987,0.9965193,0
204.929327781,-0.7309006,0.6823856,-0.011581482,-0.68079364,-0.72779185,0.082698226,0.04800317,0.06832878,0.9965073,-0.74002475,0.67249465,-0.010695409,-0.67088324,-0.7369361,0.0827093,0.04773973,0.0683823,0.99651635,0
204.933661277,-0.7308996,0.68238705,-0.01157135,-0.6807969,-0.727795,0.08264431,0.04797383,0.06828242,0.9965119,-0.74002475,0.67249465,-0.010695409,-0.67088324,-0.7369361,0.0827093,0.04773973,0.0683823,0.99651635,0
204.937994773,-0.7309041,0.68238133,-0.01161284,-0.6807909,-0.727793,0.082710296,0.047988217,0.06835921,0.9965059,-0.73963505,0.67292064,-0.010852236,-0.6713167,-0.7365377,0.0827415,0.047685377,0.0684838,0.99651194,0
204.942328269,-0.71563447,0.69834673,-0.013387784,-0.6968204,-0.71248937,0.0824648,0.04805037,0.06834353,0.99650407,-0.7394619,0.67311096,-0.010851044,-0.6715057,-0.7363644,0.08274971,0.047709417,0.068476796,0.9965113,0
204.946661765,-0.7156388,0.69834137,-0.013431959,-0.69682103,-0.7124959,0.0824008,0.047973674,0.06832888,0.9965087,-0.73898154,0.67363673,-0.010947205,-0.67203665,-0.7358817,0.08273405,0.047676846,0.068495855,0.9965115,0
204.950995262,-0.7156419,0.69833755,-0.013463435,-0.69681895,-0.7124968,0.08241101,0.047958054,0.068358354,0.99650747,-0.73898154,0.67363673,-0.010947205,-0.67203665,-0.7358817,0.08273405,0.047676846,0.068495855,0.9965115,0
204.955328758,-0.75485396,0.65583503,-0.008706692,-0.65414155,-0.75180274,0.083013594,0.047897514,0.068358555,0.9965104,-0.73809606,0.6746038,-0.011133462,-0.673015,-0.7349932,0.08267881,0.04759242,0.068517886,0.9965141,0
204.959662254,-0.7548552,0.6558335,-0.008719859,-0.6541425,-0.7518056,0.08298167,0.04786652,0.06834318,0.996513,-0.73843867,0.674229,-0.011114202,-0.67264056,-0.73533595,0.08267795,0.04757121,0.06852846,0.9965143,0
204.96399575,-0.7548571,0.65583104,-0.00874008,-0.6541403,-0.7518049,0.08300499,0.04786641,0.06837414,0.99651074,-0.7388081,0.6738248,-0.011085026,-0.672235,-0.73570454,0.0826983,0.047568854,0.06854991,0.996513,0
204.968359764,-0.75184286,0.65927845,-0.009177484,-0.657607,-0.7487822,0.08293576,0.047805823,0.06838983,0.9965127,-0.7388081,0.6738248,-0.011085026,-0.672235,-0.73570454,0.0826983,0.047568854,0.06854991,0.996513,0
204.97269326,-0.75183994,0.6592821,-0.0091526825,-0.6576058,-0.7487761,0.08299871,0.04786626,0.068420604,0.9965076,-0.7393597,0.67322016,-0.011037901,-0.67162925,-0.73625654,0.08270681,0.04755316,0.06856346,0.9965128,0
204.977026756,-0.7518483,0.6592716,-0.009223131,-0.6575974,-0.7487771,0.083057076,0.047851108,0.068511434,0.9965021,-0.7396026,0.6729535,-0.011024423,-0.67136097,-0.7364968,0.082746185,0.047564883,0.06860066,0.9965097,0
204.981360252,-0.7439366,0.6681715,-0.01025444,-0.6665337,-0.7408391,0.08300753,0.04786638,0.068587266,0.99649614,-0.739868,0.67266184,-0.011017319,-0.67106986,-0.73676157,0.082750924,0.047546253,0.06861815,0.9965094,0
204.985693748,-0.7439387,0.6681689,-0.010273832,-0.66653025,-0.7408372,0.08305235,0.047881756,0.06863368,0.99649227,-0.739868,0.67266184,-0.011017319,-0.67106986,-0.73676157,0.082750924,0.047546253,0.06861815,0.9965094,0
204.990027244,-0.74393886,0.6681687,-0.010275003,-0.6665312,-0.7408389,0.08303054,0.04786628,0.068618245,0.99649405,-0.74006194,0.67244875,-0.011000697,-0.67085904,-0.7369596,0.08269651,0.047502093,0.068580456,0.9965141,0
204.99436074,-0.7439368,0.66817117,-0.010256632,-0.6665345,-0.7408406,0.08298686,0.047850907,0.068573385,0.99649787,-0.7401268,0.67237693,-0.011027098,-0.6707914,-0.7370259,0.08265403,0.04744741,0.06857135,0.9965173,0
204.998694236,-0.74393016,0.6681796,-0.010196176,-0.6665331,-0.74082893,0.083103046,0.04797414,0.06861895,0.9964888,-0.74019146,0.6723063,-0.01099471,-0.67071754,-0.73709005,0.082682274,0.04748372,0.068575054,0.99651533,0
205.003027732,-0.7439316,0.66817784,-0.010208789,-0.6665338,-0.740832,0.083070904,0.047943145,0.06860357,0.9964914,-0.74019146,0.6723063,-0.01099471,-0.67071754,-0.73709005,0.082682274,0.04748372,0.068575054,0.99651533,0
205.007361228,-0.7407413,0.67170656,-0.01060825,-0.67007965,-0.73763674,0.08297743,0.04791145,0.068573184,0.996495,-0.74031276,0.6721735,-0.010952309,-0.67058283,-0.73721373,0.08267188,0.047495656,0.06854747,0.9965167,0
205.011725242,-0.74073666,0.67171234,-0.010563681,-0.6700814,-0.7376328,0.08299711,0.04795807,0.06855754,0.99649376,-0.7403522,0.6721306,-0.01091288,-0.6705369,-0.7372542,0.08268292,0.04752815,0.06853197,0.99651617,0
205.016058738,-0.74073744,0.6717115,-0.010570043,-0.67007625,-0.73762655,0.08309497,0.048019107,0.06863429,0.99648553,-0.7403722,0.6721086,-0.010914106,-0.67051333,-0.7372717,0.08271825,0.047548983,0.06856034,0.99651325,0
205.020392234,-0.7309218,0.6823608,-0.011709946,-0.6807645,-0.7277879,0.08297309,0.048095226,0.06861855,0.99648297,-0.7403722,0.6721086,-0.010914106,-0.67051333,-0.7372717,0.08271825,0.047548983,0.06856034,0.99651325,0
205.02472573,-0.7309325,0.6823479,-0.011793852,-0.68075615,-0.7277928,0.08299789,0.048049957,0.068694584,0.9964799,-0.7400278,0.67248666,-0.010983638,-0.6708937,-0.7369235,0.08273631,0.047544964,0.06859602,0.996511,0
205.029059226,-0.73093665,0.6823428,-0.011826782,-0.6807539,-0.7277961,0.08298811,0.048018858,0.06871018,0.99648035,-0.7398286,0.6727054,-0.011003789,-0.6711135,-0.7367246,0.08272581,0.04754334,0.068587705,0.9965116,0
205.033392723,-0.75504297,0.6556154,-0.008860712,-0.6539133,-0.7519552,0.08342959,0.04803487,0.06878707,0.9964742,-0.7396884,0.6728588,-0.011051182,-0.6712682,-0.7365807,0.08275169,0.047540113,0.068628766,0.99650896,0
205.037726219,-0.7550374,0.6556226,-0.008811176,-0.65392,-0.75195616,0.08337115,0.04803438,0.068710126,0.99647963,-0.7396884,0.6728588,-0.011051182,-0.6712682,-0.7365807,0.08275169,0.047540113,0.068628766,0.99650896,0
205.042059715,-0.7550398,0.65561944,-0.008832866,-0.6539183,-0.7519574,0.08337268,0.04801881,0.06872567,0.99647933,-0.74039054,0.6720874,-0.010973718,-0.6704977,-0.73728913,0.08268978,0.04748395,0.068580575,0.9965149,0
205.046393211,-0.74632967,0.6655023,-0.009936727,-0.6638443,-0.7432279,0.08320499,0.04798786,0.06869479,0.9964829,-0.740681,0.67176807,-0.010925084,-0.670176,-0.7375807,0.0826973,0.047495272,0.06857405,0.99651486,0
205.050726707,-0.7463381,0.6654913,-0.0100306645,-0.6638379,-0.7432292,0.08324319,0.047942538,0.06878631,0.9964788,-0.7408365,0.67159563,-0.010984018,-0.67000663,-0.7377305,0.082733646,0.04746031,0.06865146,0.9965112,0
205.055090721,-0.7463373,0.6654925,-0.010020401,-0.6638389,-0.7432296,0.08323166,0.047942586,0.06877082,0.9964798,-0.74094397,0.6714777,-0.010946304,-0.66988677,-0.73783976,0.08273015,0.04747483,0.06863119,0.9965119,0
205.059424217,-0.7369015,0.6759061,-0.011273649,-0.6742957,-0.73375785,0.08321571,0.047973882,0.068923555,0.9964679,-0.7410494,0.6713607,-0.0109872855,-0.66976815,-0.7379359,0.08283235,0.047502477,0.0687418,0.99650294,0
205.063757713,-0.736904,0.67590296,-0.011297273,-0.6742962,-0.733762,0.08317298,0.047927354,0.068908215,0.996471,-0.7409542,0.67146516,-0.011013046,-0.6698745,-0.73784053,0.082821876,0.04748614,0.068744585,0.99650353,0
205.068091209,-0.73689824,0.6759101,-0.011243672,-0.67429817,-0.7337568,0.08320346,0.047987945,0.06889407,0.9964691,-0.7408888,0.6715375,-0.011009254,-0.66994613,-0.73777515,0.08282529,0.047497936,0.068739936,0.99650323,0
205.072424705,-0.7052094,0.7088397,-0.015034208,-0.7073741,-0.702,0.08256887,0.047974072,0.068863146,0.9964719,-0.7408888,0.6715375,-0.011009254,-0.66994613,-0.73777515,0.08282529,0.047497936,0.068739936,0.99650323,0
205.076758201,-0.7052105,0.7088383,-0.015045345,-0.7073689,-0.70199406,0.082665,0.04803437,0.06893884,0.99646384,-0.7395132,0.6730489,-0.011195257,-0.6714622,-0.7363914,0.08286169,0.04752588,0.068794504,0.99649817,0
205.081091697,-0.7052084,0.70884085,-0.01502505,-0.7073669,-0.7019884,0.08273079,0.048095554,0.06897067,0.99645865,-0.738857,0.6737676,-0.011295851,-0.6721829,-0.73572946,0.0828988,0.047543835,0.06884324,0.99649394,0
205.085425193,-0.7555515,0.65502936,-0.008851533,-0.6533224,-0.7524533,0.08356847,0.04807944,0.0689232,0.9964627,-0.7375993,0.67514163,-0.011451438,-0.67356384,-0.73447007,0.08285831,0.047530353,0.06882951,0.99649554,0
205.089758689,-0.75555223,0.6550285,-0.008858669,-0.65331936,-0.75244987,0.08362503,0.048111077,0.06897062,0.99645793,-0.7375993,0.67514163,-0.011451438,-0.67356384,-0.73447007,0.08285831,0.047530353,0.06882951,0.99649554,0
205.094092185,-0.75554675,0.6550355,-0.008801606,-0.65331995,-0.75244355,0.083674625,0.04818714,0.06897037,0.9964542,-0.73794913,0.67476076,-0.011353672,-0.67317563,-0.7348206,0.08290443,0.047597744,0.068822265,0.9964928,0
205.098456199,-0.73041576,0.68289983,-0.011860392,-0.6812998,-0.72725916,0.083215505,0.048202276,0.06886239,0.996461,-0.738297,0.67438227,-0.011233341,-0.6727943,-0.7351789,0.08282446,0.04759683,0.06870677,0.99650085,0
205.102789695,-0.7304118,0.6829046,-0.0118280165,-0.6813007,-0.7272545,0.083247386,0.04824804,0.06886331,0.99645865,-0.73815876,0.6745336,-0.011223774,-0.6729445,-0.7350417,0.08282177,0.04761613,0.0686886,0.99650115,0
205.107123191,-0.7304082,0.68290895,-0.011798131,-0.68130577,-0.72725624,0.08319153,0.048231978,0.06880191,0.9964638,-0.73815876,0.6745336,-0.011223774,-0.6729445,-0.7350417,0.08282177,0.04761613,0.0686886,0.99650115,0
205.111456687,-0.7418368,0.6705,-0.010389231,-0.6688458,-0.7387153,0.08333671,0.04820258,0.06877103,0.9964673,-0.7378502,0.67487043,-0.011271812,-0.6732856,-0.734735,0.08277074,0.04757773,0.068661556,0.99650484,0
205.115790183,-0.7418381,0.67049843,-0.010398412,-0.6688432,-0.73871386,0.08337,0.048218,0.06880195,0.9964644,-0.7379393,0.67477274,-0.01128529,-0.67318773,-0.734821,0.08280261,0.047580276,0.06870042,0.99650204,0
205.12012368,-0.74183416,0.6705033,-0.010370802,-0.66885,-0.7387166,0.08329311,0.048187207,0.068726175,0.99647117,-0.7380114,0.6746941,-0.011267047,-0.673107,-0.73489225,0.08282684,0.047602717,0.06871109,0.99650025,0
205.124457176,-0.7505891,0.6607038,-0.009296412,-0.6590132,-0.7474953,0.08338034,0.048140686,0.06871084,0.99647444,-0.7380114,0.6746941,-0.011267047,-0.673107,-0.73489225,0.08282684,0.047602717,0.06871109,0.99650025,0
205.128790672,-0.7505879,0.66070557,-0.0092810355,-0.6590114,-0.74749124,0.08343302,0.048187163,0.06874011,0.9964702,-0.73851466,0.674145,-0.011160009,-0.67255044,-0.73539597,0.082877696,0.047664553,0.06871206,0.9964972,0
205.133124168,-0.75059414,0.66069746,-0.009354162,-0.6590066,-0.7474915,0.08346941,0.048155863,0.068816096,0.99646646,-0.7387796,0.67385405,-0.011197392,-0.6722607,-0.73565483,0.08293078,0.047645826,0.068795145,0.9964924,0
205.137488181,-0.74979645,0.661601,-0.009449543,-0.6599082,-0.7466844,0.08356735,0.048232418,0.06889434,0.99645734,-0.7390374,0.67357236,-0.011141729,-0.671973,-0.73590964,0.08300233,0.04770877,0.068828754,0.99648714,0
205.141821678,-0.74978703,0.6616132,-0.009348026,-0.65990996,-0.7466751,0.08363654,0.048355103,0.06887844,0.99645245,-0.7390374,0.67357236,-0.011141729,-0.671973,-0.73590964,0.08300233,0.04770877,0.068828754,0.99648714,0
205.146155174,-0.74979335,0.661605,-0.009416223,-0.6599094,-0.7466823,0.08357622,0.048263516,0.06887875,0.9964569,-0.7395115,0.67305255,-0.011093214,-0.6714501,-0.736382,0.083044514,0.047724474,0.0688609,0.9964841,0
205.15048867,-0.7647501,0.6442843,-0.0074204956,-0.64250773,-0.76167536,0.08387059,0.048384495,0.06890776,0.99644893,-0.739686,0.67286205,-0.01101397,-0.6712533,-0.7365575,0.08307884,0.047788177,0.06884541,0.99648213,0
205.154822166,-0.7647534,0.6442801,-0.0074502258,-0.6425039,-0.7616748,0.08390604,0.048384342,0.06895422,0.9964458,-0.74018914,0.6723098,-0.0109413415,-0.67069626,-0.73705995,0.083121665,0.047819085,0.06886406,0.9964794,0
205.159155662,-0.7647598,0.6442718,-0.0075085424,-0.642503,-0.76168317,0.083836496,0.048294358,0.06893904,0.9964512,-0.74018914,0.6723098,-0.0109413415,-0.67069626,-0.73705995,0.083121665,0.047819085,0.06886406,0.9964794,0
205.163489158,-0.7316266,0.68160564,-0.011671964,-0.6799852,-0.7284576,0.083483666,0.048400413,0.06901564,0.99644077,-0.7412174,0.6711774,-0.010850873,-0.6695617,-0.738089,0.08313714,0.04779085,0.068888016,0.99647903,0
205.167822654,-0.731628,0.6816039,-0.011683195,-0.6799848,-0.72845924,0.083473146,0.048384894,0.06901569,0.99644154,-0.7410421,0.6713706,-0.010864496,-0.6697552,-0.73791367,0.08313446,0.047796976,0.06888269,0.9964791,0
205.17215615,-0.73162335,0.6816096,-0.011647275,-0.6799833,-0.7284497,0.08356805,0.048476327,0.06906029,0.996434,-0.7408372,0.671596,-0.010906607,-0.66997916,-0.73770255,0.08320332,0.047833182,0.06894732,0.9964729,0
205.176489646,-0.7317466,0.6814774,-0.01163361,-0.6798527,-0.7285761,0.08352867,0.048446935,0.06903097,0.9964375,-0.7408372,0.671596,-0.010906607,-0.66997916,-0.73770255,0.08320332,0.047833182,0.06894732,0.9964729,0
205.18085366,-0.7317485,0.6814753,-0.011645579,-0.67985296,-0.7285797,0.08349632,0.048415937,0.069015585,0.99644005,-0.74047023,0.6719999,-0.0109528005,-0.67038554,-0.7373357,0.08318253,0.04782276,0.06893679,0.99647415,0
205.185187156,-0.7317438,0.68148077,-0.011615329,-0.67985797,-0.7285787,0.08346349,0.048416086,0.06897067,0.9964431,-0.7402841,0.6722033,-0.011053704,-0.67059535,-0.7371455,0.083177,0.047763668,0.068987176,0.9964735,0
205.189520652,-0.73586214,0.67704004,-0.011126098,-0.67539614,-0.7327016,0.083597794,0.048446935,0.06903097,0.9964375,-0.7401329,0.67236966,-0.011056375,-0.6707587,-0.73699117,0.08322692,0.04781081,0.06901515,0.9964693,0
205.193854148,-0.7358638,0.67703784,-0.011144508,-0.67539096,-0.7326963,0.083684996,0.048492372,0.06910766,0.99643,-0.7401329,0.67236966,-0.011056375,-0.6707587,-0.73699117,0.08322692,0.04781081,0.06901515,0.9964693,0
205.198187644,-0.73586386,0.67703784,-0.011145259,-0.6753921,-0.73269796,0.083662,0.048476223,0.06909126,0.9964319,-0.7399316,0.6725912,-0.011057973,-0.6709774,-0.73678726,0.08326973,0.047859114,0.06903355,0.9964657,0
205.20252114,-0.73586386,0.67703766,-0.01114594,-0.67539406,-0.7327009,0.08361938,0.048446834,0.06906039,0.99643546,-0.7398351,0.6726974,-0.011055447,-0.6710848,-0.7366936,0.08323265,0.04784591,0.06899758,0.99646884,0
205.206854637,-0.7358656,0.6770355,-0.0111643495,-0.67538893,-0.73269564,0.08370659,0.04849227,0.06913708,0.9964279,-0.73974985,0.67279047,-0.011099428,-0.6711776,-0.7366023,0.08329329,0.04786307,0.069065884,0.9964633,0
205.211188133,-0.7358667,0.6770341,-0.011177269,-0.675391,-0.7326998,0.08365348,0.048446678,0.06910685,0.99643224,-0.73974985,0.67279047,-0.011099428,-0.6711776,-0.7366023,0.08329329,0.04786307,0.069065884,0.9964633,0
205.215521629,-0.7211914,0.6926146,-0.012961439,-0.6910419,-0.7179942,0.08333932,0.048415788,0.06906049,0.9964369,-0.7396229,0.6729296,-0.011124257,-0.6713198,-0.7364774,0.08325157,0.047829684,0.069042705,0.9964665,0
205.219855125,-0.72119033,0.69261587,-0.01295205,-0.6910461,-0.71799874,0.08326482,0.048370972,0.06900025,0.9964433,-0.7392656,0.6733213,-0.011173405,-0.67171276,-0.7361179,0.08326069,0.04783625,0.069057085,0.99646515,0
205.224219139,-0.7211894,0.69261706,-0.012942697,-0.69104826,-0.7180006,0.08323165,0.048354797,0.06896981,0.9964462,-0.73888385,0.67373866,-0.011261508,-0.6721356,-0.7357345,0.0832378,0.04779504,0.06907233,0.99646604,0
205.228552635,-0.72104865,0.6927633,-0.012960094,-0.6911963,-0.717861,0.083207175,0.048339326,0.06895438,0.99644804,-0.73888385,0.67373866,-0.011261508,-0.6721356,-0.7357345,0.0832378,0.04779504,0.06907233,0.99646604,0
205.232886131,-0.72105247,0.6927586,-0.012991151,-0.69119215,-0.717861,0.08324078,0.04833993,0.069000356,0.9964448,-0.73823273,0.67445135,-0.011305887,-0.67284757,-0.7350818,0.08325243,0.047838956,0.0690668,0.9964644,0
205.237219627,-0.7210632,0.6927459,-0.013076099,-0.6911832,-0.7178646,0.08328514,0.048308574,0.06909183,0.99644005,-0.7378869,0.6748275,-0.011437207,-0.67322934,-0.7347277,0.08329192,0.047804445,0.06915987,0.99645954,0
205.241553123,-0.73659635,0.67624146,-0.011100214,-0.6745985,-0.73343426,0.083611384,0.048400212,0.06907603,0.9964366,-0.7375398,0.67520696,-0.011431128,-0.67360616,-0.7343809,0.08330314,0.047852054,0.06913946,0.99645865,0
205.245886619,-0.736594,0.6762444,-0.011080469,-0.6746011,-0.73343444,0.08358976,0.048400313,0.06904661,0.9964386,-0.7375398,0.67520696,-0.011431128,-0.67360616,-0.7343809,0.08330314,0.047852054,0.06913946,0.99645865,0
205.250220115,-0.73660076,0.67623615,-0.011136666,-0.6746013,-0.7334449,0.08349596,0.048294857,0.069015995,0.9964459,-0.7375319,0.6752161,-0.011401001,-0.6736157,-0.73437816,0.08325043,0.04783939,0.06907974,0.9964635,0
205.254553611,-0.70064986,0.7133374,-0.015471467,-0.71186686,-0.69740814,0.08286971,0.04832415,0.069076285,0.9964403,-0.7374979,0.6752524,-0.011445273,-0.6736527,-0.734339,0.083295844,0.04784101,0.06914066,0.9964591,0
205.258887107,-0.70063764,0.71335137,-0.015386914,-0.71187484,-0.6973999,0.082870424,0.048384894,0.06901569,0.99644154,-0.7367906,0.67602336,-0.011487868,-0.6744241,-0.7336323,0.083281286,0.047872223,0.06910857,0.99645984,0
205.263220603,-0.7006358,0.71335334,-0.015374708,-0.7118775,-0.6974009,0.08283883,0.04837103,0.06898477,0.9964444,-0.7367906,0.67602336,-0.011487868,-0.6744241,-0.7336323,0.083281286,0.047872223,0.06910857,0.99645984,0
205.267584617,-0.73526996,0.6776816,-0.011216851,-0.6760496,-0.73211837,0.083425574,0.04832391,0.06892346,0.9964509,-0.73541117,0.6775205,-0.011677887,-0.6759296,-0.73224944,0.08324622,0.047849897,0.069113635,0.99646056,0
205.271918113,-0.73527116,0.6776801,-0.011229879,-0.67605144,-0.7321225,0.08337362,0.048278987,0.068894185,0.9964551,-0.73540485,0.67752796,-0.0116462745,-0.6759384,-0.7322498,0.08317223,0.047823526,0.069037415,0.9964672,0
205.276251609,-0.7352722,0.67767864,-0.011242107,-0.6760524,-0.7321252,0.0833413,0.04824799,0.0688788,0.99645764,-0.7354081,0.67752415,-0.011660673,-0.6759358,-0.73225266,0.08316763,0.047809515,0.06904401,0.99646735,0
205.280585105,-0.7495699,0.6618578,-0.009447317,-0.6601667,-0.74646264,0.08350733,0.048217904,0.06883138,0.9964624,-0.7354081,0.67752415,-0.011660673,-0.6759358,-0.73225266,0.08316763,0.047809515,0.06904401,0.99646735,0
205.284918601,-0.74956906,0.66185886,-0.009439496,-0.6601687,-0.7464644,0.08347508,0.048202477,0.068802,0.9964651,-0.73597836,0.67690676,-0.011533741,-0.6753139,-0.73283005,0.08313371,0.047821503,0.06897351,0.99647164,0
205.289252098,-0.74956954,0.6618584,-0.009443547,-0.6601717,-0.7464692,0.08340967,0.04815606,0.068755694,0.9964706,-0.73626566,0.676595,-0.011494208,-0.67499924,-0.73311645,0.08316348,0.047841396,0.068989,0.9964696,0
205.293585594,-0.7611427,0.64853513,-0.007997673,-0.64679646,-0.7580716,0.08355649,0.048126515,0.06877128,0.9964709,-0.7365258,0.6763128,-0.011436097,-0.6747128,-0.73337644,0.08319686,0.047880143,0.06899271,0.99646753,0
205.29791909,-0.76114297,0.64853466,-0.008001138,-0.6467983,-0.7580748,0.08351293,0.048095573,0.06874042,0.9964746,-0.7365258,0.6763128,-0.011436097,-0.6747128,-0.73337644,0.08319686,0.047880143,0.06899271,0.99646753,0
205.302252586,-0.7611412,0.64853704,-0.007983786,-0.64680165,-0.758077,0.08346751,0.048079453,0.06869449,0.99647856,-0.7375773,0.67516726,-0.011356287,-0.67356485,-0.7344267,0.08323403,0.047856525,0.069040716,0.9964653,0
205.306586082,-0.7599018,0.6499864,-0.008177908,-0.64826065,-0.7568347,0.0834229,0.04803443,0.068694636,0.99648064,-0.7380728,0.6746259,-0.011337094,-0.6730242,-0.7349216,0.08323892,0.047823258,0.06906652,0.99646515,0
205.310950096,-0.75990015,0.6499887,-0.008157853,-0.64826274,-0.75683564,0.08339944,0.048034538,0.068663664,0.99648285,-0.7385446,0.67410934,-0.011331197,-0.6725085,-0.7353912,0.083259135,0.047792897,0.06911091,0.9964635,0
205.315283592,-0.759902,0.64998627,-0.008179604,-0.6482617,-0.7568363,0.08340113,0.048018962,0.068679206,0.99648255,-0.7385446,0.67410934,-0.011331197,-0.6725085,-0.7353912,0.083259135,0.047792897,0.06911091,0.9964635,0
205.319617088,-0.7410692,0.67134553,-0.010571903,-0.6697117,-0.73795706,0.083101146,0.047987964,0.06866382,0.99648505,-0.7394239,0.67314684,-0.011213347,-0.67154247,-0.7362747,0.083248466,0.04778233,0.069086134,0.99646574,0
205.323950584,-0.74107057,0.67134374,-0.010584266,-0.6697122,-0.7379599,0.08307113,0.047958516,0.06864998,0.99648744,-0.73943883,0.6731306,-0.011202063,-0.6715239,-0.73628795,0.08328065,0.047810808,0.0691034,0.9964632,0
205.32828408,-0.7410745,0.6713389,-0.01061846,-0.66971123,-0.73796433,0.08304001,0.04791194,0.06865013,0.99648964,-0.73946816,0.6730979,-0.011224464,-0.6714926,-0.73631567,0.08328769,0.047796026,0.06912575,0.9964623,0
205.332617576,-0.77499384,0.6319379,-0.0062434813,-0.63014996,-0.7719767,0.0834436,0.047911353,0.06860261,0.9964929,-0.73946816,0.6730979,-0.011224464,-0.6714926,-0.73631567,0.08328769,0.047796026,0.06912575,0.9964623,0
205.336951072,-0.77499574,0.63193554,-0.0062595694,-0.63015115,-0.77198136,0.08339254,0.047866426,0.06857333,0.9964971,-0.73946816,0.6730979,-0.011224464,-0.6714926,-0.73631567,0.08328769,0.047796026,0.06912575,0.9964623,0
205.341284568,-0.7750011,0.6319284,-0.0063060164,-0.63014907,-0.77198714,0.08335446,0.047805883,0.06857353,0.9965,-0.7415962,0.670757,-0.01095628,-0.6691412,-0.7384487,0.08332884,0.047802754,0.06912766,0.99646187,0
205.345618064,-0.7600182,0.64984924,-0.008269882,-0.64814234,-0.7569635,0.0831737,0.04779036,0.06857358,0.99650073,-0.7422593,0.6700242,-0.0108860135,-0.6684069,-0.73911387,0.083323464,0.047782738,0.06912391,0.99646306,0
205.34995156,-0.76001614,0.6498518,-0.008249863,-0.6481446,-0.75696397,0.08315021,0.04779046,0.06854261,0.9965028,-0.7422593,0.6700242,-0.0108860135,-0.6684069,-0.73911387,0.083323464,0.047782738,0.06912391,0.99646306,0
205.354315574,-0.7600187,0.64984846,-0.008275386,-0.6481462,-0.75696975,0.0830864,0.047729354,0.06851088,0.99650806,-0.7430068,0.66919756,-0.0107426755,-0.66757387,-0.73986644,0.08332339,0.04781167,0.06908138,0.99646467,0
205.35864907,-0.76722866,0.6413318,-0.007329431,-0.63959754,-0.76420414,0.083107814,0.0476985,0.06845058,0.99651355,-0.7433308,0.6688383,-0.0107025765,-0.66721344,-0.7401915,0.08332304,0.047807693,0.069077484,0.9964651,0
205.362982566,-0.7672299,0.6413301,-0.0073412363,-0.6395972,-0.7642055,0.0830979,0.04768298,0.06845063,0.9965143,-0.74380046,0.6683175,-0.010606237,-0.66668844,-0.74066526,0.08331536,0.04782544,0.06904106,0.9964668,0
205.367316062,-0.7672301,0.6413299,-0.0073431693,-0.6395981,-0.76420707,0.083076134,0.047667503,0.06843519,0.9965161,-0.74380046,0.6683175,-0.010606237,-0.66668844,-0.74066526,0.08331536,0.04782544,0.06904106,0.9964668,0
205.371649558,-0.7597686,0.65014,-0.008337807,-0.6484459,-0.75672466,0.082978085,0.047637954,0.06845077,0.9965164,-0.74472076,0.6672941,-0.0104648955,-0.6656583,-0.7415882,0.08334287,0.047853567,0.06903322,0.996466,0
205.375983055,-0.75977284,0.65013474,-0.008373363,-0.64844555,-0.75673074,0.08292719,0.047577463,0.06843549,0.9965204,-0.7450592,0.6669174,-0.010392569,-0.6652777,-0.7419287,0.08335049,0.047877345,0.069015,0.9964661,0
205.380316551,-0.75977933,0.65012634,-0.008430075,-0.64844245,-0.7567366,0.08289875,0.047515318,0.06845118,0.99652237,-0.7453154,0.6666322,-0.010315843,-0.6649882,-0.74218744,0.083356574,0.047911886,0.068986855,0.99646634,0
205.384650047,-0.7816378,0.62370753,-0.005596235,-0.62192255,-0.77865505,0.083120085,0.047485083,0.06845022,0.9965239,-0.7453154,0.6666322,-0.010315843,-0.6649882,-0.74218744,0.083356574,0.047911886,0.068986855,0.99646634,0
205.388983543,-0.7816386,0.62370634,-0.00560448,-0.62192494,-0.77865976,0.08305614,0.04743865,0.06840546,0.99652916,-0.74682724,0.66494113,-0.010116048,-0.6632881,-0.7437018,0.08340527,0.047936272,0.06899918,0.9964644,0
205.393317039,-0.78163654,0.6237091,-0.0055852924,-0.6219275,-0.7786603,0.08303197,0.047438752,0.06837448,0.99653125,-0.7475365,0.6641454,-0.010005359,-0.66248775,-0.7444141,0.08341226,0.04794974,0.06898214,0.9964649,0
205.397681053,-0.73642474,0.67642456,-0.011334213,-0.6748552,-0.7333355,0.08239901,0.04742493,0.06832962,0.996535,-0.7482121,0.66338533,-0.009932671,-0.66172624,-0.74509203,0.08340475,0.04792873,0.06897714,0.9964663,0
205.402014549,-0.7364262,0.6764227,-0.011346276,-0.67485577,-0.7333386,0.08236544,0.04739319,0.06831317,0.99653757,-0.7482121,0.66338533,-0.009932671,-0.66172624,-0.74509203,0.08340475,0.04792873,0.06897714,0.9964663,0
205.406378562,-0.736429,0.6764192,-0.0113696195,-0.6748569,-0.7333447,0.082301915,0.04733275,0.068282396,0.99654263,-0.74779725,0.66385263,-0.009946905,-0.6621939,-0.7446794,0.08337797,0.047943432,0.0689366,0.99646837,0
205.410742576,-0.7364281,0.67642033,-0.011362112,-0.6748601,-0.73334783,0.082248,0.047301844,0.06823758,0.99654716,-0.74758023,0.6640962,-0.010003425,-0.66244537,-0.74446756,0.083271354,0.047852967,0.06887874,0.9964767,0
205.41510659,-0.736432,0.6764156,-0.011394008,-0.6748579,-0.7333508,0.08223953,0.047272295,0.06825316,0.99654746,-0.7473558,0.66434807,-0.010047544,-0.6627006,-0.7442436,0.083242446,0.047824137,0.06887025,0.9964787,0
205.419684226,-0.73642826,0.67642033,-0.011362824,-0.6748622,-0.73335093,0.082205385,0.047272447,0.0682067,0.9965507,-0.7473558,0.66434807,-0.010047544,-0.6627006,-0.7442436,0.083242446,0.047824137,0.06887025,0.9964787,0
205.424231346,-0.75764376,0.6526102,-0.008705974,-0.650953,-0.754619,0.08252424,0.04728647,0.06819116,0.99655104,-0.7469294,0.66482574,-0.0101572275,-0.6631858,-0.74381584,0.08320197,0.047759704,0.06888213,0.99648094,0
205.428808982,-0.757646,0.65260744,-0.00872213,-0.6509549,-0.75462556,0.08244968,0.047225334,0.06814539,0.99655706,-0.74713004,0.6646009,-0.0101161115,-0.6629583,-0.7440168,0.083218336,0.047780424,0.068881474,0.99648005,0
205.433386619,-0.7576493,0.6526034,-0.008745816,-0.6509545,-0.75463057,0.08240874,0.047180362,0.068130046,0.9965603,-0.7473166,0.66439116,-0.010107476,-0.66274893,-0.7442034,0.083217815,0.04776717,0.06888878,0.9964801,0
205.437933738,-0.7590082,0.65102506,-0.0085435975,-0.64936835,-0.7559952,0.08241364,0.047194425,0.06810057,0.9965616,-0.7473166,0.66439116,-0.010107476,-0.66274893,-0.7442034,0.083217815,0.04776717,0.06888878,0.9964801,0
205.442511375,-0.7590109,0.6510214,-0.008569113,-0.6493695,-0.756001,0.08235095,0.04713398,0.06806979,0.99656653,-0.74777865,0.66387147,-0.0100868605,-0.6622296,-0.7446648,0.08322468,0.047739156,0.06891345,0.9964798,0
205.447058494,-0.7590076,0.6510258,-0.008538052,-0.64937896,-0.75600964,0.082197145,0.047057614,0.06793269,0.9965795,-0.74799573,0.6636281,-0.01000873,-0.66198766,-0.7448933,0.08310437,0.04769496,0.068787366,0.9964906,0
