Time,Rot1,Rot2,Rot3,Rot4,Rot5,Rot6,Rot7,Rot8,Rot9,FRot1,FRot2,FRot3,FRot4,FRot5,FRot6,FRot7,FRot8,FRot9,AccX,AccY,AccZ,Imid
4739.638297943,0.6382048,0.7698282,0.007687822,-0.7697772,0.63825107,-0.0088680275,-0.011733619,-2.582921E-4,0.99993116,0.6305758,0.77608526,0.008116797,-0.77602935,0.6306279,-0.009327799,-0.012357846,-4.1698775E-4,0.9999236,-0.16758728,-0.06463623,9.856918,0
4739.642722992,0.6383286,0.7697282,0.0074178805,-0.76967704,0.63837165,-0.0088735605,-0.011565595,-4.5123405E-5,0.99993306,0.6307084,0.77597994,0.007872875,-0.7759264,0.63075745,-0.009122634,-0.012044856,-3.5504895E-4,0.9999274,0.04309082,0.002380371,9.818619,0
4739.647117523,0.6242859,0.78116393,0.007071227,-0.7811108,0.62432593,-0.009114257,-0.01153448,1.6648987E-4,0.99993354,0.63090974,0.7758185,0.00764951,-0.7757643,0.6309561,-0.009173332,-0.011943346,-1.4667238E-4,0.99992865,0.0622406,-0.02154541,9.84256,0
4739.651512055,0.62433857,0.78112286,0.0069551207,-0.7810677,0.6243772,-0.009286748,-0.01159671,3.6565503E-4,0.9999327,0.6307672,0.7759359,0.007502462,-0.7758797,0.6308118,-0.009338788,-0.011978942,6.959367E-5,0.99992824,-0.13406372,0.04069519,9.785095,0
4739.655937103,0.6243259,0.7811328,0.0069831437,-0.7810773,0.62436485,-0.009322102,-0.011641828,3.6565485E-4,0.9999322,0.63060415,0.7760695,0.0073758033,-0.77601135,0.6306472,-0.009507946,-0.0120303575,2.720426E-4,0.9999276,-0.21546936,-0.01675415,9.569611,0
4739.660331635,0.64611906,0.76320237,0.007230919,-0.76314765,0.6461594,-0.009152303,-0.011657386,3.9521838E-4,0.99993205,0.6304827,0.7761687,0.0073266835,-0.7761108,0.6305252,-0.009481381,-0.01197881,2.9152792E-4,0.9999282,-0.15322876,0.09336853,9.770737,0
4739.664726166,0.64604574,0.7632627,0.0074100317,-0.763209,0.64608824,-0.009059749,-0.011702503,1.9760909E-4,0.9999316,0.6307865,0.77592117,0.0074067162,-0.77586395,0.63082993,-0.009427189,-0.011987133,1.999397E-4,0.9999282,-0.07182312,0.03590393,9.789886,0
4739.669151215,0.64596933,0.7633256,0.007596713,-0.7632722,0.646014,-0.009021983,-0.011794293,2.9563533E-5,0.99993044,0.63106644,0.7756916,0.0075915284,-0.7756353,0.6311121,-0.009348494,-0.012042654,1.1263344E-5,0.99992746,-0.08618164,-0.02154541,9.86171,0
4739.673545746,0.6213326,0.7835117,0.007431803,-0.78345543,0.62137705,-0.009393505,-0.011977873,1.4003748E-5,0.99992836,0.63136274,0.7754487,0.0077774194,-0.7753927,0.6314106,-0.009320458,-0.012138282,-1.459641E-4,0.9999263,-0.12927246,-0.002380371,9.799454,0
4739.677970795,0.62131566,0.78352475,0.0074704355,-0.783467,0.6213606,-0.009517742,-0.012099221,6.068282E-5,0.99992687,0.63114256,0.7756266,0.007906246,-0.77556884,0.631192,-0.009465416,-0.012331988,-1.5781207E-4,0.99992394,-0.16758728,-0.02154541,9.871292,0
4739.682365326,0.6213051,0.7835329,0.0074946918,-0.7834754,0.62135035,-0.009498506,-0.012099221,2.9563425E-5,0.99992687,0.6309122,0.7758139,0.007916187,-0.77575463,0.63096184,-0.009586707,-0.012432312,-9.264894E-5,0.9999227,-0.12449646,-0.08378601,9.890442,0
4739.686759857,0.60996526,0.7923937,0.0073980223,-0.7923351,0.61001015,-0.00963287,-0.012145892,1.4003719E-5,0.9999262,0.63072056,0.77597016,0.0078623,-0.7759097,0.6307696,-0.009685421,-0.012474897,8.359973E-6,0.99992216,-0.20111084,-0.05505371,9.66539,0
4739.691184906,0.6100315,0.792344,0.0072564813,-0.79228646,0.61007464,-0.0095494315,-0.01199343,7.624261E-5,0.9999281,0.6302797,0.77632916,0.0077836467,-0.7762691,0.63032776,-0.0096617965,-0.0124069825,4.743054E-5,0.99992305,-0.07661438,0.002380371,9.828186,0
4739.695579437,0.61004245,0.7923358,0.007233187,-0.79227805,0.6100853,-0.00956737,-0.01199343,1.0580607E-4,0.9999281,0.6298646,0.7766675,0.007635627,-0.77660817,0.6299108,-0.009599932,-0.012265719,1.1676629E-4,0.9999248,-0.13885498,0.07899475,9.756363,0
4739.699973969,0.6088963,0.793217,0.0072098714,-0.7931593,0.608939,-0.009565477,-0.011977872,1.05806095E-4,0.99992824,0.62944156,0.777011,0.0075729,-0.7769515,0.6294871,-0.009615501,-0.012238392,1.6861982E-4,0.99992514,-0.04788208,-0.007171631,9.880859,0
4739.704399017,0.6088549,0.79324794,0.007309676,-0.79319054,0.60889876,-0.009545737,-0.012022989,1.400374E-5,0.99992776,0.6290244,0.7773483,0.007611323,-0.7772887,0.62907046,-0.009622609,-0.012268177,1.3666054E-4,0.9999247,0.0,0.026321411,9.780304,0
4739.708793549,0.60883576,0.79326224,0.007355868,-0.7932041,0.6088802,-0.009606382,-0.012099221,1.4003728E-5,0.99992687,0.6285783,0.7777077,0.0077467323,-0.7776479,0.62862605,-0.009639668,-0.012366642,3.5056022E-5,0.9999235,-0.04309082,0.04548645,9.909592,0
4739.71318808,0.5898446,0.8074845,0.007226286,-0.80742544,0.5898889,-0.0097626485,-0.012145892,-7.624247E-5,0.9999262,0.6281967,0.7780152,0.007825205,-0.77795464,0.6282455,-0.009704346,-0.012466278,8.583629E-6,0.9999223,-0.15322876,-0.03111267,9.933533,0
4739.717613129,0.5898419,0.8074863,0.007231771,-0.8074278,0.58988625,-0.0097201085,-0.012114778,-1.0580592E-4,0.9999266,0.6273856,0.7786688,0.0078861555,-0.7786085,0.6274352,-0.0096919425,-0.012494864,-5.9641538E-5,0.9999219,-0.0622406,-0.07421875,9.847351,0
4739.72200766,0.5898216,0.8075008,0.0072750137,-0.8074422,0.5898664,-0.009727055,-0.012145892,-1.3692526E-4,0.9999262,0.6266523,0.7792589,0.007906517,-0.7791993,0.62670213,-0.00964054,-0.012467507,-1.19486715E-4,0.9999223,-0.16279602,-0.06942749,9.785095,0
4739.726402191,0.61195713,0.79085493,0.007541611,-0.7907976,0.61200356,-0.009521847,-0.012145892,-1.3692526E-4,0.9999262,0.6259286,0.77984047,0.007895167,-0.7797807,0.62597835,-0.009658359,-0.012474182,-1.1105537E-4,0.9999222,-0.11012268,-0.07899475,9.890442,0
4739.731559662,0.611956,0.79085577,0.0075443797,-0.7907988,0.6120025,-0.009500032,-0.012130336,-1.5248498E-4,0.9999265,0.6259286,0.77984047,0.007895167,-0.7797807,0.62597835,-0.009658359,-0.012474182,-1.1105537E-4,0.9999222,-0.11012268,-0.07899475,9.890442,0
4739.736686615,0.6119514,0.7908592,0.0075554014,-0.79080236,0.6119981,-0.009491505,-0.012130336,-1.6648871E-4,0.9999265,0.6259286,0.77984047,0.007895167,-0.7797807,0.62597835,-0.009658359,-0.012474182,-1.1105537E-4,0.9999222,-0.11012268,-0.07899475,9.890442,0
4739.741813568,0.60227823,0.79825175,0.0074299118,-0.7981944,0.60232407,-0.00957037,-0.012114778,-1.6648872E-4,0.9999266,0.6251591,0.780459,0.0077385423,-0.7803991,0.625207,-0.009669293,-0.012384676,5.694794E-6,0.9999233,-0.07661438,0.02154541,9.698898,0
4739.746940521,0.60226226,0.7982634,0.0074669844,-0.7982064,0.6023085,-0.0095424,-0.012114777,-2.131678E-4,0.99992657,0.62475765,0.7807805,0.0077279815,-0.7807202,0.62480545,-0.0097058695,-0.012406638,3.0425208E-5,0.99992305,-0.15800476,0.06942749,9.809036,0
4739.752067474,0.6022689,0.7982586,0.0074515934,-0.7982013,0.60231495,-0.009573503,-0.012130336,-1.820484E-4,0.9999265,0.62475765,0.7807805,0.0077279815,-0.7807202,0.62480545,-0.0097058695,-0.012406638,3.0425208E-5,0.99992305,-0.15800476,0.06942749,9.809036,0
4739.757194428,0.58081716,0.8140014,0.0072936825,-0.81394213,0.5808629,-0.009827374,-0.012236125,-2.2872716E-4,0.99992514,0.62392324,0.7814469,0.007782701,-0.7813868,0.6239718,-0.009688675,-0.012427371,-3.630941E-5,0.99992275,-0.1819458,0.03590393,9.8138275,0
4739.762351898,0.5808289,0.8139932,0.0072676125,-0.8139344,0.5808743,-0.009790547,-0.012191009,-2.287273E-4,0.9999257,0.62308943,0.7821109,0.007881106,-0.7820505,0.62313926,-0.009724972,-0.012517033,-1.038953E-4,0.9999217,-0.004776001,0.02154541,9.674957,0
4739.767478851,0.5808084,0.8140074,0.0073131374,-0.81394875,0.5808544,-0.00977718,-0.012206566,-2.738503E-4,0.9999255,0.6222779,0.78275645,0.007907143,-0.78269595,0.62232816,-0.009731042,-0.012537873,-1.334763E-4,0.9999214,-0.13406372,-0.12210083,9.751572,0
4739.772483734,0.6700668,0.7422532,0.008416632,-0.7422003,0.6701196,-0.008867561,-0.012222124,-3.049696E-4,0.9999253,0.62152034,0.78335816,0.007903648,-0.7832978,0.6215706,-0.009725541,-0.012531256,-1.4628799E-4,0.9999215,-0.1819458,-0.07899475,9.823395,0
4739.776878265,0.67007524,0.7422458,0.008395879,-0.74219316,0.67012775,-0.008844372,-0.012191008,-3.049697E-4,0.9999256,0.6225296,0.78255665,0.007870104,-0.7824963,0.62257934,-0.009723062,-0.012508612,-1.0543327E-4,0.99992174,-0.04309082,-0.007171631,9.852127,0
4739.781272797,0.6700681,0.742252,0.008413359,-0.7421986,0.67012084,-0.0089103365,-0.012251682,-2.7385014E-4,0.9999249,0.6235327,0.78175753,0.007885523,-0.7816981,0.62358254,-0.0096408725,-0.012454099,-1.5269873E-4,0.99992245,-0.25856018,0.07421875,9.928741,0
4739.785667328,0.62715787,0.7788522,0.00789526,-0.77879566,0.6272076,-0.009392378,-0.012267239,-2.5829044E-4,0.9999248,0.62448,0.78100103,0.007882939,-0.7809416,0.6245297,-0.00963753,-0.012450051,-1.376701E-4,0.9999225,-0.16279602,0.026321411,9.708481,0
4739.790061859,0.62716913,0.77884346,0.007870009,-0.77878636,0.6272185,-0.009432684,-0.012282797,-2.1316737E-4,0.99992454,0.6245451,0.780949,0.007877753,-0.78088933,0.62459475,-0.009649539,-0.012456203,-1.250815E-4,0.9999224,-0.1819458,0.11730957,9.9479065,0
4739.79445639,0.6271463,0.7788611,0.007921061,-0.7788038,0.62719625,-0.009449504,-0.012327913,-2.427306E-4,0.999924,0.6246179,0.78089064,0.007895357,-0.7808306,0.62466776,-0.009681441,-0.012492122,-1.1773522E-4,0.999922,-0.2394104,-0.07421875,9.880859,0
4739.798850922,0.65044504,0.75950885,0.008213731,-0.759453,0.6504969,-0.009217093,-0.012343471,-2.4273056E-4,0.9999239,0.6247301,0.78080076,0.007901319,-0.78074104,0.62478006,-0.009655586,-0.012475677,-1.3674908E-4,0.99992216,-0.16279602,-0.026321411,9.86171,0
4739.803245453,0.6504494,0.7595053,0.008203663,-0.75944954,0.65050113,-0.0092052305,-0.012327913,-2.427306E-4,0.999924,0.6252547,0.7803802,0.007959247,-0.78032005,0.62530535,-0.009687583,-0.012536957,-1.5355281E-4,0.9999214,-0.05744934,-0.002380371,9.900009,0
4739.807639984,0.6504539,0.7595016,0.008193081,-0.7594457,0.65050554,-0.009214293,-0.012327913,-2.287269E-4,0.999924,0.6257412,0.77998984,0.0079944525,-0.7799297,0.6257922,-0.00968754,-0.012559049,-1.73218E-4,0.99992114,-0.13406372,0.03590393,9.86171,0
4739.812034515,0.65045893,0.75949734,0.008181323,-0.7594414,0.6505104,-0.009224361,-0.012327913,-2.1316725E-4,0.999924,0.62618804,0.77963126,0.007978685,-0.77957094,0.6262389,-0.009700472,-0.012559353,-1.4563183E-4,0.99992114,-0.07661438,-0.01675415,9.68454,0
4739.816429047,0.65046316,0.75949377,0.008171253,-0.759438,0.6505145,-0.0092125,-0.012312356,-2.131673E-4,0.99992424,0.62618804,0.77963126,0.007978685,-0.77957094,0.6262389,-0.009700472,-0.012559353,-1.4563183E-4,0.99992114,-0.07661438,-0.01675415,9.68454,0
4739.820823578,0.65045464,0.7595009,0.008191392,-0.75944483,0.6505062,-0.009236222,-0.012343471,-2.1316722E-4,0.9999239,0.6271444,0.77886266,0.007929215,-0.7788016,0.6271945,-0.009749321,-0.012566542,-6.105339E-5,0.999921,-0.20111084,0.002380371,9.9048,0
4739.825218109,0.6453295,0.76386094,0.008137379,-0.763804,0.6453807,-0.009325085,-0.012374777,-1.9761054E-4,0.99992335,0.62759376,0.7785013,0.007861593,-0.7784404,0.627643,-0.009734805,-0.012512832,-1.027974E-5,0.99992174,-0.1819458,0.026321411,9.914383,0
4739.82961264,0.6453233,0.7638661,0.008150907,-0.7638096,0.6453747,-0.009293041,-0.012359029,-2.2872683E-4,0.99992365,0.6279548,0.77821,0.007873632,-0.7781485,0.62800413,-0.009783429,-0.012558236,1.669636E-5,0.99992114,-0.08139038,-0.08378601,9.938324,0
4739.834007172,0.6453388,0.7638534,0.008117282,-0.76379687,0.64538985,-0.009301078,-0.012343471,-1.9760757E-4,0.9999239,0.6283321,0.7779053,0.007885516,-0.7778438,0.62838155,-0.009781325,-0.0125640575,1.22213805E-5,0.9999211,-0.10533142,0.07899475,9.68454,0
4739.838401703,0.65294087,0.7573642,0.008221627,-0.7573083,0.65299267,-0.009209318,-0.012343471,-2.1316722E-4,0.9999239,0.62868875,0.7776171,0.007881539,-0.7775554,0.62873816,-0.009795731,-0.012572752,3.0133117E-5,0.99992096,-0.11491394,-0.03111267,9.880859,0
4739.842796234,0.65292454,0.75737786,0.008262808,-0.75732166,0.6529768,-0.009233644,-0.01238878,-2.287303E-4,0.9999233,0.6291699,0.7772282,0.0078539485,-0.7771661,0.6292189,-0.009817843,-0.012572557,7.326742E-5,0.99992096,-0.24420166,-0.03590393,9.780304,0
4739.847190765,0.6529252,0.7573773,0.00826119,-0.7573208,0.6529774,-0.00925558,-0.0124043375,-2.1317037E-4,0.99992305,0.62967765,0.77681684,0.00784945,-0.7767547,0.6297266,-0.009829445,-0.012578686,9.228494E-5,0.9999209,-0.1771698,0.026321411,9.789886,0
4739.851585297,0.57862234,0.81556267,0.007334738,-0.8155017,0.5786688,-0.009969061,-0.012374777,-2.1317042E-4,0.99992335,0.6301415,0.7764406,0.007853219,-0.7763784,0.63019043,-0.009833197,-0.012583917,9.923629E-5,0.99992085,-0.009567261,0.002380371,9.919174,0
4739.855979828,0.5786247,0.81556094,0.0073293364,-0.81550056,0.57867116,-0.009934505,-0.012343471,-2.2872687E-4,0.9999239,0.62914616,0.7772471,0.007875568,-0.77718467,0.62919545,-0.009848948,-0.012610339,7.5656615E-5,0.9999205,-0.05744934,-0.05505371,9.823395,0
4739.860374359,0.578618,0.8155656,0.007344363,-0.81550545,0.57866454,-0.00990477,-0.012327912,-2.5829024E-4,0.99992394,0.62818664,0.77802265,0.007892877,-0.77796036,0.62823623,-0.009846956,-0.012619745,4.5380835E-5,0.99992037,-0.0909729,-0.05984497,9.828186,0
4739.86476889,0.6186945,0.7855925,0.007842943,-0.7855349,0.61874413,-0.009515286,-0.012327912,-2.7384987E-4,0.99992394,0.62724227,0.77878416,0.007894652,-0.7787219,0.627292,-0.009843606,-0.012618296,2.6587099E-5,0.99992037,-0.10533142,-0.06942749,9.828186,0
4739.869163422,0.6187171,0.7855752,0.007795165,-0.78551596,0.6187661,-0.009650194,-0.0124043375,-1.5248683E-4,0.99992305,0.6271141,0.7788874,0.007893591,-0.77882487,0.62716377,-0.009868609,-0.0126371095,4.101806E-5,0.9999201,-0.09576416,0.14125061,9.708481,0
4739.873557953,0.6187164,0.7855757,0.0077965306,-0.78551674,0.6187656,-0.009629314,-0.01238878,-1.6649076E-4,0.9999233,0.626977,0.77899784,0.007889096,-0.77893406,0.6270266,-0.00997291,-0.012715548,1.077008E-4,0.9999192,-0.11012268,-0.03590393,9.737213,0
4739.877952484,0.6429825,0.76583886,0.008028406,-0.76578116,0.6430326,-0.009397139,-0.01235922,-1.05807245E-4,0.9999236,0.6267951,0.779144,0.007908432,-0.77907985,0.62684494,-0.009999486,-0.0127484,1.0632824E-4,0.99991876,-0.14364624,-0.05984497,9.890442,0
4739.882347015,0.64297277,0.76584667,0.008050211,-0.765789,0.64302313,-0.009399147,-0.012374778,-1.2136711E-4,0.9999234,0.6267951,0.779144,0.007908432,-0.77907985,0.62684494,-0.009999486,-0.0127484,1.0632824E-4,0.99991876,-0.14364624,-0.05984497,9.890442,0
4739.886741547,0.64297646,0.76584375,0.0080420375,-0.7657865,0.64302677,-0.00936513,-0.012343471,-1.3692494E-4,0.9999239,0.6274432,0.7786223,0.007896363,-0.77855843,0.62749285,-0.0099757165,-0.012722227,1.1141523E-4,0.99991906,-0.04788208,-0.02154541,9.761154,0
4739.891136078,0.6410009,0.7674981,0.0080298195,-0.7674409,0.64105123,-0.009375848,-0.012343471,-1.5248459E-4,0.9999239,0.62774915,0.77837545,0.007916054,-0.7783111,0.62779903,-0.010012041,-0.0127628185,1.2389748E-4,0.9999186,-0.10055542,-0.05027771,9.617508,0
4739.895530609,0.6409998,0.7674991,0.008032548,-0.76744246,0.6410501,-0.009333029,-0.012312356,-1.8204798E-4,0.99992424,0.62800044,0.7781722,0.0079699885,-0.7781079,0.628051,-0.010008384,-0.0127938045,8.3758285E-5,0.99991816,-0.07182312,-0.06942749,9.871292,0
4739.89992514,0.6410087,0.7674919,0.008011736,-0.7674351,0.6410587,-0.009332166,-0.012298354,-1.6648835E-4,0.9999243,0.6282931,0.77793604,0.007958951,-0.77787226,0.62834346,-0.009965535,-0.012753504,7.022891E-5,0.9999187,-0.08618164,0.026321411,9.789886,0
4739.904319672,0.6449702,0.7641654,0.00804987,-0.7641091,0.64502037,-0.009278709,-0.012282797,-1.6648837E-4,0.99992454,0.62855256,0.7777262,0.007981097,-0.77766204,0.6286032,-0.009986584,-0.012783771,7.049646E-5,0.9999183,-0.08139038,-0.011962891,9.794678,0
4739.908714203,0.644975,0.76416147,0.008039227,-0.7641051,0.6450251,-0.009287692,-0.012282797,-1.5248469E-4,0.99992454,0.628877,0.7774637,0.007994229,-0.77739996,0.6289278,-0.0099518215,-0.012764973,4.3757867E-5,0.9999185,-0.10055542,0.06463623,9.832977,0
4739.913108734,0.6449739,0.76416236,0.008041733,-0.76410645,0.64502394,-0.009244857,-0.012251682,-1.8204811E-4,0.9999249,0.6292493,0.7771621,0.008025279,-0.7770987,0.6293005,-0.009919944,-0.012759717,5.6839694E-6,0.9999186,-0.028717041,-0.08857727,9.909592,0
4739.917503265,0.6222593,0.7827727,0.0077509093,-0.782716,0.62230754,-0.009432003,-0.012206566,-1.976079E-4,0.9999255,0.62960494,0.7768744,0.007981153,-0.7768114,0.62965554,-0.009898223,-0.012715054,3.212003E-5,0.9999192,-0.009567261,-0.03111267,9.900009,0
4739.921897797,0.62226886,0.7827655,0.0077316584,-0.78270906,0.6223169,-0.0094075585,-0.012175452,-1.9760798E-4,0.9999259,0.62951624,0.7769462,0.007998302,-0.7768833,0.629567,-0.009888101,-0.012717989,1.0974332E-5,0.9999191,-0.04788208,-0.01675415,9.909592,0
4739.926292328,0.62227,0.7827645,0.007729174,-0.78270775,0.62231797,-0.009429405,-0.012191009,-1.8204826E-4,0.9999257,0.6293675,0.77706647,0.008017756,-0.7770029,0.62941855,-0.009940638,-0.012771061,2.6495807E-5,0.99991846,-0.16279602,0.04548645,9.727631,0
4739.930686859,0.61337715,0.78975344,0.0076124817,-0.7896963,0.6134244,-0.00950394,-0.012175452,-1.8204829E-4,0.9999259,0.62925303,0.7771588,0.0080509195,-0.7770952,0.6293045,-0.00994388,-0.012794454,8.858258E-7,0.99991816,-0.10533142,0.007171631,9.9479065,0
4739.93508139,0.61337304,0.78975654,0.0076219765,-0.7896992,0.61342037,-0.009516265,-0.012191009,-1.8204826E-4,0.9999257,0.62893474,0.7774164,0.008050677,-0.77735317,0.62898624,-0.00991121,-0.012768903,-2.4715684E-5,0.99991846,-0.1484375,-0.002380371,9.713272,0
4739.939475922,0.6133636,0.7897637,0.0076436973,-0.78970635,0.6134112,-0.009519097,-0.012206566,-1.976079E-4,0.9999255,0.62859124,0.77769405,0.008064291,-0.7776307,0.628643,-0.009923371,-0.012786906,-3.3297056E-5,0.9999182,-0.16758728,-0.04069519,9.775513,0
4739.943870453,0.62187517,0.7830784,0.007714741,-0.7830218,0.621923,-0.009421121,-0.012175452,-1.8204829E-4,0.9999259,0.6282853,0.777941,0.008084468,-0.7778775,0.6283373,-0.009937157,-0.0128102945,-4.5356053E-5,0.9999179,-0.03829956,0.002380371,9.84256,0
4739.948264984,0.62187207,0.78308076,0.007721872,-0.7830237,0.62192,-0.009455193,-0.012206566,-1.6648853E-4,0.9999255,0.62816775,0.77803564,0.008116474,-0.7779725,0.62822014,-0.00990621,-0.012806317,-9.163335E-5,0.999918,-0.19152832,0.06942749,9.837769,0
4739.952659515,0.6218667,0.78308487,0.0077339928,-0.78302795,0.6219148,-0.009445567,-0.012206566,-1.8204821E-4,0.9999255,0.62807274,0.778112,0.008147608,-0.7780492,0.62812555,-0.009890979,-0.0128140105,-1.2698484E-4,0.9999179,-0.11012268,-0.04548645,9.809036,0
4739.957054047,0.60855126,0.79347867,0.0075609894,-0.7934208,0.6085982,-0.009584333,-0.012206566,-1.6648853E-4,0.9999255,0.62793493,0.7782231,0.008155841,-0.77815974,0.6279879,-0.00993064,-0.012850024,-1.1075062E-4,0.99991745,-0.13406372,0.04069519,9.727631,0
4739.961448578,0.6085494,0.79347986,0.0075649694,-0.79342127,0.6085964,-0.009638137,-0.012251682,-1.3692507E-4,0.9999249,0.6275242,0.7785543,0.008158312,-0.77849114,0.6275772,-0.009918534,-0.012842089,-1.2705375E-4,0.99991757,-0.22026062,0.06942749,9.9048,0
4739.965843109,0.60856277,0.79346997,0.0075347917,-0.7934116,0.6086094,-0.00962403,-0.012222124,-1.21365454E-4,0.9999253,0.6271343,0.7788685,0.008150504,-0.77880484,0.62718725,-0.009960311,-0.0128696645,-1.01198726E-4,0.9999172,-0.07182312,0.03111267,9.832977,0
4739.97023764,0.6407856,0.76767844,0.00797911,-0.7676221,0.6408352,-0.009298669,-0.012251682,-1.6648843E-4,0.9999249,0.62677956,0.7791539,0.008161341,-0.7790898,0.6268327,-0.00999685,-0.01290488,-9.2595554E-5,0.99991673,-0.19152832,-0.11730957,9.775513,0
4739.974632172,0.6407902,0.76767457,0.0079684155,-0.7676181,0.64083976,-0.009307594,-0.012251682,-1.5248473E-4,0.9999249,0.6270542,0.7789325,0.008198422,-0.7788692,0.6271078,-0.009931161,-0.012876998,-1.5812195E-4,0.9999171,-0.12449646,0.03590393,9.732422,0
4739.979026703,0.6407911,0.76767397,0.007966452,-0.7676173,0.64084065,-0.009329501,-0.012267239,-1.3692505E-4,0.9999248,0.6273412,0.77870214,0.008120939,-0.7786384,0.6273938,-0.0099605415,-0.012851322,-7.461713E-5,0.99991745,-0.13406372,0.026321411,9.866501,0
4739.983421234,0.6507278,0.75926846,0.008046025,-0.75921273,0.6507776,-0.009200897,-0.012222124,-1.21365454E-4,0.9999253,0.6276041,0.77849025,0.008126681,-0.77842605,0.62765676,-0.00999779,-0.012883947,-5.136615E-5,0.999917,-0.028717041,0.03590393,9.880859,0
4739.987815765,0.6507318,0.75926507,0.0080359485,-0.75920945,0.65078145,-0.009189042,-0.012206566,-1.21365476E-4,0.9999255,0.62807214,0.7781125,0.0081479745,-0.7780485,0.628125,-0.009974755,-0.012879428,-7.4653595E-5,0.99991703,-0.0622406,0.01675415,9.866501,0
4739.992210297,0.65074056,0.7592578,0.008014114,-0.7592022,0.6507899,-0.009187266,-0.012191009,-1.0580582E-4,0.9999257,0.6285438,0.7777311,0.008184697,-0.7776664,0.6285971,-0.010034564,-0.012949069,-5.7800775E-5,0.99991614,-0.10055542,0.03590393,9.900009,0
4739.996604828,0.5850656,0.8109541,0.0071858,-0.81089455,0.5851098,-0.009829126,-0.012175452,-7.6242446E-5,0.9999259,0.629016,0.77734935,0.0081785945,-0.77728486,0.62906915,-0.010013607,-0.012928972,-5.8378115E-5,0.99991643,-0.07661438,0.05984497,9.880859,0
4740.000999359,0.5850601,0.810958,0.0071970904,-0.8108986,0.5851044,-0.009820981,-0.012175452,-9.024616E-5,0.9999259,0.62816244,0.77803934,0.008171051,-0.7779754,0.62821555,-0.009977852,-0.012896342,-8.916404E-5,0.99991685,-0.12449646,-0.011962891,9.837769,0
4740.00539389,0.5850612,0.81095725,0.0071948506,-0.8108975,0.5851054,-0.00984178,-0.012191009,-7.624243E-5,0.9999257,0.62728035,0.7787505,0.008190191,-0.7786864,0.6273338,-0.00998899,-0.012916914,-1.116944E-4,0.99991655,-0.15800476,0.002380371,9.799454,0
4740.009788422,0.6386584,0.7694502,0.007861985,-0.7693931,0.6387068,-0.009376333,-0.012236125,-6.0682716E-5,0.99992514,0.6264988,0.77937895,0.00823133,-0.7793152,0.6265529,-0.009969047,-0.012927028,-1.6920408E-4,0.99991643,-0.22984314,0.05984497,9.832977,0
4740.014182953,0.63864386,0.769462,0.007893657,-0.7694047,0.6386927,-0.009390483,-0.012267239,-7.624236E-5,0.9999248,0.6267639,0.7791657,0.008238445,-0.7791019,0.626818,-0.009967977,-0.012930712,-1.7102102E-4,0.9999164,-0.2106781,-0.05027771,9.765945,0
4740.018577484,0.63864475,0.7694612,0.007891633,-0.76940364,0.63869345,-0.009412381,-0.012282797,-6.068268E-5,0.99992454,0.62699515,0.77897966,0.008233257,-0.7789158,0.6270492,-0.009973982,-0.012932186,-1.5937477E-4,0.9999164,-0.12927246,0.05027771,9.727631,0
4740.022972015,0.6386416,0.7694638,0.007898503,-0.76940584,0.6386905,-0.009445095,-0.012312356,-4.5123004E-5,0.99992424,0.62722266,0.77879685,0.008201315,-0.7787327,0.62727624,-0.009994164,-0.012927913,-1.1806614E-4,0.99991643,-0.2106781,0.04548645,9.818619,0
4740.027366547,0.6386457,0.7694605,0.007889609,-0.7694026,0.6386944,-0.00943428,-0.012298354,-4.5123008E-5,0.9999243,0.6274762,0.778593,0.008161265,-0.7785287,0.62752926,-0.010010587,-0.012915605,-7.237317E-5,0.9999166,-0.10533142,-0.026321411,9.933533,0
4740.031761078,0.6386566,0.7694516,0.007865796,-0.7693935,0.638705,-0.0094540445,-0.012298354,-1.4003692E-5,0.9999243,0.62770057,0.77841204,0.008166058,-0.7783474,0.6277537,-0.010035069,-0.012937691,-5.7011803E-5,0.9999163,-0.10533142,0.10772705,9.727631,0
4740.036155609,0.66393256,0.7477481,0.008145234,-0.7476918,0.6639825,-0.009172805,-0.012267239,0.0,0.9999248,0.62796205,0.77820116,0.008163488,-0.778137,0.6280151,-0.009992567,-0.012903021,-7.735968E-5,0.99991673,-0.028717041,0.02154541,9.880859,0
4740.04055014,0.6639326,0.747748,0.008145093,-0.74769145,0.6639825,-0.009193734,-0.012282797,1.40036955E-5,0.99992454,0.62869865,0.77760637,0.008146137,-0.7775417,0.6287514,-0.010023949,-0.012916582,-3.191815E-5,0.99991655,-0.15800476,0.03111267,9.718063,0
4740.044944672,0.66393745,0.74774396,0.008133517,-0.7476873,0.6639872,-0.009204016,-0.012282797,2.9563356E-5,0.99992454,0.6294319,0.77701265,0.008178226,-0.7769482,0.629485,-0.010006945,-0.012923593,-5.5367705E-5,0.9999165,-0.13406372,0.04548645,9.895233,0
4740.049339203,0.6101459,0.79225403,0.007452452,-0.7921943,0.6101914,-0.009724482,-0.012251682,2.9563367E-5,0.9999249,0.6301144,0.77645916,0.008186143,-0.7763947,0.63016754,-0.010000834,-0.012923881,-5.4008076E-5,0.9999165,-0.04309082,0.002380371,9.809036,0
4740.053733734,0.61015135,0.79225,0.0074401903,-0.79219013,0.61019665,-0.0097339265,-0.012251682,4.5123033E-5,0.9999249,0.6297192,0.7767798,0.008175575,-0.776716,0.6297723,-0.0099540735,-0.012880875,-8.182828E-5,0.99991703,-0.13885498,0.026321411,9.74678,0
4740.058128265,0.61014724,0.79225314,0.007449634,-0.7921932,0.6101927,-0.009746291,-0.012267239,4.512303E-5,0.9999248,0.6293829,0.7770525,0.0081564365,-0.7769891,0.6294358,-0.00993084,-0.012850736,-8.716053E-5,0.99991745,-0.15800476,0.026321411,9.976624,0
4740.062522797,0.6457399,0.76351726,0.007829371,-0.76345885,0.64578736,-0.0094446195,-0.012267239,1.2136539E-4,0.9999248,0.6289984,0.77736396,0.008144235,-0.7773004,0.6290511,-0.00993697,-0.012847782,-8.018046E-5,0.99991745,-0.1197052,0.16519165,9.828186,0
4740.066917328,0.6457391,0.7635179,0.0078311935,-0.76345974,0.6457865,-0.009422701,-0.012251682,1.0580574E-4,0.9999249,0.62931716,0.77710605,0.008129462,-0.77704287,0.6293697,-0.009908528,-0.012816414,-8.133393E-5,0.99991786,-0.08618164,-0.04069519,9.722839,0
4740.071311859,0.6457296,0.76352584,0.00785365,-0.7634679,0.6457773,-0.009403707,-0.012251682,7.6242366E-5,0.9999249,0.62964165,0.776843,0.008141267,-0.7767802,0.6296943,-0.009878726,-0.012800729,-1.03917664E-4,0.99991804,-0.10055542,-0.06463623,9.751572,0
4740.07570639,0.63917255,0.7690241,0.007772891,-0.7689657,0.6392198,-0.009470571,-0.012251682,7.6242366E-5,0.9999249,0.6299732,0.7765745,0.008114017,-0.7765104,0.63002545,-0.009975311,-0.012858609,-1.6439844E-5,0.9999173,-0.12449646,0.007171631,9.722839,0
4740.080100922,0.6391765,0.76902086,0.007762993,-0.7689627,0.63922364,-0.009458568,-0.012236125,7.624239E-5,0.99992514,0.63014454,0.77643526,0.008132943,-0.7763718,0.63019705,-0.009927348,-0.0128333,-5.8523332E-5,0.9999176,-0.07182312,-0.011962891,9.928741,0
4740.084495453,0.63918436,0.7690146,0.0077433675,-0.7689564,0.63923126,-0.009456676,-0.012222124,9.024611E-5,0.9999253,0.63034004,0.7762773,0.008061245,-0.77621406,0.6303916,-0.009908123,-0.012773192,-1.1765396E-5,0.9999184,-0.11491394,0.04548645,9.957474,0
4740.088889984,0.5956385,0.8032204,0.0071881325,-0.80315906,0.59568185,-0.009922358,-0.012251682,1.3692507E-4,0.9999249,0.6305216,0.77613,0.008040364,-0.77606684,0.63057286,-0.009904521,-0.0127572315,5.1542997E-6,0.99991864,-0.1819458,0.14125061,9.756363,0
4740.093284515,0.59564537,0.8032155,0.007173737,-0.8031539,0.5956885,-0.0099524055,-0.012267239,1.6648842E-4,0.9999248,0.6298256,0.77669495,0.008039552,-0.7766319,0.6298769,-0.009897814,-0.01275151,-9.875E-6,0.9999187,-0.15800476,0.05505371,9.919174,0
4740.097679047,0.59565556,0.8032082,0.0071520978,-0.80314654,0.5956984,-0.009949088,-0.012251682,1.8204811E-4,0.9999249,0.62914973,0.77724266,0.00802503,-0.7771792,0.62920094,-0.009930933,-0.012768102,1.115719E-5,0.99991846,-0.07182312,0.05027771,9.823395,0
4740.102073578,0.6431601,0.7656921,0.007783636,-0.76563317,0.6432072,-0.009502913,-0.012282797,1.5248469E-4,0.99992454,0.62850183,0.7777662,0.008072085,-0.77770257,0.6285537,-0.009949289,-0.01281196,-2.4534093E-5,0.9999179,-0.19631958,-0.09815979,9.718063,0
4740.106468109,0.6431593,0.7656927,0.007785532,-0.76563406,0.64320636,-0.009481001,-0.012267239,1.3692505E-4,0.9999248,0.6288004,0.77752453,0.008106083,-0.7774609,0.6288526,-0.00994753,-0.01283198,-4.7152203E-5,0.9999177,-0.10533142,-0.03111267,9.919174,0
4740.11086264,0.6431688,0.76568514,0.0077637266,-0.76562643,0.64321566,-0.009479005,-0.012251682,1.5248473E-4,0.9999249,0.6291127,0.77727205,0.008085192,-0.77720845,0.6291647,-0.009943535,-0.012815748,-2.8274979E-5,0.99991786,-0.0909729,0.06942749,9.828186,0
4740.115257172,0.6571791,0.753693,0.007904708,-0.7536351,0.6572267,-0.00934192,-0.012236125,1.8204814E-4,0.99992514,0.62940294,0.7770375,0.0080419425,-0.776974,0.6294543,-0.009930221,-0.01277819,1.7301505E-6,0.99991834,-0.05744934,0.07421875,9.789886,0
4740.119651703,0.6571922,0.7536818,0.007875214,-0.7536243,0.6572393,-0.009307781,-0.012191009,1.8204826E-4,0.9999257,0.6299733,0.776575,0.008056071,-0.77651143,0.6300248,-0.009938643,-0.012793626,5.4488273E-6,0.99991816,0.0,-0.007171631,9.6558075,0
4740.124046234,0.6571975,0.7536774,0.007863552,-0.75361985,0.65724444,-0.009317956,-0.012191009,1.9760794E-4,0.9999257,0.6305104,0.776139,0.008061129,-0.7760757,0.6305619,-0.009912651,-0.012776635,-6.0168304E-6,0.9999184,-0.1197052,0.03111267,9.895233,0
4740.128440765,0.6059161,0.79549575,0.0072300695,-0.7954352,0.6059592,-0.009817629,-0.012191009,1.9760794E-4,0.9999257,0.63104457,0.77570486,0.008041576,-0.77564085,0.6310958,-0.009964231,-0.012804308,5.0499155E-5,0.99991804,-0.13885498,-0.002380371,9.818619,0
4740.132835297,0.60592055,0.7954924,0.0072206957,-0.79543203,0.6059636,-0.009805215,-0.012175452,1.9760798E-4,0.9999259,0.63055176,0.7761052,0.00807463,-0.7760409,0.63060343,-0.00999135,-0.012846228,3.3820088E-5,0.9999175,-0.08618164,0.01675415,9.794678,0
4740.137229828,0.6059264,0.795488,0.0072083888,-0.7954275,0.60596925,-0.00981459,-0.012175452,2.1316766E-4,0.9999259,0.6300581,0.7765061,0.008060287,-0.7764415,0.63010967,-0.010019528,-0.012859089,5.4543878E-5,0.9999173,-0.1197052,0.02154541,9.84256,0
4740.141624359,0.6407468,0.76771456,0.007615598,-0.76765585,0.6407921,-0.009502801,-0.012175452,2.4273105E-4,0.9999259,0.62957484,0.7768986,0.008005264,-0.77683437,0.62962574,-0.009990137,-0.0128016425,7.077455E-5,0.99991804,-0.09576416,0.07421875,9.775513,0
4740.14601889,0.640734,0.76772493,0.0076461323,-0.767666,0.6407796,-0.009517837,-0.012206566,2.2872724E-4,0.9999255,0.6298228,0.7766983,0.007936883,-0.77663404,0.6298728,-0.009991431,-0.012759553,1.2877736E-4,0.9999186,-0.19631958,-0.01675415,9.8138275,0
4740.150413422,0.64073634,0.7677229,0.007640431,-0.7676632,0.6407818,-0.009581363,-0.012251682,2.7385014E-4,0.9999249,0.63006604,0.776501,0.007939443,-0.7764367,0.63011605,-0.009992037,-0.012761597,1.311679E-4,0.9999186,-0.25378418,0.13645935,9.828186,0
4740.154807953,0.6381887,0.76984274,0.007577787,-0.769783,0.63823366,-0.009593812,-0.012222124,2.8940995E-4,0.9999253,0.63024974,0.77635217,0.007913532,-0.7762871,0.6302994,-0.010056372,-0.01279518,1.9485316E-4,0.99991816,-0.04309082,0.04069519,9.770737,0
4740.159202484,0.6382038,0.76983035,0.007545284,-0.7697706,0.6382483,-0.009600555,-0.012206566,3.1897335E-4,0.9999255,0.6304055,0.77622586,0.007894447,-0.776161,0.6304549,-0.010031708,-0.012763964,1.9668204E-4,0.9999185,-0.0909729,0.05027771,9.909592,0
4740.163597015,0.63819927,0.76983416,0.0075551583,-0.76977426,0.6382439,-0.009612577,-0.012222124,3.1897333E-4,0.9999253,0.63055205,0.7761073,0.007848618,-0.7760424,0.63060087,-0.010037662,-0.012739648,2.384083E-4,0.9999188,-0.13885498,0.02154541,9.86171,0
4740.167991547,0.6445534,0.7645214,0.007610727,-0.7644616,0.64459825,-0.009569727,-0.012222122,3.5009263E-4,0.9999252,0.63072497,0.7759669,0.0078394525,-0.7759025,0.63077366,-0.009993738,-0.012699729,2.2064919E-4,0.99991935,-0.12927246,0.05984497,9.751572,0
4740.172386078,0.6445488,0.7645253,0.0076225656,-0.76446563,0.6445938,-0.009559746,-0.012222124,3.34533E-4,0.9999253,0.6309967,0.77574605,0.007819481,-0.7756815,0.63104504,-0.010014667,-0.012703285,2.537949E-4,0.99991924,-0.12449646,-0.007171631,10.01973,0
4740.176780609,0.64454806,0.7645259,0.0076244236,-0.76446646,0.64459306,-0.009537829,-0.012206566,3.1897335E-4,0.9999255,0.63123924,0.7755489,0.00780673,-0.77548444,0.6312874,-0.010001433,-0.012684891,2.592995E-4,0.9999195,-0.0909729,-0.05984497,9.84256,0
4740.18117514,0.63932616,0.76889884,0.0075254044,-0.768839,0.6393703,-0.009597476,-0.012191008,3.5009277E-4,0.9999256,0.63149583,0.7753404,0.0077625676,-0.77527577,0.63154346,-0.010012442,-0.01266545,3.0468465E-4,0.9999197,-0.08618164,0.07421875,9.837769,0
4740.185569672,0.63932425,0.7689003,0.0075294133,-0.76884097,0.6393685,-0.009553673,-0.012159893,3.1897353E-4,0.999926,0.6316666,0.7752011,0.0077791144,-0.7751366,0.6317144,-0.010009368,-0.0126734525,2.9270802E-4,0.99991965,-0.04309082,-0.04548645,9.84256,0
4740.189964203,0.6393054,0.76891565,0.0075697917,-0.76885605,0.6393502,-0.009580788,-0.012206566,3.0496967E-4,0.9999255,0.6317968,0.7750955,0.0077263904,-0.775031,0.6318439,-0.0100109335,-0.012641303,3.3668356E-4,0.99992,-0.22984314,-0.04069519,9.871292,0
4740.194358734,0.64966506,0.7601816,0.007692251,-0.76012325,0.6497105,-0.009421639,-0.012159893,2.7385046E-4,0.999926,0.6318975,0.7750132,0.0077491715,-0.77494806,0.6319449,-0.010057421,-0.012691684,3.5005473E-4,0.9999194,0.0143585205,-0.07421875,9.9048,0
4740.198753265,0.64966,0.7601859,0.0077040177,-0.76012766,0.6497056,-0.009411581,-0.012159893,2.5829076E-4,0.999926,0.6322766,0.77470374,0.0077685914,-0.77463895,0.6323242,-0.010028051,-0.012681038,3.226493E-4,0.99991953,-0.14364624,-0.04548645,9.660599,0
4740.203147797,0.6496734,0.7601748,0.0076731467,-0.7601167,0.64971864,-0.009399088,-0.012130334,2.7385054E-4,0.9999263,0.6326158,0.7744262,0.007821899,-0.7743618,0.6326641,-0.009996651,-0.012690303,2.6705983E-4,0.9999194,-0.04788208,0.03111267,9.785095,0
4740.207542328,0.627652,0.7784584,0.007443777,-0.778399,0.62769604,-0.009618321,-0.012159893,2.4273107E-4,0.999926,0.63295287,0.77415085,0.007812916,-0.77408576,0.633001,-0.01004623,-0.0127228815,3.1092257E-4,0.999919,-0.19631958,-0.06463623,9.742004,0
4740.211936859,0.6276491,0.77846074,0.0074505466,-0.7784021,0.6276933,-0.009554908,-0.012114777,1.9760811E-4,0.99992657,0.6328674,0.77422076,0.007812528,-0.7741555,0.6329155,-0.01006022,-0.012733501,3.1867347E-4,0.9999189,0.009567261,-0.11251831,9.871292,0
4740.21633139,0.62765944,0.7784526,0.007426447,-0.77839375,0.6277033,-0.0095743425,-0.012114777,2.287275E-4,0.99992657,0.63279396,0.7742808,0.0078117824,-0.77421606,0.63284206,-0.010019277,-0.01270136,2.9213057E-4,0.9999193,-0.09576416,0.07421875,9.751572,0
4740.220725922,0.6510732,0.75897574,0.0077145747,-0.7589182,0.6511189,-0.0093437405,-0.012114777,2.287275E-4,0.99992657,0.6327082,0.7743506,0.007841242,-0.77428555,0.63275665,-0.010042205,-0.0127377855,2.8242447E-4,0.9999188,-0.15322876,0.007171631,9.765945,0
4740.225120453,0.65106446,0.758983,0.0077347285,-0.7589252,0.65111035,-0.009367442,-0.012145892,2.2872741E-4,0.9999262,0.63306,0.7740632,0.007816109,-0.77399814,0.63310814,-0.010046841,-0.012725333,3.1059908E-4,0.999919,-0.18673706,-0.02154541,9.799454,0
4740.229514984,0.65106887,0.7589793,0.007724652,-0.75892174,0.6511147,-0.009355592,-0.012130336,2.2872747E-4,0.9999265,0.6334572,0.7737377,0.00786117,-0.7736727,0.6335059,-0.010034713,-0.0127443345,2.7458803E-4,0.9999187,-0.0622406,0.007171631,9.74678,0
4740.233909515,0.65106374,0.7589836,0.0077364,-0.75892615,0.6511097,-0.009345512,-0.012130336,2.1316779E-4,0.9999265,0.6337994,0.7734581,0.007803527,-0.773393,0.63384724,-0.010043535,-0.0127145,3.303931E-4,0.9999191,-0.13406372,-0.03590393,9.828186,0
4740.238304047,0.65103424,0.7590082,0.0078040403,-0.7589511,0.65108097,-0.009307975,-0.012145892,1.3692526E-4,0.9999262,0.6341554,0.7731658,0.007840479,-0.7731012,0.6342038,-0.009998309,-0.012702812,2.7899785E-4,0.99991924,-0.14364624,-0.19871521,9.9479065,0
4740.242698578,0.6510354,0.7590073,0.0078013614,-0.75895,0.6510822,-0.009328722,-0.012159894,1.5248492E-4,0.9999261,0.63447595,0.7729027,0.007858656,-0.77283865,0.6345245,-0.009952096,-0.012678512,2.4089133E-4,0.99991965,-0.18673706,0.03590393,9.775513,0
4740.247093109,0.6004214,0.7996513,0.0072045433,-0.7995913,0.60046464,-0.009796546,-0.012159894,1.2136555E-4,0.9999261,0.63485,0.7725949,0.007901569,-0.7725303,0.63489914,-0.009999815,-0.012742506,2.4418163E-4,0.99991876,-0.0909729,-0.06463623,9.866501,0
4740.25148764,0.6004295,0.7996455,0.0071868906,-0.7995858,0.60047257,-0.00977284,-0.012130336,1.213656E-4,0.9999265,0.6342077,0.7731233,0.007803126,-0.7730583,0.6342556,-0.010033382,-0.012706218,3.3097705E-4,0.99991924,-0.06703186,-0.002380371,9.919174,0
4740.255882172,0.6004295,0.7996455,0.0071868906,-0.7995858,0.60047257,-0.00977284,-0.012130336,1.213656E-4,0.9999265,0.63353336,0.77367586,0.0078180935,-0.7736113,0.6335815,-0.010000202,-0.012690314,2.8729605E-4,0.9999194,-0.10533142,0.01675415,9.919174,0
4740.260276703,0.62450147,0.7809877,0.0074908957,-0.78092915,0.62454635,-0.009561584,-0.012145892,1.2136556E-4,0.9999262,0.63285923,0.77422756,0.007795079,-0.7741631,0.6329072,-0.009991486,-0.012669246,2.885421E-4,0.99991965,-0.15800476,-0.026321411,9.68454,0
4740.264671234,0.6244845,0.781001,0.0075334567,-0.78094244,0.62452996,-0.009565397,-0.012175452,9.024616E-5,0.9999259,0.6326928,0.7743635,0.007805225,-0.7742993,0.63274086,-0.00997527,-0.01266317,2.677011E-4,0.9999198,-0.20111084,-0.06942749,9.789886,0
4740.269065765,0.6244883,0.7809978,0.007523786,-0.78093946,0.62453365,-0.009553209,-0.012159894,9.0246176E-5,0.9999261,0.6325191,0.7745059,0.007758365,-0.77444136,0.6325666,-0.010006542,-0.012657808,3.209312E-4,0.99991983,-0.0909729,0.011962891,9.971848,0
4740.273460297,0.6050178,0.79617846,0.0072967894,-0.7961191,0.6050618,-0.009727574,-0.012159894,7.624246E-5,0.9999261,0.63242054,0.77458644,0.0077483524,-0.77452266,0.6324679,-0.009944484,-0.012603447,2.8782166E-4,0.9999205,-0.12927246,-0.03111267,9.9048,0
4740.277854828,0.60503495,0.79616594,0.0072555714,-0.79610664,0.6050785,-0.0097217765,-0.012130336,1.05805906E-4,0.9999265,0.63188326,0.7750248,0.0077541242,-0.77496105,0.6319307,-0.009944989,-0.0126076825,2.7492805E-4,0.9999205,-0.04309082,0.07421875,9.923965,0
4740.282249359,0.6050224,0.79617506,0.007285695,-0.7961156,0.60506624,-0.009736005,-0.012159894,9.0246176E-5,0.9999261,0.63139755,0.7754207,0.0077358047,-0.7753568,0.6314448,-0.009958597,-0.012606836,2.8982406E-4,0.9999205,-0.19152832,-0.04069519,9.818619,0
4740.28664389,0.6511516,0.75890714,0.007846673,-0.7588498,0.65119886,-0.009330871,-0.012191009,1.21365505E-4,0.9999257,0.6308921,0.77583206,0.0077243815,-0.775768,0.6309393,-0.009975122,-0.012612636,3.0089816E-4,0.99992037,-0.19152832,0.07899475,9.86171,0
4740.291038422,0.6511467,0.7589113,0.007858423,-0.7588541,0.6511941,-0.00932079,-0.012191009,1.0580582E-4,0.9999257,0.63129115,0.77550703,0.0077587334,-0.7754428,0.6313388,-0.009987275,-0.0126435915,2.8842452E-4,0.99992,-0.13885498,-0.026321411,9.651016,0
4740.295432953,0.6511425,0.75891477,0.007868502,-0.75885737,0.65119,-0.009332637,-0.012206566,1.058058E-4,0.9999255,0.63168436,0.7751865,0.007789911,-0.7751216,0.63173234,-0.010032846,-0.012698465,2.994642E-4,0.9999193,-0.12927246,-0.02154541,9.751572,0
4740.299827484,0.61257553,0.7903775,0.0074039013,-0.7903177,0.61262023,-0.009724907,-0.012222124,1.0580578E-4,0.9999253,0.6320912,0.7748551,0.007765241,-0.77479017,0.6321388,-0.010034808,-0.012684232,3.2648162E-4,0.9999195,-0.18673706,0.011962891,9.84256,0
4740.304222015,0.6125556,0.79039246,0.0074479016,-0.7903328,0.6126009,-0.009708513,-0.012236125,6.0682716E-5,0.99992514,0.63172156,0.7751562,0.007792548,-0.7750915,0.63176954,-0.010022995,-0.01269248,2.9180458E-4,0.9999194,-0.1484375,-0.11251831,9.823395,0
4740.308616547,0.6125514,0.7903957,0.007457381,-0.79033583,0.61259675,-0.009720847,-0.012251682,6.06827E-5,0.9999249,0.63132626,0.77547807,0.007805063,-0.7754128,0.6313744,-0.01006436,-0.012732606,3.017482E-4,0.9999189,-0.16758728,-0.03111267,9.713272,0
4740.313011078,0.6709047,0.74149895,0.008142966,-0.74144274,0.6709541,-0.00913362,-0.012236125,9.024609E-5,0.99992514,0.6309475,0.775786,0.007827778,-0.77572113,0.630996,-0.01003896,-0.012727381,2.6188366E-4,0.99991894,-0.0909729,0.11251831,9.756363,0
4740.317405609,0.6709043,0.7414993,0.00814395,-0.74144334,0.6709537,-0.009113847,-0.012222124,7.62424E-5,0.9999253,0.6317795,0.7751093,0.007762223,-0.77504385,0.63182706,-0.010080085,-0.01271755,3.5232792E-4,0.99991906,-0.07661438,-0.04069519,9.756363,0
4740.32180014,0.67090034,0.7415027,0.008153297,-0.7414466,0.6709499,-0.009124271,-0.012236125,7.624239E-5,0.99992514,0.6325448,0.774485,0.007755788,-0.7744194,0.6325922,-0.010084281,-0.012716374,3.7252682E-4,0.99991906,-0.12927246,-0.03111267,9.8138275,0
