Time,Rot1,Rot2,Rot3,Rot4,Rot5,Rot6,Rot7,Rot8,Rot9,FRot1,FRot2,FRot3,FRot4,FRot5,FRot6,FRot7,FRot8,FRot9,AccX,AccY,AccZ,Imid
7006.830822859,0.6804065,0.73134726,0.046670884,-0.7300113,0.6819942,-0.044356365,-0.06426918,-0.003889915,0.99792504,0.68518806,0.72694516,0.045475822,-0.72564703,0.6866882,-0.043538567,-0.06287786,-0.003167292,0.9980162,-0.09277344,-0.1701355,-0.073013306,0
7006.835247908,0.68057084,0.73121035,0.04641996,-0.72987,0.68214226,-0.044402897,-0.06413287,-0.0036612232,0.9979346,0.68508893,0.7270461,0.04535548,-0.72574925,0.6865816,-0.04351671,-0.06277889,-0.003103885,0.9980226,-0.17552185,-0.10534668,-0.010772705,0
7006.839672957,0.6807439,0.731066,0.046155617,-0.7297196,0.68229836,-0.04447973,-0.06400952,-0.0034013516,0.9979435,0.6850158,0.7271362,0.045013446,-0.72583455,0.6864874,-0.043579865,-0.06258966,-0.0028194191,0.9980353,-0.16236877,-0.026489258,0.017807007,0
7006.844098005,0.6925563,0.71985257,0.046670318,-0.7185278,0.69411963,-0.043772023,-0.06390418,-0.003219327,0.9979509,0.6849348,0.7272289,0.04475027,-0.72592264,0.6863902,-0.04364543,-0.062456362,-0.0025909592,0.9980444,-0.06762695,-0.042648315,0.23329163,0
7006.848523054,0.6926394,0.7197808,0.046542984,-0.71844745,0.6941947,-0.04389436,-0.06390421,-0.0030357223,0.9979513,0.6850764,0.7271087,0.0445331,-0.72579867,0.6865182,-0.043693427,-0.06234265,-0.0023887253,0.99805194,0.018554688,0.15187073,0.18540955,0
7006.852948103,0.6926137,0.7198029,0.046582293,-0.7184628,0.69417197,-0.04400298,-0.0640096,-0.0029905792,0.9979448,0.6852564,0.72694117,0.04449925,-0.72562456,0.68669593,-0.043791693,-0.062391438,-0.0022812085,0.99804914,0.033966064,0.022155762,0.13752747,0
7006.857373152,0.68120414,0.73064286,0.046064816,-0.72927374,0.68275297,-0.044813335,-0.064193435,-0.003066833,0.9979328,0.68542117,0.7267797,0.044599343,-0.7254556,0.6868669,-0.043909285,-0.062546186,-0.0022584887,0.9980395,-0.06478882,0.113861084,0.14245605,0
7006.861798201,0.6810432,0.730777,0.046314146,-0.7294077,0.6826084,-0.044832706,-0.064377144,-0.0032488874,0.9979204,0.68534374,0.72683746,0.044846997,-0.725511,0.68680525,-0.04395756,-0.06275115,-0.002410951,0.99802625,0.013626099,-0.008834839,0.20484924,0
7006.86622325,0.6808737,0.73091835,0.046576798,-0.7295554,0.68245596,-0.04475375,-0.06449795,-0.0035087056,0.9979117,0.6852499,0.7269092,0.0451171,-0.72558135,0.6867287,-0.043993868,-0.062962756,-0.0025893324,0.99801254,-0.104904175,-0.08769226,-0.020202637,0
7006.870648298,0.70486885,0.7077071,0.048068047,-0.70639646,0.7064972,-0.043194413,-0.064528935,-0.0035086984,0.99790967,0.6851766,0.72696185,0.04538243,-0.7256402,0.686672,-0.04390749,-0.06308191,-0.0028469323,0.99800426,-0.08065796,0.008087158,-0.082458496,0
7006.875073347,0.704862,0.7077133,0.04807822,-0.70640063,0.70649123,-0.04322732,-0.064559385,-0.0034931868,0.9979078,0.6855595,0.72659403,0.045490038,-0.7252756,0.68706083,-0.043849457,-0.06311518,-0.0029314044,0.99800193,-0.07078552,0.02229309,-0.09187317,0
7006.879467879,0.70483357,0.70773876,0.048120525,-0.706426,0.70646554,-0.04322906,-0.064590365,-0.0035242988,0.9979056,0.6859207,0.72624904,0.045554437,-0.7249358,0.68742514,-0.043758426,-0.06309478,-0.0030092353,0.998003,-0.08483887,-0.08753967,-0.020050049,0
7006.883892927,0.66118383,0.7488533,0.045327596,-0.747441,0.66272706,-0.046096582,-0.0645594,-0.0034013847,0.9979081,0.68628997,0.72589964,0.045559898,-0.7245877,0.687794,-0.043726053,-0.063076556,-0.0030033907,0.99800414,-0.056427002,-0.12704468,-0.07272339,0
7006.888317976,0.6613041,0.7487579,0.045149617,-0.7473424,0.6628357,-0.04613212,-0.06446857,-0.0032348647,0.99791455,0.68580455,0.72636825,0.04540273,-0.7250497,0.68729985,-0.04384019,-0.06304941,-0.002853433,0.99800634,0.08155823,0.019760132,0.16175842,0
7006.892743025,0.6613544,0.7487179,0.045075107,-0.7473019,0.66288114,-0.04613574,-0.06442209,-0.003172636,0.9979178,0.68533474,0.7268221,0.04523244,-0.7254955,0.68682057,-0.043975152,-0.063028686,-0.0026782341,0.99800813,-0.043395996,-0.03352356,0.12823486,0
7006.897168074,0.6682324,0.7425596,0.0455029,-0.7411605,0.66977215,-0.045674518,-0.06439264,-0.0032037613,0.9979195,0.68481714,0.72731566,0.04513725,-0.72598696,0.6862981,-0.044021547,-0.062995166,-0.0026223403,0.99801034,0.052078247,-0.09068298,-0.053726196,0
7006.901593123,0.66823167,0.7425603,0.04550402,-0.74116266,0.66977143,-0.045652658,-0.064377144,-0.0032193242,0.99792045,0.684503,0.72761285,0.045112558,-0.72628033,0.6859831,-0.044091646,-0.063028105,-0.002583501,0.99800843,0.03756714,-0.047424316,0.17611694,0
7006.906018171,0.6682338,0.74255854,0.045500793,-0.7411581,0.6697735,-0.045695204,-0.064406596,-0.003188199,0.99791867,0.6841822,0.72790855,0.04520829,-0.7265767,0.685669,-0.044094123,-0.063094415,-0.0026788788,0.99800396,-0.07707214,0.10548401,-0.063308716,0
7006.91044322,0.67240775,0.738756,0.045906417,-0.73736006,0.67396516,-0.04550908,-0.06455943,-0.0032488995,0.99790853,0.68387157,0.72819394,0.045312997,-0.72686297,0.6853655,-0.044093944,-0.063164905,-0.002781747,0.9979992,0.0058288574,-0.05192566,-0.13018799,0
7006.914868269,0.67239213,0.73876876,0.045928486,-0.73737425,0.6739509,-0.04548903,-0.06455943,-0.0032800192,0.9979085,0.68387157,0.72819394,0.045312997,-0.72686297,0.6853655,-0.044093944,-0.063164905,-0.002781747,0.9979992,0.0058288574,-0.051620483,-0.13018799,0
7006.919293318,0.6723844,0.7387752,0.045939527,-0.7373814,0.6739439,-0.04547901,-0.06455943,-0.003295579,0.9979085,0.68337715,0.7286467,0.045493163,-0.7273138,0.68488353,-0.044149745,-0.06332709,-0.002916876,0.9979886,-0.013320923,-0.070617676,0.11401367,0
7006.923718367,0.7219145,0.69024163,0.04904857,-0.6889596,0.7235711,-0.042181987,-0.0646059,-0.0033406918,0.99790525,0.6831696,0.72883946,0.04552388,-0.72750664,0.6846783,-0.04415591,-0.06335178,-0.0029529463,0.9979869,-0.10862732,-0.09413147,-0.015258789,0
7006.928143416,0.72190803,0.69024783,0.049058925,-0.6889665,0.7235653,-0.04217117,-0.06460589,-0.0033562514,0.9979052,0.68396217,0.7280928,0.045569934,-0.72676,0.68547237,-0.04413059,-0.06336809,-0.0029347525,0.9979859,-0.0032958984,-0.06524658,0.05177307,0
7006.932568464,0.72195375,0.6902051,0.04898699,-0.6889201,0.72360647,-0.042223852,-0.06459042,-0.0032644528,0.9979065,0.6846721,0.72741944,0.045661237,-0.7260878,0.6861866,-0.044094447,-0.06340729,-0.0029638293,0.9979833,-0.11357117,-0.0038909912,0.04219055,0
7006.936993513,0.7409174,0.66972136,0.05014742,-0.66848296,0.7426053,-0.040838894,-0.06459042,-0.0032644528,0.9979065,0.68544567,0.7266931,0.045622345,-0.7253602,0.6869563,-0.04408736,-0.063378535,-0.0028731416,0.9979854,0.006134033,-0.023040771,-0.020050049,0
7006.941418562,0.74091667,0.6697219,0.050148487,-0.6684821,0.74260473,-0.04086084,-0.064605914,-0.00324889,0.99790555,0.68660164,0.72559714,0.0456819,-0.7242621,0.6881139,-0.04408518,-0.063422434,-0.0028167155,0.99798274,-0.05596924,0.06297302,-0.10145569,0
7006.945843611,0.7408926,0.6697455,0.05018984,-0.668506,0.7425834,-0.040859107,-0.06463535,-0.0032800029,0.9979035,0.68772167,0.7245297,0.04577779,-0.72319245,0.68923795,-0.044087037,-0.06349416,-0.0027865411,0.9979783,-0.07003784,-0.08035278,0.10444641,0
7006.95026866,0.66672474,0.743908,0.045596033,-0.7424961,0.66827416,-0.04592599,-0.064635366,-0.00323488,0.9979037,0.6888724,0.7234256,0.04593683,-0.7220884,0.69039655,-0.044056043,-0.0635859,-0.0028214606,0.99797237,-0.031723022,0.09635925,0.04219055,0
7006.954663191,0.66671187,0.7439185,0.045614816,-0.74250364,0.66826266,-0.045971673,-0.06468185,-0.0032193107,0.9979007,0.6884224,0.72385544,0.045911334,-0.7225148,0.68994594,-0.04412373,-0.06361554,-0.0027958523,0.9979705,-0.11746216,0.033950806,0.05177307,0
7006.95908824,0.66671264,0.74391776,0.04561366,-0.74250156,0.6682635,-0.04599353,-0.064697355,-0.003203748,0.99789983,0.68801326,0.7242431,0.045931537,-0.72290295,0.68953884,-0.044130184,-0.063632555,-0.0028418954,0.9979693,-0.02633667,0.038589478,0.13796997,0
7006.963513289,0.6849021,0.72713244,0.04677069,-0.72575444,0.6864896,-0.04486004,-0.064726785,-0.0032193013,0.9978978,0.687581,0.7246492,0.04599985,-0.7233101,0.6891117,-0.044130802,-0.063678384,-0.0029286558,0.9979662,-0.083496094,-0.013916016,0.013458252,0
7006.967938337,0.6848954,0.72713816,0.046780292,-0.725758,0.6864837,-0.044893626,-0.06475777,-0.0032037352,0.99789584,0.6875364,0.7246919,0.04599202,-0.7233556,0.6890667,-0.04408905,-0.06364255,-0.0029557548,0.9979684,-0.08319092,0.033798218,0.24330139,0
7006.972363386,0.68489695,0.7271368,0.046778075,-0.7257525,0.6864853,-0.04495889,-0.06480373,-0.003157097,0.9978931,0.68750274,0.7247251,0.04597306,-0.72338784,0.68903184,-0.044104233,-0.06364035,-0.002934572,0.9979686,0.017807007,-0.062408447,-0.07736206,0
7006.976788435,0.6848818,0.72714967,0.046799812,-0.7257667,0.6864715,-0.044938453,-0.06480372,-0.003188216,0.9978929,0.68750274,0.7247251,0.04597306,-0.72338784,0.68903184,-0.044104233,-0.06364035,-0.002934572,0.9979686,0.017807007,-0.06210327,-0.07736206,0
7006.981213484,0.6848667,0.72716254,0.046821546,-0.7257811,0.6864579,-0.04491802,-0.06480372,-0.0032193356,0.9978929,0.6874008,0.72482663,0.04589688,-0.723482,0.6889256,-0.044218786,-0.063670486,-0.0028095432,0.997967,-0.020507813,-0.085739136,0.07107544,0
7006.985638533,0.6848454,0.72718066,0.046852257,-0.7257971,0.68643874,-0.04495307,-0.0648502,-0.003219326,0.99788994,0.68735164,0.7248754,0.045862563,-0.7235294,0.6888744,-0.04424071,-0.063662544,-0.002773987,0.9979676,-0.13975525,-0.013916016,0.11895752,0
7006.990063582,0.6812365,0.730572,0.046703123,-0.7291799,0.68282783,-0.045198027,-0.06491062,-0.003264436,0.9978858,0.6872974,0.7249238,0.045910127,-0.7235769,0.6888234,-0.04425867,-0.06370813,-0.0028006365,0.9979646,-0.15353394,-0.10923767,0.08544922,0
7006.99448863,0.68123007,0.7305775,0.04671335,-0.7291846,0.68282205,-0.04520973,-0.06492611,-0.0032644325,0.99788475,0.68720883,0.72500604,0.0459368,-0.72365886,0.68873674,-0.04426714,-0.0637323,-0.002821802,0.997963,-0.04324341,0.020050049,0.0184021,0
7006.998913679,0.6812231,0.7305833,0.04672431,-0.7291911,0.6828157,-0.04519952,-0.0649261,-0.003279992,0.99788463,0.6870839,0.7251241,0.045943238,-0.7237763,0.6886124,-0.044282507,-0.0637474,-0.0028268287,0.99796206,-1.5258789E-4,-0.037261963,0.05192566,0
7007.003338728,0.69172263,0.72060627,0.047395147,-0.7192361,0.6933367,-0.044538535,-0.06495555,-0.003279986,0.99788284,0.68703586,0.725169,0.045952518,-0.7238214,0.688565,-0.044279642,-0.06375152,-0.0028397164,0.99796176,-0.10041809,-0.027679443,0.06628418,0
7007.007763777,0.6916731,0.720649,0.04746812,-0.7192767,0.69329214,-0.044575356,-0.06503247,-0.0033111398,0.99787766,0.6871001,0.72510415,0.046015248,-0.723756,0.6886332,-0.044288933,-0.06380172,-0.002872878,0.9979585,-0.18106079,-0.060897827,-0.11073303,0
7007.012188826,0.69165903,0.72066116,0.047488816,-0.7192874,0.69327945,-0.04459853,-0.065063454,-0.003311133,0.9978756,0.6871863,0.72501916,0.04606688,-0.7236751,0.6887224,-0.044225827,-0.06379186,-0.002946066,0.99795884,-0.089782715,-0.013015747,0.14305115,0
7007.016613875,0.692179,0.72016174,0.04748825,-0.7187899,0.6937983,-0.044552762,-0.06503247,-0.0032955802,0.9978777,0.68728393,0.7249264,0.046071,-0.7235828,0.68882,-0.044214275,-0.06378672,-0.0029484257,0.9979592,-0.03262329,-0.084991455,0.16221619,0
7007.021038923,0.6921656,0.72017336,0.04750875,-0.71880287,0.6937862,-0.0445331,-0.06503247,-0.0033251436,0.99787766,0.68728393,0.7249264,0.046071,-0.7235828,0.68882,-0.044214275,-0.06378672,-0.0029484257,0.9979592,-0.03262329,-0.08470154,0.16221619,0
7007.025463972,0.6921517,0.7201853,0.047529906,-0.7188148,0.6937737,-0.044534307,-0.06504796,-0.0033407,0.9978765,0.68745726,0.72475654,0.046157617,-0.7234095,0.68899876,-0.044266373,-0.063884884,-0.0029596179,0.9979529,-0.018112183,-0.05102539,0.032928467,0
7007.029889021,0.72227156,0.6898457,0.04936054,-0.6885436,0.7239488,-0.04249276,-0.065047964,-0.0032955767,0.9978767,0.68757087,0.72464937,0.04614721,-0.7233002,0.68911153,-0.044295758,-0.063899465,-0.0029218092,0.99795204,-0.0037384033,0.116104126,0.042495728,0
7007.034283552,0.72225064,0.6898655,0.04939252,-0.68856287,0.72393,-0.04250426,-0.06507895,-0.0033111298,0.9978746,0.6882757,0.72397524,0.046220977,-0.72262305,0.68981993,-0.04432116,-0.06397157,-0.002895167,0.9979475,-0.10398865,-0.027374268,-0.0053863525,0
7007.038708601,0.7222503,0.6898658,0.04939301,-0.68856174,0.7239297,-0.04252621,-0.06509445,-0.003295567,0.99787366,0.68895066,0.7233263,0.046324957,-0.7219746,0.6905001,-0.044296976,-0.06402856,-0.0029270125,0.99794376,-0.04159546,0.034698486,0.07601929,0
7007.04313365,0.68823135,0.72394943,0.047272928,-0.72256243,0.6898453,-0.044910427,-0.0651239,-0.0032488818,0.99787194,0.6896062,0.7226995,0.04635417,-0.7213448,0.6911564,-0.044321947,-0.064069435,-0.002872652,0.9979413,-0.08439636,0.09170532,-0.029327393,0
7007.047558699,0.6882374,0.7239445,0.04726315,-0.72255677,0.6898508,-0.044919726,-0.0651239,-0.003234878,0.99787194,0.6895902,0.7227112,0.04640964,-0.7213559,0.69114405,-0.044334523,-0.064116806,-0.0029052137,0.99793816,0.006576538,0.053268433,-5.950928E-4,0
7007.051983748,0.6882244,0.72395533,0.047284342,-0.7225704,0.689839,-0.044878192,-0.065108396,-0.0032800043,0.9978728,0.689552,0.7227472,0.046415694,-0.7213898,0.69110644,-0.044370294,-0.06414669,-0.002888178,0.9979363,0.05430603,-0.1186676,-0.058059692,0
7007.056408796,0.6797647,0.7319397,0.046735793,-0.73053455,0.6813616,-0.04544694,-0.065108396,-0.0032488848,0.9978729,0.68952495,0.7227722,0.046429437,-0.72141284,0.69108033,-0.044402026,-0.06417902,-0.002878489,0.9979342,-0.02708435,0.06776428,0.12390137,0
7007.060833845,0.6797364,0.73196334,0.046778042,-0.7305583,0.68133616,-0.045450106,-0.06513938,-0.0032799975,0.9978708,0.68930167,0.72298664,0.046406645,-0.72162294,0.6908563,-0.044474732,-0.06421496,-0.002831593,0.9979321,-0.079452515,-0.051620483,0.12869263,0
7007.065258894,0.67973,0.7319685,0.04678743,-0.73056126,0.6813305,-0.045483727,-0.06517037,-0.0032644314,0.99786884,0.6891251,0.7231524,0.04644574,-0.7217886,0.69068253,-0.044484343,-0.06424823,-0.0028687252,0.9979298,-0.06478882,0.03918457,0.07601929,0
7007.069683943,0.6973027,0.7151773,0.047858413,-0.7138108,0.6989355,-0.044309907,-0.06513938,-0.003264438,0.99787086,0.68893176,0.72333735,0.046433598,-0.72197104,0.69048893,-0.04452853,-0.06427103,-0.0028465928,0.9979284,0.049835205,-0.027832031,0.10954285,0
7007.074108992,0.6973027,0.7151773,0.047858413,-0.7138108,0.6989355,-0.044309907,-0.06513938,-0.003264438,0.99787086,0.68909895,0.72317374,0.046500377,-0.7218078,0.6906601,-0.044521835,-0.06431298,-0.0028843828,0.9979256,0.0019378662,0.010467529,0.09037781,0
7007.078534041,0.6972808,0.71519655,0.04789023,-0.7138308,0.6989157,-0.044300612,-0.06515487,-0.0032955538,0.99786973,0.68927014,0.7230079,0.046543203,-0.72164243,0.6908337,-0.044508923,-0.06433391,-0.0029088815,0.99792415,-0.045791626,-0.061050415,0.18136597,0
7007.082959089,0.68186796,0.7299645,0.046986908,-0.72856486,0.6834768,-0.04530546,-0.06518585,-0.00334067,0.9978676,0.689437,0.7228432,0.046629637,-0.72147894,0.6910057,-0.044488933,-0.06437987,-0.0029699865,0.99792105,-0.08857727,-0.13243103,0.21966553,0
7007.087384138,0.68187433,0.72995937,0.046976678,-0.72856045,0.6834824,-0.045293793,-0.065170355,-0.003340673,0.99786854,0.6892778,0.72299445,0.046637636,-0.72163147,0.6908473,-0.044474225,-0.064374104,-0.0030000878,0.9979213,0.04055786,-0.02229309,-0.048477173,0
7007.091809187,0.6818488,0.72998047,0.047018044,-0.72858167,0.68345976,-0.04529552,-0.065199785,-0.0033717859,0.9978666,0.6891535,0.7231146,0.04661361,-0.721752,0.69072163,-0.04447242,-0.06435568,-0.002995139,0.99792254,-0.10279846,-0.060302734,0.09996033,0
7007.096234236,0.71111786,0.70137095,0.048889846,-0.70003724,0.7127884,-0.043364584,-0.06526277,-0.0033873841,0.99786234,0.6890164,0.7232468,0.046588473,-0.72188514,0.69058317,-0.04446019,-0.0643289,-0.0029977255,0.99792427,-0.15486145,-0.041000366,0.018707275,0
7007.100659285,0.7111049,0.7013826,0.04891026,-0.7000461,0.71277696,-0.043407977,-0.06530771,-0.0033718143,0.9978594,0.689479,0.72280425,0.046613406,-0.721444,0.69104636,-0.044423334,-0.0643214,-0.003000008,0.99792475,-0.111328125,0.030685425,-0.014801025,0
7007.105084334,0.7110983,0.70138854,0.04892078,-0.7000528,0.71277106,-0.043397315,-0.0653077,-0.0033873739,0.99785936,0.6899015,0.7223979,0.04666042,-0.7210409,0.6914709,-0.04436229,-0.06431155,-0.0030384604,0.9979253,-0.025131226,-0.026626587,0.037857056,0
7007.109509382,0.67157525,0.73947746,0.046473853,-0.7380512,0.67317283,-0.046030153,-0.06532319,-0.0033873704,0.99785835,0.69032896,0.72198766,0.046687167,-0.720631,0.6918993,-0.044343557,-0.064318314,-0.0030325768,0.9979248,-0.044143677,-0.012268066,-0.024383545,0
7007.113903914,0.67156243,0.739488,0.04649189,-0.7380589,0.6731613,-0.046074577,-0.06536813,-0.003371801,0.9978555,0.68996924,0.72233254,0.046669334,-0.720974,0.6915392,-0.044383783,-0.06433352,-0.0030239327,0.99792385,-0.09637451,0.025894165,0.066589355,0
7007.118328962,0.6715553,0.7394938,0.04650191,-0.738064,0.67315495,-0.046086434,-0.06538362,-0.0033717975,0.9978545,0.6895909,0.72269213,0.046696614,-0.7213307,0.6911635,-0.044442825,-0.06439347,-0.003036335,0.99792,-0.033966064,0.001953125,0.057022095,0
7007.122754011,0.6909835,0.7212919,0.04774622,-0.71990454,0.6926228,-0.04484242,-0.0654146,-0.0033873501,0.9978524,0.6892403,0.72302544,0.04671373,-0.72166175,0.69081473,-0.04448992,-0.06443787,-0.0030472665,0.99791706,-0.09591675,-0.041000366,0.009140015,0
7007.12717906,0.69095635,0.7213155,0.047785886,-0.71992683,0.69259846,-0.044866797,-0.065459535,-0.003401344,0.99784946,0.6892825,0.72298515,0.046712916,-0.7216215,0.6908569,-0.044487283,-0.06443559,-0.0030447398,0.9979172,-0.11462402,-0.026489258,-0.100997925,0
7007.131604109,0.6909483,0.7213223,0.04779748,-0.7199315,0.6925913,-0.04489993,-0.06549144,-0.0033873809,0.99784744,0.6893198,0.7229482,0.046734754,-0.7215853,0.6908954,-0.044476375,-0.06444294,-0.00306467,0.99791664,-0.09994507,0.054763794,-0.0050964355,0
7007.136029158,0.6726064,0.7385294,0.046637442,-0.73709416,0.6742131,-0.04614213,-0.06552089,-0.0033406955,0.99784565,0.68936324,0.722906,0.046745438,-0.7215423,0.69093955,-0.044488154,-0.064459026,-0.003060311,0.9979156,-0.07571411,0.08781433,0.009277344,0
7007.140454207,0.67258555,0.73854643,0.046667594,-0.737109,0.67419434,-0.04617764,-0.06556736,-0.003340685,0.99784255,0.6890036,0.72324944,0.046737727,-0.7218848,0.69058007,-0.044514712,-0.06447138,-0.0030684576,0.99791485,-0.09919739,0.02079773,0.033218384,0
7007.144879255,0.6725564,0.7385704,0.04670975,-0.7371344,0.67416793,-0.046158217,-0.0655813,-0.0033873608,0.9978415,0.6886769,0.72356105,0.046728414,-0.7221914,0.69025373,-0.044603277,-0.06452765,-0.0030296124,0.99791133,-0.05596924,-0.117614746,-0.057769775,0
7007.149304304,0.6753569,0.7359965,0.046926994,-0.73456514,0.6769768,-0.04600468,-0.06562777,-0.003401354,0.9978384,0.6883551,0.72387004,0.046684552,-0.72249734,0.6899299,-0.044657882,-0.064535566,-0.0029889825,0.9979109,-0.112976074,-0.036071777,0.047576904,0
7007.153729353,0.67535067,0.73600173,0.046937127,-0.73456967,0.67697126,-0.046016455,-0.065643266,-0.0034013507,0.9978374,0.6880703,0.7241452,0.04661601,-0.72276974,0.68964136,-0.044707254,-0.06452287,-0.0029309066,0.99791193,-0.036209106,-0.021697998,0.17686462,0
7007.158154402,0.67533726,0.73601246,0.046958294,-0.73458046,0.6769593,-0.046018098,-0.065658756,-0.0034169066,0.99783635,0.6878278,0.724375,0.04662301,-0.7229993,0.68939984,-0.044720836,-0.06453655,-0.0029481656,0.997911,-0.045639038,-0.011978149,0.052368164,0
7007.162579451,0.67263645,0.738493,0.04677858,-0.7370557,0.6742524,-0.04617875,-0.06564326,-0.0034169098,0.99783725,0.68759316,0.7245965,0.046643373,-0.72321826,0.6891671,-0.044767756,-0.06458363,-0.002951336,0.99790794,0.045196533,-0.011978149,0.009277344,0
7007.1670045,0.6726441,0.7384868,0.046767544,-0.73704886,0.6742594,-0.04618879,-0.065643266,-0.0034013507,0.9978374,0.68732077,0.7248527,0.046676982,-0.72347254,0.6888975,-0.04480884,-0.06463546,-0.0029714638,0.99790454,-0.0026855469,0.045318604,-0.062561035,0
7007.171429548,0.67262405,0.7385032,0.0467967,-0.73706305,0.6742414,-0.04622312,-0.06568819,-0.0034013402,0.9978344,0.6870321,0.7251262,0.04667832,-0.72374284,0.68860966,-0.044867136,-0.06467748,-0.002957934,0.99790186,-0.1267395,-0.0025482178,-3.0517578E-4,0
7007.175854597,0.6791141,0.7325119,0.047225434,-0.73108464,0.68074566,-0.045830898,-0.0657202,-0.0034013863,0.9978323,0.6867423,0.7254021,0.04665538,-0.7240147,0.68831915,-0.044938657,-0.06471239,-0.0029179037,0.9978997,-0.102493286,-0.0073394775,0.09082031,0
7007.180279646,0.6791215,0.73250586,0.04721458,-0.7310794,0.68075234,-0.045818415,-0.06570369,-0.003401337,0.99783343,0.68657917,0.7255559,0.046665337,-0.72416407,0.6881572,-0.04501201,-0.064771816,-0.002889054,0.9978959,0.031417847,-0.016921997,0.033218384,0
7007.184704695,0.6791208,0.73250633,0.047215577,-0.7310784,0.6807517,-0.04584002,-0.0657202,-0.0033873823,0.9978323,0.686468,0.7256596,0.04668898,-0.7242639,0.68804795,-0.045077015,-0.064834826,-0.0028712149,0.9978919,-0.016311646,0.040390015,-0.009735107,0
7007.189129744,0.6791208,0.73250633,0.047215577,-0.7310784,0.6807517,-0.04584002,-0.0657202,-0.0033873823,0.9978323,0.68635803,0.7257599,0.04674568,-0.72436297,0.6879419,-0.045102626,-0.06489199,-0.0029042908,0.997888,-0.0019378662,-0.0026855469,0.13871765,0
7007.193524275,0.67910725,0.73251766,0.047235593,-0.7310897,0.6807395,-0.04584265,-0.06573569,-0.0034013828,0.9978313,0.68620545,0.72590554,0.046725374,-0.72450334,0.68778855,-0.04518612,-0.06493803,-0.0028457274,0.9978852,-0.05445862,-0.016921997,0.042938232,0
7007.197949324,0.67910886,0.7325164,0.04723328,-0.7310842,0.68074113,-0.045906126,-0.065780625,-0.0033562495,0.9978284,0.68606246,0.72603804,0.04676556,-0.7246404,0.68764824,-0.0451226,-0.06491899,-0.0029312917,0.99788624,-0.11627197,0.11669922,0.10998535,0
7007.202374373,0.69338447,0.7189594,0.04811757,-0.717559,0.695044,-0.04497722,-0.06578063,-0.0033406904,0.99782854,0.685896,0.726199,0.04670873,-0.7247976,0.6874786,-0.045182806,-0.06492296,-0.0028636754,0.9978861,-0.006134033,0.030380249,-0.033676147,0
7007.206799421,0.693391,0.7189538,0.048107173,-0.717554,0.69504976,-0.044965684,-0.065765135,-0.0033406934,0.9978295,0.68603516,0.72606605,0.04673267,-0.72466314,0.6876191,-0.0452032,-0.06495479,-0.0028544578,0.99788415,0.027236938,0.01121521,-0.052825928,0
7007.21122447,0.69335854,0.7189817,0.0481585,-0.7175799,0.6950209,-0.045000296,-0.06582556,-0.0033562398,0.9978255,0.6862086,0.72590005,0.046763476,-0.7244978,0.6877942,-0.045189507,-0.064966716,-0.002870605,0.9978833,-0.15412903,-0.046081543,0.038146973,0
7007.215649519,0.7265695,0.6852507,0.050281264,-0.6839266,0.7282995,-0.04271094,-0.065887526,-0.003356226,0.99782145,0.68636686,0.72574914,0.046784397,-0.7243468,0.68795353,-0.04518578,-0.064979024,-0.0028741055,0.9978825,-0.14872742,-0.0077819824,0.047729492,0
7007.220074568,0.72659,0.6852315,0.050249208,-0.6839079,0.7283178,-0.042699676,-0.06585654,-0.0033406732,0.9978235,0.6871857,0.7249706,0.046835274,-0.7235657,0.68877405,-0.045200177,-0.065027714,-0.0028274856,0.99787945,0.042495728,0.02558899,0.13871765,0
7007.224499617,0.726595,0.6852267,0.0502412,-0.6838996,0.72832245,-0.042753372,-0.06588754,-0.003295544,0.9978216,0.6880011,0.72418976,0.046942957,-0.7227862,0.68959475,-0.04515696,-0.065073825,-0.00286168,0.99787635,-0.11042786,-0.041900635,0.047729492,0
7007.228924666,0.7265684,0.68525183,0.050283063,-0.68392354,0.7282988,-0.042774606,-0.06593247,-0.003311094,0.99781865,0.6880011,0.72418976,0.046942957,-0.7227862,0.68959475,-0.04515696,-0.065073825,-0.00286168,0.99787635,-0.10998535,-0.041748047,0.047729492,0
7007.233349714,0.7110908,0.7013672,0.049334764,-0.7000005,0.7127924,-0.04388929,-0.06594796,-0.0033250938,0.9978176,0.6896154,0.7226437,0.047080852,-0.7212355,0.691215,-0.045178242,-0.06519077,-0.0028007724,0.9978689,-0.047576904,-0.0032958984,-0.14859009,0
7007.237774763,0.7110836,0.70137376,0.049346168,-0.70000637,0.71278596,-0.043901294,-0.06596447,-0.003325142,0.99781644,0.6896154,0.7226437,0.047080852,-0.7212355,0.691215,-0.045178242,-0.06519077,-0.0028007724,0.9978689,-0.047424316,-0.0032958984,-0.1484375,0
7007.242199812,0.6988231,0.71364397,0.048565198,-0.7122451,0.7005008,-0.044782076,-0.065978415,-0.0032955753,0.99781555,0.69048375,0.7218052,0.047217526,-0.7204004,0.69209033,-0.04510271,-0.06523416,-0.0028728344,0.99786586,-0.042510986,0.077804565,-0.02394104,0
7007.246624861,0.69878936,0.71367335,0.048617773,-0.7122724,0.7004707,-0.044817477,-0.066040374,-0.0033111214,0.9978114,0.6906711,0.7216257,0.047220755,-0.720223,0.69227743,-0.04506477,-0.065209754,-0.0028845416,0.9978674,-0.14723206,-0.046524048,-0.0287323,0
7007.25104991,0.6988031,0.71366143,0.04859639,-0.71225905,0.7004832,-0.044838406,-0.06604039,-0.0032800026,0.9978116,0.6908613,0.7214437,0.04721813,-0.72004217,0.69246703,-0.04504091,-0.06519148,-0.0028820254,0.9978686,0.005996704,0.08244324,-0.0047912598,0
7007.255474959,0.67181605,0.7392316,0.046903726,-0.737767,0.67344344,-0.046625894,-0.06605434,-0.0032799994,0.99781066,0.691041,0.721269,0.047258988,-0.71986556,0.69264907,-0.04506523,-0.06523805,-0.0028781998,0.9978656,-0.084854126,0.010620117,0.18675232,0
7007.259900007,0.67181677,0.739231,0.04690272,-0.73776495,0.6734441,-0.046647757,-0.06606983,-0.0032644363,0.99780965,0.69067717,0.72161746,0.0472588,-0.7202136,0.692286,-0.04508408,-0.06525006,-0.0028978884,0.9978648,-0.017654419,0.05355835,0.16281128,0
7007.264325056,0.67181605,0.7392316,0.046903726,-0.737767,0.67344344,-0.046625894,-0.06605434,-0.0032799994,0.99781066,0.69029176,0.7219853,0.047270924,-0.72058445,0.6919021,-0.045049544,-0.06523196,-0.0029653658,0.9978657,0.015701294,-0.042053223,-0.0095825195,0
7007.268750105,0.7029641,0.70954067,0.04892302,-0.70814544,0.7046568,-0.04459555,-0.066116296,-0.0032955452,0.99780643,0.6898969,0.72236234,0.047275864,-0.7209588,0.6915084,-0.045105994,-0.06527452,-0.0029654666,0.99786294,-0.1560669,-0.037109375,0.13887024,0
7007.273144636,0.70295024,0.7095531,0.048942868,-0.7081551,0.7046444,-0.04463924,-0.06616122,-0.0032799758,0.9978035,0.6901291,0.7221393,0.047293108,-0.7207354,0.69174135,-0.045105208,-0.065286845,-0.0029574013,0.99786216,-0.12210083,0.020202637,-0.01914978,0
7007.277569685,0.70294976,0.70955354,0.048943494,-0.70815414,0.704644,-0.044661902,-0.06617775,-0.003264464,0.99780256,0.69040185,0.72187424,0.047359146,-0.72046536,0.69201803,-0.045173526,-0.06538299,-0.0029327427,0.99785596,-0.05970764,0.03439331,0.033676147,0
7007.281994734,0.6723418,0.73874587,0.047019765,-0.73727673,0.673976,-0.046682514,-0.06617672,-0.0032799728,0.99780256,0.6906555,0.7216282,0.047410145,-0.7202219,0.6922745,-0.045126986,-0.06538574,-0.0029786185,0.9978556,0.026489258,-0.018112183,0.0909729,0
7007.286419783,0.67233443,0.738752,0.047030512,-0.7372821,0.6739694,-0.046695117,-0.06619324,-0.0032800203,0.9978015,0.6903071,0.7219616,0.04740942,-0.72055316,0.6919268,-0.04517205,-0.06541633,-0.002978425,0.99785364,-0.069122314,-0.032470703,0.16773987,0
7007.290844832,0.6723427,0.7387452,0.047018483,-0.73727316,0.67397696,-0.046727013,-0.066208735,-0.0032488974,0.9978005,0.68997145,0.7222825,0.047405988,-0.7208747,0.69159156,-0.045174617,-0.065414414,-0.0030045805,0.99785364,-0.045028687,0.08213806,0.11506653,0
7007.29526988,0.69274,0.71956766,0.04830912,-0.7181406,0.6944149,-0.045410763,-0.06622268,-0.0032348908,0.99779963,0.6896143,0.72262365,0.04740482,-0.72121227,0.69123524,-0.045240566,-0.06545978,-0.0029903941,0.9978507,-0.054473877,0.043685913,0.04324341,0
7007.299694929,0.6927205,0.71958447,0.04833958,-0.7181567,0.69439745,-0.04542453,-0.066253655,-0.0032488876,0.99779755,0.68965626,0.72258604,0.04736692,-0.7211735,0.6912747,-0.045255225,-0.06544435,-0.0029492215,0.99785185,-0.06375122,-0.05192566,0.033676147,0
7007.304119978,0.692727,0.7195786,0.048329193,-0.7181515,0.6944033,-0.045412973,-0.066238165,-0.003248891,0.99779856,0.6897274,0.722515,0.047414906,-0.7211044,0.6913488,-0.04522529,-0.06545619,-0.0029979749,0.99785095,0.012710571,0.02468872,0.09112549,0
7007.308545027,0.69805825,0.7143858,0.04865617,-0.71297055,0.6997444,-0.045061465,-0.066238165,-0.0032348873,0.99779856,0.68976176,0.72248155,0.047425386,-0.7210684,0.69138384,-0.045263745,-0.06549136,-0.0029757463,0.9978487,0.00793457,0.048477173,-0.07646179,0
7007.312970076,0.69805825,0.7143858,0.04865617,-0.71297055,0.6997444,-0.045061465,-0.066238165,-0.0032348873,0.99779856,0.68993545,0.7223125,0.04747338,-0.72089565,0.6915605,-0.045316022,-0.065563045,-0.0029582237,0.99784404,-0.011230469,-0.023330688,0.033676147,0
7007.317395125,0.6980515,0.71439177,0.04866663,-0.7129758,0.69973844,-0.045072958,-0.06625366,-0.003234884,0.9977976,0.69011617,0.7221385,0.047493104,-0.7207205,0.6917422,-0.045328457,-0.06558641,-0.0029473568,0.99784255,-0.03981018,0.010177612,0.028884888,0
7007.321820173,0.70411116,0.7083923,0.049070265,-0.7069866,0.70581174,-0.044720594,-0.06631409,-0.0032037518,0.9977937,0.69031656,0.7219453,0.04751942,-0.72052664,0.6919438,-0.045332853,-0.06560861,-0.002944991,0.99784106,-0.16848755,0.06253052,0.09591675,0
7007.326245222,0.7040849,0.7084156,0.04911141,-0.7070071,0.7057883,-0.044765033,-0.0663745,-0.003203739,0.9977896,0.69059247,0.721678,0.047570147,-0.720256,0.69222265,-0.045377113,-0.0656768,-0.0029255939,0.99783665,-0.14874268,0.014663696,0.11029053,0
7007.330670271,0.70407814,0.70842147,0.049121894,-0.70701075,0.7057824,-0.044798348,-0.06640548,-0.0031881728,0.9977876,0.6908283,0.72144693,0.047650415,-0.72002524,0.6924634,-0.0453663,-0.06572554,-0.0029691807,0.9978333,-0.07661438,0.04322815,-0.023788452,0
7007.33509532,0.64812475,0.76016986,0.04556236,-0.7586319,0.6497166,-0.048435736,-0.066422015,-0.0031726595,0.99778664,0.69110376,0.7211816,0.047673304,-0.7197615,0.69273967,-0.045334306,-0.065719455,-0.002982698,0.99783367,-0.05731201,0.02394104,0.17747498,0
7007.339520369,0.64808303,0.7602019,0.045622807,-0.7586622,0.64967895,-0.048463754,-0.06648242,-0.0032037657,0.9977824,0.69025993,0.7219967,0.047559086,-0.72057503,0.6918901,-0.0453833,-0.06567226,-0.002943612,0.9978369,-0.14289856,-0.061950684,0.100860596,0
7007.343945418,0.6480716,0.76021075,0.045639526,-0.75866824,0.6496688,-0.04850863,-0.06652735,-0.0031881968,0.99777955,0.68945855,0.72276443,0.047523405,-0.7213435,0.691088,-0.045396134,-0.06565357,-0.0029819491,0.99783796,-0.12809753,0.014511108,0.110443115,0
7007.348339949,0.6747368,0.73653907,0.04733233,-0.7350552,0.6763874,-0.046838526,-0.066513404,-0.0031881996,0.99778044,0.688641,0.7235453,0.047494985,-0.722123,0.69027036,-0.045445252,-0.06566608,-0.0030017574,0.9978371,0.0010528564,0.014511108,0.115219116,0
7007.352764998,0.6747362,0.7365396,0.04733326,-0.7350572,0.67638683,-0.046816655,-0.066497914,-0.0032037627,0.99778146,0.68837005,0.72380453,0.0474741,-0.72238255,0.68999857,-0.045447864,-0.06565243,-0.0030095163,0.997838,0.04399109,-0.052368164,0.043395996,0
7007.357190046,0.67472285,0.73655045,0.047354408,-0.73506796,0.67637485,-0.046818323,-0.0665134,-0.0032193186,0.99778026,0.6881323,0.7240302,0.047479082,-0.7226083,0.68976164,-0.045454416,-0.06565962,-0.0030301313,0.9978375,-0.056411743,-0.037857056,0.024246216,0
7007.361615095,0.6977966,0.7146266,0.048875123,-0.71319413,0.6994987,-0.045340072,-0.0665893,-0.0032193025,0.99777526,0.68788385,0.724269,0.04743696,-0.7228464,0.689511,-0.04547134,-0.06564178,-0.0030106362,0.9978387,-0.18974304,0.0052490234,0.091278076,0
7007.366040144,0.6977899,0.71463233,0.048885576,-0.713199,0.69949275,-0.04535154,-0.066604786,-0.003219299,0.9977742,0.6880668,0.7240919,0.047487907,-0.7226729,0.6896967,-0.045413896,-0.06563609,-0.0030704283,0.9978389,-0.045928955,0.010025024,0.18226624,0
7007.370465193,0.6977967,0.71462643,0.04887487,-0.71319246,0.69949895,-0.045361992,-0.0666048,-0.0032037396,0.9977743,0.6882388,0.72393054,0.04745361,-0.7225104,0.6898662,-0.04542387,-0.06562037,-0.0030232563,0.99784005,-0.0124053955,0.043380737,0.1295929,0
7007.374890242,0.69044256,0.7217643,0.04842938,-0.72031444,0.6921314,-0.045839474,-0.066604786,-0.0032348586,0.9977742,0.68841946,0.7237594,0.047444504,-0.72233814,0.6900459,-0.045434427,-0.065622486,-0.002993029,0.99784005,-0.0028381348,-0.10952759,0.115219116,0
7007.379315291,0.69041467,0.7217882,0.04846993,-0.72033983,0.6921062,-0.04582007,-0.066618726,-0.0032799784,0.9977731,0.688475,0.72370285,0.04750126,-0.722278,0.6901052,-0.045488648,-0.065701135,-0.0029913203,0.99783486,-0.036224365,-0.0899353,0.029037476,0
7007.383740339,0.690415,0.721788,0.048469465,-0.72033817,0.6921066,-0.045841977,-0.066634215,-0.0032644153,0.9977721,0.68851423,0.723659,0.04760086,-0.7222338,0.690151,-0.045497164,-0.065776214,-0.0030535061,0.99782974,-0.036071777,0.015258789,0.038604736,0
7007.388165388,0.69251573,0.71976215,0.04862541,-0.71831584,0.6942131,-0.04572307,-0.066666126,-0.0032644542,0.99777,0.6885482,0.72362083,0.047689043,-0.7221989,0.6901906,-0.04545007,-0.06580314,-0.0031464098,0.99782765,-0.07885742,9.0026855E-4,4.4250488E-4,0
7007.392590437,0.69250894,0.719768,0.0486362,-0.7183224,0.694207,-0.045712702,-0.066666126,-0.003280014,0.99777,0.68863845,0.7235309,0.04775054,-0.72210735,0.6902847,-0.045475155,-0.06586415,-0.0031650756,0.9978236,-0.030975342,-0.032470703,0.010025024,0
7007.397015486,0.69251573,0.71976215,0.04862541,-0.71831584,0.6942131,-0.04572307,-0.066666126,-0.0032644542,0.99777,0.6887244,0.7234489,0.047754776,-0.72202617,0.69037074,-0.045458846,-0.06585565,-0.003171582,0.99782413,-0.011810303,0.05355835,0.16802979,0
7007.401440535,0.6924968,0.7197783,0.048655514,-0.7183299,0.69419634,-0.045756552,-0.06671105,-0.0032644444,0.99776703,0.6887917,0.72338647,0.04772834,-0.721962,0.69043624,-0.04548181,-0.0658543,-0.0031305568,0.9978243,-0.09277344,-0.013473511,0.038742065,0
7007.405865584,0.69251007,0.7197669,0.04863434,-0.71831846,0.6942081,-0.04575537,-0.06669556,-0.0032488878,0.99776804,0.68886006,0.7233167,0.04779858,-0.7218908,0.69050914,-0.04550594,-0.06592057,-0.0031581318,0.99781984,0.031570435,0.043823242,0.120147705,0
7007.410290632,0.6925031,0.7197729,0.048645396,-0.71832234,0.69420207,-0.045787804,-0.06672656,-0.003234878,0.99776614,0.68896407,0.72321635,0.047817793,-0.72178847,0.69061434,-0.045532726,-0.065953664,-0.0031439182,0.9978177,-0.12135315,0.048477173,0.062698364,0
7007.414715681,0.7051353,0.70734954,0.049405847,-0.7059292,0.7068567,-0.044918,-0.06669558,-0.0032037653,0.9977682,0.68901587,0.72316533,0.047843643,-0.72173727,0.6906677,-0.04553505,-0.06597343,-0.0031561696,0.9978163,0.089035034,0.06732178,0.048324585,0
7007.41914073,0.7051419,0.7073437,0.049395204,-0.7059211,0.70686275,-0.044950496,-0.066711076,-0.0031726426,0.9977673,0.6893752,0.722821,0.04786981,-0.7213886,0.6910283,-0.045589216,-0.06603224,-0.0031046576,0.9978126,-0.035324097,0.057434082,0.048324585,0
7007.423565779,0.7051089,0.70737284,0.049448173,-0.7059511,0.70683324,-0.044941537,-0.06674204,-0.0032193146,0.99776506,0.68969375,0.72251683,0.047874887,-0.72108245,0.6913465,-0.04560733,-0.066050194,-0.0030666527,0.99781156,-0.09725952,-0.119262695,0.062698364,0
7007.42796031,0.70389843,0.70858055,0.04940301,-0.70715535,0.70562255,-0.045035943,-0.06677147,-0.003234868,0.9977631,0.6900235,0.7221991,0.04791737,-0.7207666,0.69167835,-0.045570314,-0.06605425,-0.003092651,0.99781126,-0.053878784,-0.023330688,0.014801025,0
7007.432385359,0.703912,0.7085685,0.04938178,-0.7071418,0.7056348,-0.045057014,-0.066771485,-0.003203749,0.9977632,0.6902802,0.72195095,0.047958903,-0.720517,0.6919374,-0.04558504,-0.06609472,-0.003088756,0.9978086,-0.049087524,0.08169556,0.20155334,0
7007.436810408,0.7038788,0.70859784,0.049433652,-0.70717186,0.7056051,-0.045049265,-0.06680245,-0.003248865,0.99776095,0.6905483,0.72169405,0.047966048,-0.72025883,0.69220537,-0.04559531,-0.06610822,-0.003062204,0.99780774,-0.06314087,-0.10939026,4.4250488E-4,0
7007.441235457,0.69109815,0.72112453,0.04860769,-0.7196642,0.692798,-0.045981135,-0.06683344,-0.0032037355,0.997759,0.6908211,0.7214292,0.048022196,-0.7199911,0.6924815,-0.045631696,-0.06617452,-0.0030522142,0.9978034,-0.08200073,-0.004486084,-0.023498535,0
7007.445660505,0.69108504,0.72113585,0.048627324,-0.7196742,0.69278634,-0.046003167,-0.066862874,-0.0032037294,0.9977571,0.6908211,0.7214292,0.048022196,-0.7199911,0.6924815,-0.045631696,-0.06617452,-0.0030522142,0.9978034,-0.081710815,-0.004486084,-0.023498535,0
7007.450085554,0.6910705,0.7211483,0.04864917,-0.7196866,0.6927733,-0.04600518,-0.0668794,-0.0032193353,0.9977559,0.690848,0.7214036,0.048020013,-0.7199633,0.6925083,-0.045663796,-0.06619628,-0.0030259069,0.997802,-0.07676697,-0.033065796,0.06285095,0
7007.454510603,0.6972239,0.715171,0.049084753,-0.71372116,0.6989421,-0.04562882,-0.06693981,-0.0032193223,0.99775183,0.69086045,0.7213909,0.04803161,-0.7199473,0.69252163,-0.0457139,-0.06624052,-0.0029983006,0.9977992,-0.14320374,-0.018707275,0.10115051,0
7007.458935652,0.6972452,0.7151524,0.049052384,-0.71369886,0.69896144,-0.045681994,-0.06695531,-0.0031570804,0.997751,0.6909836,0.72127354,0.04802213,-0.7198323,0.69264376,-0.045673516,-0.06620533,-0.0030082283,0.9978015,-0.047286987,0.15306091,-0.037719727,0
7007.463360701,0.6973201,0.71508723,0.04893847,-0.71363306,0.6990287,-0.04568534,-0.06687839,-0.0030668029,0.99775654,0.69115585,0.7211048,0.048076812,-0.71966386,0.69281936,-0.045665253,-0.06623798,-0.0030373347,0.9977992,-0.07676697,0.1809082,0.0052337646,0
7007.46778575,0.6851806,0.7267778,0.048182838,-0.72529334,0.6868658,-0.04652765,-0.0669104,-0.0030668436,0.9977542,0.6913102,0.72096205,0.04799801,-0.7195252,0.69296795,-0.045594364,-0.066132896,-0.0030159273,0.99780625,-0.08125305,0.013320923,-0.12390137,0
7007.472210798,0.6851538,0.7268003,0.04822294,-0.7253159,0.68684167,-0.046530377,-0.06693983,-0.003096401,0.9977522,0.69119745,0.72106767,0.04803638,-0.7196318,0.69285786,-0.045585837,-0.066152856,-0.0030596943,0.99780476,-0.095321655,-0.09173584,0.019744873,0
7007.476635847,0.68516105,0.72679424,0.04821208,-0.7253092,0.68684834,-0.046540618,-0.06693984,-0.0030808416,0.9977523,0.6911024,0.72115546,0.048086632,-0.7197225,0.69276625,-0.04554642,-0.066158846,-0.0031317899,0.99780416,-0.071380615,0.027832031,0.09156799,0
7007.481060896,0.6851608,0.7267946,0.04821255,-0.72530806,0.6868481,-0.046561494,-0.06695533,-0.0030668343,0.99775124,0.6911024,0.72115546,0.048086632,-0.7197225,0.69276625,-0.04554642,-0.066158846,-0.0031317899,0.99780416,-0.07122803,0.027694702,0.09156799,0
7007.485485945,0.71511394,0.69721097,0.05008788,-0.69579524,0.7168596,-0.044511445,-0.06693985,-0.0030201587,0.9977525,0.6909402,0.72130305,0.048202787,-0.7198697,0.6926122,-0.045564488,-0.066251636,-0.0032173835,0.9977977,0.043533325,0.12298584,5.950928E-4,0
7007.489910994,0.7151068,0.69721764,0.05009885,-0.6957997,0.7168532,-0.04454464,-0.06697083,-0.0030045928,0.9977504,0.6914396,0.7208158,0.048331104,-0.7193833,0.693119,-0.045538925,-0.066324376,-0.0032811717,0.9977927,-0.08065796,0.041427612,0.18255615,0
7007.494336043,0.7040032,0.70846677,0.049539424,-0.7070218,0.7057372,-0.045331504,-0.06707769,-0.0031119317,0.99774283,0.69192564,0.7203443,0.04840363,-0.7189121,0.6936088,-0.045520414,-0.06636356,-0.0033012168,0.99779004,-0.050872803,0.004196167,-0.12390137,0
7007.498761091,0.70400393,0.7084662,0.049538303,-0.7070198,0.7057379,-0.04535229,-0.06709163,-0.0030963693,0.997742,0.69219714,0.72007203,0.048572812,-0.71864176,0.69389087,-0.045491636,-0.06646149,-0.003417268,0.9977831,-0.065093994,0.0566864,0.09156799,0
7007.503094587,0.7040169,0.7084548,0.049518153,-0.70700705,0.7057496,-0.04537231,-0.067091644,-0.0030668064,0.9977421,0.6924461,0.7198285,0.048635144,-0.7183975,0.6941435,-0.04549599,-0.066509075,-0.0034358413,0.9977799,-0.0028533936,0.056396484,-0.028137207,0
