Time,GyroX,GyroY,GyroZ,AccX,AccY,AccZ,GravX,GravY,GravZ,MagX,MagY,MagZ,Rot1,Rot2,Rot3,Rot4,Rot5,Rot6,Rot7,Rot8,Rot9
17652.138236512,-0.009567261,-0.020248413,-0.003189087,0.0,0.0,0.0,0.0,0.0,0.0,0.0,0.0,0.0,0.0,0.0,0.0,0.0,0.0,0.0,0.0,0.0,0.0
17652.142661561,-0.009567261,-0.020248413,-0.003189087,-0.09336853,0.05265808,9.816223,0.0,0.0,0.0,0.0,0.0,0.0,0.0,0.0,0.0,0.0,0.0,0.0,0.0,0.0,0.0
17652.140098084,0.0010681152,-0.018112183,-0.003189087,-0.09336853,0.05265808,9.816223,-0.09844971,0.08692932,9.80574,-10.0616455,30.374146,-10.20813,0.94857544,0.31647998,0.006718063,-0.31639206,0.94855785,-0.011585683,-0.010039108,0.008864352,0.99991035
17652.147056092,0.0010681152,-0.018112183,-0.003189087,-0.18913269,0.14364624,9.830582,-0.09844971,0.08692932,9.80574,-10.0616455,30.374146,-10.20813,0.94857544,0.31647998,0.006718063,-0.31639206,0.94855785,-0.011585683,-0.010039108,0.008864352,0.99991035
17652.151481141,-0.010635376,-0.027694702,0.012786865,-0.06463623,0.004776001,9.94072,-0.09754944,0.086639404,9.80574,-10.0616455,30.374146,-10.20813,0.9485838,0.3164567,0.006640619,-0.31637004,0.9485659,-0.011528442,-0.009947317,0.008834799,0.99991155
17652.155875672,-0.0074310303,-0.024505615,0.0021362305,-0.12210083,0.05744934,9.98381,-0.09635925,0.08602905,9.80574,-10.0616455,30.374146,-10.20813,0.94859385,0.31642807,0.006545532,-0.3163432,0.9485759,-0.011430823,-0.009825968,0.008772575,0.9999133
17652.153892029,-0.035125732,-0.019180298,0.004272461,-0.12210083,0.05744934,9.98381,-0.095458984,0.0843811,9.80574,-10.240173,29.118347,-11.071777,0.9425936,0.33388254,0.0063030072,-0.3338001,0.94257534,-0.011360669,-0.009734189,0.00860455,0.9999156
17652.160300721,-0.035125732,-0.019180298,0.004272461,-0.04069519,0.01914978,9.883255,-0.095458984,0.0843811,9.80574,-10.240173,29.118347,-11.071777,0.9425936,0.33388254,0.0063030072,-0.3338001,0.94257534,-0.011360669,-0.009734189,0.00860455,0.9999156
17652.164695252,-0.012756348,-0.012786865,0.005340576,-0.09815979,0.10055542,9.945511,-0.0953064,0.08409119,9.80574,-10.240173,29.118347,-11.071777,0.94259423,0.33388096,0.0062982314,-0.33379894,0.94257635,-0.011327603,-0.009718633,0.008574991,0.9999161
17652.169120301,-0.015960693,-0.0010681152,-0.008514404,0.01675415,0.08139038,9.98381,-0.0953064,0.084243774,9.80574,-10.240173,29.118347,-11.071777,0.9425949,0.3338792,0.0062930565,-0.33379707,0.94257677,-0.011342255,-0.009718632,0.008590548,0.9999159
17652.167716492,-0.027679443,0.003189087,0.0010681152,0.01675415,0.08139038,9.98381,-0.09501648,0.08303833,9.80574,-7.7301025,30.194092,-11.071777,0.96808785,0.2505057,0.007259291,-0.25042346,0.968078,-0.010624588,-0.009689081,0.008467638,0.9999172
17652.173514832,-0.027679443,0.003189087,0.0010681152,0.01675415,0.0,9.988602,-0.09501648,0.08303833,9.80574,-7.7301025,30.194092,-11.071777,0.96808785,0.2505057,0.007259291,-0.25042346,0.968078,-0.010624588,-0.009689081,0.008467638,0.9999172
17652.177939881,-0.027679443,-0.0032043457,-0.008514404,-0.18913269,0.1484375,9.801849,-0.09440613,0.08139038,9.80574,-7.7301025,30.194092,-11.071777,0.96808964,0.2504995,0.007241201,-0.25041917,0.96808124,-0.010446289,-0.009626862,0.008299609,0.9999193
17652.182334412,-0.010635376,-0.012786865,0.0021362305,-0.16040039,0.07661438,9.98381,-0.0947113,0.08169556,9.80574,-7.7301025,30.194092,-11.071777,0.9680875,0.2505071,0.0072634504,-0.2504262,0.9680789,-0.01048426,-0.009657975,0.008330723,0.99991864
17652.181540955,-0.029800415,-0.010650635,0.01171875,-0.16040039,0.07661438,9.98381,-0.09440613,0.08035278,9.80574,-10.778809,30.732727,-9.516907,0.9430091,0.33270627,0.006352601,-0.33262762,0.9429949,-0.010929757,-0.00962687,0.00819381,0.9999201
17652.186759461,-0.029800415,-0.010650635,0.01171875,-0.10772705,0.0622406,9.830582,-0.09440613,0.08035278,9.80574,-10.778809,30.732727,-9.516907,0.9430091,0.33270627,0.006352601,-0.33262762,0.9429949,-0.010929757,-0.00962687,0.00819381,0.9999201
17652.191153992,-0.012756348,-0.01171875,0.0021362305,-0.20828247,0.14364624,9.864105,-0.094558716,0.08035278,9.80574,-10.778809,30.732727,-9.516907,0.9430076,0.3327103,0.006367228,-0.33263147,0.9429935,-0.010934958,-0.009642428,0.008193808,0.99991995
17652.195579041,-0.0053253174,-0.008529663,0.0021362305,-0.09815979,0.07661438,10.036484,-0.09501648,0.08049011,9.80574,-10.778809,30.732727,-9.516907,0.9430036,0.33272102,0.0064064637,-0.33264163,0.9429896,-0.010963758,-0.009689102,0.008207806,0.99991935
17652.195365418,-0.010635376,-0.009597778,-0.007446289,-0.09815979,0.07661438,10.036484,-0.09501648,0.08049011,9.80574,-9.344482,30.015564,-10.5529785,0.9540981,0.29941735,0.0067873425,-0.2993375,0.9540869,-0.0107321385,-0.009689102,0.008207806,0.99991935
17652.199973572,-0.010635376,-0.009597778,-0.007446289,-0.05505371,0.04309082,9.969452,-0.09501648,0.08049011,9.80574,-9.344482,30.015564,-10.5529785,0.9540981,0.29941735,0.0067873425,-0.2993375,0.9540869,-0.0107321385,-0.009689102,0.008207806,0.99991935
17652.204398621,0.009597778,0.0063934326,-0.0010528564,-0.11251831,0.12449646,9.8688965,-0.0947113,0.08035278,9.80574,-9.344482,30.015564,-10.5529785,0.95410085,0.29940924,0.006761934,-0.29932982,0.95408964,-0.010709409,-0.009657986,0.008193807,0.9999198
17652.208793152,0.0010681152,0.0,0.0,-0.01675415,0.0909729,9.844955,-0.09486389,0.08049011,9.80574,-9.344482,30.015564,-10.5529785,0.9540997,0.29941264,0.0067725494,-0.29933295,0.9540884,-0.010727448,-0.009673543,0.008207808,0.9999195
17652.209189881,-0.017028809,0.012771606,0.004272461,-0.01675415,0.0909729,9.844955,-0.094558716,0.08049011,9.80574,-10.0616455,29.2984,-10.899353,0.9450259,0.32693228,0.006429461,-0.3268533,0.94501215,-0.010909014,-0.009642427,0.008207811,0.99991983
17652.213218201,-0.017028809,0.012771606,0.004272461,-0.11251831,0.07182312,9.897629,-0.094558716,0.08049011,9.80574,-10.0616455,29.2984,-10.899353,0.9450259,0.32693228,0.006429461,-0.3268533,0.94501215,-0.010909014,-0.009642427,0.008207811,0.99991983
17652.217612732,0.010665894,-0.014923096,-0.004257202,-0.05505371,0.05744934,10.050858,-0.094558716,0.08049011,9.80574,-10.0616455,29.2984,-10.899353,0.9450259,0.32693228,0.006429461,-0.3268533,0.94501215,-0.010909014,-0.009642427,0.008207811,0.99991983
17652.222037781,-0.018081665,0.0095825195,0.0010681152,-0.02154541,0.10533142,9.854523,-0.09440613,0.08049011,9.80574,-10.0616455,29.2984,-10.899353,0.9450276,0.3269274,0.006414811,-0.32684857,0.9450137,-0.010903895,-0.009626868,0.008207811,0.99991995
17652.222526063,0.007461548,-0.0010681152,0.005340576,-0.02154541,0.10533142,9.854523,-0.09411621,0.08049011,9.80574,-8.805847,29.118347,-10.725403,0.9564703,0.29175106,0.006785443,-0.29167208,0.95645916,-0.010650555,-0.009597307,0.008207814,0.99992025
17652.22646283,0.007461548,-0.0010681152,0.005340576,-0.07899475,0.0335083,9.916779,-0.09411621,0.08049011,9.80574,-8.805847,29.118347,-10.725403,0.9564703,0.29175106,0.006785443,-0.29167208,0.95645916,-0.010650555,-0.009597307,0.008207814,0.99992025
17652.230857361,-0.017028809,0.007446289,0.0,0.011962891,0.1197052,9.883255,-0.09411621,0.08035278,9.80574,-8.805847,29.118347,-10.725403,0.95646983,0.2917524,0.006789513,-0.2916735,0.9564588,-0.010637172,-0.009597309,0.008193811,0.99992037
17652.23528241,0.008529663,-0.0032043457,0.004272461,-0.02154541,0.05265808,9.98381,-0.09365845,0.08049011,9.80574,-8.805847,29.118347,-10.725403,0.95647514,0.29173616,0.0067409608,-0.2916577,0.9564637,-0.010636838,-0.009550633,0.008207818,0.9999207
17652.235709656,-0.006378174,0.0063934326,0.0063934326,-0.02154541,0.05265808,9.98381,-0.09336853,0.08035278,9.80574,-9.881592,29.118347,-9.342957,0.9463152,0.32318264,0.006362339,-0.323105,0.9463011,-0.01083098,-0.009521073,0.008193817,0.9999211
17652.239676941,-0.006378174,0.0063934326,0.0063934326,-0.14604187,0.1771698,9.998184,-0.09336853,0.08035278,9.80574,-9.881592,29.118347,-9.342957,0.9463152,0.32318264,0.006362339,-0.323105,0.9463011,-0.01083098,-0.009521073,0.008193817,0.9999211
17652.24410199,0.009597778,-0.0010681152,-0.0053253174,-0.12689209,0.10533142,9.76355,-0.09365845,0.08079529,9.80574,-9.881592,29.118347,-9.342957,0.94631386,0.32318646,0.006375689,-0.3231082,0.9462995,-0.010883252,-0.00955063,0.008238935,0.9999204
17652.248496522,0.0063934326,0.015960693,0.009597778,-0.12210083,0.0335083,10.017334,-0.09365845,0.08079529,9.80574,-9.881592,29.118347,-9.342957,0.94631386,0.32318646,0.006375689,-0.3231082,0.9462995,-0.010883252,-0.00955063,0.008238935,0.9999204
17652.24889325,-0.0010528564,-0.0010681152,0.0063934326,-0.12210083,0.0335083,10.017334,-0.093811035,0.0806427,9.80574,-9.52301,30.194092,-11.418152,0.952949,0.30305868,0.0066244523,-0.3029801,0.95293653,-0.010735574,-0.00956619,0.008223375,0.9999204
17652.25292157,-0.0010528564,-0.0010681152,0.0063934326,-0.16998291,0.07182312,9.883255,-0.093811035,0.0806427,9.80574,-9.52301,30.194092,-11.418152,0.952949,0.30305868,0.0066244523,-0.3029801,0.95293653,-0.010735574,-0.00956619,0.008223375,0.9999204
17652.257316102,0.0010681152,0.01171875,-0.008514404,-0.03590393,0.0335083,9.777908,-0.09411621,0.0806427,9.80574,-9.52301,30.194092,-11.418152,0.95294553,0.30306876,0.006653994,-0.30298984,0.95293325,-0.01074507,-0.009597306,0.008223373,0.9999201
17652.26174115,-0.0021209717,0.0010681152,0.0063934326,-0.12210083,0.05744934,9.92157,-0.09396362,0.08049011,9.80574,-9.52301,30.194092,-11.418152,0.95294666,0.3030653,0.0066439207,-0.30298665,0.9529345,-0.010725506,-0.009581749,0.008207816,0.9999204
17652.262076844,-0.012756348,0.0010681152,-0.013839722,-0.12210083,0.05744934,9.92157,-0.09396362,0.08035278,9.80574,-9.52301,28.759766,-11.071777,0.9485422,0.3165843,0.006495178,-0.31650588,0.948529,-0.010805608,-0.00958175,0.008193812,0.9999205
17652.266135682,-0.012756348,0.0010681152,-0.013839722,-0.01675415,-0.01914978,9.859314,-0.09396362,0.08035278,9.80574,-9.52301,28.759766,-11.071777,0.9485422,0.3165843,0.006495178,-0.31650588,0.948529,-0.010805608,-0.00958175,0.008193812,0.9999205
17652.270560731,0.009597778,-0.010650635,0.0032043457,-0.08378601,0.0622406,10.055634,-0.09365845,0.08004761,9.80574,-9.52301,28.759766,-11.071777,0.94854456,0.31657752,0.006475588,-0.31649965,0.9485315,-0.010766198,-0.009550636,0.008162697,0.999921
17652.274955262,-0.0074310303,-0.0063934326,0.005340576,-0.002380371,0.05265808,9.888046,-0.09365845,0.07989502,9.80574,-9.52301,28.759766,-11.071777,0.9485439,0.3165792,0.006480494,-0.31650147,0.9485311,-0.010751452,-0.009550638,0.008147139,0.99992126
17652.275260438,-0.0053253174,-0.0010681152,-0.008514404,-0.002380371,0.05265808,9.888046,-0.09336853,0.07974243,9.80574,-9.164429,30.194092,-10.380554,0.9562284,0.2925442,0.006726004,-0.29246658,0.95621747,-0.010560986,-0.009521077,0.008131582,0.9999216
17652.279380311,-0.0053253174,-0.0010681152,-0.008514404,-0.09815979,0.05265808,9.94072,-0.09336853,0.07974243,9.80574,-9.164429,30.194092,-10.380554,0.9562284,0.2925442,0.006726004,-0.29246658,0.95621747,-0.010560986,-0.009521077,0.008131582,0.9999216
17652.283774842,-0.0010528564,0.0021209717,0.0138549805,0.011962891,0.15800476,9.988602,-0.09336853,0.07974243,9.80574,-9.164429,30.194092,-10.380554,0.9562284,0.2925442,0.006726004,-0.29246658,0.95621747,-0.010560986,-0.009521077,0.008131582,0.9999216
17652.288199891,-0.009567261,-0.0032043457,0.004272461,-0.002380371,-0.05744934,9.892838,-0.09291077,0.08004761,9.80574,-9.164429,30.194092,-10.380554,0.9562339,0.29252744,0.006672449,-0.2924501,0.9562224,-0.0105769755,-0.0094743995,0.008162703,0.99992186
17652.288444031,-0.0074310303,0.0095825195,0.0138549805,-0.002380371,-0.05744934,9.892838,-0.09262085,0.079452515,9.80574,-8.805847,29.476929,-10.725403,0.9574653,0.28847042,0.006706433,-0.28839377,0.9574545,-0.010481967,-0.009444843,0.008102026,0.9999226
17652.292594422,-0.0074310303,0.0095825195,0.0138549805,-0.13166809,0.05744934,9.969452,-0.09262085,0.079452515,9.80574,-8.805847,29.476929,-10.725403,0.9574653,0.28847042,0.006706433,-0.28839377,0.9574545,-0.010481967,-0.009444843,0.008102026,0.9999226
17652.297019471,0.004272461,0.0010681152,0.0032043457,-0.11251831,0.12449646,9.844955,-0.09277344,0.079452515,9.80574,-8.805847,29.476929,-10.725403,0.95746374,0.28847536,0.0067212773,-0.28839853,0.957453,-0.010486487,-0.009460402,0.008102025,0.9999224
17652.301414002,-0.0053253174,0.007446289,0.0,0.007171631,0.11012268,9.720444,-0.09277344,0.0796051,9.80574,-8.805847,29.476929,-10.725403,0.95746416,0.28847387,0.0067168046,-0.28839692,0.95745325,-0.010501374,-0.0094604,0.008117584,0.9999223
17652.301627625,-0.0010528564,-0.012786865,0.004272461,0.007171631,0.11012268,9.720444,-0.09246826,0.0796051,9.80574,-8.627319,28.93982,-10.5529785,0.95763046,0.28792214,0.006693054,-0.28784552,0.9576194,-0.010488546,-0.009429283,0.008117585,0.9999226
17652.305839051,-0.0010528564,-0.012786865,0.004272461,-0.20350647,0.0909729,9.94072,-0.09246826,0.0796051,9.80574,-8.627319,28.93982,-10.5529785,0.95763046,0.28792214,0.006693054,-0.28784552,0.9576194,-0.010488546,-0.009429283,0.008117585,0.9999226
17652.3102641,0.017044067,-0.0021362305,0.0010681152,-0.07899475,0.13406372,9.768341,-0.09277344,0.07974243,9.80574,-8.627319,28.93982,-10.5529785,0.95762765,0.28793067,0.0067187287,-0.28785366,0.9576167,-0.010510972,-0.009460399,0.008131587,0.9999222
17652.314658631,0.009597778,0.007446289,0.0021362305,-0.06942749,0.10533142,9.806641,-0.09277344,0.07989502,9.80574,-8.627319,28.93982,-10.5529785,0.9576282,0.2879292,0.0067142653,-0.28785208,0.9576171,-0.010525862,-0.009460399,0.008147146,0.9999221
17652.314811219,-0.014892578,0.0010681152,0.007461548,-0.06942749,0.10533142,9.806641,-0.09262085,0.08004761,9.80574,-8.627319,28.93982,-10.5529785,0.9576302,0.28792277,0.0066949553,-0.28784567,0.95761883,-0.010536238,-0.009444838,0.008162706,0.9999221
17652.31908368,-0.014892578,0.0010681152,0.007461548,-0.06942749,0.1484375,9.902405,-0.09262085,0.08004761,9.80574,-8.627319,28.93982,-10.5529785,0.9576302,0.28792277,0.0066949553,-0.28784567,0.95761883,-0.010536238,-0.009444838,0.008162706,0.9999221
17652.323478211,0.012786865,-0.004272461,-0.0021209717,-0.01675415,0.0143585205,9.931137,-0.09262085,0.080200195,9.80574,-8.627319,28.93982,-10.5529785,0.9576307,0.28792128,0.006690492,-0.2878441,0.95761913,-0.010551128,-0.009444837,0.008178265,0.999922
17652.32790326,-0.01914978,0.008514404,-0.0021209717,-0.04069519,0.04788208,9.8736725,-0.092315674,0.08004761,9.80574,-8.627319,28.93982,-10.5529785,0.9576335,0.28791294,0.006665263,-0.28783616,0.95762193,-0.010527215,-0.009413722,0.008162708,0.9999224
17652.327994813,-0.006378174,-0.0021362305,0.0032043457,-0.04069519,0.04788208,9.8736725,-0.09202576,0.07989502,9.80574,-9.344482,30.015564,-11.244202,0.95408446,0.299467,0.006513983,-0.2993908,0.95407194,-0.010583317,-0.009384162,0.008147151,0.99992275
17652.332297791,-0.006378174,-0.0021362305,0.0032043457,-0.10772705,0.10055542,9.883255,-0.09202576,0.07989502,9.80574,-9.344482,30.015564,-11.244202,0.95408446,0.299467,0.006513983,-0.2993908,0.95407194,-0.010583317,-0.009384162,0.008147151,0.99992275
17652.33672284,-0.011703491,-0.004272461,-0.003189087,-0.08857727,0.08139038,9.849731,-0.092163086,0.07989502,9.80574,-9.344482,30.015564,-11.244202,0.9540829,0.2994715,0.006527293,-0.29939517,0.9540705,-0.010587539,-0.009398164,0.00814715,0.9999227
17652.341117371,0.008529663,-0.010650635,0.0032043457,-0.07899475,-0.06703186,9.701294,-0.092163086,0.08004761,9.80574,-9.344482,30.015564,-11.244202,0.95408344,0.2994699,0.006522651,-0.29939342,0.9540708,-0.010602372,-0.009398162,0.008162709,0.9999225
17652.341178406,0.01171875,0.004257202,0.0032043457,-0.07899475,-0.06703186,9.701294,-0.09202576,0.079452515,9.80574,-10.778809,29.2984,-9.861755,0.9378306,0.34704158,0.005989476,-0.3469664,0.9378148,-0.0108550275,-0.009384165,0.0081020305,0.99992317
17652.34554242,0.01171875,0.004257202,0.0032043457,-0.11251831,0.0622406,9.648621,-0.09202576,0.079452515,9.80574,-10.778809,29.2984,-9.861755,0.9378306,0.34704158,0.005989476,-0.3469664,0.9378148,-0.0108550275,-0.009384165,0.0081020305,0.99992317
17652.349936951,0.0,0.010650635,0.004272461,-0.15083313,0.08139038,10.00296,-0.092163086,0.07929993,9.80574,-10.778809,29.2984,-9.861755,0.9378285,0.347047,0.0060079466,-0.34697175,0.93781286,-0.01084533,-0.009398169,0.008086471,0.99992317
17652.354362,0.0032043457,0.0010681152,0.0021362305,-0.05984497,-0.004776001,9.974243,-0.092315674,0.07929993,9.80574,-10.778809,29.2984,-9.861755,0.9378269,0.3470513,0.00602249,-0.34697586,0.9378113,-0.0108507555,-0.009413728,0.00808647,0.999923
17652.358756531,-0.014892578,0.012771606,0.0063934326,-0.05505371,0.13885498,9.830582,-0.092163086,0.07899475,9.80574,-8.985901,30.732727,-9.170532,0.95924824,0.28248456,0.006740182,-0.2824086,0.95923805,-0.010381921,-0.009398171,0.008055353,0.99992335
17652.36318158,0.0138549805,0.004257202,0.009597778,-0.10772705,0.0909729,9.979019,-0.09202576,0.07929993,9.80574,-8.985901,30.732727,-9.170532,0.95925003,0.28247845,0.0067180223,-0.28240246,0.9592395,-0.010407774,-0.009384166,0.008086472,0.9999233
17652.367576111,0.0,0.0021209717,0.0063934326,-0.026321411,0.20588684,9.7444,-0.092163086,0.07929993,9.80574,-8.985901,30.732727,-9.170532,0.95924896,0.28248212,0.0067314166,-0.282406,0.9592385,-0.010411753,-0.009398169,0.008086471,0.99992317
17652.367545594,0.0021362305,0.008514404,0.0,-0.026321411,0.20588684,9.7444,-0.09187317,0.07974243,9.80574,-9.881592,30.552673,-8.998108,0.9509005,0.3094307,0.006392937,-0.3093549,0.9508872,-0.01063127,-0.009368604,0.0081315935,0.99992305
17652.37200116,0.0021362305,0.008514404,0.0,-0.13645935,0.06703186,9.979019,-0.09187317,0.07974243,9.80574,-9.881592,30.552673,-8.998108,0.9509005,0.3094307,0.006392937,-0.3093549,0.9508872,-0.01063127,-0.009368604,0.0081315935,0.99992305
17652.376395691,0.0,-0.0032043457,0.0063934326,-0.13166809,0.11491394,9.76355,-0.09202576,0.07974243,9.80574,-9.881592,30.552673,-8.998108,0.9508992,0.3094346,0.0064076902,-0.30935866,0.9508861,-0.010636111,-0.009384164,0.0081315935,0.999923
17652.38082074,-0.004257202,-0.0063934326,0.0010681152,-0.03111267,0.10533142,9.98381,-0.092163086,0.07989502,9.80574,-9.881592,30.552673,-8.998108,0.95089835,0.30943683,0.006416166,-0.30936062,0.9508852,-0.01065525,-0.009398164,0.00814715,0.9999227
17652.380729188,0.009597778,0.0053253174,0.0063934326,-0.03111267,0.10533142,9.98381,-0.09202576,0.07989502,9.80574,-10.0616455,31.44989,-10.899353,0.95177567,0.3067275,0.006433157,-0.30665138,0.9517625,-0.010632641,-0.009384162,0.008147151,0.99992275
17652.385215272,0.009597778,0.0053253174,0.0063934326,-0.08857727,0.10055542,9.753967,-0.09202576,0.07989502,9.80574,-10.0616455,31.44989,-10.899353,0.95177567,0.3067275,0.006433157,-0.30665138,0.9517625,-0.010632641,-0.009384162,0.008147151,0.99992275
17652.38964032,-0.0010528564,0.0010681152,-0.0021209717,-0.04548645,0.10533142,9.911987,-0.09202576,0.08004761,9.80574,-10.0616455,31.44989,-10.899353,0.95177615,0.306726,0.006428401,-0.3066498,0.9517629,-0.010647439,-0.009384161,0.008162711,0.9999227
17652.394065369,0.008529663,0.0021209717,0.0021362305,-0.11730957,0.01914978,9.753967,-0.09172058,0.080200195,9.80574,-10.0616455,31.44989,-10.899353,0.9517798,0.30671528,0.0063941283,-0.30663928,0.951766,-0.010652634,-0.009353042,0.008178271,0.99992275
17652.393912781,-0.0074310303,0.004257202,0.007461548,-0.11730957,0.01914978,9.753967,-0.09187317,0.07989502,9.80574,-9.344482,30.015564,-9.170532,0.9542141,0.29905418,0.0065037142,-0.29897815,0.9542015,-0.010575848,-0.009368604,0.008147153,0.999923
17652.3984599,-0.0074310303,0.004257202,0.007461548,-0.07421875,0.0909729,9.840164,-0.09187317,0.07989502,9.80574,-9.344482,30.015564,-9.170532,0.9542141,0.29905418,0.0065037142,-0.29897815,0.9542015,-0.010575848,-0.009368604,0.008147153,0.999923
17652.402884949,0.0,-0.0138549805,-0.011703491,-0.14125061,0.10055542,9.8688965,-0.09172058,0.07989502,9.80574,-9.344482,30.015564,-9.170532,0.95421535,0.29905006,0.0064889113,-0.2989742,0.9542026,-0.010571168,-0.009353044,0.008147154,0.99992305
17652.407279481,0.009597778,0.0010681152,0.007461548,-0.10293579,-0.02394104,10.00296,-0.09202576,0.08004761,9.80574,-9.344482,30.015564,-9.170532,0.9542131,0.29905698,0.006513877,-0.29898068,0.95420045,-0.0105953645,-0.009384161,0.008162711,0.9999227
17652.407096375,-0.011703491,0.0095825195,0.0063934326,-0.10293579,-0.02394104,10.00296,-0.09202576,0.0796051,9.80574,-10.240173,30.911255,-9.342957,0.9486751,0.316189,0.0063363183,-0.3161132,0.9486615,-0.010668124,-0.009384164,0.008117589,0.999923
17652.411704529,-0.011703491,0.0095825195,0.0063934326,-0.15083313,0.009567261,9.797058,-0.09202576,0.0796051,9.80574,-10.240173,30.911255,-9.342957,0.9486751,0.316189,0.0063363183,-0.3161132,0.9486615,-0.010668124,-0.009384164,0.008117589,0.999923
17652.416099061,0.0053253174,-0.0010681152,0.007461548,-0.15083313,0.07182312,9.844955,-0.092163086,0.07929993,9.80574,-10.240173,30.911255,-9.342957,0.94867283,0.3161952,0.0063593737,-0.31611946,0.9486597,-0.010643071,-0.009398169,0.008086471,0.99992317
17652.420524109,0.008529663,0.004257202,-0.004257202,-0.06942749,0.04788208,9.864105,-0.09246826,0.07929993,9.80574,-10.240173,30.911255,-9.342957,0.9486699,0.31620312,0.0063888067,-0.31612706,0.948657,-0.010652958,-0.009429286,0.008086468,0.9999229
17652.420279969,-0.004257202,0.010650635,-0.011703491,-0.06942749,0.04788208,9.864105,-0.092315674,0.07914734,9.80574,-10.0616455,30.015564,-9.170532,0.9475424,0.3195671,0.0063411966,-0.3194914,0.9475294,-0.010655849,-0.0094137285,0.008070911,0.99992317
17652.424918641,-0.004257202,0.010650635,-0.011703491,-0.12689209,0.04309082,9.959869,-0.092315674,0.07914734,9.80574,-10.0616455,30.015564,-9.170532,0.9475424,0.3195671,0.0063411966,-0.3194914,0.9475294,-0.010655849,-0.0094137285,0.008070911,0.99992317
17652.42934369,-0.0010528564,0.004257202,-0.003189087,-0.14125061,0.16758728,9.916779,-0.09246826,0.07914734,9.80574,-10.0616455,30.015564,-9.170532,0.94754094,0.31957114,0.006355895,-0.31949523,0.9475279,-0.010660845,-0.009429287,0.008070909,0.999923
17652.433738221,0.0021362305,-0.0063934326,0.004272461,-0.026321411,0.1197052,9.964661,-0.09262085,0.079452515,9.80574,-10.0616455,30.015564,-9.170532,0.9475405,0.31957245,0.00636068,-0.31949618,0.9475272,-0.010695309,-0.009444843,0.008102026,0.9999226
17652.433463563,0.0,-0.0032043457,-0.008514404,-0.026321411,0.1197052,9.964661,-0.09246826,0.0796051,9.80574,-9.52301,29.118347,-10.03418,0.9497862,0.31283408,0.0064168423,-0.31275776,0.94977313,-0.010659772,-0.009429283,0.008117585,0.9999226
17652.43816327,0.0,-0.0032043457,-0.008514404,-0.01675415,0.009567261,10.050858,-0.09246826,0.0796051,9.80574,-9.52301,29.118347,-10.03418,0.9497862,0.31283408,0.0064168423,-0.31275776,0.94977313,-0.010659772,-0.009429283,0.008117585,0.9999226
17652.442557801,-0.003189087,0.008514404,-0.0010528564,0.02154541,0.05744934,9.830582,-0.092163086,0.07929993,9.80574,-9.52301,29.118347,-10.03418,0.9497882,0.31282794,0.0063970876,-0.3127522,0.9497754,-0.010620445,-0.009398169,0.008086471,0.99992317
17652.44698285,0.008529663,0.0063934326,-0.010650635,-0.24659729,0.10533142,9.950287,-0.09172058,0.07914734,9.80574,-9.52301,29.118347,-10.03418,0.94979244,0.31281626,0.006359228,-0.31274107,0.9497794,-0.010591481,-0.00935305,0.008070915,0.99992365
17652.446647156,-0.009567261,0.003189087,-0.006378174,-0.24659729,0.10533142,9.950287,-0.092315674,0.07929993,9.80574,-10.240173,29.83551,-10.725403,0.94512904,0.32663718,0.0062563275,-0.32656142,0.94511515,-0.010717631,-0.009413728,0.00808647,0.999923
17652.451377381,-0.009567261,0.003189087,-0.006378174,-0.09336853,0.0143585205,9.969452,-0.092315674,0.07929993,9.80574,-10.240173,29.83551,-10.725403,0.94512904,0.32663718,0.0062563275,-0.32656142,0.94511515,-0.010717631,-0.009413728,0.00808647,0.999923
17652.45580243,0.0021362305,-0.0021362305,0.0,-0.13166809,0.11491394,10.00296,-0.092315674,0.07899475,9.80574,-10.240173,29.83551,-10.725403,0.94512796,0.32664043,0.0062664566,-0.32656488,0.9451145,-0.010688243,-0.00941373,0.008055352,0.9999233
17652.460196961,0.020248413,-0.008529663,-0.004257202,-0.15560913,0.11491394,9.993393,-0.092315674,0.07914734,9.80574,-10.240173,29.83551,-10.725403,0.9451285,0.32663882,0.0062613925,-0.32656318,0.94511485,-0.010702938,-0.0094137285,0.008070911,0.99992317
17652.45983075,0.017044067,-0.008529663,-0.003189087,-0.15560913,0.11491394,9.993393,-0.09262085,0.07929993,9.80574,-11.13739,30.015564,-9.861755,0.936876,0.34961,0.0060220035,-0.34953427,0.93686044,-0.010878029,-0.009444844,0.008086467,0.9999227
17652.46462201,0.017044067,-0.008529663,-0.003189087,-0.026321411,0.009567261,9.8688965,-0.09262085,0.07929993,9.80574,-11.13739,30.015564,-9.861755,0.936876,0.34961,0.0060220035,-0.34953427,0.93686044,-0.010878029,-0.009444844,0.008086467,0.9999227
17652.469016541,-0.0053253174,0.010650635,0.004272461,-0.15560913,-0.04788208,9.821014,-0.092315674,0.07899475,9.80574,-11.13739,30.015564,-9.861755,0.936878,0.34960476,0.0060037877,-0.34952956,0.93686265,-0.010837967,-0.00941373,0.008055352,0.9999233
17652.47344159,0.0032043457,0.010650635,0.0063934326,-0.17477417,0.12927246,9.907196,-0.09262085,0.078552246,9.80574,-11.13739,30.015564,-9.861755,0.93687296,0.3496176,0.006048572,-0.34954235,0.93685824,-0.010806653,-0.0094448505,0.008010229,0.99992335
17652.473014344,0.004272461,0.004257202,0.0,-0.17477417,0.12927246,9.907196,-0.09291077,0.078704834,9.80574,-9.881592,29.118347,-10.03418,0.946268,0.3233206,0.0063709207,-0.32324457,0.9462555,-0.010657817,-0.009474411,0.008025786,0.999923
17652.477866639,0.004272461,0.004257202,0.0,-0.10293579,0.05265808,9.959869,-0.09291077,0.078704834,9.80574,-9.881592,29.118347,-10.03418,0.946268,0.3233206,0.0063709207,-0.32324457,0.9462555,-0.010657817,-0.009474411,0.008025786,0.999923
17652.48226117,0.004272461,0.0095825195,0.0010681152,-0.03111267,0.01914978,9.849731,-0.09291077,0.078704834,9.80574,-9.881592,29.118347,-10.03418,0.946268,0.3233206,0.0063709207,-0.32324457,0.9462555,-0.010657817,-0.009474411,0.008025786,0.999923
17652.486686219,0.0032043457,0.0063934326,0.0138549805,-0.05027771,0.1484375,9.840164,-0.09277344,0.07839966,9.80574,-9.881592,29.118347,-10.03418,0.94626844,0.32331964,0.006367742,-0.32324395,0.9462561,-0.010623839,-0.00946041,0.007994669,0.9999233
17652.486197938,0.014923096,-0.015975952,0.007461548,-0.05027771,0.1484375,9.840164,-0.09246826,0.078704834,9.80574,-10.0616455,30.015564,-9.170532,0.9475395,0.31957504,0.006370271,-0.3194994,0.94752693,-0.010618118,-0.009429291,0.008025789,0.99992335
17652.49108075,0.014923096,-0.015975952,0.007461548,-0.14604187,0.0909729,9.8688965,-0.09246826,0.078704834,9.80574,-10.0616455,30.015564,-9.170532,0.9475395,0.31957504,0.006370271,-0.3194994,0.94752693,-0.010618118,-0.009429291,0.008025789,0.99992335
17652.495505799,-0.0021209717,0.0021209717,-0.003189087,-0.14604187,0.05265808,9.8736725,-0.09277344,0.078704834,9.80574,-10.0616455,30.015564,-9.170532,0.94753665,0.31958306,0.006399669,-0.31950712,0.9475243,-0.0106281135,-0.009460407,0.008025787,0.99992305
17652.49990033,0.007461548,0.014892578,0.004272461,-0.10772705,0.07661438,10.357315,-0.09291077,0.078704834,9.80574,-10.0616455,30.015564,-9.170532,0.94753534,0.31958666,0.006412898,-0.31951058,0.9475231,-0.010632611,-0.009474411,0.008025786,0.999923
17652.499381531,0.01171875,0.010650635,-0.0010528564,-0.10772705,0.07661438,10.357315,-0.09291077,0.078552246,9.80574,-11.13739,30.374146,-9.861755,0.9382131,0.3460041,0.0061179167,-0.3459285,0.93819886,-0.010793485,-0.009474412,0.008010226,0.99992305
17652.504325379,0.01171875,0.010650635,-0.0010528564,-0.10772705,0.25856018,9.677353,-0.09291077,0.078552246,9.80574,-11.13739,30.374146,-9.861755,0.9382131,0.3460041,0.0061179167,-0.3459285,0.93819886,-0.010793485,-0.009474412,0.008010226,0.99992305
17652.50871991,0.0010681152,0.004257202,-0.0021209717,-0.18434143,-0.0143585205,9.715668,-0.093063354,0.07929993,9.80574,-11.13739,30.374146,-9.861755,0.9382144,0.3460008,0.0061061727,-0.34592453,0.93819946,-0.010870372,-0.009489964,0.008086463,0.9999223
17652.513144959,0.009597778,0.0053253174,-0.007446289,-0.11251831,0.0622406,9.998184,-0.09336853,0.07899475,9.80574,-11.13739,30.374146,-9.861755,0.93821,0.3460121,0.006146007,-0.34593567,0.9381956,-0.010852013,-0.009521083,0.008055343,0.9999222
17652.512565125,-0.0084991455,-0.0010681152,-0.0095825195,-0.11251831,0.0622406,9.998184,-0.09336853,0.07885742,9.80574,-8.627319,30.015564,-9.861755,0.9604599,0.27833256,0.0069069886,-0.27825537,0.960451,-0.010373412,-0.009521084,0.00804134,0.9999223
17652.51753949,-0.0084991455,-0.0010681152,-0.0095825195,-0.06942749,0.0143585205,10.00296,-0.09336853,0.07885742,9.80574,-8.627319,30.015564,-9.861755,0.9604599,0.27833256,0.0069069886,-0.27825537,0.960451,-0.010373412,-0.009521084,0.00804134,0.9999223
17652.521964539,0.010665894,0.0053253174,-0.0010528564,-0.09815979,0.0622406,9.902405,-0.09336853,0.078704834,9.80574,-8.627319,30.015564,-9.861755,0.96045953,0.2783339,0.0069113057,-0.27825686,0.9604509,-0.01035848,-0.009521086,0.008025782,0.9999225
17652.52635907,0.0063934326,0.0010681152,0.010665894,-0.16040039,0.028717041,9.8736725,-0.09336853,0.078552246,9.80574,-8.627319,30.015564,-9.861755,0.96045905,0.27833515,0.0069156224,-0.2782582,0.96045053,-0.010343544,-0.009521087,0.008010223,0.9999226
17652.525748719,0.01171875,0.004257202,-0.003189087,-0.16040039,0.028717041,9.8736725,-0.09365845,0.07839966,9.80574,-8.627319,30.015564,-9.861755,0.96045595,0.278345,0.006948242,-0.27826786,0.96044785,-0.010336896,-0.00955065,0.007994662,0.9999225
17652.530784119,0.01171875,0.004257202,-0.003189087,-0.18913269,0.05265808,9.792282,-0.09365845,0.07839966,9.80574,-8.627319,30.015564,-9.861755,0.96045595,0.278345,0.006948242,-0.27826786,0.96044785,-0.010336896,-0.00955065,0.007994662,0.9999225
17652.53517865,0.008529663,0.013824463,0.0063934326,-0.14125061,0.10533142,9.964661,-0.09396362,0.07824707,9.80574,-8.627319,30.015564,-9.861755,0.96045285,0.27835527,0.0069823526,-0.27827793,0.9604451,-0.010330685,-0.009581767,0.007979101,0.9999223
17652.539603699,0.012786865,0.01914978,-0.004257202,-0.29927063,0.04309082,9.835373,-0.09411621,0.07839966,9.80574,-8.627319,30.015564,-9.861755,0.9604518,0.2783585,0.0069929315,-0.27828085,0.960444,-0.01034998,-0.009597324,0.007994658,0.999922
17652.538932313,0.007461548,-0.004272461,-0.007446289,-0.29927063,0.04309082,9.835373,-0.09486389,0.07824707,9.80574,-9.703064,30.374146,-10.20813,0.95189273,0.30635685,0.006764275,-0.3062788,0.9518833,-0.010558803,-0.009673562,0.007979093,0.9999214
17652.543998231,0.007461548,-0.004272461,-0.007446289,-0.16519165,0.07182312,9.830582,-0.09486389,0.07824707,9.80574,-9.703064,30.374146,-10.20813,0.95189273,0.30635685,0.006764275,-0.3062788,0.9518833,-0.010558803,-0.009673562,0.007979093,0.9999214
17652.548423279,0.0032043457,0.013824463,0.0,-0.12689209,0.03829956,9.8736725,-0.09516907,0.07824707,9.80574,-9.703064,30.374146,-10.20813,0.95188963,0.30636576,0.0067937984,-0.30628735,0.9518804,-0.010568395,-0.009704678,0.00797909,0.999921
17652.552817811,0.0053253174,0.0010681152,-0.007446289,0.002380371,0.16758728,9.907196,-0.0953064,0.07810974,9.80574,-9.703064,30.374146,-10.20813,0.9518877,0.30637106,0.0068113594,-0.30629262,0.9518788,-0.010559391,-0.009718682,0.007965087,0.999921
17652.552115906,0.010665894,-0.004272461,-0.011703491,0.002380371,0.16758728,9.907196,-0.09486389,0.07839966,9.80574,-8.447266,29.118347,-9.342957,0.9597726,0.28069028,0.007040952,-0.28061187,0.95976514,-0.010388322,-0.00967356,0.007994652,0.99992126
17652.557242859,0.010665894,-0.004272461,-0.011703491,-0.08378601,0.10533142,9.686935,-0.09486389,0.07839966,9.80574,-8.447266,29.118347,-9.342957,0.9597726,0.28069028,0.007040952,-0.28061187,0.95976514,-0.010388322,-0.00967356,0.007994652,0.99992126
17652.561637391,0.0021362305,0.008514404,0.0021362305,-0.10772705,0.11491394,9.725235,-0.09486389,0.078552246,9.80574,-8.447266,29.118347,-9.342957,0.95977294,0.280689,0.0070365975,-0.2806105,0.95976526,-0.010403245,-0.009673559,0.0080102105,0.9999211
17652.56606244,-0.012756348,0.003189087,0.0,-0.11251831,0.11012268,9.964661,-0.09486389,0.078704834,9.80574,-8.447266,29.118347,-9.342957,0.9597734,0.28068775,0.0070322445,-0.28060913,0.9597656,-0.01041817,-0.009673558,0.00802577,0.999921
17652.5652995,0.010665894,-0.0063934326,-0.008514404,-0.11251831,0.11012268,9.964661,-0.09501648,0.078704834,9.80574,-9.52301,29.476929,-9.342957,0.9509257,0.30934587,0.0067314235,-0.30926734,0.9509156,-0.010629198,-0.009689116,0.008025768,0.9999208
17652.570487488,0.010665894,-0.0063934326,-0.008514404,-0.18434143,0.11012268,9.911987,-0.09501648,0.078704834,9.80574,-9.52301,29.476929,-9.342957,0.9509257,0.30934587,0.0067314235,-0.30926734,0.9509156,-0.010629198,-0.009689116,0.008025768,0.9999208
17652.57488202,0.010665894,0.01171875,-0.0010528564,-0.24180603,0.028717041,9.830582,-0.0953064,0.07885742,9.80574,-9.52301,29.476929,-9.342957,0.95092344,0.30935252,0.0067546493,-0.30927357,0.9509134,-0.010653181,-0.009718676,0.008041325,0.9999204
17652.579307068,-0.0021209717,0.0095825195,-0.007446289,-0.05027771,0.08618164,9.844955,-0.09591675,0.078704834,9.80574,-9.52301,29.476929,-9.342957,0.95091707,0.3093707,0.006818445,-0.3092912,0.95090765,-0.010657761,-0.009780911,0.008025762,0.99991995
17652.578483094,0.0053253174,0.015960693,0.008529663,-0.05027771,0.08618164,9.844955,-0.09561157,0.078704834,9.80574,-10.778809,30.374146,-10.5529785,0.94168746,0.33642662,0.0064816955,-0.33634776,0.94167554,-0.010837851,-0.009749793,0.008025764,0.99992025
17652.5837016,0.0053253174,0.015960693,0.008529663,-0.15560913,-0.004776001,9.801849,-0.09561157,0.078704834,9.80574,-10.778809,30.374146,-10.5529785,0.94168746,0.33642662,0.0064816955,-0.33634776,0.94167554,-0.010837851,-0.009749793,0.008025764,0.99992025
17652.588126648,0.015991211,0.020217896,-0.0021209717,0.011962891,0.08139038,10.074799,-0.09680176,0.07899475,9.80574,-10.778809,30.374146,-10.5529785,0.9416753,0.3364584,0.006585671,-0.33637807,0.9416639,-0.010906724,-0.009871148,0.008055317,0.9999189
17652.59252118,0.030899048,0.024475098,0.0,-0.14604187,0.009567261,9.667786,-0.09725952,0.08035278,9.80574,-10.778809,30.374146,-10.5529785,0.9416756,0.33645758,0.0065830434,-0.33637577,0.9416629,-0.011052811,-0.009917811,0.008193785,0.9999172
17652.591666688,0.042617798,0.007446289,-0.0021209717,-0.14604187,0.009567261,9.667786,-0.097854614,0.08200073,9.80574,-9.52301,29.83551,-9.689331,0.9519716,0.30610776,0.0069401953,-0.3060238,0.9519602,-0.011014699,-0.009978474,0.0083618155,0.9999153
17652.596946229,0.042617798,0.007446289,-0.0021209717,-0.15560913,0.09576416,9.8736725,-0.097854614,0.08200073,9.80574,-9.52301,29.83551,-9.689331,0.9519716,0.30610776,0.0069401953,-0.3060238,0.9519602,-0.011014699,-0.009978474,0.0083618155,0.9999153
17652.60134076,0.036224365,0.0,-0.007446289,-0.13645935,0.05744934,9.730026,-0.0980072,0.083496094,9.80574,-9.52301,29.83551,-9.689331,0.95197475,0.30609846,0.0069084386,-0.30601326,0.95196176,-0.011164542,-0.00999402,0.008514289,0.9999139
17652.605765809,0.021316528,-0.022369385,0.009597778,-0.16040039,0.0143585205,10.012543,-0.09710693,0.0843811,9.80574,-9.52301,29.83551,-9.689331,0.95198643,0.30606496,0.0067938147,-0.30598015,0.95197177,-0.011222123,-0.009902217,0.008604536,0.99991393
17652.604850281,0.045806885,-0.004272461,0.008529663,-0.16040039,0.0143585205,10.012543,-0.09710693,0.08602905,9.80574,-9.881592,30.911255,-11.7630005,0.95174605,0.30681288,0.006733435,-0.30672696,0.9517295,-0.01138738,-0.009902203,0.008772568,0.9999125
17652.61016034,0.045806885,-0.004272461,0.008529663,-0.11251831,0.08139038,9.758759,-0.09710693,0.08602905,9.80574,-9.881592,30.911255,-11.7630005,0.95174605,0.30681288,0.006733435,-0.30672696,0.9517295,-0.01138738,-0.009902203,0.008772568,0.9999125
17652.614585389,0.0010681152,0.0095825195,0.012786865,-0.12689209,0.07661438,9.955078,-0.09710693,0.08602905,9.80574,-9.881592,30.911255,-11.7630005,0.95174605,0.30681288,0.006733435,-0.30672696,0.9517295,-0.01138738,-0.009902203,0.008772568,0.9999125
17652.61897992,-0.0053253174,0.015960693,-0.004257202,-0.11251831,0.06703186,9.662994,-0.09725952,0.08589172,9.80574,-9.881592,30.911255,-11.7630005,0.9517438,0.30681944,0.006752463,-0.30673346,0.9517275,-0.011378871,-0.009917763,0.0087585645,0.9999125
17652.618033875,-0.006378174,0.025543213,0.008529663,-0.11251831,0.06703186,9.662994,-0.09844971,0.08558655,9.80574,-9.703064,32.167053,-11.244202,0.9566821,0.29104888,0.00706476,-0.29096147,0.9566684,-0.011271257,-0.010039119,0.008727437,0.99991155
17652.623404969,-0.006378174,0.025543213,0.008529663,-0.16040039,0.09576416,9.8688965,-0.09844971,0.08558655,9.80574,-9.703064,32.167053,-11.244202,0.9566821,0.29104888,0.00706476,-0.29096147,0.9566684,-0.011271257,-0.010039119,0.008727437,0.99991155
17652.6277995,-0.003189087,0.0,0.0021362305,-0.17477417,0.11012268,9.801849,-0.098602295,0.08558655,9.80574,-9.703064,32.167053,-11.244202,0.95668054,0.29105362,0.0070795906,-0.29096603,0.9566669,-0.011275818,-0.010054678,0.008727435,0.99991137
17652.632224549,0.01171875,-0.0063934326,0.007461548,-0.11730957,0.03829956,9.844955,-0.09890747,0.085739136,9.80574,-9.703064,32.167053,-11.244202,0.9566779,0.2910616,0.007104738,-0.29097357,0.9566644,-0.011299813,-0.010085792,0.008742991,0.99991095
17652.631217469,0.004272461,-0.0032043457,0.0010681152,-0.11730957,0.03829956,9.844955,-0.09890747,0.08558655,9.80574,-9.164429,30.552673,-8.651733,0.9572562,0.28915334,0.007131756,-0.2890654,0.957243,-0.011270729,-0.010085794,0.008727432,0.99991107
17652.63661908,0.004272461,-0.0032043457,0.0010681152,-0.06463623,0.11491394,9.892838,-0.09890747,0.08558655,9.80574,-9.164429,30.552673,-8.651733,0.9572562,0.28915334,0.007131756,-0.2890654,0.957243,-0.011270729,-0.010085794,0.008727432,0.99991107
17652.641044129,0.038360596,-0.010650635,0.0063934326,-0.22265625,0.0622406,10.022125,-0.09829712,0.0872345,9.80574,-9.164429,30.552673,-8.651733,0.9572654,0.28912556,0.0070239166,-0.2890371,0.9572498,-0.011413389,-0.010023546,0.00889547,0.99991024
17652.64543866,0.020248413,0.0021209717,-0.0010528564,-0.04548645,0.18673706,9.806641,-0.09875488,0.0872345,9.80574,-9.164429,30.552673,-8.651733,0.95726156,0.28913704,0.007068465,-0.28904805,0.95724636,-0.011426961,-0.010070221,0.008895465,0.99990976
17652.644401063,0.008529663,0.0021209717,0.0010681152,-0.04548645,0.18673706,9.806641,-0.098602295,0.087524414,9.80574,-10.240173,29.476929,-10.725403,0.9438621,0.33027488,0.0065430915,-0.33018667,0.9438426,-0.011744797,-0.01005466,0.008925028,0.99990964
17652.649863709,0.008529663,0.0021209717,0.0010681152,-0.17477417,0.13885498,9.859314,-0.098602295,0.087524414,9.80574,-10.240173,29.476929,-10.725403,0.9438621,0.33027488,0.0065430915,-0.33018667,0.9438426,-0.011744797,-0.01005466,0.008925028,0.99990964
17652.654288758,-0.0021209717,-0.004272461,0.004272461,-0.05505371,0.06703186,9.8688965,-0.09890747,0.08782959,9.80574,-10.240173,29.476929,-10.725403,0.9438598,0.33028096,0.006562109,-0.33019215,0.94384015,-0.011784481,-0.010085774,0.008956142,0.99990904
17652.658683289,0.0021362305,-0.0053253174,0.01171875,-0.11730957,0.22984314,9.739609,-0.09875488,0.087677,9.80574,-10.240173,29.476929,-10.725403,0.943861,0.33027795,0.006552601,-0.3301894,0.9438414,-0.01176464,-0.010070217,0.008940585,0.99990934
17652.657584656,0.01171875,0.020217896,-0.0021209717,-0.11730957,0.22984314,9.739609,-0.09875488,0.088272095,9.80574,-9.703064,29.656982,-9.170532,0.9497838,0.31283385,0.0067492393,-0.31274456,0.9497651,-0.011699556,-0.01007021,0.0090012625,0.99990875
17652.663108338,0.01171875,0.020217896,-0.0021209717,-0.03111267,0.12927246,9.897629,-0.09875488,0.088272095,9.80574,-9.703064,29.656982,-9.170532,0.9497838,0.31283385,0.0067492393,-0.31274456,0.9497651,-0.011699556,-0.01007021,0.0090012625,0.99990875
17652.667502869,0.021316528,-0.007461548,0.0032043457,-0.09815979,0.06703186,9.8688965,-0.09844971,0.08842468,9.80574,-9.703064,29.656982,-9.170532,0.9497873,0.3128244,0.006714933,-0.31273538,0.9497683,-0.011704539,-0.010039094,0.009016824,0.999909
