Time,GyroX,GyroY,GyroZ,AccX,AccY,AccZ,GravX,GravY,GravZ,MagX,MagY,MagZ,Rot1,Rot2,Rot3,Rot4,Rot5,Rot6,Rot7,Rot8,Rot9
16977.240408632,0.0,0.0,0.0,-0.002380371,0.01675415,9.737213,0.0,0.0,0.0,0.0,0.0,0.0,0.0,0.0,0.0,0.0,0.0,0.0,0.0,0.0,0.0
16977.244772646,0.017044067,-0.004272461,-0.0010681152,-0.08857727,0.03590393,9.727631,-0.061935425,0.06329346,9.806198,0.0,0.0,0.0,0.0,0.0,0.0,0.0,0.0,0.0,0.0,0.0,0.0
16977.253103945,0.0021209717,-0.018112183,0.010650635,-0.08857727,0.03590393,9.727631,-0.062088013,0.06314087,9.806198,-0.3829956,34.381104,-8.843994,0.99989927,0.012745995,0.0062487996,-0.012705242,0.9998981,-0.0065186606,-0.006331249,0.006438611,0.99995923
16977.24913666,0.0021209717,-0.018112183,0.010650635,-0.05984497,0.06463623,9.856918,-0.062088013,0.06314087,9.806198,-0.3829956,34.381104,-8.843994,0.99989927,0.012745995,0.0062487996,-0.012705242,0.9998981,-0.0065186606,-0.006331249,0.006438611,0.99995923
16977.253561709,0.0053253174,-0.008529663,0.0021362305,-0.05027771,0.08857727,9.670166,-0.062088013,0.06314087,9.806198,-0.3829956,34.381104,-8.843994,0.99989927,0.012745995,0.0062487996,-0.012705242,0.9998981,-0.0065186606,-0.006331249,0.006438611,0.99995923
16977.257986757,0.0053253174,-0.0010681152,0.0063934326,-0.13166809,-0.02154541,9.789886,-0.062088013,0.06329346,9.806198,-0.3829956,34.381104,-8.843994,0.99989927,0.012745944,0.006248601,-0.012705093,0.999898,-0.006534218,-0.0063312487,0.00645417,0.9999592
16977.266318056,-0.0095825195,0.004257202,0.0021362305,-0.13166809,-0.02154541,9.789886,-0.0622406,0.06298828,9.806198,-0.3829956,34.381104,-8.843994,0.9998991,0.012750039,0.006264529,-0.012709281,0.9998981,-0.0065033254,-0.0063468087,0.0064230515,0.99995923
16977.262411806,-0.0095825195,0.004257202,0.0021362305,-0.12689209,0.04069519,9.727631,-0.0622406,0.06298828,9.806198,-0.3829956,34.381104,-8.843994,0.9998991,0.012750039,0.006264529,-0.012709281,0.9998981,-0.0065033254,-0.0063468087,0.0064230515,0.99995923
16977.266836855,-0.018096924,0.0063934326,0.0063934326,-0.09336853,0.04548645,9.818619,-0.06254578,0.06283569,9.806198,-0.3829956,34.381104,-8.843994,0.9998988,0.012758078,0.006295792,-0.012717217,0.99989814,-0.0064882124,-0.0063779275,0.006407491,0.9999592
16977.271261904,0.0010528564,0.004257202,-0.0063934326,-0.16040039,0.05505371,9.756363,-0.062683105,0.06283569,9.806198,-0.3829956,34.381104,-8.843994,0.99989873,0.012761673,0.0063097714,-0.012720722,0.9998982,-0.0064884135,-0.006391931,0.0064074905,0.9999591
16977.279532167,-0.0032043457,-0.0010681152,0.0063934326,-0.16040039,0.05505371,9.756363,-0.06298828,0.062683105,9.806198,1.2313843,34.55963,-7.9803467,0.9993972,-0.034076586,0.0066372654,0.03411761,0.99939877,-0.0061692013,-0.0064230496,0.00639193,0.99995893
16977.275686953,-0.0032043457,-0.0010681152,0.0063934326,-0.24180603,-0.03111267,9.607925,-0.06298828,0.062683105,9.806198,1.2313843,34.55963,-7.9803467,0.9993972,-0.034076586,0.0066372654,0.03411761,0.99939877,-0.0061692013,-0.0064230496,0.00639193,0.99995893
16977.280112001,-0.004272461,0.0,0.0032043457,-0.18434143,0.15083313,9.622284,-0.06373596,0.06239319,9.806198,1.2313843,34.55963,-7.9803467,0.9993973,-0.034059253,0.0067123473,0.03410055,0.99939954,-0.006137169,-0.00649929,0.0063623646,0.99995863
16977.284506533,0.0053253174,-0.0053253174,0.004272461,-0.05027771,0.07421875,9.895233,-0.064193726,0.062683105,9.806198,1.2313843,34.55963,-7.9803467,0.99939734,-0.034048263,0.006759938,0.03409005,0.9993998,-0.0061651943,-0.0065459665,0.0063919253,0.9999582
16977.292654726,0.01171875,0.010650635,-0.0053253174,-0.05027771,0.07421875,9.895233,-0.064193726,0.06283569,9.806198,-0.56152344,34.20105,-8.67157,0.99981654,0.018045453,0.0064294077,-0.0180035,0.9998166,-0.006524433,-0.006545965,0.0064074835,0.999958
16977.288931582,0.01171875,0.010650635,-0.0053253174,-0.03590393,0.08857727,9.86171,-0.064193726,0.06283569,9.806198,-0.56152344,34.20105,-8.67157,0.99981654,0.018045453,0.0064294077,-0.0180035,0.9998166,-0.006524433,-0.006545965,0.0064074835,0.999958
16977.29335663,0.0010528564,-0.009597778,0.004272461,-0.05984497,0.07421875,9.770737,-0.06404114,0.06283569,9.806198,-0.56152344,34.20105,-8.67157,0.9998167,0.01804152,0.006413877,-0.017999668,0.99981683,-0.006524129,-0.0065304064,0.006407485,0.9999582
16977.297781679,0.0021209717,0.0095825195,0.0032043457,-0.15083313,0.04069519,9.627075,-0.06404114,0.06298828,9.806198,-0.56152344,34.20105,-8.67157,0.9998167,0.018041449,0.006413597,-0.017999496,0.9998166,-0.006539684,-0.006530405,0.006423043,0.999958
16977.305777285,-0.010650635,-0.0053253174,0.0063934326,-0.15083313,0.04069519,9.627075,-0.064331055,0.06283569,9.806198,0.87280273,34.55963,-9.362793,0.999703,-0.023430051,0.0067084297,0.02347205,0.99970496,-0.00625188,-0.0065599685,0.0064074835,0.999958
16977.302206728,-0.010650635,-0.0053253174,0.0063934326,-0.09336853,0.20350647,9.732422,-0.064331055,0.06283569,9.806198,0.87280273,34.55963,-9.362793,0.999703,-0.023430051,0.0067084297,0.02347205,0.99970496,-0.00625188,-0.0065599685,0.0064074835,0.999958
16977.306631777,-0.034072876,0.017028809,0.009597778,-0.16519165,0.07899475,9.799454,-0.06523132,0.061935425,9.806198,0.87280273,34.55963,-9.362793,0.999703,-0.02340581,0.006797904,0.02344776,0.99970615,-0.006158115,-0.0066517703,0.0063156807,0.9999579
16977.31163666,-0.0021362305,0.004257202,0.0032043457,-0.14604187,0.05984497,9.756363,-0.0655365,0.061935425,9.806198,0.87280273,34.55963,-9.362793,0.999703,-0.023397395,0.0068289624,0.023439534,0.9997063,-0.006157442,-0.006682888,0.0063156798,0.9999577
16977.318899843,0.004257202,0.0,-0.0010681152,-0.14604187,0.05984497,9.756363,-0.065826416,0.061935425,9.806198,-0.74157715,34.739685,-9.536743,0.99971056,0.023142628,0.006564625,-0.023100184,0.9997121,-0.006469194,-0.00671245,0.0063156784,0.9999575
16977.316641542,0.004257202,0.0,-0.0010681152,-0.002380371,0.007171631,9.871292,-0.065826416,0.061935425,9.806198,-0.74157715,34.739685,-9.536743,0.99971056,0.023142628,0.006564625,-0.023100184,0.9997121,-0.006469194,-0.00671245,0.0063156784,0.9999575
16977.321646425,0.01171875,-0.008529663,0.015975952,-0.14604187,0.03111267,9.641449,-0.06568909,0.061798096,9.806198,-0.74157715,34.739685,-9.536743,0.9997108,0.023138886,0.0065509737,-0.023096625,0.99971235,-0.0064548478,-0.006698448,0.006301676,0.9999577
16977.326651308,0.020233154,-0.009597778,0.0,-0.07899475,0.10772705,9.890442,-0.065979004,0.061645508,9.806198,-0.74157715,34.739685,-9.536743,0.9997104,0.023147075,0.0065808357,-0.023104725,0.9997123,-0.006440029,-0.0067280107,0.006286116,0.9999576
16977.332022402,0.003189087,0.0,-0.003189087,-0.07899475,0.10772705,9.890442,-0.065979004,0.061798096,9.806198,0.15563965,34.20105,-9.017944,0.9999735,-0.0027719676,0.006745587,0.0028143583,0.99997634,-0.0062828576,-0.00672801,0.0063016745,0.9999575
16977.331656191,0.003189087,0.0,-0.003189087,-0.03111267,-0.026321411,9.909592,-0.065979004,0.061798096,9.806198,0.15563965,34.20105,-9.017944,0.9999735,-0.0027719676,0.006745587,0.0028143583,0.99997634,-0.0062828576,-0.00672801,0.0063016745,0.9999575
16977.336661074,-0.013839722,0.0,-0.0010681152,-0.15083313,0.12689209,9.818619,-0.065826416,0.06149292,9.806198,0.15563965,34.20105,-9.017944,0.9999736,-0.0027760866,0.0067299674,0.0028181698,0.9999765,-0.0062517566,-0.006712452,0.0062705567,0.99995774
16977.341665957,0.0021209717,0.004257202,-0.012771606,-0.12210083,0.04069519,9.751572,-0.06613159,0.061798096,9.806198,0.15563965,34.20105,-9.017944,0.9999733,-0.0027678711,0.0067611197,0.0028103595,0.9999763,-0.006282841,-0.006743569,0.006301674,0.9999574
16977.34514496,0.003189087,0.0063934326,0.0,-0.12210083,0.04069519,9.751572,-0.06643677,0.061645508,9.806198,-0.56152344,34.20105,-9.017944,0.9998127,0.01817117,0.0066594775,-0.018128533,0.99981517,-0.006408041,-0.006774688,0.006286114,0.9999573
16977.346670839,0.003189087,0.0063934326,0.0,-0.04069519,0.05027771,9.737213,-0.06643677,0.061645508,9.806198,-0.56152344,34.20105,-9.017944,0.9998127,0.01817117,0.0066594775,-0.018128533,0.99981517,-0.006408041,-0.006774688,0.006286114,0.9999573
16977.351675722,0.006378174,-0.0021362305,0.010650635,0.05505371,-0.07421875,9.9526825,-0.06628418,0.061645508,9.806198,-0.56152344,34.20105,-9.017944,0.9998129,0.018167077,0.006643947,-0.018124538,0.99981517,-0.0064077317,-0.006759129,0.0062861145,0.9999574
16977.356680605,-0.006378174,0.003189087,0.0032043457,-0.15560913,0.06463623,9.880859,-0.065826416,0.061050415,9.806198,-0.56152344,34.20105,-9.017944,0.9998135,0.018155092,0.006598456,-0.018113252,0.9998158,-0.00634614,-0.0067124544,0.0062254355,0.99995804
16977.358267519,0.010650635,-0.0053253174,-0.0021209717,-0.15560913,0.06463623,9.880859,-0.06613159,0.061050415,9.806198,-1.4587402,35.098267,-9.536743,0.9990421,0.043279238,0.0064679533,-0.04323715,0.9990437,-0.006511328,-0.0067435727,0.0062254346,0.9999579
16977.361685488,0.010650635,-0.0053253174,-0.0021209717,-0.06942749,0.07421875,9.694122,-0.06613159,0.061050415,9.806198,-1.4587402,35.098267,-9.536743,0.9990421,0.043279238,0.0064679533,-0.04323715,0.9990437,-0.006511328,-0.0067435727,0.0062254346,0.9999579
16977.366690371,0.0021209717,0.003189087,0.008529663,-0.09336853,0.06463623,10.005356,-0.06613159,0.061187744,9.806198,-1.4587402,35.098267,-9.536743,0.99904215,0.043279074,0.006467349,-0.043236893,0.9990436,-0.0065253167,-0.0067435717,0.0062394375,0.99995774
16977.371695253,-0.020233154,0.004257202,-0.003189087,-0.01675415,0.03111267,9.900009,-0.06628418,0.061187744,9.806198,-1.4587402,35.098267,-9.536743,0.99904174,0.043283276,0.006482865,-0.043240994,0.9990433,-0.0065260152,-0.006759131,0.006239437,0.9999577
16977.371390078,-0.013839722,0.013824463,0.0,-0.01675415,0.03111267,9.900009,-0.06613159,0.061050415,9.806198,-1.1001587,34.739685,-8.843994,0.9994236,0.033313446,0.00653257,-0.033271376,0.9994256,-0.006446498,-0.0067435727,0.0062254346,0.9999579
16977.376517031,-0.013839722,0.013824463,0.0,-0.10772705,0.12210083,9.765945,-0.06613159,0.061050415,9.806198,-1.1001587,34.739685,-8.843994,0.9994236,0.033313446,0.00653257,-0.033271376,0.9994256,-0.006446498,-0.0067435727,0.0062254346,0.9999579
16977.380911562,-0.006378174,0.003189087,0.0021362305,-0.09815979,0.04069519,9.751572,-0.06628418,0.061340332,9.806198,-1.1001587,34.739685,-8.843994,0.9994233,0.033317138,0.006547111,-0.033274774,0.9994252,-0.006476584,-0.0067591304,0.006254996,0.9999576
16977.385306093,-0.0032043457,0.01171875,0.007461548,-0.03111267,0.09815979,9.727631,-0.06643677,0.061187744,9.806198,-1.1001587,34.739685,-8.843994,0.99942315,0.033321213,0.006563154,-0.03327885,0.99942523,-0.0064615784,-0.00677469,0.0062394366,0.9999576
16977.384512636,0.0,0.004257202,0.0021362305,-0.03111267,0.09815979,9.727631,-0.06628418,0.061340332,9.806198,-1.9958496,34.20105,-9.017944,0.9981822,0.059930507,0.0063722488,-0.05988811,0.99818295,-0.006648704,-0.0067591304,0.006254996,0.9999576
16977.389700625,0.0,0.004257202,0.0021362305,-0.22744751,0.05027771,9.737213,-0.06628418,0.061340332,9.806198,-1.9958496,34.20105,-9.017944,0.9981822,0.059930507,0.0063722488,-0.05988811,0.99818295,-0.006648704,-0.0067591304,0.006254996,0.9999576
16977.394095156,0.0010528564,0.012771606,-0.003189087,-0.09336853,-0.026321411,9.823395,-0.06687927,0.061340332,9.806198,-1.9958496,34.20105,-9.017944,0.9981809,0.059946377,0.0064327163,-0.059903573,0.99818206,-0.006652438,-0.0068198103,0.0062549934,0.9999572
16977.398489687,0.013839722,0.0010681152,-0.003189087,-0.08378601,0.03590393,9.679749,-0.06687927,0.061050415,9.806198,-1.9958496,34.20105,-9.017944,0.99818087,0.05994684,0.0064344853,-0.05990422,0.9981821,-0.006622932,-0.006819811,0.006225431,0.9999573
16977.397635195,0.0053253174,0.0095825195,-0.0010681152,-0.08378601,0.03590393,9.679749,-0.06703186,0.060897827,9.806198,-0.74157715,34.022522,-8.843994,0.9997007,0.023528514,0.0066875014,-0.023485983,0.99970376,-0.0063688387,-0.006835371,0.0062098713,0.9999573
16977.402884218,0.0053253174,0.0095825195,-0.0010681152,-0.07421875,0.04548645,9.770737,-0.06703186,0.060897827,9.806198,-0.74157715,34.022522,-8.843994,0.9997007,0.023528514,0.0066875014,-0.023485983,0.99970376,-0.0063688387,-0.006835371,0.0062098713,0.9999573
16977.40727875,0.007446289,-0.0053253174,-0.003189087,-0.16040039,0.03111267,9.718063,-0.06703186,0.060897827,9.806198,-0.74157715,34.022522,-8.843994,0.9997007,0.023528514,0.0066875014,-0.023485983,0.99970376,-0.0063688387,-0.006835371,0.0062098713,0.9999573
16977.411673281,0.003189087,-0.004272461,0.0010681152,-0.07421875,0.05505371,9.68454,-0.06732178,0.06074524,9.806198,-0.74157715,34.022522,-8.843994,0.99970037,0.023536272,0.0067173727,-0.023493655,0.9997037,-0.0063540298,-0.0068649333,0.0061943107,0.9999572
16977.410757753,-0.0032043457,0.0,0.009597778,-0.07421875,0.05505371,9.68454,-0.067474365,0.06074524,9.806198,-1.6372681,33.84247,-9.7091675,0.9987176,0.050199363,0.0065609994,-0.05015657,0.9987199,-0.006531763,-0.0068804924,0.0061943103,0.9999571
16977.416067812,-0.0032043457,0.0,0.009597778,0.05505371,0.05984497,9.727631,-0.067474365,0.06074524,9.806198,-1.6372681,33.84247,-9.7091675,0.9987176,0.050199363,0.0065609994,-0.05015657,0.9987199,-0.006531763,-0.0068804924,0.0061943103,0.9999571
16977.420462343,0.0021209717,-0.0053253174,-0.004257202,-0.08857727,0.03590393,9.742004,-0.06703186,0.06074524,9.806198,-1.6372681,33.84247,-9.7091675,0.9987186,0.050186504,0.0065160193,-0.050144,0.9987206,-0.0065294183,-0.0068353713,0.006194312,0.9999574
16977.424856875,0.014907837,-0.0010681152,-0.0063934326,-0.02154541,0.05984497,9.74678,-0.06703186,0.06059265,9.806198,-1.6372681,33.84247,-9.7091675,0.9987186,0.050186727,0.006516799,-0.050144333,0.9987208,-0.0065138815,-0.0068353727,0.006178754,0.9999576
16977.423880312,-0.010650635,-0.0021362305,0.0032043457,-0.02154541,0.05984497,9.74678,-0.06687927,0.06059265,9.806198,-0.56152344,33.84247,-8.67157,0.99980986,0.01830734,0.006705684,-0.018265132,0.99981326,-0.006302432,-0.0068198135,0.0061787544,0.9999577
16977.429251406,-0.010650635,-0.0021362305,0.0032043457,-0.09815979,0.12210083,9.679749,-0.06687927,0.06059265,9.806198,-0.56152344,33.84247,-8.67157,0.99980986,0.01830734,0.006705684,-0.018265132,0.99981326,-0.006302432,-0.0068198135,0.0061787544,0.9999577
16977.433645937,0.015975952,0.0021209717,-0.0095825195,-0.04069519,0.16040039,9.928741,-0.06703186,0.060897827,9.806198,-0.56152344,33.84247,-8.67157,0.99980974,0.01831117,0.006720647,-0.018268654,0.999813,-0.0063338536,-0.006835371,0.0062098713,0.9999573
16977.438040468,0.004257202,-0.004272461,0.0032043457,-0.002380371,0.07421875,9.976624,-0.06687927,0.061187744,9.806198,-0.56152344,33.84247,-8.67157,0.9998099,0.018307056,0.0067045754,-0.018264443,0.99981296,-0.0063630994,-0.006819811,0.0062394347,0.9999573
16977.437002871,-0.0095825195,0.0021209717,-0.0010681152,-0.002380371,0.07421875,9.976624,-0.0665741,0.061187744,9.806198,-0.56152344,35.993958,-7.633972,0.99983287,0.017015006,0.006681679,-0.016972594,0.9998357,-0.0063539026,-0.006788693,0.0062394356,0.9999575
16977.442435,-0.0095825195,0.0021209717,-0.0010681152,-0.02154541,0.04548645,9.761154,-0.0665741,0.061187744,9.806198,-0.56152344,35.993958,-7.633972,0.99983287,0.017015006,0.006681679,-0.016972594,0.9998357,-0.0063539026,-0.006788693,0.0062394356,0.9999575
16977.446829531,0.0010528564,0.010650635,-0.004257202,-0.04069519,0.011962891,9.708481,-0.06643677,0.061187744,9.806198,-0.56152344,35.993958,-7.633972,0.99983305,0.017012043,0.0066676964,-0.01696972,0.99983585,-0.006353646,-0.00677469,0.0062394366,0.9999576
16977.451224062,-0.0053253174,-0.007461548,-0.0063934326,-0.04069519,0.14604187,9.569611,-0.06643677,0.061050415,9.806198,-0.56152344,35.993958,-7.633972,0.999833,0.017012091,0.0066679334,-0.01696986,0.99983585,-0.006339645,-0.0067746905,0.006225433,0.9999577
16977.450125429,0.0010528564,-0.009597778,0.007461548,-0.04069519,0.14604187,9.569611,-0.06628418,0.061340332,9.806198,-1.4587402,34.739685,-7.461548,0.9990393,0.04334245,0.0064818035,-0.04330007,0.9990408,-0.006541944,-0.0067591304,0.006254996,0.9999576
16977.455618593,0.0010528564,-0.009597778,0.007461548,-0.007171631,-0.05984497,9.708481,-0.06628418,0.061340332,9.806198,-1.4587402,34.739685,-7.461548,0.9990393,0.04334245,0.0064818035,-0.04330007,0.9990408,-0.006541944,-0.0067591304,0.006254996,0.9999576
16977.460013125,-0.024490356,0.0021209717,0.0053253174,-0.12689209,0.03111267,9.818619,-0.06613159,0.05984497,9.806198,-1.4587402,34.739685,-7.461548,0.9990394,0.04334054,0.0064728814,-0.04329925,0.99904174,-0.006388926,-0.0067435773,0.0061025177,0.99995863
16977.464407656,-0.0032043457,-0.0063934326,-0.0053253174,0.02154541,-0.04548645,9.8138275,-0.06643677,0.059692383,9.806198,-1.4587402,34.739685,-7.461548,0.99903893,0.04334733,0.0065046013,-0.043305937,0.99904156,-0.0063747717,-0.006774696,0.0060869567,0.9999585
16977.463247988,-0.015975952,0.0053253174,-0.0063934326,0.02154541,-0.04548645,9.8138275,-0.065979004,0.059249878,9.806198,0.15563965,33.84247,-8.67157,0.9999732,-0.0028704097,0.0067454586,0.0029110473,0.99997765,-0.006022363,-0.006728021,0.0060418374,0.9999591
16977.468802187,-0.015975952,0.0053253174,-0.0063934326,-0.06942749,0.15083313,10.005356,-0.065979004,0.059249878,9.806198,0.15563965,33.84247,-8.67157,0.9999732,-0.0028704097,0.0067454586,0.0029110473,0.99997765,-0.006022363,-0.006728021,0.0060418374,0.9999591
16977.473196718,-0.0095825195,0.003189087,-0.007446289,-0.11251831,0.12689209,9.6558075,-0.065979004,0.059692383,9.806198,0.15563965,33.84247,-8.67157,0.9999731,-0.0028703765,0.0067455876,0.0029113186,0.99997735,-0.0060674837,-0.006728019,0.006086959,0.9999589
16977.47759125,-0.007446289,-0.010650635,0.009597778,-0.18434143,0.011962891,9.727631,-0.06628418,0.05984497,9.806198,0.15563965,33.84247,-8.67157,0.99997306,-0.0028624034,0.0067767035,0.0029036398,0.9999774,-0.0060830056,-0.006759137,0.0061025172,0.9999586
16977.476370546,0.007446289,0.0010681152,0.01171875,-0.18434143,0.011962891,9.727631,-0.066726685,0.059692383,9.806198,0.15563965,33.84247,-8.67157,0.99997264,-0.0028508694,0.006821709,0.002892274,0.99997735,-0.006067391,-0.006804258,0.006086956,0.9999583
16977.481985781,0.007446289,0.0010681152,0.01171875,-0.14125061,0.07421875,9.789886,-0.066726685,0.059692383,9.806198,0.15563965,33.84247,-8.67157,0.99997264,-0.0028508694,0.006821709,0.002892274,0.99997735,-0.006067391,-0.006804258,0.006086956,0.9999583
16977.486380312,-0.0095825195,0.0063934326,0.0032043457,-0.17477417,0.05505371,9.718063,-0.06703186,0.05984497,9.806198,0.15563965,33.84247,-8.67157,0.9999726,-0.0028428964,0.006852825,0.0028845964,0.9999774,-0.0060829143,-0.0068353754,0.0061025135,0.999958
16977.490774843,0.0010528564,-0.0032043457,-0.0063934326,-0.18913269,-0.02154541,9.708481,-0.06732178,0.05984497,9.806198,0.15563965,33.84247,-8.67157,0.9999723,-0.0028353322,0.00688234,0.002877212,0.9999773,-0.006082879,-0.006864937,0.006102512,0.99995774
16977.489493105,0.006378174,0.0010681152,0.0053253174,-0.18913269,-0.02154541,9.708481,-0.06777954,0.059402466,9.806198,-0.2029419,34.20105,-10.054016,0.99994475,0.007951073,0.006863362,-0.007909163,0.99994993,-0.006112009,-0.0069116163,0.006057389,0.99995774
16977.495169375,0.006378174,0.0010681152,0.0053253174,-0.03111267,0.05027771,9.612717,-0.06777954,0.059402466,9.806198,-0.2029419,34.20105,-10.054016,0.99994475,0.007951073,0.006863362,-0.007909163,0.99994993,-0.006112009,-0.0069116163,0.006057389,0.99995774
16977.499563906,0.02130127,-0.0010681152,-0.01171875,-0.10772705,0.06463623,9.651016,-0.06777954,0.059402466,9.806198,-0.2029419,34.20105,-10.054016,0.99994475,0.007951073,0.006863362,-0.007909163,0.99994993,-0.006112009,-0.0069116163,0.006057389,0.99995774
16977.503958437,0.003189087,0.012771606,-0.0021209717,-0.06463623,0.13645935,9.612717,-0.06793213,0.059402466,9.806198,-0.2029419,34.20105,-10.054016,0.9999447,0.007955639,0.006878894,-0.007913633,0.99995,-0.0061121634,-0.0069271754,0.0060573886,0.9999577
16977.502615664,0.006378174,-0.0010681152,0.0010681152,-0.06463623,0.13645935,9.612717,-0.06793213,0.059692383,9.806198,-0.920105,33.84247,-8.326721,0.99956137,0.02883648,0.0067488966,-0.028794173,0.9995656,-0.0062840357,-0.006927174,0.0060869507,0.9999575
16977.508352968,0.006378174,-0.0010681152,0.0010681152,-0.12689209,-0.05027771,9.900009,-0.06793213,0.059692383,9.806198,-0.920105,33.84247,-8.326721,0.99956137,0.02883648,0.0067488966,-0.028794173,0.9995656,-0.0062840357,-0.006927174,0.0060869507,0.9999575
16977.5127475,0.0,0.003189087,0.007461548,-0.09815979,0.007171631,9.651016,-0.06808472,0.059402466,9.806198,-0.920105,33.84247,-8.326721,0.9995611,0.0288405,0.006765276,-0.028798299,0.99956566,-0.0062549612,-0.0069427346,0.006057388,0.9999576
16977.517142031,-0.0010681152,0.0,-0.003189087,-0.12210083,0.07421875,9.809036,-0.068222046,0.05909729,9.806198,-0.920105,33.84247,-8.326721,0.9995609,0.028844154,0.0067801485,-0.028802073,0.99956566,-0.006224284,-0.0069567384,0.006026269,0.9999576
16977.515738222,-0.010650635,0.004257202,0.0010681152,-0.12210083,0.07421875,9.809036,-0.068374634,0.059249878,9.806198,-1.4587402,34.022522,-8.152771,0.99898976,0.04443721,0.006697056,-0.044394854,0.9989939,-0.006345553,-0.0069722966,0.006041827,0.9999574
16977.521536562,-0.010650635,0.004257202,0.0010681152,-0.13645935,0.10772705,9.856918,-0.068374634,0.059249878,9.806198,-1.4587402,34.022522,-8.152771,0.99898976,0.04443721,0.006697056,-0.044394854,0.9989939,-0.006345553,-0.0069722966,0.006041827,0.9999574
16977.525931093,0.013839722,0.0,0.0,-0.06942749,-0.002380371,9.818619,-0.06867981,0.059402466,9.806198,-1.4587402,34.022522,-8.152771,0.99898916,0.044444464,0.0067274063,-0.044401806,0.9989934,-0.006362525,-0.007003414,0.006057385,0.9999571
16977.530325625,-0.004272461,-0.008529663,-0.004257202,-0.11251831,0.06463623,9.641449,-0.06867981,0.05909729,9.806198,-1.4587402,34.022522,-8.152771,0.99898916,0.044444796,0.006728787,-0.04440235,0.9989937,-0.0063314405,-0.0070034154,0.006026267,0.9999573
16977.528860781,0.0,0.0,0.0,-0.11251831,0.06463623,9.641449,-0.0688324,0.059249878,9.806198,0.15563965,34.20105,-8.326721,0.99997115,-0.0028375313,0.007036217,0.002879921,0.99997765,-0.006021735,-0.0070189736,0.0060418253,0.9999571
16977.534720156,0.0,0.0,0.0,-0.026321411,0.08857727,9.799454,-0.0688324,0.059249878,9.806198,0.15563965,34.20105,-8.326721,0.99997115,-0.0028375313,0.007036217,0.002879921,0.99997765,-0.006021735,-0.0070189736,0.0060418253,0.9999571
16977.539114687,0.008514404,0.010650635,0.007461548,-0.11730957,0.05027771,9.804245,-0.06867981,0.059249878,9.806198,0.15563965,34.20105,-8.326721,0.99997133,-0.0028413145,0.0070206807,0.0028836108,0.9999777,-0.0060217534,-0.0070034144,0.0060418257,0.9999572
16977.543509218,-0.011703491,0.0053253174,0.019165039,-0.06463623,0.026321411,9.809036,-0.0688324,0.059249878,9.806198,0.15563965,34.20105,-8.326721,0.99997115,-0.0028375313,0.007036217,0.002879921,0.99997765,-0.006021735,-0.0070189736,0.0060418253,0.9999571
16977.541983339,0.010650635,0.013824463,-0.004257202,-0.06463623,0.026321411,9.809036,-0.0688324,0.05909729,9.806198,-1.6372681,35.635376,-9.017944,0.99884415,0.047593582,0.0067243376,-0.04755102,0.9988486,-0.0063533587,-0.007018974,0.006026266,0.9999572
16977.54790375,0.010650635,0.013824463,-0.004257202,-0.06942749,0.01675415,9.694122,-0.0688324,0.05909729,9.806198,-1.6372681,35.635376,-9.017944,0.99884415,0.047593582,0.0067243376,-0.04755102,0.9988486,-0.0063533587,-0.007018974,0.006026266,0.9999572
16977.552298281,0.004257202,0.010650635,0.007461548,-0.06942749,0.04548645,9.732422,-0.0688324,0.058944702,9.806198,-1.6372681,35.635376,-9.017944,0.99884415,0.04759377,0.006725077,-0.047551315,0.99884874,-0.006337819,-0.007018975,0.0060107075,0.9999573
16977.556692812,-0.011703491,0.010650635,-0.003189087,-0.07899475,0.12210083,9.818619,-0.0688324,0.058944702,9.806198,-1.6372681,35.635376,-9.017944,0.99884415,0.04759377,0.006725077,-0.047551315,0.99884874,-0.006337819,-0.007018975,0.0060107075,0.9999573
16977.555105898,-0.007446289,-0.0032043457,-0.003189087,-0.07899475,0.12210083,9.818619,-0.0688324,0.05909729,9.806198,-1.1001587,34.739685,-9.190369,0.99941707,0.033452712,0.006813579,-0.03341022,0.9994221,-0.006257557,-0.007018974,0.006026266,0.9999572
16977.561087343,-0.007446289,-0.0032043457,-0.003189087,-0.11251831,0.10293579,9.66539,-0.0688324,0.05909729,9.806198,-1.1001587,34.739685,-9.190369,0.99941707,0.033452712,0.006813579,-0.03341022,0.9994221,-0.006257557,-0.007018974,0.006026266,0.9999572
16977.565481875,0.0010528564,-0.009597778,-0.0063934326,-0.18434143,0.04548645,9.765945,-0.069122314,0.059402466,9.806198,-1.1001587,34.739685,-9.190369,0.99941665,0.033460226,0.0068420367,-0.033417337,0.9994217,-0.0062896954,-0.0070485347,0.0060573835,0.99995685
16977.569876406,-0.0010681152,0.008514404,-0.012771606,-0.05505371,0.08378601,9.780304,-0.06942749,0.059249878,9.806198,-1.1001587,34.739685,-9.190369,0.9994161,0.033468563,0.006873606,-0.033425584,0.9994215,-0.006275241,-0.007079654,0.006041823,0.9999567
16977.568228457,-0.0021362305,0.0010681152,0.004272461,-0.05505371,0.08378601,9.780304,-0.06942749,0.059402466,9.806198,0.15563965,35.276794,-8.67157,0.99997133,-0.0026675453,0.007095916,0.0027104123,0.9999782,-0.006038323,-0.0070796525,0.006057382,0.9999566
16977.574270937,-0.0021362305,0.0010681152,0.004272461,-0.21786499,0.002380371,9.832977,-0.06942749,0.059402466,9.806198,0.15563965,35.276794,-8.67157,0.99997133,-0.0026675453,0.007095916,0.0027104123,0.9999782,-0.006038323,-0.0070796525,0.006057382,0.9999566
16977.578665468,-0.006378174,0.010650635,-0.007446289,-0.07899475,-0.02154541,9.770737,-0.07002258,0.05909729,9.806198,0.15563965,35.276794,-8.67157,0.99997085,-0.0026526698,0.0071564238,0.0026956804,0.99997824,-0.0060071447,-0.0071403333,0.006026261,0.9999563
16977.58306,0.0095825195,0.0,-0.007446289,-0.04548645,-0.002380371,9.880859,-0.07002258,0.058807373,9.806198,0.15563965,35.276794,-8.67157,0.99997085,-0.0026526889,0.0071563446,0.002695488,0.9999785,-0.005977583,-0.0071403347,0.005996699,0.99995655
16977.581351015,-0.010650635,0.0095825195,-0.0095825195,-0.04548645,-0.002380371,9.880859,-0.069869995,0.058654785,9.806198,0.33416748,34.022522,-8.843994,0.99994266,-0.007956988,0.0071722707,0.007999542,0.99995047,-0.0059241056,-0.007124777,0.0059811403,0.9999567
16977.587454531,-0.010650635,0.0095825195,-0.0095825195,-0.11251831,0.14125061,9.9048,-0.069869995,0.058654785,9.806198,0.33416748,34.022522,-8.843994,0.99994266,-0.007956988,0.0071722707,0.007999542,0.99995047,-0.0059241056,-0.007124777,0.0059811403,0.9999567
16977.591849062,0.017044067,-0.0021362305,-0.0063934326,-0.05505371,-0.04548645,9.751572,-0.07017517,0.058944702,9.806198,0.33416748,34.022522,-8.843994,0.9999424,-0.007948848,0.0072035743,0.007991799,0.9999503,-0.0059534744,-0.007155893,0.0060107014,0.9999563
16977.596243593,-0.0053253174,0.014892578,0.0053253174,-0.011962891,0.04548645,9.765945,-0.07002258,0.058502197,9.806198,0.33416748,34.022522,-8.843994,0.9999426,-0.007952981,0.007187682,0.007995515,0.99995065,-0.0059084515,-0.0071403366,0.0059655807,0.9999567
16977.594473574,0.0010528564,0.007446289,0.0,-0.011962891,0.04548645,9.765945,-0.069869995,0.058502197,9.806198,0.15563965,34.20105,-8.326721,0.99997056,-0.0028118591,0.0071416507,0.0028543419,0.9999783,-0.005945372,-0.0071247774,0.005965581,0.99995685
16977.600638125,0.0010528564,0.007446289,0.0,-0.026321411,0.011962891,10.00058,-0.069869995,0.058502197,9.806198,0.15563965,34.20105,-8.326721,0.99997056,-0.0028118591,0.0071416507,0.0028543419,0.9999783,-0.005945372,-0.0071247774,0.005965581,0.99995685
16977.605032656,-0.0021362305,0.0021209717,-0.0053253174,-0.05505371,0.07421875,9.698898,-0.06971741,0.05834961,9.806198,0.15563965,34.20105,-8.326721,0.9999706,-0.0028156526,0.00712607,0.002857932,0.9999783,-0.0059298314,-0.007109219,0.005950023,0.999957
16977.609427187,-0.011703491,-0.0032043457,0.0,-0.14125061,0.04069519,9.789886,-0.06958008,0.05834961,9.806198,0.15563965,34.20105,-8.326721,0.99997073,-0.0028190576,0.0071120868,0.0028612535,0.9999783,-0.0059298472,-0.007095216,0.0059500234,0.9999571
16977.607596132,-0.018096924,0.0,0.0,-0.14125061,0.04069519,9.789886,-0.069869995,0.05834961,9.806198,-0.2029419,34.55963,-9.362793,0.9999446,0.007789542,0.0070783403,-0.00774709,0.99995196,-0.0060051912,-0.007124778,0.005950022,0.9999569
16977.613821718,-0.018096924,0.0,0.0,-0.04069519,0.03590393,9.86171,-0.069869995,0.05834961,9.806198,-0.2029419,34.55963,-9.362793,0.9999446,0.007789542,0.0070783403,-0.00774709,0.99995196,-0.0060051912,-0.007124778,0.005950022,0.9999569
16977.61821625,-0.0053253174,-0.004272461,0.0010681152,-0.19871521,0.09815979,9.756363,-0.06971741,0.05819702,9.806198,-0.2029419,34.55963,-9.362793,0.99994475,0.0077853664,0.007062928,-0.007743118,0.999952,-0.0059894836,-0.0071092197,0.0059344633,0.9999571
16977.622610781,0.0,0.0021209717,0.0010681152,-0.15083313,0.11730957,9.775513,-0.07032776,0.05834961,9.806198,-0.2029419,34.55963,-9.362793,0.9999442,0.007802164,0.007124941,-0.007759432,0.99995184,-0.0060056406,-0.0071714544,0.0059500197,0.99995655
16977.620718691,-0.0053253174,0.013824463,-0.003189087,-0.15083313,0.11730957,9.775513,-0.070617676,0.058654785,9.806198,-0.3829956,34.381104,-10.227966,0.9998867,0.013256927,0.0071212198,-0.013213753,0.99989414,-0.006075923,-0.007201015,0.005981137,0.9999562
16977.627005312,-0.0053253174,0.013824463,-0.003189087,-0.05027771,0.007171631,9.641449,-0.070617676,0.058654785,9.806198,-0.3829956,34.381104,-10.227966,0.9998867,0.013256927,0.0071212198,-0.013213753,0.99989414,-0.006075923,-0.007201015,0.005981137,0.9999562
16977.631399843,0.020233154,0.017028809,0.004272461,-0.09336853,0.04548645,9.818619,-0.07121277,0.059249878,9.806198,-0.3829956,34.381104,-10.227966,0.9998861,0.013274699,0.007180982,-0.013230721,0.9998936,-0.0061375233,-0.007261692,0.0060418146,0.99995536
16977.635794375,-0.0053253174,0.004257202,0.0032043457,-0.06942749,0.08378601,9.74678,-0.07136536,0.059249878,9.806198,-0.3829956,34.381104,-10.227966,0.999886,0.013279318,0.007196511,-0.013235245,0.99989367,-0.0061377627,-0.007277251,0.0060418146,0.9999553
16977.63384125,0.0053253174,0.0010681152,0.0010681152,-0.06942749,0.08378601,9.74678,-0.07136536,0.059249878,9.806198,-1.4587402,34.739685,-9.190369,0.9990156,0.043802638,0.0070057535,-0.04375835,0.99902195,-0.00635463,-0.007277251,0.0060418146,0.9999553
16977.640188906,0.0053253174,0.0010681152,0.0010681152,-0.10772705,-0.03590393,9.593552,-0.07136536,0.059249878,9.806198,-1.4587402,34.739685,-9.190369,0.9990156,0.043802638,0.0070057535,-0.04375835,0.99902195,-0.00635463,-0.007277251,0.0060418146,0.9999553
16977.644583437,-0.008514404,-0.004272461,0.0032043457,0.02154541,0.05505371,9.660599,-0.07136536,0.058944702,9.806198,-1.4587402,34.739685,-9.190369,0.9990156,0.043802995,0.007007114,-0.043758925,0.9990221,-0.006323545,-0.007277252,0.006010696,0.9999554
16977.648977968,-0.022369385,0.0095825195,0.0010681152,0.002380371,0.09336853,9.718063,-0.071517944,0.057907104,9.806198,-1.4587402,34.739685,-9.190369,0.9990152,0.043808304,0.0070272596,-0.043764878,0.9990225,-0.006218564,-0.0072928155,0.0059048934,0.99995595
16977.646963808,-0.008514404,0.0053253174,0.0053253174,0.002380371,0.09336853,9.718063,-0.07121277,0.058044434,9.806198,-1.2786865,33.84247,-7.2891235,0.99920416,0.039266232,0.0070238137,-0.039222937,0.99921143,-0.006199327,-0.0072616977,0.005918898,0.9999562
16977.6533725,-0.008514404,0.0053253174,0.0053253174,-0.10293579,0.05505371,9.694122,-0.07121277,0.058044434,9.806198,-1.2786865,33.84247,-7.2891235,0.99920416,0.039266232,0.0070238137,-0.039222937,0.99921143,-0.006199327,-0.0072616977,0.005918898,0.9999562
16977.657767031,-0.0053253174,-0.017044067,-0.0021209717,-0.12210083,0.07899475,9.794678,-0.07136536,0.058044434,9.806198,-1.2786865,33.84247,-7.2891235,0.9992038,0.039269567,0.0070393393,-0.039226174,0.9992111,-0.0061999597,-0.0072772563,0.005918897,0.999956
16977.662161562,0.006378174,-0.0053253174,0.0,-0.11730957,0.10293579,9.6558075,-0.071517944,0.05819702,9.806198,-1.2786865,33.84247,-7.2891235,0.9992036,0.039272774,0.007054257,-0.039229177,0.999211,-0.0062161395,-0.007292815,0.0059344564,0.9999559
16977.660086367,0.0010528564,0.0095825195,-0.015975952,-0.11730957,0.10293579,9.6558075,-0.07167053,0.05834961,9.806198,-0.024414063,34.022522,-8.152771,0.9999704,0.0024653703,0.007293811,-0.0024218627,0.99997926,-0.0059678555,-0.0073083723,0.005950014,0.9999556
16977.666556093,0.0010528564,0.0095825195,-0.015975952,-0.11251831,-0.002380371,9.722839,-0.07167053,0.05834961,9.806198,-0.024414063,34.022522,-8.152771,0.9999704,0.0024653703,0.007293811,-0.0024218627,0.99997926,-0.0059678555,-0.0073083723,0.005950014,0.9999556
16977.670950625,-0.0021362305,-0.0010681152,0.0053253174,-0.03590393,-0.02154541,9.804245,-0.07182312,0.058044434,9.806198,-0.024414063,34.022522,-8.152771,0.9999702,0.0024691115,0.007309424,-0.0024257384,0.9999794,-0.0059368024,-0.007323933,0.0059188954,0.99995565
16977.675345156,0.004257202,0.017028809,-0.010650635,-0.05027771,0.08857727,9.732422,-0.07167053,0.057754517,9.806198,-0.024414063,34.022522,-8.152771,0.9999704,0.0024654062,0.0072939605,-0.0024223411,0.9999796,-0.0059071775,-0.007308375,0.005889334,0.99995595
16977.673208925,-0.015975952,-0.0021362305,-0.0053253174,-0.05027771,0.08857727,9.732422,-0.07167053,0.057907104,9.806198,-0.56152344,34.918213,-7.633972,0.9998182,0.01765296,0.007203125,-0.017609648,0.9998267,-0.006032834,-0.0073083746,0.005904893,0.9999559
16977.679739687,-0.015975952,-0.0021362305,-0.0053253174,-0.04548645,0.03590393,9.631866,-0.07167053,0.057907104,9.806198,-0.56152344,34.918213,-7.633972,0.9998182,0.01765296,0.007203125,-0.017609648,0.9998267,-0.006032834,-0.0073083746,0.005904893,0.9999559
16977.684134218,0.02130127,-0.004272461,-0.004257202,-0.05505371,0.04548645,9.727631,-0.071517944,0.057907104,9.806198,-0.56152344,34.918213,-7.633972,0.9998183,0.017649567,0.0071875886,-0.017606348,0.99982667,-0.0060325353,-0.0072928155,0.0059048934,0.99995595
16977.68852875,-0.0021362305,-0.0021362305,0.0021362305,-0.05984497,0.011962891,9.780304,-0.071517944,0.057754517,9.806198,-0.56152344,34.918213,-7.633972,0.9998183,0.017649626,0.007187863,-0.017606517,0.9998267,-0.0060169795,-0.007292816,0.0058893343,0.999956
16977.686331484,0.003189087,0.010650635,-0.004257202,-0.05984497,0.011962891,9.780304,-0.071517944,0.05760193,9.806198,-0.56152344,34.918213,-7.633972,0.9998184,0.017649686,0.007188137,-0.017606692,0.99982697,-0.006001424,-0.007292817,0.005873775,0.9999562
16977.692923281,0.003189087,0.010650635,-0.004257202,-0.10772705,0.16519165,9.6558075,-0.071517944,0.05760193,9.806198,-0.56152344,34.918213,-7.633972,0.9998184,0.017649686,0.007188137,-0.017606692,0.99982697,-0.006001424,-0.007292817,0.005873775,0.9999562
16977.697317812,-0.0021362305,0.003189087,-0.018112183,-0.10772705,0.13166809,9.794678,-0.07167053,0.058044434,9.806198,-0.56152344,34.918213,-7.633972,0.9998182,0.017652906,0.007202878,-0.017609492,0.99982655,-0.006046834,-0.0073083737,0.005918896,0.9999557
16977.701712343,0.0,-0.009597778,0.0021362305,-0.12689209,0.02154541,9.689331,-0.07167053,0.05834961,9.806198,-0.56152344,34.918213,-7.633972,0.99981815,0.017652785,0.007202329,-0.017609147,0.9998264,-0.006077945,-0.0073083723,0.005950014,0.9999556
16977.699454042,-0.0021362305,-0.004272461,0.004272461,-0.12689209,0.02154541,9.689331,-0.07196045,0.05819702,9.806198,-0.3829956,34.739685,-8.152771,0.99989253,0.01272779,0.0072619375,-0.012684126,0.99990124,-0.0060272114,-0.007337935,0.0059344536,0.9999554
16977.706106875,-0.0021362305,-0.004272461,0.004272461,-0.10772705,0.07899475,9.713272,-0.07196045,0.05819702,9.806198,-0.3829956,34.739685,-8.152771,0.99989253,0.01272779,0.0072619375,-0.012684126,0.99990124,-0.0060272114,-0.007337935,0.0059344536,0.9999554
16977.710501406,0.012771606,0.0010681152,0.0032043457,-0.15560913,0.02154541,9.670166,-0.07211304,0.05819702,9.806198,-0.3829956,34.739685,-8.152771,0.9998925,0.012731433,0.0072774733,-0.012687677,0.99990135,-0.006027436,-0.007353494,0.005934453,0.99995536
16977.714895937,0.0095825195,0.007446289,-0.0053253174,-0.07421875,-0.02154541,9.761154,-0.07241821,0.05819702,9.806198,-0.3829956,34.739685,-8.152771,0.9998921,0.012738722,0.0073085455,-0.012694778,0.9999012,-0.006027882,-0.0073846118,0.0059344517,0.9999551
16977.712576601,0.018096924,-0.007461548,0.0,-0.07421875,-0.02154541,9.761154,-0.07241821,0.057907104,9.806198,-0.74157715,34.381104,-9.536743,0.99969596,0.02357199,0.0072435015,-0.023528164,0.9997047,-0.0060771643,-0.0073846127,0.005904889,0.9999553
16977.719290468,0.018096924,-0.007461548,0.0,-0.09815979,0.03111267,9.6558075,-0.07241821,0.057907104,9.806198,-0.74157715,34.381104,-9.536743,0.99969596,0.02357199,0.0072435015,-0.023528164,0.9997047,-0.0060771643,-0.0073846127,0.005904889,0.9999553
16977.723685,0.008514404,0.003189087,-0.004257202,-0.06463623,-0.011962891,9.8138275,-0.0725708,0.057754517,9.806198,-0.74157715,34.381104,-9.536743,0.9996956,0.023576394,0.0072593954,-0.023532586,0.9997046,-0.006062006,-0.0074001723,0.0058893296,0.9999553
16977.728079531,-0.0053253174,0.0,-0.0095825195,-0.12689209,0.11251831,9.742004,-0.07241821,0.05744934,9.806198,-0.74157715,34.381104,-9.536743,0.9996959,0.023572294,0.0072446,-0.023528807,0.999705,-0.0060305027,-0.007384615,0.0058582122,0.9999556
16977.72569916,0.0053253174,-0.0032043457,-0.004257202,-0.12689209,0.11251831,9.742004,-0.07272339,0.057754517,9.806198,0.692749,34.381104,-8.4991455,0.9998045,-0.018285636,0.0075223087,0.018329116,0.9998154,-0.0057525756,-0.007415731,0.0058893287,0.9999551
16977.732474062,0.0053253174,-0.0032043457,-0.004257202,-0.13166809,0.09815979,9.718063,-0.07272339,0.057754517,9.806198,0.692749,34.381104,-8.4991455,0.9998045,-0.018285636,0.0075223087,0.018329116,0.9998154,-0.0057525756,-0.007415731,0.0058893287,0.9999551
16977.736868593,0.008514404,-0.014923096,0.0010681152,-0.07421875,-0.007171631,9.761154,-0.07286072,0.057907104,9.806198,0.692749,34.381104,-8.4991455,0.99980444,-0.018282112,0.0075365733,0.01832579,0.9998154,-0.005767902,-0.0074297334,0.005904888,0.999955
16977.741263125,0.013839722,-0.019180298,0.0032043457,-0.10293579,0.16998291,9.603134,-0.07286072,0.05760193,9.806198,0.692749,34.381104,-8.4991455,0.9998045,-0.018282251,0.007536005,0.018325694,0.9998156,-0.0057367883,-0.0074297343,0.005873769,0.9999551
16977.738821718,-0.0032043457,-0.0021362305,-0.010650635,-0.10293579,0.16998291,9.603134,-0.073013306,0.058044434,9.806198,1.0513306,36.17401,-8.4991455,0.9995993,-0.027264921,0.0076040304,0.027308695,0.99961066,-0.0057135234,-0.0074452916,0.0059188902,0.99995476
16977.745657656,-0.0032043457,-0.0021362305,-0.010650635,-0.03590393,0.10772705,9.84256,-0.073013306,0.058044434,9.806198,1.0513306,36.17401,-8.4991455,0.9995993,-0.027264921,0.0076040304,0.027308695,0.99961066,-0.0057135234,-0.0074452916,0.0059188902,0.99995476
16977.750052187,0.012771606,-0.007461548,-0.010650635,-0.11730957,-0.04069519,9.698898,-0.07286072,0.05819702,9.806198,1.0513306,36.17401,-8.4991455,0.99959934,-0.027268471,0.007588922,0.027312275,0.9996105,-0.0057294746,-0.007429732,0.00593445,0.99995476
16977.754446718,-0.0021362305,-0.008529663,-0.013839722,-0.15083313,0.03590393,9.86171,-0.073013306,0.057907104,9.806198,1.0513306,36.17401,-8.4991455,0.9995993,-0.027265009,0.0076036486,0.027308676,0.9996107,-0.0056995247,-0.007445292,0.005904887,0.9999548
16977.751944277,-0.0021362305,0.0063934326,-0.0010681152,-0.15083313,0.03590393,9.86171,-0.07331848,0.057754517,9.806198,1.4099121,33.66394,-8.843994,0.999177,-0.039823253,0.0077051385,0.039866827,0.9991893,-0.0055867443,-0.0074764104,0.0058893263,0.9999547
16977.75884125,-0.0021362305,0.0063934326,-0.0010681152,-0.06942749,-0.06942749,9.713272,-0.07331848,0.057754517,9.806198,1.4099121,33.66394,-8.843994,0.999177,-0.039823253,0.0077051385,0.039866827,0.9991893,-0.0055867443,-0.0074764104,0.0058893263,0.9999547
