Time,Rot1,Rot2,Rot3,Rot4,Rot5,Rot6,Rot7,Rot8,Rot9,FRot1,FRot2,FRot3,FRot4,FRot5,FRot6,FRot7,FRot8,FRot9,AccX,AccY,AccZ,Imid
12696.635477699,0.7627883,-0.07924161,0.6417747,0.6466434,0.09733688,-0.7565566,-0.0025175812,0.9920919,0.1254885,0.7530406,-0.08121726,0.6529423,0.65796745,0.097393714,-0.74672174,-0.0029457775,0.9919265,0.12677974,0.06777954,0.060913086,0.0861969,0
12696.639902748,0.7359859,-0.08300577,0.6718889,0.67699146,0.09417239,-0.72994107,-0.002684065,0.9920895,0.12550376,0.7532268,-0.081120074,0.6527395,0.6577537,0.09750667,-0.74689525,-0.0030582608,0.9919234,0.12680167,-0.03591919,0.07527161,0.03337097,0
12696.644327797,0.73602414,-0.08296068,0.6718527,0.67694944,0.094359614,-0.7299561,-0.0028381068,0.9920755,0.12561113,0.752835,-0.08106237,0.6531986,0.6582015,0.09753589,-0.7464968,-0.0031975077,0.99192524,0.12678382,-0.04878235,-0.049087524,0.14724731,0
12696.648722328,0.7361119,-0.08285688,0.67176926,0.6768532,0.094514884,-0.7300251,-0.0030045784,0.9920694,0.12565549,0.75245816,-0.08102594,0.6536371,0.65863144,0.09761073,-0.74610764,-0.0033479098,0.9919208,0.12681423,-0.0758667,-0.025146484,-0.0016479492,0
12696.653147377,0.7674036,-0.07816124,0.63638246,0.64115655,0.09846068,-0.76106757,-0.0031726642,0.9920667,0.12567267,0.7521285,-0.0809971,0.65402013,0.65900743,0.097659096,-0.7457694,-0.0034658553,0.99191844,0.12682986,-0.08380127,-0.039352417,0.026931763,0
12696.657572426,0.76748824,-0.07805853,0.6362929,0.64105433,0.09862372,-0.76113254,-0.0033406836,0.9920586,0.12573232,0.75248986,-0.08083166,0.6536247,0.658594,0.097771056,-0.7461198,-0.003595479,0.9919209,0.12680697,-0.1300354,0.042053223,0.19873047,0
12696.661997474,0.76762295,-0.07789517,0.6361504,0.64089227,0.09868142,-0.7612614,-0.0034776344,0.9920656,0.12567253,0.7528173,-0.08068752,0.6532654,0.6582192,0.09786032,-0.7464388,-0.0037004626,0.9919238,0.12678102,-0.056869507,0.018096924,-0.035308838,0
12696.666422523,0.7696565,-0.07741481,0.63374734,0.6384481,0.09884676,-0.7632909,-0.0035538478,0.99208677,0.12550342,0.75312394,-0.08051103,0.65293366,0.65786767,0.097919084,-0.746741,-0.0038137762,0.9919324,0.1267108,-0.084854126,-0.006134033,-0.08154297,0
12696.670847572,0.7697029,-0.077355474,0.63369834,0.6383922,0.09883795,-0.763339,-0.003584987,0.9920923,0.12545899,0.7535063,-0.08030835,0.6525174,0.6574295,0.09785221,-0.74713546,-0.003849049,0.9919554,0.12652932,-0.08934021,-0.020492554,-0.11941528,0
12696.675272621,0.7698218,-0.0772034,0.63357246,0.6382485,0.0987856,-0.763466,-0.0036456762,0.99210936,0.12532225,0.7538198,-0.08022387,0.6521655,0.65706974,0.09788356,-0.7474478,-0.003873122,0.99195915,0.12649925,-0.055221558,0.036819458,-0.13722229,0
12696.67969767,0.7883248,-0.07422456,0.61076564,0.61524844,0.10098353,-0.7818386,-0.0036456413,0.99211544,0.12527438,0.7541009,-0.08008949,0.65185696,0.656747,0.097857594,-0.7477348,-0.003903458,0.99197257,0.12639304,-0.012130737,-0.006439209,-0.098464966,0
12696.684122718,0.7883838,-0.07415101,0.6106986,0.61517274,0.10098418,-0.78189826,-0.0036923408,0.9921209,0.12522995,0.75478715,-0.079929665,0.65108186,0.655958,0.09792653,-0.748418,-0.003937388,0.99197865,0.12634419,-0.12658691,-0.030380249,-0.13632202,0
12696.688547767,0.7884623,-0.07405288,0.610609,0.6150716,0.1009824,-0.78197783,-0.003753052,0.9921283,0.12516864,0.75545555,-0.0797647,0.65032643,0.6551881,0.09794109,-0.7490902,-0.0039427225,0.9919905,0.12625103,-0.15472412,0.07017517,-0.15486145,0
12696.692972816,0.7641008,-0.07785689,0.64038134,0.64508575,0.098041035,-0.7577944,-0.0037841273,0.99213225,0.12513761,0.7561505,-0.0796481,0.6495325,0.65438586,0.09800775,-0.7497823,-0.003940486,0.99199325,0.1262292,-0.073013306,-0.11192322,-0.058807373,0
12696.697397865,0.76412237,-0.07783117,0.6403586,0.64505994,0.09806257,-0.7578135,-0.0038136905,0.9921321,0.1251376,0.75629497,-0.07963036,0.64936656,0.6542188,0.09805643,-0.7499218,-0.0039580185,0.9919899,0.12625527,-0.11103821,-0.10714722,-0.010925293,0
12696.701822914,0.7642285,-0.07770513,0.64024734,0.64493424,0.0979692,-0.7579327,-0.0038292638,0.9921512,0.12498555,0.7564403,-0.07967031,0.64919233,0.65405107,0.09807107,-0.75006616,-0.0039089858,0.99198526,0.12629336,-0.08694458,-0.030685425,-0.14350891,0
12696.706217445,0.75540763,-0.079101026,0.65046316,0.6552442,0.096943766,-0.7491709,-0.003798167,0.9921416,0.12506254,0.7565954,-0.07958197,0.6490226,0.65387183,0.09797935,-0.7502344,-0.0038856682,0.9920014,0.12616712,-0.053726196,0.0077819824,-0.08679199,0
12696.710642494,0.7553525,-0.07916719,0.65051913,0.65530825,0.09684367,-0.7491277,-0.0036923185,0.992146,0.12503003,0.75663656,-0.079685695,0.6489617,0.6538245,0.09803937,-0.75026786,-0.0038381843,0.9919871,0.12628064,-0.102645874,0.036361694,0.0715332,0
12696.715067543,0.7552603,-0.07927794,0.65061265,0.6554149,0.09685018,-0.74903363,-0.0036301021,0.99213666,0.12510705,0.75663656,-0.079685695,0.6489617,0.6538245,0.09803937,-0.75026786,-0.0038381843,0.9919871,0.12628064,-0.103256226,0.036514282,0.07078552,0
12696.719492592,0.7626139,-0.07830076,0.64209723,0.6468444,0.097696394,-0.7563384,-0.0035087168,0.9921313,0.12515305,0.7566946,-0.079815336,0.64887804,0.65375835,0.097896025,-0.75034416,-0.0036336111,0.99199086,0.12625735,-0.008682251,0.09396362,-0.10205078,0
12696.72391764,0.7625584,-0.078364186,0.64215547,0.6469105,0.09754456,-0.75630134,-0.003371825,0.9921412,0.12507805,0.7568855,-0.0799088,0.6486439,0.65353805,0.0978883,-0.75053716,-0.0035201241,0.9919841,0.12631367,-0.043548584,-0.059265137,-0.1587677,0
12696.728342689,0.7624301,-0.078510724,0.64229006,0.6470628,0.09742108,-0.7561872,-0.0032037802,0.9921418,0.12507813,0.757103,-0.079992004,0.6483797,0.653287,0.0977543,-0.7507731,-0.0033260586,0.9919906,0.1262678,-0.040405273,-0.0018005371,-0.04864502,0
12696.732767738,0.76232713,-0.07862815,0.6423977,0.64718443,0.09734013,-0.7560933,-0.0030808528,0.9921404,0.12509196,0.757103,-0.079992004,0.6483797,0.653287,0.0977543,-0.7507731,-0.0033260586,0.9919906,0.1262678,-0.041610718,-0.0018005371,-0.04878235,0
12696.737192787,0.7749645,-0.07681779,0.627319,0.6319981,0.09877012,-0.7686502,-0.0029143638,0.99214095,0.12509203,0.7574631,-0.080157585,0.6479385,0.6528708,0.097628206,-0.7511514,-0.0030465974,0.9919897,0.12628232,0.057296753,0.031723022,-0.06793213,0
12696.741617836,0.7748282,-0.07698028,0.62746733,0.6321659,0.098638326,-0.7685289,-0.0027307584,0.99214137,0.12509207,0.7578861,-0.0801967,0.6474389,0.6523804,0.09760067,-0.75158095,-0.0029161568,0.9919892,0.12628895,0.112960815,0.031723022,-0.02961731,0
12696.746042885,0.76224035,-0.079045855,0.64244944,0.6472887,0.09710452,-0.7560344,-0.002623366,0.9921303,0.12518248,0.7583202,-0.080221556,0.64692736,0.65187633,0.097551614,-0.75202465,-0.002780225,0.99199206,0.12626989,0.03529358,-0.011367798,0.15621948,0
12696.750467933,0.76211214,-0.07920423,0.6425821,0.64744014,0.09711187,-0.75590384,-0.0025315695,0.9921169,0.12529013,0.7584883,-0.08028069,0.6467229,0.6516812,0.09752136,-0.7521977,-0.0026823506,0.9919902,0.12628622,0.08706665,0.03666687,0.1982727,0
12696.754892982,0.7621082,-0.07920919,0.6425863,0.647445,0.09704739,-0.755908,-0.002486461,0.9921228,0.12524419,0.75863427,-0.080308765,0.6465482,0.6515115,0.097510494,-0.75234604,-0.0026252538,0.991989,0.12629688,0.124938965,0.04623413,-0.10772705,0
12696.759318031,0.7620384,-0.07929533,0.6426584,0.64752734,0.09703485,-0.75583905,-0.0024257638,0.99211717,0.12529016,0.7587436,-0.08033856,0.6464162,0.6513843,0.09750784,-0.7524564,-0.0025793854,0.9919869,0.12631473,0.14828491,-0.07347107,0.121658325,0
12696.76374308,0.76200575,-0.0793355,0.642692,0.6475659,0.097000845,-0.7558104,-0.002379085,0.99211735,0.12529017,0.7588135,-0.08037769,0.64632916,0.65130305,0.09748095,-0.7525302,-0.002518139,0.99198633,0.12632011,0.10951233,0.06060791,0.021102905,0
12696.768137611,0.762059,-0.07926988,0.64263713,0.6475031,0.097056374,-0.75585717,-0.0024553274,0.99211717,0.12529016,0.75888216,-0.08036671,0.64624995,0.6512232,0.09746274,-0.75260174,-0.0025011636,0.991989,0.1262994,0.09590149,0.08454895,-0.026779175,0
12696.77256266,0.78364086,-0.07592293,0.6165571,0.6212093,0.09969633,-0.7772771,-0.0024553274,0.99211717,0.12529016,0.75891006,-0.080259524,0.6462305,0.65119004,0.097548574,-0.75261927,-0.0026340066,0.99198925,0.1262948,1.373291E-4,0.017501831,-0.017211914,0
12696.776987709,0.7836443,-0.07591839,0.6165533,0.62120473,0.09974147,-0.77727485,-0.002486475,0.9921129,0.1253227,0.7594146,-0.0801106,0.6456561,0.6506015,0.09760085,-0.75312144,-0.0026835704,0.99199617,0.12623958,-0.057006836,0.022445679,0.08782959,0
12696.781412758,0.7836397,-0.07592449,0.61655843,0.6212108,0.09967556,-0.77727854,-0.0024413283,0.9921191,0.12527484,0.7598773,-0.07998492,0.645127,0.6500608,0.09766994,-0.7535792,-0.0027345482,0.9919995,0.12621222,0.08618164,0.06539917,-0.11282349,0
12696.785837806,0.7670882,-0.0785003,0.6367209,0.6415371,0.097660206,-0.7608501,-0.002455332,0.9921191,0.12527484,0.7603317,-0.079910144,0.6446008,0.64952934,0.09771188,-0.7540319,-0.0027303614,0.9920014,0.12619741,-0.03816223,-0.03994751,0.011672974,0
12696.790262855,0.7670962,-0.078490056,0.6367123,0.6415273,0.09762878,-0.7608621,-0.0024413376,0.9921229,0.1252442,0.76044863,-0.07981136,0.644475,0.6493922,0.09767059,-0.7541552,-0.0027560997,0.9920134,0.12610234,0.0335083,0.02229309,-0.07421875,0
12696.794687904,0.76710063,-0.07848457,0.6367078,0.6415222,0.097575456,-0.7608733,-0.0024102319,0.9921286,0.1251998,0.7605756,-0.079785295,0.6443283,0.64924335,0.09770409,-0.754279,-0.0027731322,0.9920122,0.12611143,0.081085205,0.02229309,-0.12644958,0
12696.799112953,0.7475766,-0.08127213,0.65918446,0.6641711,0.095145956,-0.74150115,-0.0024553456,0.9921401,0.12510748,0.76070654,-0.079669885,0.6441881,0.64908975,0.09769815,-0.75441206,-0.0028320663,0.99202204,0.12603253,0.07196045,0.06524658,0.027679443,0
12696.803538002,0.7476731,-0.081162356,0.6590885,0.6640622,0.09511953,-0.741602,-0.0025020149,0.9921516,0.12501517,0.7604409,-0.07959903,0.64451045,0.6494008,0.09762715,-0.75415355,-0.0028918223,0.99203473,0.12593134,0.048477173,0.031570435,-0.019302368,0
12696.807963051,0.7478507,-0.08096026,0.6589118,0.663862,0.09503304,-0.7417924,-0.002562686,0.9921765,0.12481697,0.7601738,-0.07952753,0.6448343,0.64971304,0.09755726,-0.7538936,-0.0029529706,0.99204737,0.12583055,-0.041900635,-0.035751343,-0.2280426,0
12696.812388099,0.73713493,-0.08241633,0.6707008,0.67574054,0.09371274,-0.7311583,-0.0025938202,0.99218214,0.124771,0.7598691,-0.07944347,0.6452036,0.6500692,0.09742499,-0.7536036,-0.0029900656,0.9920671,0.125674,-0.07032776,0.026489258,-0.11746216,0
12696.816813148,0.7371553,-0.08239385,0.67068136,0.67571855,0.093693785,-0.7311813,-0.0025938298,0.99218583,0.1247419,0.7593954,-0.07943729,0.6457617,0.65062225,0.097340435,-0.75313705,-0.0030315649,0.99207586,0.12560356,-0.0368042,0.060012817,-0.05970764,0
12696.821238197,0.737211,-0.08233214,0.6706276,0.67565745,0.0936851,-0.73123866,-0.002623368,0.99219173,0.12469401,0.7589896,-0.07940846,0.6462423,0.65109545,0.09726489,-0.75273776,-0.0030829415,0.9920856,0.12552553,-0.0460968,0.01675415,-0.1023407,0
12696.825632728,0.70238906,-0.08688548,0.7064704,0.7117884,0.08937336,-0.6966848,-0.0026078336,0.9922013,0.12461897,0.75857425,-0.079417974,0.64672863,0.65157914,0.09720934,-0.75232637,-0.0031198307,0.9920903,0.1254876,0.02557373,0.02154541,-0.22131348,0
12696.830057777,0.7023783,-0.08689777,0.7064798,0.71179926,0.08938279,-0.6966727,-0.0026078285,0.99219936,0.12463428,0.757528,-0.0795082,0.6479428,0.6527949,0.09711583,-0.7512838,-0.0031922737,0.9920922,0.1254705,0.00642395,-0.05986023,0.056274414,0
12696.834482826,0.70245486,-0.08681167,0.70641416,0.71172345,0.08936006,-0.69675297,-0.0026389323,0.99220896,0.124557294,0.7564875,-0.07964098,0.64914095,0.65400016,0.09701525,-0.7502478,-0.003226098,0.9920914,0.12547603,-0.065093994,0.0644989,-0.19677734,0
12696.838907875,0.7669629,-0.07782061,0.6369552,0.6416857,0.09723609,-0.760779,-0.0027307493,0.99221426,0.12451284,0.7555575,-0.07976745,0.65020776,0.6550745,0.09689366,-0.7493258,-0.0032292004,0.99209315,0.12546235,-0.011520386,-0.09352112,-0.12449646,0
12696.843332924,0.76699567,-0.077781275,0.6369205,0.64164627,0.0972688,-0.76080805,-0.0027758724,0.99221414,0.124512814,0.75584114,-0.07964974,0.64989245,0.6547468,0.096957095,-0.74960387,-0.003305925,0.99209636,0.12543456,-0.03981018,-0.07437134,-0.2346344,0
12696.847757972,0.7670202,-0.077751845,0.6368945,0.6416168,0.097313255,-0.76082736,-0.0028225463,0.9922122,0.12452813,0.7561471,-0.07963294,0.6495385,0.65439326,0.097061016,-0.7498991,-0.0033281997,0.9920876,0.12550366,-0.10159302,0.026184082,-0.09591675,0
12696.852183021,0.75123954,-0.08007961,0.6551537,0.6600237,0.09536645,-0.74516714,-0.0028069974,0.992216,0.12449749,0.75644964,-0.07962525,0.649187,0.65404356,0.09712604,-0.7501956,-0.0033184479,0.9920818,0.12554935,-0.015563965,0.026184082,-0.12913513,0
12696.85660807,0.75125366,-0.080064476,0.6551394,0.6600075,0.09540006,-0.74517715,-0.0028381112,0.99221396,0.1245128,0.75644046,-0.07963642,0.64919645,0.65405434,0.09710619,-0.7501889,-0.0032986384,0.9920829,0.12554158,-0.05355835,0.10758972,0.0574646,0
12696.861033119,0.7511122,-0.08021579,0.65528286,0.66016877,0.09537035,-0.745038,-0.0027307654,0.9922046,0.124589816,0.7563795,-0.07970617,0.6492588,0.65412503,0.097082146,-0.7501303,-0.0032414212,0.9920796,0.12556875,0.012420654,-0.02154541,0.02319336,0
12696.865458168,0.73192585,-0.08302702,0.67630696,0.681379,0.09309464,-0.7259862,-0.0026840868,0.9921894,0.12471123,0.7563429,-0.07980641,0.6492891,0.6541678,0.09704464,-0.7500979,-0.0031474014,0.99207526,0.1256058,0.07897949,0.06480408,0.07467651,0
12696.869883217,0.73187834,-0.08307672,0.67635226,0.6814302,0.093069546,-0.7259414,-0.0026389584,0.9921876,0.12472657,0.7559125,-0.07993848,0.64977396,0.6546653,0.097035944,-0.74966484,-0.0031243565,0.9920654,0.12568364,0.12164307,-0.09321594,0.017059326,0
12696.874308265,0.7318451,-0.083111554,0.6763839,0.68146586,0.09309797,-0.7259042,-0.0026389435,0.9921821,0.12477099,0.75549334,-0.079997756,0.650254,0.6551491,0.09692637,-0.7492563,-0.003087937,0.9920714,0.12563768,0.006729126,0.060012817,0.14590454,0
12696.878733314,0.7470703,-0.080976926,0.6597945,0.6647399,0.094921865,-0.7410201,-0.0026233934,0.9921858,0.12474189,0.7550645,-0.08006924,0.6507431,0.6556434,0.0968727,-0.74883074,-0.003080936,0.99207085,0.12564199,0.016159058,0.050430298,-0.07885742,0
12696.883158363,0.7470583,-0.08099035,0.6598063,0.66475344,0.094889455,-0.74101204,-0.002593835,0.9921878,0.124726586,0.75492847,-0.080120005,0.6508945,0.65580004,0.09681736,-0.7487006,-0.0030319924,0.99207217,0.1256329,0.09725952,-0.026184082,-0.021240234,0
12696.887552894,0.7470689,-0.08097846,0.6597958,0.66474146,0.09489998,-0.74102134,-0.0026078385,0.9921876,0.12472657,0.75474614,-0.08014692,0.65110266,0.65601,0.09678265,-0.7485212,-0.0030237671,0.99207336,0.12562351,-0.06539917,-0.040542603,-0.011672974,0
12696.891977943,0.7603381,-0.07909466,0.6446937,0.6495222,0.09657268,-0.75418466,-0.002607814,0.99217826,0.124801636,0.75456154,-0.08019608,0.65131056,0.6562223,0.09678199,-0.7483351,-0.003021581,0.9920695,0.12565443,-0.00793457,-0.026184082,0.18389893,0
12696.896402992,0.76035756,-0.07907187,0.64467365,0.64949954,0.09655176,-0.7542069,-0.0026078238,0.9921821,0.12477099,0.7546302,-0.08019263,0.65123135,0.6561432,0.09681926,-0.7483997,-0.003035602,0.9920661,0.1256806,0.02557373,0.021697998,-0.045639038,0
12696.900828041,0.7603731,-0.07905361,0.6446575,0.64948153,0.09646605,-0.7542335,-0.0025626859,0.992192,0.124694034,0.7546987,-0.080170944,0.65115464,0.6560644,0.096848264,-0.748465,-0.0030580545,0.992065,0.12568857,0.092163086,0.03112793,-0.2172699,0
12696.90525309,0.7898087,-0.07446742,0.608816,0.61334807,0.100012176,-0.7834551,-0.0025471353,0.9921956,0.124664925,0.75476396,-0.08009724,0.65108824,0.6559892,0.096828364,-0.74853355,-0.0030883374,0.99207294,0.12562549,0.0632782,0.03112793,-0.06854248,0
12696.909678138,0.789789,-0.07449379,0.60883814,0.61337334,0.0999918,-0.7834378,-0.0025175721,0.9921957,0.12466495,0.7554618,-0.08000644,0.6502896,0.6551855,0.096912146,-0.74922633,-0.0030780311,0.9920721,0.12563248,0.0773468,-0.04548645,0.008071899,0
12696.914103187,0.7897994,-0.07447982,0.6088264,0.61336017,0.099926956,-0.78345644,-0.0024864718,0.99220335,0.124605216,0.7561255,-0.079953596,0.64952415,0.65441954,0.09699989,-0.74988407,-0.0030478425,0.99206775,0.12566729,0.0052337646,0.06465149,-0.11582947,0
12696.918528236,0.7898243,-0.07444642,0.60879827,0.61332816,0.099892154,-0.7834859,-0.0024864478,0.9922093,0.12455734,0.7561255,-0.079953596,0.64952415,0.65441954,0.09699989,-0.74988407,-0.0030478425,0.99206775,0.12566729,0.0052337646,0.0644989,-0.115371704,0
12696.922953285,0.76748955,-0.07798886,0.63629985,0.6410568,0.09717055,-0.7613174,-0.0024553237,0.9922075,0.12457267,0.7574991,-0.079829685,0.647937,0.6528292,0.097239956,-0.751238,-0.0030342718,0.9920542,0.12577432,0.05279541,0.002243042,0.07601929,0
12696.927378334,0.76749223,-0.077985615,0.636297,0.64105344,0.09721567,-0.76131445,-0.0024864718,0.99220335,0.124605216,0.75768965,-0.07977445,0.64772093,0.6526078,0.09727793,-0.7514253,-0.0030644147,0.99205494,0.12576792,-0.071380615,-0.02633667,0.05656433,0
12696.931803383,0.7450175,-0.081169136,0.66208804,0.66704,0.094493,-0.7390053,-0.0025782546,0.992211,0.12454199,0.7579025,-0.079755135,0.6474743,0.6523607,0.09731288,-0.7516354,-0.0030608017,0.9920531,0.12578279,-0.032165527,0.1267395,0.0715332,0
12696.936228431,0.7450816,-0.08109575,0.66202486,0.66696805,0.09451929,-0.7390667,-0.0026389468,0.9922144,0.12451285,0.7576504,-0.07968015,0.6477785,0.6526532,0.09724314,-0.75139046,-0.003121109,0.99206597,0.1256798,-0.17523193,-0.0073394775,-0.08140564,0
12696.94065348,0.74505985,-0.08112055,0.66204613,0.6669923,0.094517745,-0.73904496,-0.002623382,0.9922126,0.124528185,0.7573876,-0.0797384,0.6480786,0.65295833,0.09716891,-0.7511349,-0.003078795,0.9920685,0.12566037,0.020950317,-0.026489258,0.042938232,0
12696.945048011,0.75649804,-0.079461664,0.6491506,0.6539907,0.09589671,-0.75039995,-0.0026233874,0.99221456,0.124512866,0.75713,-0.07972223,0.6483815,0.6532568,0.09713138,-0.75088024,-0.0031163332,0.99207354,0.12562017,0.011367798,0.09321594,-0.01914978,0
12696.94947306,0.75653803,-0.079414055,0.64910996,0.65394443,0.09587692,-0.75044274,-0.0026389621,0.9922202,0.124466896,0.75712913,-0.07969944,0.64838535,0.65325785,0.097092874,-0.7508843,-0.0031085373,0.99207914,0.12557612,-0.022003174,0.050125122,-0.1240387,0
12696.953898109,0.7565861,-0.079356655,0.64906096,0.6538889,0.09582452,-0.75049794,-0.0026389465,0.9922299,0.12438992,0.7570982,-0.0796161,0.64843166,0.6532936,0.09702036,-0.7508625,-0.0031303288,0.9920929,0.12546663,-0.0076293945,-0.017059326,-0.19033813,0
12696.958323158,0.7531019,-0.07979783,0.6530466,0.6578987,0.09527836,-0.7470551,-0.0026078313,0.9922471,0.1242532,0.7570823,-0.079571106,0.6484558,0.6533121,0.0969502,-0.7508555,-0.003121515,0.9921034,0.12538405,0.04472351,0.102493286,-0.09321594,0
12696.962748207,0.75309193,-0.07980936,0.6530567,0.65791017,0.09528868,-0.7470437,-0.0026078261,0.9922452,0.12426852,0.7570374,-0.07951822,0.6485146,0.6533641,0.09685666,-0.75082225,-0.0031089142,0.99211675,0.12527846,0.01121521,-0.065093994,0.03112793,0
12696.967173256,0.75308186,-0.07982089,0.6530668,0.65792155,0.09529899,-0.7470323,-0.0026078213,0.9922433,0.12428384,0.7569989,-0.07949247,0.6485627,0.6534089,0.09679517,-0.75079125,-0.0030954895,0.9921248,0.12521492,-0.00793457,0.021087646,0.030975342,0
12696.971598304,0.7531119,-0.07978628,0.6530364,0.6578872,0.09526803,-0.74706644,-0.0026078362,0.992249,0.12423788,0.756966,-0.07951769,0.64859813,0.6534473,0.09672623,-0.7507668,-0.003037212,0.9921295,0.12517908,-0.06060791,-0.050735474,0.041000366,0
12696.976023353,0.753042,-0.07986686,0.65310717,0.6579677,0.095157064,-0.74700975,-0.0024864445,0.99225324,0.12420709,0.7569554,-0.0794931,0.6486135,0.6534597,0.096636966,-0.7507674,-0.0029992177,0.9921402,0.1250954,0.072265625,-0.017349243,-0.025741577,0
12696.980448402,0.753029,-0.07988193,0.65312046,0.6579829,0.09512364,-0.7470008,-0.0024553302,0.9922553,0.12419178,0.7569112,-0.07954012,0.6486592,0.65351135,0.09653912,-0.7507351,-0.0029074359,0.99214596,0.1250519,-0.11956787,-0.012557983,-0.02558899,0
12696.984873451,0.765328,-0.0780985,0.6388847,0.64363605,0.096532255,-0.7592194,-0.0023791015,0.9922611,0.124145836,0.75688857,-0.07959077,0.6486795,0.65353787,0.096467465,-0.7507212,-0.0028259903,0.9921489,0.1250307,0.013763428,-0.022140503,-0.058654785,0
12696.9892985,0.7653455,-0.07807711,0.6388663,0.6436152,0.09651212,-0.7592397,-0.00237911,0.99226475,0.124116726,0.75712854,-0.079580255,0.64840066,0.6532602,0.09641772,-0.7509693,-0.0027549795,0.99215454,0.12498721,-6.1035156E-4,0.08320618,-0.06793213,0
12696.993723549,0.7652866,-0.078148834,0.6389282,0.64368546,0.09651012,-0.75918037,-0.0023339735,0.99225926,0.12416116,0.7573366,-0.07949208,0.64816844,0.6530188,0.096419476,-0.751179,-0.002783287,0.99216145,0.12493181,0.1282196,0.020950317,0.1327362,0
12696.998148597,0.7672853,-0.07787974,0.6365595,0.64130175,0.09676636,-0.7611626,-0.002318405,0.99225557,0.12419182,0.7575293,-0.07946133,0.6479469,0.65279526,0.0963901,-0.75137687,-0.0027502591,0.99216676,0.12489031,0.027511597,-0.0077819824,0.09411621,0
12697.002543129,0.7672853,-0.07787974,0.6365595,0.64130175,0.09676636,-0.7611626,-0.002318405,0.99225557,0.12419182,0.7577482,-0.079425216,0.6476954,0.65254146,0.09637924,-0.75159883,-0.002728496,0.9921707,0.124859445,0.008377075,0.044891357,-0.01600647,0
12697.006968177,0.7673024,-0.077859506,0.6365413,0.6412812,0.09672328,-0.76118517,-0.0023028585,0.9922613,0.12414586,0.7579313,-0.07936314,0.64748883,0.65232867,0.096391305,-0.751782,-0.0027485117,0.9921745,0.12482884,0.03694153,-0.055664063,-0.111328125,0
12697.011393226,0.7390951,-0.08195756,0.66859657,0.6735973,0.093275525,-0.7331892,-0.002273295,0.9922614,0.12414587,0.7581241,-0.07929638,0.64727116,0.6521044,0.096429385,-0.7519716,-0.0027873332,0.9921761,0.12481495,0.05580139,0.025741577,0.017959595,0
12697.015818275,0.7391033,-0.081948206,0.6685886,0.6735883,0.09324461,-0.7332014,-0.0022577436,0.99226505,0.12411676,0.7577319,-0.07933322,0.6477257,0.65256006,0.09634668,-0.75158674,-0.0027804219,0.9921812,0.12477464,0.050857544,0.08320618,-0.09666443,0
12697.020243324,0.7391471,-0.08189849,0.66854626,0.6735402,0.093224965,-0.7332482,-0.0022732816,0.9922711,0.1240689,0.7573793,-0.079326406,0.6481388,0.6529691,0.096269086,-0.7512413,-0.002802461,0.9921893,0.12470991,-0.03994751,-0.08454895,-0.110580444,0
12697.024668373,0.7909286,-0.07410573,0.60740453,0.61190414,0.09949592,-0.7846489,-0.0022872936,0.99227464,0.12403978,0.7570447,-0.079370886,0.6485241,0.6533571,0.09623304,-0.7509086,-0.002809168,0.9921892,0.12471024,-0.04460144,-0.08932495,-0.08634949,0
12697.029093422,0.7909647,-0.07405949,0.60736305,0.6118573,0.0994734,-0.7846882,-0.0023028667,0.9922803,0.12399381,0.7577592,-0.07928624,0.6476994,0.65252835,0.09628992,-0.75162154,-0.002773679,0.9921905,0.12470109,-0.049240112,0.10220337,-0.100250244,0
12697.03351847,0.7909876,-0.074030265,0.60733694,0.6118279,0.09941795,-0.7847183,-0.002287289,0.9922881,0.12393215,0.75844187,-0.07919881,0.6469107,0.65173477,0.09639981,-0.75229573,-0.0027811485,0.9921868,0.12473027,0.017654419,0.025436401,-0.14753723,0
12697.037943519,0.74807066,-0.08054582,0.65871304,0.66361535,0.094216675,-0.7421174,-0.002287289,0.9922881,0.12393215,0.7590958,-0.07913052,0.64615166,0.6509731,0.09650238,-0.7529418,-0.0027744863,0.99218225,0.12476638,0.008071899,0.006286621,-0.018249512,0
12697.042368568,0.7480996,-0.08051218,0.658684,0.6635824,0.09418696,-0.74215025,-0.0022873012,0.99229354,0.12388771,0.758871,-0.07916212,0.6464117,0.651235,0.09650032,-0.7527156,-0.002792386,0.99217993,0.12478444,0.02243042,0.11642456,-0.09442139,0
12697.046793617,0.7480361,-0.080585584,0.65874714,0.66365415,0.09416104,-0.7420894,-0.00222661,0.9922901,0.123916835,0.75866675,-0.07919149,0.6466478,0.65147287,0.09646965,-0.7525136,-0.0027892163,0.9921806,0.12477942,0.15110779,-0.1230011,0.07766724,0
12697.051218666,0.76428217,-0.07824279,0.6401178,0.6448781,0.096156135,-0.75821245,-0.0022266014,0.9922862,0.12394748,0.75846773,-0.07922505,0.6468771,0.65170455,0.09643627,-0.75231713,-0.00278005,0.9921811,0.12477513,-0.016464233,0.020645142,0.07736206,0
12697.055643715,0.7642734,-0.07825399,0.64012706,0.64488864,0.096166775,-0.7582023,-0.0022265972,0.99228436,0.123962805,0.758562,-0.079165645,0.6467739,0.65159464,0.09649361,-0.7524051,-0.0028449125,0.99218035,0.1247803,-0.006881714,-0.022445679,0.029327393,0
12697.060068763,0.764291,-0.07823158,0.64010864,0.64486766,0.0961455,-0.75822276,-0.0022266058,0.9922882,0.12393216,0.7586496,-0.07914589,0.6466736,0.65149266,0.096505515,-0.7524919,-0.002850933,0.99218076,0.12477685,-0.006881714,-0.04159546,-0.09486389,0
12697.064463295,0.76012504,-0.07885049,0.6449748,0.64977306,0.09561836,-0.7540902,-0.0022110501,0.9922901,0.123916835,0.7587219,-0.07911697,0.64659226,0.6514084,0.09651288,-0.7525639,-0.0028639033,0.9921823,0.12476389,0.05519104,0.11642456,-0.008529663,0
12697.068888343,0.7601368,-0.07883702,0.64496255,0.6497592,0.09562982,-0.7541007,-0.00222661,0.9922901,0.123916835,0.7587377,-0.079135865,0.6465715,0.65139014,0.09650289,-0.75258094,-0.002839876,0.9921818,0.1247687,-0.040405273,-0.04638672,0.0010528564,0
12697.073313392,0.76011455,-0.07886263,0.64498585,0.64978546,0.095608056,-0.75408083,-0.0021970463,0.9922901,0.123916835,0.75873446,-0.07916116,0.64657205,0.65139383,0.09652176,-0.75257534,-0.0028335403,0.99217796,0.12479948,0.06942749,0.06852722,0.010635376,0
12697.077738441,0.770286,-0.07731383,0.6329944,0.6376947,0.09680792,-0.7641817,-0.0021970589,0.99229574,0.12387242,0.75872886,-0.079172984,0.6465771,0.65140027,0.096566066,-0.752564,-0.0028546776,0.99217266,0.12484076,0.0023956299,0.011077881,-0.13737488,0
12697.08216349,0.7703112,-0.0772826,0.63296777,0.6376645,0.09675362,-0.76421386,-0.0021814818,0.99230343,0.12381076,0.75895923,-0.07916193,0.6463082,0.6511319,0.096595,-0.75279254,-0.002837627,0.99217075,0.12485653,0.035751343,-0.008239746,-0.12719727,0
12697.086588539,0.77032703,-0.07726275,0.6329507,0.6376453,0.0967103,-0.76423526,-0.0021659345,0.9923093,0.123764805,0.75915045,-0.07910526,0.64609045,0.65090895,0.0966032,-0.7529843,-0.0028493984,0.99217445,0.12482669,0.026016235,0.06359863,-0.11238098,0
12697.091013588,0.755214,-0.07953909,0.6506345,0.65547454,0.094968095,-0.7492222,-0.002197063,0.9922976,0.123857096,0.75933975,-0.079083875,0.64587057,0.650688,0.09668428,-0.7531649,-0.002882334,0.99216825,0.12487514,-0.06463623,0.082901,-0.05102539,0
12697.095438636,0.75526637,-0.07947897,0.6505811,0.6554142,0.094958685,-0.7492764,-0.002226605,0.9923034,0.12381075,0.75921905,-0.07917403,0.6460014,0.6508287,0.09675249,-0.7530344,-0.0028814783,0.9921544,0.12498507,-0.054779053,0.06359863,-0.098464966,0
12697.099863685,0.755278,-0.07946562,0.65056926,0.65540075,0.09497022,-0.7492867,-0.0022421647,0.9923034,0.12381075,0.7591054,-0.07919307,0.64613277,0.6509615,0.09671108,-0.75292504,-0.0028617512,0.992157,0.12496553,-0.068984985,0.049224854,-0.012268066,0
12697.104288734,0.71736073,-0.08461958,0.691544,0.6966982,0.09036706,-0.7116498,-0.0022732927,0.99230707,0.123780094,0.7589923,-0.07922402,0.6462617,0.65109324,0.096705586,-0.7528117,-0.002856341,0.992155,0.12498103,-0.05909729,-0.022598267,-0.05506897,0
12697.108713783,0.71738166,-0.08459621,0.69152516,0.6966767,0.0903683,-0.71167076,-0.002287301,0.992309,0.12376477,0.7581571,-0.07936107,0.6472246,0.65206575,0.09662362,-0.7519801,-0.002859235,0.99215204,0.12500452,-0.03501892,0.07795715,-0.05970764,0
12697.113138832,0.717382,-0.084595755,0.69152474,0.69667614,0.090390086,-0.71166843,-0.0023028564,0.992307,0.12378009,0.75737005,-0.07948157,0.64813066,0.6529799,0.0964407,-0.75121,-0.0027988255,0.9921602,0.12494117,-0.054031372,-0.080062866,0.05986023,0
12697.117563881,0.7471321,-0.08056624,0.6597748,0.66467166,0.093999445,-0.7411989,-0.0023028564,0.992307,0.12378009,0.7565772,-0.079635434,0.6490371,0.6538985,0.09636033,-0.7504208,-0.0027813455,0.9921557,0.12497752,0.013015747,0.006134033,-0.02633667,0
12697.121958412,0.7471208,-0.08057939,0.6597861,0.6646845,0.09398781,-0.7411889,-0.0022872966,0.992307,0.12378009,0.75638056,-0.07963283,0.6492665,0.654126,0.09627455,-0.75023353,-0.00276462,0.9921642,0.1249101,0.012863159,-0.013015747,0.02633667,0
12697.126383461,0.7471143,-0.08058675,0.6597923,0.66469145,0.09404072,-0.7411757,-0.0023184032,0.9923014,0.12382451,0.7561741,-0.0796636,0.6495032,0.65436465,0.09624188,-0.7500295,-0.0027593593,0.9921649,0.124904655,-0.087387085,0.020492554,0.102508545,0
12697.13080851,0.76824665,-0.07748534,0.63544714,0.64014953,0.09663252,-0.7621486,-0.0023495178,0.9922994,0.12383982,0.75599647,-0.07965804,0.6497108,0.65457004,0.09615619,-0.7498614,-0.0027412176,0.9921737,0.1248355,-0.07272339,0.049224854,0.059265137,0
12697.135233558,0.76823336,-0.07750126,0.63546133,0.6401657,0.09659937,-0.7621393,-0.0023184032,0.9923014,0.12382451,0.756209,-0.07962097,0.64946777,0.6543244,0.09618197,-0.7500724,-0.0027455972,0.99217415,0.12483161,0.089767456,0.10189819,-0.031570435,0
12697.139658607,0.7682305,-0.077504724,0.63546443,0.6401693,0.09657855,-0.76213914,-0.0023028473,0.9923032,0.12381072,0.7564499,-0.07955748,0.649195,0.65404594,0.09617971,-0.75031555,-0.0027461778,0.99217945,0.12478937,0.03694153,0.068374634,-0.026641846,0
12697.144083656,0.7763349,-0.07621898,0.62569547,0.6303165,0.097501196,-0.7701913,-0.0023028692,0.99231255,0.123735644,0.75667346,-0.07954615,0.64893585,0.65378743,0.09616221,-0.75054306,-0.0027002906,0.9921821,0.12476966,-0.015716553,0.049224854,-0.18870544,0
12697.148508705,0.7763529,-0.076198004,0.6256757,0.6302943,0.09745646,-0.77021503,-0.002287287,0.9923185,0.123687774,0.7570804,-0.079420365,0.64847654,0.6533161,0.09619497,-0.75094926,-0.002739513,0.992189,0.12471391,0.03199768,0.106536865,-0.12120056,0
12697.152933754,0.7763517,-0.07619931,0.62567693,0.6302958,0.097435676,-0.7702165,-0.0022732879,0.99232054,0.12367247,0.75746936,-0.07934688,0.6480311,0.6528649,0.096257426,-0.7513335,-0.0027618415,0.9921888,0.124714844,0.03665161,0.049072266,-0.010910034,0
12697.157358802,0.74701345,-0.08049339,0.6599179,0.6648049,0.09386123,-0.74109674,-0.0022873043,0.99232596,0.12362802,0.7579092,-0.079197384,0.64753485,0.652354,0.0962987,-0.75177175,-0.0028184156,0.99219674,0.124650404,-0.01586914,0.049072266,-0.11581421,0
12697.161783851,0.74701333,-0.08049362,0.6599181,0.6648053,0.09384055,-0.74109924,-0.002273305,0.992328,0.12361272,0.75771594,-0.07922394,0.6477577,0.65257853,0.09625005,-0.7515831,-0.0028033403,0.9921993,0.12463003,0.03665161,0.034713745,-0.019897461,0
12697.1662089,0.7470364,-0.08046867,0.659895,0.66477925,0.093839824,-0.7411226,-0.0022872814,0.9923301,0.12359566,0.7575006,-0.07923259,0.6480086,0.6528284,0.09622868,-0.7513689,-0.002824112,0.99220073,0.12461857,0.008071899,0.063308716,0.09039307,0
12697.170633949,0.7470749,-0.080427036,0.6598565,0.6647356,0.09392,-0.7411515,-0.0023651032,0.9923258,0.12362799,0.7575006,-0.07923259,0.6480086,0.6528284,0.09622868,-0.7513689,-0.002824112,0.99220073,0.12461857,0.008834839,0.063446045,0.09008789,0
12697.175058998,0.75167805,-0.079834834,0.6546805,0.6595261,0.09450138,-0.74571764,-0.0023339663,0.99231845,0.12368777,0.7571644,-0.07918518,0.64840704,0.6532177,0.09624931,-0.75102776,-0.0029384634,0.99220246,0.12460173,0.061187744,-0.051483154,0.12779236,0
12697.179484047,0.75167954,-0.07983311,0.65467894,0.6595243,0.09452325,-0.7457164,-0.0023495215,0.9923165,0.12370308,0.7570555,-0.07914235,0.64853954,0.65334374,0.09626326,-0.75091636,-0.0030012396,0.99220455,0.12458378,-0.020050049,-0.065841675,0.04144287,0
12697.183878578,0.7516912,-0.07981983,0.65466714,0.65951097,0.09453486,-0.7457268,-0.002365081,0.9923165,0.12370308,0.7569769,-0.079132855,0.6486324,0.6534347,0.09625468,-0.7508382,-0.003017923,0.99220616,0.12457072,-0.03904724,-0.037109375,0.0031433105,0
12697.188303627,0.7517223,-0.079784706,0.65463585,0.65947556,0.09452476,-0.74575937,-0.002379094,0.99232024,0.12367243,0.75690925,-0.079107836,0.6487144,0.6535129,0.09624202,-0.75077176,-0.0030416553,0.9922094,0.12454447,-0.058059692,-0.046691895,-0.08274841,0
12697.192728676,0.7517621,-0.07973957,0.6545956,0.65943015,0.09448469,-0.7458046,-0.002379112,0.9923277,0.12361268,0.75681865,-0.07906304,0.64882547,0.6536178,0.0961666,-0.75069016,-0.0030434981,0.9922202,0.124457695,0.018554688,-0.041900635,-0.17312622,0
12697.197153724,0.75859404,-0.078687005,0.64679474,0.6515591,0.09528412,-0.75259,-0.0024102163,0.9923353,0.1235512,0.7567414,-0.07900653,0.64892244,0.65370715,0.09609347,-0.75062174,-0.0030531948,0.99223185,0.12436505,-0.096069336,0.015411377,-0.15338135,0
12697.201578773,0.7586497,-0.0786187,0.6467377,0.65149426,0.09522082,-0.7526541,-0.0024102062,0.99234676,0.123458885,0.7567693,-0.07900115,0.6488906,0.65367496,0.09606497,-0.7506534,-0.003033175,0.992235,0.1243401,0.009277344,0.05836487,-0.20994568,0
12697.206003822,0.7586766,-0.07858581,0.6467102,0.6514629,0.09519035,-0.75268495,-0.0024102193,0.9923522,0.123414434,0.75677675,-0.07902064,0.6488795,0.6536663,0.09609948,-0.7506565,-0.003039626,0.9922301,0.12437899,-0.019454956,-0.04698181,-0.1376648,0
12697.210428871,0.74763125,-0.08017439,0.6592568,0.6641097,0.093835734,-0.741723,-0.0023946643,0.99235415,0.123399116,0.7568231,-0.07904766,0.64882225,0.653613,0.09606225,-0.75070786,-0.002985628,0.9922316,0.124368705,0.028259277,-0.04698181,-0.056121826,0
12697.21485392,0.74765366,-0.08015086,0.65923434,0.6640846,0.09381555,-0.7417482,-0.0023946736,0.992358,0.12336848,0.7566305,-0.079106994,0.6490396,0.65383613,0.09602627,-0.75051814,-0.0029536264,0.99223036,0.12437941,0.028259277,-0.05656433,-0.07975769,0
12697.219278968,0.7476227,-0.0801834,0.65926546,0.66411936,0.09386673,-0.74171066,-0.0024102156,0.99235064,0.12342824,0.7564327,-0.0791544,0.6492643,0.6540647,0.0960456,-0.75031626,-0.0029681395,0.9922247,0.12442414,-0.057754517,-0.013458252,0.17822266,0
12697.223704017,0.74120903,-0.08111221,0.66635585,0.67127,0.093126245,-0.7353394,-0.0024102014,0.9923448,0.123474196,0.7562487,-0.079236954,0.6494686,0.6542778,0.09600619,-0.7501356,-0.0029145454,0.9922219,0.12444753,-0.0098724365,-0.018249512,0.11552429,0
12697.228129066,0.74121875,-0.081100576,0.6663465,0.67125934,0.093116075,-0.7353506,-0.0024102062,0.99234676,0.123458885,0.75594,-0.079339474,0.6498153,0.6546346,0.09596262,-0.74982977,-0.0028668789,0.99221796,0.124480344,-0.014663696,-0.05177307,-0.05192566,0
12697.232554115,0.7411884,-0.081136905,0.66637576,0.67129284,0.0931479,-0.735316,-0.0024102295,0.99234086,0.12350676,0.75563645,-0.0794321,0.65015686,0.65498513,0.09589087,-0.74953276,-0.0028071532,0.9922175,0.12448549,0.0140686035,0.12554932,0.14395142,0
12697.236979164,0.7561254,-0.07903828,0.6496363,0.6544224,0.09495269,-0.7501436,-0.0023946657,0.9923392,0.12352056,0.7552785,-0.079479255,0.65056694,0.65539795,0.09582521,-0.74918026,-0.0027964276,0.99222004,0.124465264,0.033050537,-0.022888184,0.014526367,0
12697.241373695,0.7560942,-0.07907501,0.6496681,0.65445846,0.09494128,-0.7501134,-0.0023650972,0.9923372,0.12353587,0.75529873,-0.0794653,0.65054524,0.6553749,0.09575502,-0.7492094,-0.0027568233,0.9922279,0.12440321,0.0806427,0.06808472,0.0861969,0
12697.245798744,0.75612277,-0.079041295,0.64963895,0.65442544,0.09493184,-0.7501435,-0.0023791099,0.9923409,0.12350677,0.75529355,-0.0794095,0.650558,0.6553807,0.09571679,-0.7492091,-0.0027750032,0.9922361,0.12433773,-0.034118652,-0.046829224,-0.11462402,0
12697.250223793,0.77652967,-0.075789034,0.625506,0.6300759,0.097296946,-0.770414,-0.0024708973,0.99236554,0.123306796,0.75530785,-0.07930845,0.6505537,0.6553639,0.095713295,-0.7492243,-0.002846822,0.9922445,0.124268904,0.014663696,-0.008834839,-0.2276001,0
12697.254648842,0.77653813,-0.07577806,0.6254968,0.63006544,0.09728607,-0.7704239,-0.002470902,0.9923674,0.12329147,0.7557168,-0.07910296,0.6501037,0.6548919,0.09573716,-0.74963385,-0.0029408182,0.9922586,0.124154076,0.033798218,0.0725708,-0.03590393,0
12697.25907389,0.776655,-0.07562704,0.62536985,0.62992096,0.097231895,-0.7705487,-0.0025315883,0.9923842,0.12315469,0.75612,-0.07893421,0.6496552,0.6544259,0.095792994,-0.75003356,-0.0030291146,0.99226665,0.12408759,0.12059021,0.09156799,-0.13034058,0
12697.263498939,0.7633509,-0.07749191,0.64131916,0.6459787,0.095578305,-0.7573482,-0.002607835,0.99240106,0.12301793,0.7565413,-0.07873714,0.6491884,0.65393835,0.095838554,-0.7504529,-0.0031287654,0.9922779,0.123995066,-0.00793457,0.053115845,-0.10505676,0
12697.267923988,0.7633908,-0.07744264,0.64127785,0.6459316,0.09557965,-0.75738823,-0.0026389644,0.9924047,0.122987255,0.7567106,-0.078586295,0.6490095,0.65374225,0.09581501,-0.75062674,-0.0031958832,0.9922921,0.12387941,-0.055511475,0.043533325,-0.047286987,0
12697.272349037,0.7635035,-0.077302985,0.6411605,0.6457979,0.09563674,-0.7574951,-0.002761864,0.9924101,0.12294108,0.7568404,-0.078511335,0.64886713,0.6535915,0.09588408,-0.75074923,-0.0032737043,0.9922914,0.123883285,-0.04953003,0.024246216,-0.022903442,0
12697.276774086,0.78787345,-0.073514216,0.6114336,0.61583096,0.09850243,-0.78169656,-0.0027618853,0.99241775,0.12287978,0.75699186,-0.07835915,0.64870876,0.65341544,0.09593198,-0.75089633,-0.003392321,0.9922988,0.12382081,0.01751709,-0.037994385,-0.17073059,0
12697.281199135,0.78788257,-0.07350312,0.61142325,0.61581933,0.09849113,-0.7817071,-0.0027618473,0.99241966,0.12286409,0.7576588,-0.07822468,0.647946,0.65264195,0.096001536,-0.7515598,-0.0034132819,0.99230266,0.12378912,-0.02079773,0.08634949,-0.0460968,0
12697.285624183,0.78808707,-0.07325336,0.61118954,0.6155568,0.09853145,-0.7819089,-0.0029439388,0.9924342,0.12274296,0.7583039,-0.07807664,0.6472088,0.651892,0.09611786,-0.75219554,-0.0034794286,0.9923031,0.12378408,-0.18180847,-0.018997192,-0.3321991,0
12697.290049232,0.7151392,-0.083651215,0.6939585,0.6989758,0.0898097,-0.70948374,-0.002975029,0.9924398,0.12269661,0.75895053,-0.077903114,0.6464714,0.6511385,0.09625262,-0.75283074,-0.0035766985,0.99230367,0.1237767,-0.076156616,-0.01914978,-0.12585449,0
12697.294474281,0.71518356,-0.08360308,0.6939185,0.69893014,0.089813605,-0.709528,-0.0030046036,0.99244344,0.122665934,0.75814027,-0.07798858,0.64741105,0.6520815,0.0961677,-0.75202495,-0.0036106743,0.99230516,0.12376352,-0.09024048,0.04309082,-0.06329346,0
12697.298868812,0.71521825,-0.083565466,0.6938873,0.6988945,0.08985016,-0.7095586,-0.0030512828,0.9924434,0.12266593,0.75737125,-0.07805067,0.64830315,0.6529744,0.09605559,-0.7512641,-0.0036364687,0.9923111,0.12371483,-0.104141235,0.06703186,0.018112183,0
12697.303293861,0.7240138,-0.082378104,0.68484885,0.6897788,0.09085683,-0.7182968,-0.0030512584,0.99245095,0.12260426,0.75657356,-0.07814578,0.6492224,0.6538986,0.09591186,-0.75047815,-0.0036214315,0.99231756,0.1236638,0.0059814453,-0.03845215,-0.17762756,0
12697.30771891,0.7240472,-0.08234136,0.68481797,0.6897437,0.090849295,-0.7183315,-0.0030668296,0.9924547,0.12257361,0.7559352,-0.07822026,0.64995664,0.6546365,0.09582411,-0.74984586,-0.0036283769,0.9923202,0.123642646,-0.06568909,0.06210327,-0.08633423,0
12697.312143959,0.7240363,-0.082353376,0.68482804,0.6897551,0.09085907,-0.71831924,-0.0030668236,0.99245274,0.122588925,0.75536937,-0.078272365,0.6506079,0.6552893,0.09571478,-0.74928945,-0.0036241282,0.9923266,0.12359105,-0.013015747,-0.0049438477,0.042800903,0
12697.316569008,0.75617063,-0.07789683,0.6497215,0.65436715,0.09468822,-0.75022507,-0.003080833,0.9924546,0.122573584,0.75477016,-0.078335546,0.6512953,0.65597916,0.09565498,-0.74869317,-0.0036503454,0.9923274,0.12358401,-0.008087158,0.03337097,-0.004928589,0
12697.320994056,0.7561676,-0.07790039,0.6497246,0.6543709,0.09464667,-0.75022715,-0.003051281,0.99245834,0.12254449,0.7548262,-0.07829785,0.6512349,0.6559146,0.09566061,-0.748749,-0.003672086,0.99232984,0.12356383,0.063430786,0.13392639,-0.09562683,0
