Time,Rot1,Rot2,Rot3,Rot4,Rot5,Rot6,Rot7,Rot8,Rot9,FRot1,FRot2,FRot3,FRot4,FRot5,FRot6,FRot7,FRot8,FRot9,AccX,AccY,AccZ,Imid
5771.515766819,-0.02121613,-0.99961776,0.017725969,0.9997623,-0.021123512,0.0053961,-0.005019603,0.01783624,0.99982834,0.006827916,-0.99980295,0.018639619,0.99996966,0.0068966327,0.0036248341,-0.0037526703,0.018614303,0.9998197,-0.30645752,0.026321411,9.742004,0
5771.52016135,-0.021236004,-0.99961764,0.017712858,0.99976224,-0.021144286,0.005349498,-0.004972926,0.017822245,0.9998289,0.0062400103,-0.99980915,0.018514695,0.99997294,0.0063112057,0.0037893967,-0.0039055233,0.018490547,0.9998214,-0.2394104,0.02154541,9.751572,0
5771.524586399,0.05114126,-0.9985263,0.018159,0.9986805,0.051217232,0.003743412,-0.0046679494,0.017943598,0.9998281,0.0056926575,-0.999812,0.018533684,0.9999765,0.005762229,0.0037025656,-0.0038086649,0.018512173,0.99982136,-0.12927246,-0.011962891,9.943115,0
5771.529011448,0.051488098,-0.9985038,0.018417232,0.99866426,0.051558595,0.0033733197,-0.0043178387,0.018218944,0.9998247,0.0065935417,-0.9998027,0.018735323,0.99997216,0.0066576526,0.0033616074,-0.0034856775,0.018712638,0.9998188,-0.12449646,0.19392395,9.9526825,0
5771.533436497,0.05163033,-0.99849445,0.018523132,0.99865824,0.051695563,0.0030599062,-0.004012863,0.018340295,0.9998238,0.007489829,-0.9997919,0.018975444,0.99996704,0.007548172,0.0030049344,-0.003147539,0.01895231,0.99981546,-0.04309082,0.03590393,9.943115,0
5771.537861546,-0.05116283,-0.998523,0.018286718,0.9986829,-0.05108309,0.004801603,-0.003860368,0.018508293,0.99982125,0.00832594,-0.9997822,0.019138735,0.9999612,0.008379575,0.0027238824,-0.0028836636,0.019115312,0.99981314,-0.028717041,0.12689209,9.828186,0
5771.542256077,-0.0511393,-0.9985238,0.018303158,0.9986841,-0.05105978,0.004786428,-0.0038448072,0.01852385,0.99982107,0.00714837,-0.9997878,0.019319419,0.9999706,0.007200343,0.0026219785,-0.0027605284,0.01930011,0.9998099,0.0,0.22744751,9.809036,0
5771.546681126,-0.051191866,-0.9985218,0.018266425,0.99868107,-0.051110554,0.004891452,-0.003950614,0.018492734,0.99982125,0.0060262154,-0.9997952,0.019318376,0.999978,0.006078579,0.0026530053,-0.0027698902,0.019301962,0.99980986,-0.05265808,0.29447937,9.995789,0
5771.551106174,0.0012768888,-0.99983037,0.018376794,0.99999076,0.0013523503,0.0040945085,-0.004118665,0.018371394,0.99982274,0.0048745256,-0.99980336,0.019221036,0.99998397,0.0049292846,0.0028025657,-0.0028967604,0.019207064,0.99981135,-0.07661438,0.25138855,9.828186,0
5771.555531223,9.391402E-4,-0.9998349,0.018146928,0.9999904,0.0010170504,0.004284537,-0.0043022856,0.01814273,0.99982625,0.0048478623,-0.9998062,0.019078016,0.99998355,0.004905461,0.0029734627,-0.0030664732,0.019063286,0.99981356,-0.05744934,0.10293579,9.9048,0
5771.559956272,6.90945E-4,-0.9998382,0.017978009,0.9999897,7.717257E-4,0.0044867564,-0.0044999043,0.017974721,0.99982834,0.004756171,-0.9998111,0.01884376,0.9999833,0.0048171654,0.0031927896,-0.0032829603,0.01882826,0.9998174,-0.028717041,0.26574707,9.8138275,0
5771.564381321,-0.012906561,-0.9997587,0.017775524,0.9999061,-0.012822473,0.00483637,-0.0046072765,0.017836275,0.9998303,0.0046535376,-0.99981517,0.018652402,0.999983,0.0047181384,0.0034208917,-0.003508264,0.018636165,0.9998202,-0.11012268,0.06463623,9.651016,0
5771.568775852,-0.013038677,-0.9997586,0.017683271,0.9999038,-0.012953107,0.0049448907,-0.004714644,0.017746046,0.9998313,0.0042790184,-0.9998189,0.018543746,0.9999844,0.0043450906,0.0035242094,-0.0036041453,0.018528378,0.99982184,-0.22026062,0.11730957,9.9526825,0
5771.573200901,-0.0130622545,-0.9997586,0.017666807,0.9999032,-0.012975686,0.0050057746,-0.0047753276,0.017730486,0.9998313,0.0038381703,-0.9998222,0.01846319,0.9999858,0.0039054125,0.0036072694,-0.0036787344,0.018449085,0.99982303,-0.20588684,0.10772705,9.923965,0
5771.57762595,0.024446774,-0.99954116,0.017885726,0.99969006,0.024526967,0.0042779227,-0.004714642,0.0177756,0.9998309,0.0034960404,-0.9998232,0.018473888,0.99998707,0.0035634607,0.0036178348,-0.0036830264,0.018461002,0.9998228,-0.08139038,0.11251831,9.837769,0
5771.582050999,0.02442335,-0.999542,0.017870076,0.99969065,0.024503479,0.0042787245,-0.0047146436,0.017760048,0.9998312,0.003911267,-0.9998203,0.018550182,0.9999857,0.0039779916,0.0035614194,-0.003634572,0.018535988,0.9998216,-0.02394104,0.14125061,9.876068,0
5771.586476048,0.024582146,-0.9995362,0.01797618,0.9996871,0.024661338,0.0041970224,-0.0046383925,0.01786738,0.9998296,0.004283328,-0.999819,0.018535916,0.9999844,0.0043490245,0.0035054174,-0.003585396,0.018520612,0.999822,-0.11491394,0.12210083,9.732422,0
5771.590901096,0.031356025,-0.9993464,0.017987685,0.9994976,0.031433567,0.004044501,-0.004607275,0.01785183,0.99983,0.004671434,-0.9998151,0.018651957,0.99998295,0.004736016,0.0034198305,-0.003507534,0.018635662,0.9998202,0.03829956,0.13166809,9.914383,0
5771.595295628,0.031334125,-0.9993473,0.017972536,0.9994983,0.031411894,0.004060935,-0.004622836,0.017836275,0.9998303,0.0051846025,-0.99981254,0.018655373,0.99998057,0.005248282,0.0033661232,-0.0034634008,0.018637558,0.9998203,-0.10533142,0.15083313,9.995789,0
5771.599720676,0.03135744,-0.99934626,0.017988665,0.9994974,0.031435546,0.0040755738,-0.004638394,0.017851826,0.9998299,0.005707872,-0.99981016,0.018628083,0.99997765,0.0057716346,0.0033709353,-0.00347781,0.018608427,0.9998208,-0.05744934,0.22744751,9.885651,0
5771.604145725,0.0589942,-0.998094,0.018109135,0.99824756,0.059067868,0.00355995,-0.0046228333,0.017867384,0.9998297,0.00623441,-0.9998073,0.018615257,0.9999742,0.006299752,0.0034535443,-0.0035701501,0.018593246,0.99982077,-0.02394104,0.20350647,9.871292,0
5771.608570774,0.058919344,-0.9980994,0.018055456,0.9982514,0.058994997,0.0036860257,-0.0047442024,0.017806709,0.9998302,0.007297729,-0.9998016,0.018535031,0.9999667,0.007364212,0.0035211616,-0.003656959,0.018508716,0.999822,-0.12927246,0.17477417,9.679749,0
5771.612995823,0.058798496,-0.99810815,0.017968794,0.99825805,0.058875475,0.0037852514,-0.004836011,0.017714925,0.9998313,0.0083387345,-0.9997949,0.018456765,0.9999581,0.008406976,0.0036228755,-0.0037772984,0.018425783,0.9998231,-0.08139038,0.12689209,9.9479065,0
5771.617390354,1.5673008E-5,-0.99984336,0.017699653,0.99998844,1.0099073E-4,0.0048194206,-0.0048204535,0.017699374,0.9998318,0.009325249,-0.9997875,0.0183815,0.999949,0.00939479,0.0037004745,-0.0038723787,0.018346056,0.99982417,-0.028717041,0.14125061,9.751572,0
5771.621815403,-7.471858E-6,-0.99984366,0.017683987,0.99998826,7.8324556E-5,0.0048509473,-0.0048515736,0.017683815,0.99983186,0.009119103,-0.9997893,0.018387869,0.99995077,0.009189315,0.0037375372,-0.003905722,0.018352881,0.9998239,-0.10533142,0.13166809,9.765945,0
5771.626240452,3.882021E-5,-0.99984306,0.017715324,0.99998814,1.2503646E-4,0.0048656794,-0.004867131,0.017714925,0.99983126,0.008908989,-0.9997919,0.018348347,0.9999523,0.008980629,0.0038257665,-0.0039897505,0.018313391,0.9998243,-0.08618164,0.25138855,9.880859,0
5771.630665501,0.031880353,-0.99933285,0.017817128,0.99947965,0.03196224,0.0043301107,-0.0048966976,0.017669812,0.99983186,0.008762904,-0.999793,0.018361747,0.99995375,0.00883415,0.0038026024,-0.0039640255,0.018327575,0.99982417,-0.13406372,0.08378601,9.885651,0
5771.635090549,0.03199088,-0.99932796,0.017891347,0.9994765,0.032071713,0.0042494982,-0.0048204493,0.017746037,0.9998309,0.009235786,-0.99978906,0.018345265,0.9999495,0.0093066,0.003778426,-0.003948361,0.018309444,0.9998246,-0.06703186,0.20350647,9.933533,0
5771.639515598,0.03203515,-0.9993261,0.017921079,0.9994752,0.0321161,0.004247755,-0.004820447,0.017775591,0.99983037,0.009670425,-0.999784,0.018396428,0.9999457,0.009740301,0.0037125794,-0.0038909642,0.018359527,0.99982387,-0.07661438,0.24659729,9.804245,0
5771.64391013,0.016197694,-0.9997099,0.01782299,0.9998568,0.016281975,0.004593826,-0.0048826872,0.017746033,0.9998306,0.010117912,-0.9997803,0.018357009,0.9999412,0.010187723,0.003713477,-0.0038996772,0.018318359,0.9998246,-0.19152832,0.07421875,9.809036,0
5771.648335178,0.01621788,-0.99970937,0.017837081,0.9998566,0.016302222,0.0045932373,-0.0048826863,0.017760033,0.99983037,0.010252343,-0.9997792,0.018342009,0.9999397,0.01032276,0.0037485608,-0.0039370735,0.01830247,0.99982476,-0.0622406,0.21786499,9.962265,0
5771.652760227,0.016218934,-0.9997093,0.01783782,0.9998563,0.016304081,0.0046383273,-0.0049278084,0.017760027,0.9998301,0.0103917485,-0.9997787,0.018292187,0.9999383,0.010461856,0.003741112,-0.003931654,0.01825218,0.99982566,-0.15800476,0.20350647,9.86171,0
5771.657185276,0.016177045,-0.99971056,0.017808577,0.9998568,0.016262615,0.0046706684,-0.00495893,0.01773047,0.9998305,0.0105295265,-0.9997781,0.018243998,0.99993664,0.010600356,0.0037900263,-0.0039825784,0.018202934,0.9998264,-0.12927246,0.06463623,9.66539,0
5771.661610325,0.016132185,-0.99971193,0.017777264,0.99985766,0.016217615,0.0046719746,-0.0049589328,0.01769936,0.999831,0.010663309,-0.99977726,0.018213972,0.9999349,0.010735397,0.0038646446,-0.004059318,0.018171575,0.99982667,-0.04788208,0.11730957,9.9526825,0
5771.666004856,0.0161108,-0.9997124,0.017762335,0.9998578,0.016196964,0.0047177174,-0.005004057,0.017683804,0.9998312,0.010801062,-0.99977547,0.018230401,0.9999331,0.010874598,0.0039394614,-0.0041368245,0.01818663,0.999826,-0.15322876,0.10772705,9.818619,0
5771.670429905,0.015586998,-0.9997206,0.017775416,0.9998661,0.015673311,0.004726778,-0.005004056,0.017699359,0.9998309,0.010880669,-0.99977535,0.018190494,0.9999321,0.010954578,0.003968421,-0.0041667987,0.01814608,0.99982667,-0.05265808,0.24180603,9.70369,0
5771.674854954,0.015586998,-0.9997206,0.017775416,0.9998661,0.015673311,0.004726778,-0.005004056,0.017699359,0.9998309,0.010955613,-0.99977446,0.018191617,0.9999314,0.011029186,0.0039489386,-0.004148687,0.018147105,0.9998267,-0.06703186,0.16519165,9.804245,0
5771.679280003,0.015565145,-0.99972117,0.017760003,0.9998663,0.015651664,0.0047429656,-0.0050196163,0.0176838,0.999831,0.011052463,-0.9997728,0.018227033,0.9999302,0.011126551,0.003968297,-0.0041702,0.018181903,0.999826,-0.07661438,0.11730957,9.971848,0
5771.683705051,0.016912512,-0.9996983,0.017812772,0.9998445,0.016998779,0.0047026766,-0.005004053,0.017730467,0.9998303,0.011162823,-0.9997719,0.01820747,0.999929,0.01123668,0.003959165,-0.0041628536,0.018161982,0.99982643,-0.009567261,0.3088379,9.785095,0
5771.6881301,0.016937803,-0.9996975,0.01782947,0.99984366,0.01702522,0.0047626225,-0.0050647333,0.017746016,0.9998297,0.011277942,-0.99977064,0.018208167,0.9999277,0.011351928,0.00396511,-0.0041708983,0.018162131,0.9998264,-0.22505188,0.20350647,9.938324,0
5771.692524632,0.016983692,-0.9996962,0.017859768,0.9998427,0.017071798,0.004792406,-0.0050958493,0.017775567,0.999829,0.011399818,-0.999769,0.018222332,0.99992627,0.011474088,0.0039763777,-0.004184544,0.018175658,0.9998261,-0.13406372,0.24659729,9.74678,0
5771.69694968,0.047510203,-0.9987089,0.017982258,0.9988578,0.047593728,0.00424549,-0.005095851,0.017760012,0.9998293,0.011491951,-0.99976844,0.018190322,0.9999252,0.011566221,0.003983063,-0.004192535,0.018143188,0.9998266,-0.06703186,0.20828247,9.799454,0
5771.701374729,0.047533587,-0.9987075,0.017997894,0.9988566,0.04761717,0.0042443266,-0.0050958493,0.017775567,0.999829,0.011491951,-0.99976844,0.018190322,0.9999252,0.011566221,0.003983063,-0.004192535,0.018143188,0.9998266,-0.06703186,0.20828247,9.799454,0
5771.705799778,0.04755921,-0.99870604,0.01801502,0.99885535,0.04764342,0.004274201,-0.005126967,0.01779112,0.9998286,0.012841482,-0.9997521,0.018186744,0.99990845,0.012916898,0.0040353914,-0.004269307,0.018133258,0.99982643,-0.0909729,0.16519165,9.962265,0
5771.710224827,0.047560208,-0.9987059,0.01801569,0.99885523,0.04764467,0.0042881686,-0.005140971,0.01779112,0.9998286,0.012841482,-0.9997521,0.018186744,0.99990845,0.012916898,0.0040353914,-0.004269307,0.018133258,0.99982643,-0.0909729,0.16519165,9.962265,0
5771.714649876,0.009151452,-0.999799,0.017837789,0.9999448,0.009241863,0.0049926788,-0.00515653,0.017791117,0.9998284,0.01422347,-0.99973416,0.01814426,0.99988943,0.014299859,0.0040873513,-0.0043457253,0.018084114,0.999827,-0.09576416,0.18913269,9.828186,0
5771.719044407,0.009083231,-0.9998005,0.017792625,0.9999453,0.009173979,0.005025427,-0.0051876525,0.017746003,0.999829,0.014121968,-0.9997354,0.01815577,0.99989074,0.014198794,0.0041095656,-0.0043662684,0.018095752,0.9998267,-0.11491394,0.05984497,9.775513,0
5771.723469456,5.819683E-4,-0.9998426,0.017733688,0.9999865,6.733135E-4,0.0051454054,-0.0051565357,0.017730454,0.99982953,0.013994592,-0.9997366,0.018188154,0.9998924,0.014072101,0.0041404716,-0.0043953266,0.018128254,0.999826,0.01914978,0.13166809,9.674957,0
5771.727894505,5.143353E-4,-0.9998435,0.017686697,0.99998635,6.062757E-4,0.0051933085,-0.005203218,0.017683784,0.9998301,0.01369174,-0.9997404,0.018208921,0.9998965,0.01376974,0.004165142,-0.0044147926,0.01815001,0.9998255,-0.17237854,0.06463623,9.900009,0
5771.732319553,5.3691503E-4,-0.9998431,0.017702386,0.99998605,6.294562E-4,0.005222455,-0.0052327793,0.017699335,0.9998296,0.013397605,-0.9997444,0.018207433,0.99990046,0.013475846,0.0041813226,-0.0044256146,0.0181496,0.9998255,-0.11491394,0.20828247,9.971848,0
5771.736744602,-0.02835162,-0.99944454,0.017513702,0.99958414,-0.028254611,0.005761944,-0.0052639013,0.017669778,0.99983,0.013170087,-0.9997487,0.018138327,0.9999035,0.013248111,0.004188231,-0.0044274773,0.018081415,0.9998267,-0.13885498,0.08378601,9.832977,0
5771.741139133,-0.028375216,-0.99944425,0.017496295,0.99958324,-0.028277231,0.0058225673,-0.0053245844,0.01765422,0.99983,0.012326633,-0.99976,0.01811366,0.9999142,0.012404917,0.004215892,-0.0044395784,0.018060135,0.9998271,-0.2106781,0.12210083,9.880859,0
5771.745564182,-0.028335454,-0.9994448,0.017525628,0.9995843,-0.028237034,0.005838254,-0.0053401412,0.017683772,0.9998295,0.011478736,-0.99976915,0.018161023,0.99992436,0.011557051,0.0042132405,-0.004422156,0.018111287,0.9998262,-0.07661438,0.25616455,9.84256,0
5771.749989231,-0.031037124,-0.9993645,0.017524848,0.9995038,-0.030937959,0.0059016314,-0.005355699,0.017699324,0.999829,0.010725138,-0.9997776,0.018154355,0.99993235,0.010805011,0.004307312,-0.004502512,0.018106932,0.9998259,-0.09576416,0.21786499,9.9048,0
5771.75441428,-0.031037753,-0.9993646,0.017524412,0.99950385,-0.030938342,0.0059156376,-0.0053697024,0.017699324,0.99982893,0.009876073,-0.99978644,0.018151896,0.9999409,0.009957022,0.0043745236,-0.004554328,0.01810762,0.99982566,-0.0909729,0.18434143,9.837769,0
5771.758839329,-0.031060172,-0.9993642,0.01750873,0.9995032,-0.03096085,0.0059155505,-0.0053697038,0.017683769,0.99982923,0.008998324,-0.9997953,0.018120814,0.99994904,0.00907983,0.004420681,-0.00458431,0.018080112,0.9998261,-0.04788208,0.14125061,9.9048,0
5771.763264378,-0.007533728,-0.99981564,0.017658629,0.9999572,-0.0074376175,0.0055020545,-0.0053697024,0.017699324,0.99982893,0.008228074,-0.99980366,0.018026141,0.99995565,0.008309191,0.0044297096,-0.0045786225,0.017988892,0.9998277,-0.06703186,0.21307373,9.9479065,0
5771.767658909,-0.0075101047,-0.9998155,0.017673844,0.999957,-0.007412812,0.0055639767,-0.0054319385,0.017714873,0.99982834,0.007908361,-0.99980617,0.01802872,0.9999583,0.007989296,0.004421616,-0.004564796,0.017993001,0.9998277,-0.2106781,0.19871521,9.646225,0
5771.772083958,-0.007558822,-0.99981576,0.017642464,0.99995667,-0.007461696,0.005564609,-0.0054319412,0.017683761,0.9998289,0.0076218764,-0.9998088,0.018008787,0.9999605,0.007703013,0.004440271,-0.004578144,0.017974231,0.999828,-0.0909729,0.18913269,9.823395,0
5771.776509007,-0.0075346273,-0.99981564,0.017658047,0.9999568,-0.007437171,0.0055782977,-0.0054459437,0.017699316,0.9998286,0.0076218764,-0.9998088,0.018008787,0.9999605,0.007703013,0.004440271,-0.004578144,0.017974231,0.999828,-0.0909729,0.18913269,9.823395,0
5771.780934055,0.042038705,-0.9989551,0.01792969,0.9991009,0.042129677,0.0047266274,-0.0054770606,0.017714867,0.99982804,0.0069660204,-0.9998152,0.017913876,0.99996525,0.007046901,0.004455801,-0.0045812153,0.017882215,0.9998296,-0.12449646,0.22744751,9.770737,0
5771.785359104,0.042038705,-0.9989551,0.01792969,0.9991009,0.042129677,0.0047266274,-0.0054770606,0.017714867,0.99982804,0.007637361,-0.9998107,0.017896222,0.99996036,0.0077180457,0.004443743,-0.004581026,0.017861575,0.99983,-0.0622406,0.15083313,9.900009,0
5771.789784153,0.031457312,-0.9993451,0.017879127,0.99948996,0.031550102,0.004931761,-0.0054926197,0.017714866,0.999828,0.0082956515,-0.9998057,0.017881958,0.99995494,0.008376911,0.0044741137,-0.00462304,0.017844034,0.9998301,-0.08139038,0.20350647,9.990997,0
5771.794178684,0.03150377,-0.9993431,0.017910939,0.9994885,0.03159699,0.0049454933,-0.0055081765,0.017745975,0.9998274,0.008768187,-0.9998025,0.017837662,0.9999509,0.008849014,0.0044573466,-0.0046143117,0.017797703,0.99983096,-0.11012268,0.22744751,9.770737,0
5771.798603733,0.031504497,-0.99934316,0.017911434,0.9994884,0.03159799,0.004961029,-0.0055237357,0.017745974,0.99982727,0.009217467,-0.99979824,0.017844072,0.9999466,0.009299176,0.004501501,-0.004666528,0.017801628,0.9998306,-0.10055542,0.17955017,9.727631,0
5771.803028782,0.02299109,-0.99957657,0.01783811,0.99972034,0.023086188,0.0051436657,-0.0055533014,0.017714862,0.9998277,0.009645763,-0.9997941,0.01784948,0.99994254,0.009727646,0.0045062643,-0.00467897,0.017804988,0.9998305,-0.12927246,0.10772705,9.832977,0
5771.807453831,0.02301512,-0.9995756,0.01785518,0.9997193,0.023111377,0.005203532,-0.0056139817,0.017730411,0.9998271,0.00990276,-0.99979126,0.017868783,0.9999399,0.009985082,0.0045236717,-0.004701149,0.017822914,0.9998301,-0.20588684,0.19392395,9.938324,0
5771.81187888,0.022994082,-0.99957645,0.017840235,0.99971974,0.023090819,0.005235374,-0.005645102,0.017714852,0.9998272,0.010191517,-0.9997883,0.01787261,0.99993694,0.010273984,0.0045284303,-0.0047110943,0.01782533,0.99983,-0.12449646,0.15083313,9.895233,0
5771.816273411,-0.014884477,-0.99973434,0.017598052,0.9998733,-0.014782568,0.005906818,-0.0056451047,0.01768374,0.9998277,0.010446701,-0.99978584,0.017863521,0.99993396,0.010530351,0.004595074,-0.004782199,0.01781434,0.9998299,-0.06703186,0.09336853,9.9526825,0
5771.82069846,-0.014842958,-0.99973446,0.017629173,0.9998739,-0.014740598,0.0059220986,-0.005660661,0.01771485,0.9998271,0.009935219,-0.99979234,0.017794767,0.99993914,0.010018944,0.004622044,-0.004799369,0.017747764,0.999831,-0.08618164,0.24180603,9.871292,0
5771.825123508,-0.014864463,-0.9997344,0.017613053,0.9998734,-0.014761672,0.005951804,-0.0056902254,0.017699292,0.9998272,0.009452639,-0.9997968,0.01780517,0.99994373,0.009536958,0.0046566837,-0.004825544,0.01776015,0.99983066,-0.14364624,0.16519165,10.101135,0
5771.829548557,0.053981572,-0.99838006,0.01798014,0.99852586,0.054074306,0.0047115907,-0.0056762216,0.017699294,0.99982727,0.008975067,-0.9998008,0.017826993,0.99994767,0.009060928,0.004741406,-0.0049019903,0.017783506,0.9998298,-0.0143585205,0.17955017,9.876068,0
5771.833973606,0.05400653,-0.9983784,0.017997386,0.9985243,0.054099865,0.0047398126,-0.0057057827,0.017714845,0.9998268,0.00989312,-0.9997916,0.017856,0.99993896,0.009979244,0.0047405846,-0.004917786,0.01780801,0.99982935,-0.1484375,0.17955017,9.828186,0
5771.838398655,0.054048248,-0.99837565,0.01802621,0.99852234,0.05414091,0.004692325,-0.005660658,0.01774596,0.9998265,0.010741361,-0.99978334,0.017828995,0.99993014,0.010827483,0.004740916,-0.004932932,0.017776826,0.9998298,-0.10055542,0.23222351,9.981415,0
5771.842793186,0.054093577,-0.99837255,0.018057533,0.99851966,0.054186907,0.0047194157,-0.0056902175,0.017775511,0.99982584,0.010741361,-0.99978334,0.017828995,0.99993014,0.010827483,0.004740916,-0.004932932,0.017776826,0.9998298,-0.10055542,0.23222351,9.981415,0
5771.847218235,0.07490574,-0.9970249,0.018183053,0.9971745,0.07499612,0.004339467,-0.005690214,0.017806621,0.9998253,0.012457649,-0.99976397,0.017799044,0.99990976,0.012545028,0.004805981,-0.0050281365,0.017737567,0.99983007,-0.0909729,0.24659729,9.775513,0
5771.851643284,0.07490408,-0.9970249,0.018181995,0.99717456,0.0749942,0.004325535,-0.005676211,0.017806623,0.99982536,0.013703362,-0.99974716,0.017825948,0.99989355,0.013790454,0.0047719777,-0.0050165993,0.017758658,0.9998297,0.004776001,0.18434143,9.986206,0
5771.856068333,-0.0057653347,-0.9998254,0.017773895,0.99996734,-0.0056634396,0.005777881,-0.005676211,0.017806623,0.99982536,0.014967977,-0.9997282,0.017872384,0.9998753,0.015055399,0.0047670384,-0.005034819,0.017798802,0.9998289,-0.07661438,0.16519165,9.828186,0
5771.860493382,-0.005851639,-0.999826,0.017712913,0.99996704,-0.0057506333,0.0057479595,-0.0056450986,0.01774596,0.9998266,0.014548765,-0.99973357,0.017919699,0.9998815,0.014636361,0.004766796,-0.005027805,0.017848225,0.9998281,0.04788208,0.03590393,9.765945,0
5771.864887913,-0.0058737015,-0.99982613,0.017697321,0.9999669,-0.005773057,0.005732705,-0.0056295404,0.017730407,0.99982697,0.014148766,-0.9997403,0.017863896,0.99988705,0.014237009,0.004822221,-0.0050752973,0.01779365,0.9998288,-0.009567261,0.12689209,9.895233,0
5771.869312962,-0.005851769,-0.999826,0.017712822,0.9999669,-0.0057504876,0.005763518,-0.005660658,0.01774596,0.9998265,0.013718655,-0.99974614,0.017870864,0.9998929,0.0138073675,0.0048501436,-0.005095662,0.017802412,0.9998285,-0.14364624,0.22265625,9.957474,0
5771.873707493,-0.005832038,-0.9998259,0.017726762,0.9999669,-0.0057301545,0.005792805,-0.0056902193,0.017759956,0.99982613,0.013331176,-0.99975157,0.017863888,0.999898,0.013420513,0.004890398,-0.005128925,0.017796872,0.99982846,-0.13885498,0.20828247,9.895233,0
5771.878102024,-0.0058743404,-0.99982613,0.017696869,0.99996644,-0.0057723466,0.005808944,-0.0057057813,0.0177304,0.9998265,0.013018662,-0.9997547,0.017913513,0.9999022,0.013107891,0.0048727314,-0.0051063453,0.017848326,0.9998276,-0.12449646,0.11730957,10.034088,0
5771.882496555,-0.012730144,-0.99976337,0.017640676,0.99990255,-0.012626734,0.0059610563,-0.0057369014,0.017714841,0.9998266,0.012631179,-0.99976,0.017899467,0.99990714,0.01272044,0.0048817634,-0.005108281,0.017836142,0.99982786,-0.12927246,0.10772705,9.818619,0
5771.886891087,-0.012774078,-0.99976337,0.01760911,0.9999019,-0.012670573,0.005976996,-0.005752464,0.017683731,0.9998271,0.012098033,-0.9997667,0.017894555,0.9999138,0.012187343,0.0048902696,-0.005107216,0.01783385,0.9998279,-0.08618164,0.09815979,9.832977,0
5771.891285618,-0.012792888,-0.99976337,0.017595595,0.9999019,-0.012690285,0.005930484,-0.005705787,0.017669735,0.99982756,0.01159512,-0.9997741,0.017810827,0.99991953,0.011684769,0.004937654,-0.0051446543,0.01775214,0.9998292,0.05265808,0.13645935,9.6558075,0
5771.895680149,-0.028889418,-0.9994294,0.017496934,0.99956614,-0.028784055,0.0062441006,-0.005736906,0.017669734,0.99982744,0.011093678,-0.9997802,0.01778975,0.999925,0.011183968,0.004983991,-0.005181856,0.017733127,0.99982935,-0.11491394,0.16040039,9.737213,0
5771.90007468,-0.02884591,-0.9994301,0.017526748,0.99956733,-0.028740367,0.0062441854,-0.005736903,0.017699286,0.9998269,0.010267537,-0.99978924,0.017780306,0.9999338,0.010358265,0.005018093,-0.0052012084,0.017727606,0.99982935,-0.0622406,0.27053833,9.818619,0
5771.904469212,-0.02884591,-0.9994301,0.017526748,0.99956733,-0.028740367,0.0062441854,-0.005736903,0.017699286,0.9998269,0.009514283,-0.9997976,0.017726976,0.99994105,0.009605503,0.005067815,-0.0052370657,0.017677713,0.99983,-0.05744934,0.17477417,9.74678,0
5771.908863743,2.755426E-4,-0.99984324,0.01770116,0.99998343,3.7704475E-4,0.0057311268,-0.005736903,0.017699286,0.9998269,0.008736981,-0.99980396,0.017767983,0.9999477,0.008829956,0.0051610125,-0.005316891,0.01772196,0.9998288,-0.07661438,0.17477417,9.837769,0
5771.913258274,3.2023585E-4,-0.99984276,0.01773253,0.99998343,4.2218587E-4,0.005745877,-0.005752459,0.017730394,0.99982625,0.008519899,-0.99980605,0.017757796,0.9999497,0.008612681,0.0051549366,-0.005306879,0.017712982,0.99982905,-0.08139038,0.22744751,9.928741,0
5771.917652805,2.9788463E-4,-0.99984306,0.017716844,0.99998355,3.9947277E-4,0.0057307244,-0.0057369014,0.017714841,0.9998266,0.008321267,-0.99980795,0.017742671,0.99995124,0.008414238,0.0051717493,-0.005320047,0.017698769,0.99982923,0.0,0.14604187,9.8138275,0
5771.922047337,0.023956802,-0.9995537,0.01784784,0.9996964,0.024055313,0.005325502,-0.0057524606,0.01771484,0.9998265,0.008156341,-0.9998089,0.017764077,0.99995255,0.008249519,0.005178361,-0.0053239167,0.017720997,0.99982876,-0.11491394,0.17477417,9.789886,0
5771.926441868,0.024002705,-0.99955195,0.017879184,0.9996953,0.024101378,0.0053239297,-0.005752458,0.017745951,0.999826,0.00849665,-0.99980575,0.017785514,0.99994963,0.008590389,0.0052008335,-0.0053526075,0.017740425,0.99982834,-0.07182312,0.23701477,9.765945,0
5771.930836399,0.023934893,-0.9995545,0.017832883,0.9996968,0.024033854,0.0053558187,-0.005782025,0.017699283,0.9998266,0.00881121,-0.99980366,0.01774791,0.9999469,0.008904688,0.005194882,-0.0053519015,0.017701194,0.999829,-0.11012268,0.08857727,9.971848,0
5771.93523093,-0.0063438304,-0.9998241,0.017646993,0.99996316,-0.006240697,0.005893192,-0.0057820263,0.017683728,0.9998269,0.009087061,-0.99980104,0.017758498,0.99994427,0.009181079,0.0052199215,-0.0053819246,0.017710075,0.9998287,-0.07182312,0.11251831,9.895233,0
5771.939625462,-0.006363269,-0.9998243,0.017632777,0.999963,-0.006259941,0.0059090056,-0.0057975873,0.017669728,0.9998271,0.008773626,-0.99980307,0.01780069,0.999947,0.008867971,0.005228074,-0.0053849,0.017753879,0.9998279,-0.11491394,0.12689209,9.919174,0
5771.944019993,-0.0063225166,-0.9998239,0.017662572,0.9999632,-0.00621902,0.005908468,-0.0057975845,0.017699283,0.9998266,0.008475348,-0.9998059,0.017784314,0.99994963,0.00856965,0.005233061,-0.005384451,0.017739065,0.99982816,-0.05265808,0.27053833,9.880859,0
5771.948414524,0.037535585,-0.9991343,0.017936362,0.9992784,0.03763332,0.0051425872,-0.0058131404,0.01773039,0.99982595,0.008139192,-0.9998072,0.017871032,0.9999521,0.008234844,0.0052852323,-0.0054313783,0.017827159,0.9998263,-0.07182312,0.23222351,9.722839,0
5771.952809055,0.037535585,-0.9991343,0.017936362,0.9992784,0.03763332,0.0051425872,-0.0058131404,0.01773039,0.99982595,0.008753842,-0.9998019,0.017876504,0.99994695,0.008849246,0.005264772,-0.0054219225,0.01782947,0.9998263,-0.06703186,0.18434143,9.962265,0
5771.957203587,0.037514728,-0.9991354,0.017921295,0.99927914,0.03761266,0.0051590945,-0.0058287014,0.017714834,0.99982613,0.009352284,-0.9997967,0.017864149,0.9999417,0.009446964,0.005222993,-0.0053906934,0.017814262,0.9998268,-0.0909729,0.12689209,9.837769,0
5771.961598118,-0.036025632,-0.9991978,0.017493682,0.9993339,-0.035917405,0.0064622136,-0.0058287014,0.017714834,0.99982613,0.009905692,-0.9997904,0.017919417,0.99993634,0.010000806,0.005226032,-0.0054041445,0.017866509,0.9998258,-0.0622406,0.17477417,9.885651,0
5771.965992649,-0.03607291,-0.9991966,0.017462283,0.99933213,-0.035964873,0.006461925,-0.005828704,0.017683722,0.9998266,0.008964569,-0.9998002,0.017863752,0.99994504,0.009060089,0.005273336,-0.0054341294,0.017815497,0.9998265,-0.05744934,0.12210083,9.876068,0
5771.97038718,-0.03604927,-0.9991971,0.017477984,0.999333,-0.035941135,0.006462069,-0.0058287033,0.017699279,0.99982643,0.008067751,-0.99980783,0.017865306,0.99995255,0.008163809,0.005310376,-0.0054552043,0.017821617,0.99982625,-0.06703186,0.21307373,9.789886,0
5771.974781712,-0.0066196714,-0.99982154,0.017691629,0.999961,-0.0065151504,0.00595903,-0.005842703,0.017730385,0.9998257,0.007174557,-0.9998142,0.017888099,0.9999591,0.0072718114,0.005377722,-0.005506802,0.017848784,0.99982554,-0.11012268,0.22744751,9.909592,0
5771.979176243,-0.006619957,-0.9998216,0.017691422,0.99996096,-0.0065148864,0.0059901485,-0.0058738217,0.017730383,0.9998256,0.0068983766,-0.99981624,0.017884381,0.99996096,0.0069960128,0.0054025,-0.005526627,0.017846415,0.9998255,-0.13406372,0.19871521,9.933533,0
5771.983570774,-0.006619957,-0.9998216,0.017691422,0.99996096,-0.0065148864,0.0059901485,-0.0058738217,0.017730383,0.9998256,0.0066580074,-0.9998184,0.017855901,0.9999627,0.006755138,0.005384896,-0.0055045374,0.017819382,0.9998261,-0.05744934,0.17477417,9.785095,0
5771.987965305,0.0072711436,-0.9998156,0.017772922,0.99995637,0.007374271,0.0057438184,-0.0058738217,0.017730383,0.9998256,0.0063786097,-0.99982005,0.017866068,0.9999643,0.006476595,0.0054319464,-0.00554668,0.017830782,0.99982566,-0.06703186,0.15083313,9.785095,0
5771.992359837,0.007271452,-0.99981564,0.017773153,0.9999562,0.0073751314,0.0057749255,-0.00590494,0.01773038,0.99982536,0.006349071,-0.9998204,0.017855141,0.99996465,0.0064463224,0.005394399,-0.0055085304,0.017820261,0.999826,-0.12449646,0.16998291,9.837769,0
5771.996754368,0.0072505563,-0.99981606,0.017757691,0.99995613,0.0073546735,0.00580497,-0.005934504,0.01771482,0.9998254,0.006391615,-0.9998192,0.017907862,0.99996424,0.0064898194,0.0054311506,-0.0055463873,0.017872507,0.9998249,-0.13885498,0.14604187,9.890442,0
5772.001148899,0.032046616,-0.9993256,0.017928777,0.99946856,0.032148235,0.005408448,-0.005981179,0.017745927,0.9998247,0.0064180917,-0.99982,0.017856503,0.99996424,0.0065154512,0.0053994907,-0.0055148616,0.017821208,0.999826,-0.15800476,0.24659729,9.856918,0
5772.00554343,0.032024696,-0.9993265,0.017914059,0.99946904,0.032126762,0.005438885,-0.006010743,0.017730368,0.99982476,0.006930783,-0.99981636,0.017866576,0.9999608,0.007028195,0.0053952187,-0.0055197976,0.017828481,0.9998258,-0.1484375,0.13645935,9.852127,0
5772.009937962,0.032048035,-0.99932545,0.017929731,0.9994682,0.032150183,0.0054379646,-0.006010741,0.017745923,0.99982446,0.0074130734,-0.99981385,0.017813247,0.99995726,0.0075101955,0.0053915493,-0.0055243266,0.017772518,0.9998268,-0.0622406,0.24180603,9.990997,0
5772.014332493,-0.007137948,-0.9998183,0.017671784,0.9999565,-0.0070304787,0.0061361003,-0.0060107447,0.017714815,0.99982506,0.007958393,-0.999809,0.017846078,0.999953,0.008055709,0.0053878645,-0.0055305986,0.01780236,0.9998262,-0.07182312,0.09336853,9.967056,0
5772.018727024,-0.0071171434,-0.99981827,0.017687246,0.9999564,-0.007009031,0.0061669527,-0.006041861,0.017730365,0.9998245,0.0076621003,-0.999811,0.01786709,0.99995553,0.007759051,0.005363234,-0.005500852,0.017825201,0.99982595,-0.1197052,0.19871521,9.919174,0
5772.023121555,-0.0071382495,-0.9998184,0.01767156,0.9999563,-0.00703023,0.0061672186,-0.006041863,0.01771481,0.9998248,0.0073578246,-0.99981475,0.01778486,0.9999578,0.00745442,0.0053711566,-0.005502737,0.01774459,0.9998274,-0.05265808,0.13166809,9.852127,0
5772.027516087,0.06519006,-0.99770945,0.018056756,0.99785453,0.06528803,0.0048897336,-0.006057424,0.017699255,0.99982506,0.007089544,-0.9998168,0.017782876,0.99995965,0.007186606,0.0054002064,-0.005527015,0.017743872,0.9998273,-0.12927246,0.14125061,9.789886,0
5772.031910618,0.06516765,-0.99771124,0.01804214,0.99785584,0.06526582,0.0049066795,-0.006072984,0.017683696,0.9998251,0.00829709,-0.99980813,0.017743904,0.9999504,0.008393499,0.005365812,-0.005513716,0.017698502,0.99982816,-0.0909729,0.11730957,9.8138275,0
5772.036305149,0.06514605,-0.99771285,0.018028064,0.9978572,0.06524416,0.004907985,-0.006072986,0.017669698,0.9998254,0.009378981,-0.9997981,0.017771408,0.99994093,0.009474988,0.00532592,-0.005493229,0.017720405,0.9998279,-0.05744934,0.16998291,9.823395,0
5772.04069968,-0.0131404335,-0.99975926,0.017573357,0.9998954,-0.013031696,0.0062879534,-0.0060574287,0.017654145,0.99982584,0.010525061,-0.99978673,0.017766364,0.9999295,0.010620711,0.005298031,-0.005485593,0.017709352,0.9998281,-0.004776001,0.12210083,9.847351,0
5772.045094212,-0.013163468,-0.99975914,0.017557658,0.99989504,-0.013054825,0.006288157,-0.0060574305,0.01763859,0.99982613,0.010029414,-0.99979186,0.017767478,0.9999345,0.010125739,0.0053397287,-0.0055185263,0.017712759,0.99982786,-0.08139038,0.13166809,9.698898,0
5772.049488743,-0.013097234,-0.99975926,0.017602794,0.9998957,-0.012987796,0.00631713,-0.006086988,0.017683696,0.9998251,0.009547916,-0.9997975,0.017711218,0.9999391,0.00964436,0.005367983,-0.00553771,0.017658886,0.99982876,-0.12927246,0.26574707,9.837769,0
5772.053883274,0.043988533,-0.9988713,0.017921325,0.9990135,0.044090215,0.005318397,-0.006102549,0.017669694,0.9998253,0.009149485,-0.9998019,0.017679716,0.99994284,0.009245691,0.005367499,-0.0055298964,0.017629594,0.9998293,-0.11491394,0.16040039,9.9479065,0
5772.058277805,0.043988533,-0.9988713,0.017921325,0.9990135,0.044090215,0.005318397,-0.006102549,0.017669694,0.9998253,0.00985568,-0.99979514,0.01767972,0.9999362,0.009951507,0.0053403825,-0.0055152285,0.01762596,0.9998295,-0.04788208,0.16998291,10.014938,0
5772.062672337,0.043950234,-0.99887353,0.017892707,0.99901474,0.044052836,0.005381071,-0.006163233,0.017638577,0.9998254,0.010529409,-0.999788,0.017697653,0.9999292,0.01062573,0.005357402,-0.005544316,0.01763999,0.99982905,-0.24420166,0.07899475,9.895233,0
5772.067066868,-0.029855125,-0.9994019,0.017446142,0.9995351,-0.029741842,0.006717249,-0.0061943517,0.017638575,0.9998253,0.011154081,-0.99978083,0.017715866,0.99992245,0.011250249,0.0053380188,-0.005536157,0.017654952,0.9998288,-0.11012268,0.17955017,9.876068,0
5772.071461399,-0.029878749,-0.9994015,0.017430434,0.9995344,-0.029765567,0.0067172,-0.006194353,0.01762302,0.9998256,0.010333278,-0.9997896,0.017720386,0.99993104,0.0104303835,0.0053962283,-0.0055799237,0.017663404,0.99982846,-0.0909729,0.15083313,9.856918,0
5772.07585593,-0.029924346,-0.9994007,0.01740012,0.9995329,-0.029811084,0.006732667,-0.0062099155,0.017593464,0.99982595,0.009573532,-0.99979687,0.017734893,0.9999386,0.009670815,0.005407768,-0.005578181,0.017682033,0.9998281,-0.10055542,0.10293579,9.967056,0
5772.080250462,-0.029925691,-0.9994007,0.017399227,0.99953264,-0.029811913,0.0067622345,-0.0062394775,0.01759346,0.9998257,0.008835115,-0.9998039,0.0177206,0.99994504,0.008933536,0.005482609,-0.005639842,0.017671188,0.9998279,-0.11491394,0.14125061,9.856918,0
5772.084644993,-0.029972946,-0.99939984,0.017367812,0.99953127,-0.029859373,0.006762132,-0.0062394813,0.01756235,0.9998263,0.0080900695,-0.99981004,0.017732525,0.9999512,0.008189216,0.0055257054,-0.0056698713,0.017686957,0.9998275,-0.07661438,0.11730957,9.837769,0
5772.089039524,-0.0299716,-0.99939984,0.017368706,0.9995315,-0.02985854,0.0067325635,-0.0062099188,0.017562354,0.9998265,0.007290054,-0.99981725,0.017671475,0.9999575,0.007388405,0.0055066347,-0.005636192,0.01763058,0.99982864,0.03829956,0.16519165,9.880859,0
5772.093434055,0.01548531,-0.9997236,0.017687604,0.9998609,0.015592179,0.0059202034,-0.006194356,0.017593464,0.999826,0.0065484475,-0.99982196,0.017696971,0.9999624,0.006647888,0.0055660782,-0.005682735,0.017659858,0.9998279,-0.02394104,0.2609558,9.9048,0
5772.097828587,0.015464513,-0.9997242,0.017672861,0.9998609,0.015572365,0.00598148,-0.0062550385,0.017577903,0.99982595,0.0067718704,-0.99982107,0.017662182,0.99996096,0.006871012,0.0055585713,-0.0056789336,0.017623851,0.9998285,-0.22984314,0.11730957,9.876068,0
5772.102223118,0.015487675,-0.9997235,0.017689278,0.9998601,0.015596443,0.0060274904,-0.0063017146,0.017593453,0.99982536,0.006865993,-0.99982077,0.01764524,0.99995995,0.006966126,0.0056195823,-0.005741494,0.01760595,0.9998285,-0.17237854,0.21786499,9.856918,0
5772.106617649,0.039053008,-0.9990781,0.017826995,0.9992173,0.039158776,0.0056228186,-0.0063157184,0.017593453,0.99982536,0.007051371,-0.99982065,0.017576179,0.9999585,0.007151591,0.00564574,-0.005770425,0.01753564,0.9998296,-0.12927246,0.18913269,10.00058,0
5772.11101218,0.039055683,-0.9990779,0.017828833,0.9992168,0.039162282,0.0056694043,-0.0063623954,0.017593447,0.999825,0.007740868,-0.9998158,0.01756142,0.99995327,0.007841094,0.005645533,-0.0057821944,0.0175169,0.9998298,-0.1771698,0.15560913,9.871292,0
5772.115406712,0.0389881,-0.9990814,0.017782424,0.9992193,0.03909472,0.005687985,-0.0063779596,0.01754678,0.9998257,0.008323904,-0.99981153,0.017540118,0.99994874,0.008423565,0.005615674,-0.0057623656,0.017492473,0.99983037,-0.08139038,0.05505371,9.885651,0
5772.119801243,-0.022479473,-0.99959594,0.01739935,0.999727,-0.022364583,0.0067698252,-0.0063779596,0.01754678,0.9998257,0.0089507615,-0.9998064,0.01752278,0.9999434,0.009050131,0.005599849,-0.0057573477,0.017471664,0.9998308,-0.0909729,0.16519165,9.837769,0
5772.124195774,-0.022479473,-0.99959594,0.01739935,0.999727,-0.022364583,0.0067698252,-0.0063779596,0.01754678,0.9998257,0.008311505,-0.9998107,0.017590156,0.9999485,0.008412354,0.0056669894,-0.005813891,0.017542148,0.9998292,-0.04309082,0.18434143,10.00058,0
5772.128590305,-0.022502063,-0.99959564,0.017383995,0.9997266,-0.022387547,0.0067543187,-0.006362403,0.017531227,0.99982613,0.0077308463,-0.99981564,0.017573634,0.99995315,0.007831677,0.0056760325,-0.0058126175,0.017528933,0.9998294,-0.05265808,0.12210083,9.84256,0
5772.132984837,0.046946816,-0.9987384,0.017826445,0.9988773,0.04705206,0.005530609,-0.006362401,0.017546782,0.99982584,0.007071658,-0.99982053,0.01757537,0.9999579,0.0071730455,0.0057123643,-0.0058374084,0.017534234,0.99982923,-0.05744934,0.22265625,9.876068,0
5772.137379368,0.046992525,-0.9987356,0.017857771,0.998875,0.047097933,0.005528323,-0.006362397,0.017577892,0.9998253,0.007877456,-0.99981475,0.01756317,0.99995166,0.0079795895,0.005752751,-0.0058918325,0.017517002,0.99982923,-0.03829956,0.25616455,9.923965,0
5772.141773899,0.04699145,-0.99873567,0.017857034,0.99887514,0.047096577,0.005512803,-0.006346838,0.017577894,0.99982536,0.008629345,-0.9998086,0.017555898,0.9999453,0.008731541,0.0057528443,-0.0059050336,0.017505296,0.9998293,-0.04788208,0.16040039,9.713272,0
5772.14616843,-0.029513799,-0.9994127,0.017413298,0.99954444,-0.029398385,0.00684722,-0.0063312757,0.01760745,0.999825,0.009445605,-0.999801,0.017572,0.9999378,0.009548441,0.005777586,-0.005944221,0.017516334,0.99982893,-0.004776001,0.25138855,9.809036,0
5772.150562962,-0.029513799,-0.9994127,0.017413298,0.99954444,-0.029398385,0.00684722,-0.0063312757,0.01760745,0.999825,0.00868446,-0.99980783,0.017573468,0.99994475,0.0087869605,0.005763904,-0.0059172143,0.017522441,0.99982893,-0.06703186,0.19392395,9.837769,0
5772.154957493,-0.029492002,-0.9994131,0.017428538,0.99954486,-0.02937621,0.0068628453,-0.006346833,0.017623004,0.9998245,0.007925106,-0.9998137,0.01760135,0.9999511,0.008027736,0.0057677887,-0.0059080133,0.01755478,0.99982846,-0.0909729,0.18913269,9.804245,0
5772.159352024,0.030264677,-0.9993832,0.017807813,0.9995216,0.030372666,0.0058251135,-0.006362392,0.017623002,0.99982446,0.007220541,-0.99981886,0.017608512,0.9999563,0.007323933,0.0058142785,-0.0059421887,0.017565759,0.99982804,-0.10533142,0.20350647,10.038879,0
5772.163746555,0.030264677,-0.9993832,0.017807813,0.9995216,0.030372666,0.0058251135,-0.006362392,0.017623002,0.99982446,0.007685407,-0.9998145,0.017660797,0.9999526,0.007789711,0.0058447826,-0.005981271,0.017615039,0.99982697,-0.05744934,0.16519165,9.823395,0
5772.168141087,0.030265342,-0.9993832,0.017808288,0.99952155,0.030373609,0.005840651,-0.0063779512,0.017623,0.9998244,0.008162794,-0.9998105,0.017673012,0.9999491,0.0082661,0.0057802787,-0.0059252703,0.017624928,0.9998271,-0.11012268,0.15560913,9.923965,0
5772.172515305,0.023508968,-0.99956536,0.017783955,0.9997032,0.023618259,0.005960513,-0.0063779494,0.017638555,0.9998241,0.008555831,-0.99980724,0.017671661,0.99994546,0.008660131,0.0058339857,-0.0059859,0.017620785,0.9998268,-0.08618164,0.22744751,9.9479065,0
5772.176909836,0.023510512,-0.9995654,0.017785026,0.999703,0.023620604,0.0060055885,-0.006423071,0.01763855,0.9998238,0.008820011,-0.9998042,0.017713135,0.9999432,0.00892448,0.005827403,-0.0059843427,0.017660731,0.9998261,-0.18673706,0.15560913,9.871292,0
5772.181304367,0.023488944,-0.9995662,0.017770078,0.9997033,0.0235995,0.0060374457,-0.006454191,0.01762299,0.99982387,0.009053688,-0.9998028,0.017670788,0.9999407,0.009159043,0.0058903666,-0.006051053,0.01761641,0.9998265,-0.1197052,0.16519165,9.785095,0
5772.185698899,0.030796196,-0.999367,0.017815126,0.9995046,0.030906549,0.0059524775,-0.0064993124,0.017622987,0.9998236,0.0093908915,-0.9997993,0.017694375,0.99993765,0.009496098,0.0058711655,-0.0060380152,0.017638138,0.9998262,-0.1819458,0.16519165,9.9048,0
