Time,Rot1,Rot2,Rot3,Rot4,Rot5,Rot6,Rot7,Rot8,Rot9,FRot1,FRot2,FRot3,FRot4,FRot5,FRot6,FRot7,FRot8,FRot9,AccX,AccY,AccZ,Imid
6011.341531701,-0.91365904,0.3927074,-0.10491953,-0.40617284,-0.8920857,0.19800735,-0.015838265,0.22352666,0.9745692,-0.88951975,0.44165334,-0.11703356,-0.4565823,-0.86875093,0.19184487,-0.01694409,0.22408526,0.9744222,-0.0622406,2.281662,9.536102,0
6011.34595675,-0.9133978,0.39314538,-0.105552256,-0.406734,-0.89193875,0.19751677,-0.016493334,0.22334306,0.9746004,-0.8900122,0.44060424,-0.11724397,-0.4555982,-0.8693506,0.1914674,-0.017564759,0.22382449,0.97447115,-0.11491394,2.281662,9.516937,0
6011.350381799,-0.89355993,0.43398306,-0.11493134,-0.44862247,-0.8728483,0.19202505,-0.016982004,0.2231467,0.974637,-0.89049745,0.43956223,-0.11747071,-0.4546252,-0.8699316,0.19114143,-0.018172929,0.22361608,0.9745079,-0.08618164,2.3918,9.603134,0
6011.35477633,-0.89343566,0.43416277,-0.11521953,-0.4488538,-0.8728368,0.1915363,-0.017409924,0.22284207,0.9746991,-0.8905833,0.43931454,-0.117746286,-0.454436,-0.87013394,0.19066943,-0.018691184,0.22331516,0.97456706,0.0,2.300827,9.593552,0
6011.359201379,-0.89334697,0.43429074,-0.11542495,-0.4490178,-0.8728362,0.19115488,-0.017730275,0.22259547,0.9747496,-0.8906437,0.43913582,-0.117955066,-0.45429915,-0.87030596,0.19020982,-0.019129055,0.22299609,0.9746316,0.03829956,2.3726501,9.373291,0
6011.363626428,-0.8785024,0.4620189,-0.12154028,-0.47739968,-0.85856754,0.18695292,-0.017974764,0.22226188,0.9748213,-0.8907328,0.43891403,-0.11810852,-0.4541073,-0.8705093,0.1897369,-0.019536378,0.22263882,0.9747053,0.11491394,2.2385712,9.397232,0
6011.368020959,-0.87849754,0.46202534,-0.121550955,-0.47740114,-0.8586512,0.18656455,-0.018172316,0.22192506,0.9748944,-0.89050645,0.43931976,-0.11830653,-0.45453775,-0.8703955,0.18922782,-0.019841954,0.22228338,0.97478014,-0.028717041,2.324768,9.411606,0
6011.372446008,-0.8785354,0.46197513,-0.12146893,-0.47732815,-0.85875756,0.18626198,-0.018263966,0.22161825,0.97496253,-0.8903308,0.439652,-0.11839397,-0.4548711,-0.87033707,0.18869452,-0.020082735,0.22185455,0.97487295,-0.0143585205,2.3774414,9.469055,0
6011.376871057,-0.8936127,0.43380243,-0.115203865,-0.4484667,-0.87341243,0.18981212,-0.018279515,0.22128358,0.97503823,-0.89015317,0.4400133,-0.11838756,-0.45521408,-0.8702499,0.18826881,-0.020185988,0.22147976,0.974956,-0.02394104,2.3774414,9.440323,0
6011.381265588,-0.8937231,0.43364263,-0.11494866,-0.44824904,-0.87358046,0.18955237,-0.018218914,0.22093293,0.9751188,-0.89027,0.43982753,-0.118199445,-0.45498365,-0.87044424,0.1879274,-0.02023038,0.22108492,0.97504467,0.15800476,2.2625122,9.469055,0
6011.385690637,-0.893865,0.43343684,-0.1146202,-0.44797197,-0.8737598,0.18937986,-0.018066324,0.22062668,0.97519094,-0.890397,0.43962705,-0.11798785,-0.45473334,-0.8706518,0.18757132,-0.020264903,0.22066596,0.97513884,0.15322876,2.3774414,9.344559,0
6011.390115686,-0.9047793,0.41154423,-0.1095715,-0.42550343,-0.88437676,0.1918978,-0.017928062,0.22024816,0.9752791,-0.8905144,0.4394632,-0.11771234,-0.4545064,-0.8708304,0.1872923,-0.020199418,0.2202875,0.9752258,0.1197052,2.3630676,9.378082,0
6011.394510217,-0.9049575,0.41125917,-0.1091689,-0.42513308,-0.884589,0.19173974,-0.017714892,0.21992762,0.9753553,-0.8908687,0.43885663,-0.11729334,-0.45381442,-0.8712571,0.18698516,-0.020132978,0.21980867,0.97533524,0.31123352,2.1044922,9.497787,0
6011.398935266,-0.9051838,0.41089645,-0.10865679,-0.42466414,-0.88483334,0.19165125,-0.017394328,0.21962227,0.9754299,-0.8912159,0.43823835,-0.1169671,-0.45313495,-0.8716414,0.18684185,-0.020072104,0.21951832,0.9754019,0.31123352,2.1954803,9.646225,0
6011.403360315,-0.919609,0.37949476,-0.10150343,-0.3924616,-0.8987974,0.1952872,-0.017120551,0.21942408,0.97547936,-0.8915874,0.43760732,-0.11649806,-0.45241228,-0.8720408,0.18672957,-0.01987684,0.21919088,0.97547954,0.3543396,2.3103943,9.607925,0
6011.407754846,-0.91974175,0.37926638,-0.10115413,-0.3921605,-0.89894265,0.1952235,-0.016890064,0.21922384,0.97552836,-0.89224404,0.4363938,-0.11602153,-0.4511207,-0.8727092,0.18673173,-0.019764494,0.21894999,0.9755359,0.25378418,2.2194214,9.454697,0
6011.412179895,-0.9198966,0.37899944,-0.10074605,-0.3918083,-0.8991186,0.19512123,-0.016631808,0.21896447,0.9755912,-0.8928994,0.43517554,-0.11555508,-0.44982746,-0.8733691,0.1867666,-0.019645981,0.21874362,0.97558457,0.4165802,2.2242126,9.74678,0
6011.416604944,-0.87944096,0.46108213,-0.1182659,-0.47572312,-0.85994864,0.18486692,-0.01646375,0.21884137,0.9756215,-0.8935337,0.43399677,-0.11508407,-0.44857016,-0.87402695,0.18671277,-0.01955384,0.21845742,0.97565055,0.22505188,2.2385712,9.737213,0
6011.420999475,-0.8795931,0.46087348,-0.11794766,-0.47545025,-0.8600876,0.18492258,-0.016219411,0.21873486,0.9756495,-0.8933265,0.43443263,-0.11504763,-0.44898593,-0.87384117,0.18658295,-0.019475637,0.21833427,0.97567976,0.37828064,2.2385712,9.3302,0
6011.425424524,-0.8796719,0.46076524,-0.117782675,-0.47530806,-0.8601686,0.1849115,-0.016112156,0.21864451,0.9756715,-0.8933265,0.43443263,-0.11504763,-0.44898593,-0.87384117,0.18658295,-0.019475637,0.21833427,0.97567976,0.37828064,2.2385712,9.3302,0
6011.429849573,-0.87978595,0.46060848,-0.11754373,-0.47510213,-0.86028713,0.1848894,-0.015959727,0.21850838,0.9757046,-0.8933265,0.43443263,-0.11504763,-0.44898593,-0.87384117,0.18658295,-0.019475637,0.21833427,0.97567976,0.37828064,2.2385712,9.3302,0
6011.434274621,-0.8976649,0.42670116,-0.11010843,-0.4403924,-0.8776336,0.18924567,-0.0158835,0.21837011,0.97573674,-0.892706,0.43571907,-0.1149995,-0.450223,-0.8733208,0.18603747,-0.019371383,0.21785219,0.9757895,0.3878479,2.2673035,9.492996,0
6011.438669153,-0.89772964,0.42660275,-0.10996093,-0.44026288,-0.8777115,0.18918473,-0.015807237,0.21824849,0.9757651,-0.89286965,0.4354072,-0.114909954,-0.44989565,-0.8735182,0.18590245,-0.019432679,0.21768415,0.9758258,0.3591156,2.257721,9.516937,0
6011.443094201,-0.88468665,0.4517465,-0.11512892,-0.46592277,-0.8651011,0.18578543,-0.01567023,0.21800306,0.9758223,-0.8930308,0.4351005,-0.11481906,-0.44957367,-0.8737063,0.18579769,-0.019477466,0.2175427,0.9758564,0.39263916,2.1763153,9.454697,0
6011.44751925,-0.88478994,0.45160192,-0.11490218,-0.46572864,-0.86524916,0.18558244,-0.015609621,0.2177147,0.97588766,-0.8930308,0.4351005,-0.11481906,-0.44957367,-0.8737063,0.18579769,-0.019477466,0.2175427,0.9758564,0.39263916,2.1763153,9.454697,0
6011.451913782,-0.8849005,0.45144692,-0.114659056,-0.46552196,-0.8653879,0.18545355,-0.015502137,0.21748427,0.9759407,-0.8928626,0.43547156,-0.11472054,-0.44990325,-0.8736641,0.18519755,-0.019578949,0.21696912,0.97598207,0.41178894,2.2242126,9.449905,0
6011.45633883,-0.89691347,0.4284389,-0.10948218,-0.44193754,-0.87709004,0.18816075,-0.015410338,0.2171482,0.97601706,-0.8927684,0.4356771,-0.11467359,-0.45008826,-0.8736315,0.18490183,-0.019624958,0.21668774,0.97604376,0.28250122,2.2385712,9.459488,0
6011.460763879,-0.89701957,0.42827904,-0.109237835,-0.44172361,-0.8772581,0.18787864,-0.0153653,0.21678376,0.9760987,-0.8929245,0.4354177,-0.11444318,-0.449779,-0.87384725,0.18463449,-0.019612728,0.21633881,0.9761213,0.26335144,2.367859,9.512161,0
6011.46515841,-0.89713806,0.4281006,-0.10896498,-0.4414842,-0.87745523,0.187521,-0.015334052,0.2163385,0.97619796,-0.8930974,0.4351254,-0.11420558,-0.4494346,-0.8740963,0.18429376,-0.019635778,0.21592021,0.9762135,0.296875,2.2289886,9.449905,0
6011.469583459,-0.8904637,0.4411929,-0.11145998,-0.45479798,-0.8710738,0.18544346,-0.015273515,0.21582243,0.9763131,-0.8932292,0.434914,-0.11397978,-0.44916967,-0.8743283,0.18383867,-0.01970173,0.21540633,0.97632575,0.36869812,2.2002563,9.641449,0
6011.474008508,-0.89066815,0.44089,-0.111023486,-0.4544014,-0.8713629,0.18505658,-0.015152154,0.21527323,0.9764363,-0.89324087,0.43493903,-0.113792375,-0.4491443,-0.8744398,0.18336958,-0.019749999,0.2149024,0.9764358,0.28250122,2.190689,9.564835,0
6011.478403039,-0.89084965,0.44062075,-0.110635504,-0.45405,-0.87160516,0.18477786,-0.015013532,0.21484335,0.97653306,-0.89330125,0.43489847,-0.11347323,-0.4490259,-0.8746045,0.18287306,-0.01971299,0.21431315,0.976566,0.22984314,2.2625122,9.818619,0
6011.482828088,-0.9108977,0.39991704,-0.10164572,-0.41236353,-0.8911434,0.1892607,-0.014892337,0.2143121,0.9766516,-0.893349,0.43487266,-0.11319658,-0.4489343,-0.87472373,0.18252811,-0.019639257,0.21387911,0.9766627,0.26335144,2.0805511,9.789886,0
6011.487253137,-0.9110395,0.39968356,-0.10129195,-0.41205335,-0.8913698,0.18886994,-0.014800375,0.21380566,0.9767641,-0.8938435,0.43398148,-0.11271195,-0.4479514,-0.87529457,0.18220569,-0.019582262,0.21335283,0.976779,0.17237854,2.0901337,9.761154,0
6011.491647668,-0.911155,0.39949322,-0.10100357,-0.41180062,-0.8915535,0.18855377,-0.014724143,0.21339504,0.97685504,-0.89430964,0.43313363,-0.11227411,-0.4470225,-0.8758217,0.181954,-0.019521706,0.21291228,0.9768763,0.1771698,2.190689,9.737213,0
6011.496072717,-0.91129315,0.39926505,-0.10065806,-0.41149944,-0.89174986,0.18828198,-0.014587394,0.21300085,0.976943,-0.89477533,0.43227774,-0.111862436,-0.4460922,-0.8763409,0.18173708,-0.019468741,0.21251479,0.9769639,0.1484375,2.2625122,9.550461,0
6011.500497766,-0.9113722,0.39913464,-0.10046054,-0.41132632,-0.8918784,0.18805194,-0.014540542,0.21270736,0.97700775,-0.8952587,0.43140414,-0.111365095,-0.44512558,-0.8768858,0.18147899,-0.019363675,0.21204212,0.97706866,0.11491394,2.1954803,9.718063,0
6011.504922815,-0.9114357,0.3990294,-0.100301266,-0.41118532,-0.89200145,0.18777622,-0.014540648,0.21238838,0.9770771,-0.8957288,0.43052027,-0.11100471,-0.44418067,-0.8773916,0.18134896,-0.01932019,0.21174566,0.97713375,-0.08139038,2.118866,9.919174,0
6011.509317346,-0.9048323,0.41307113,-0.10320235,-0.4255187,-0.8856304,0.18599087,-0.014571683,0.21220508,0.9771165,-0.8961731,0.42969203,-0.11062744,-0.44328687,-0.8778699,0.1812213,-0.019247154,0.21144536,0.9772003,-0.02394104,2.3199768,9.646225,0
6011.513742395,-0.9048561,0.413033,-0.10314615,-0.42546856,-0.8856663,0.18593413,-0.01455614,0.21212909,0.9771332,-0.8964734,0.42912564,-0.11039285,-0.44267967,-0.87820333,0.18109001,-0.019237006,0.21121107,0.9772511,0.02394104,2.2529297,9.66539,0
6011.518167444,-0.90489686,0.41296768,-0.103049785,-0.42538235,-0.8857336,0.18581124,-0.014540617,0.21197559,0.97716683,-0.89673567,0.42862722,-0.110199265,-0.44214973,-0.878478,0.18105265,-0.019203534,0.21108094,0.97727996,0.07661438,2.1284332,9.694122,0
6011.522561975,-0.914177,0.39308625,-0.098810695,-0.40505424,-0.89477026,0.18792872,-0.014540666,0.21182382,0.9771997,-0.89701176,0.42809993,-0.1100017,-0.44159067,-0.8787669,0.1810151,-0.01917329,0.21094841,0.97730917,0.08618164,2.07576,9.718063,0
6011.526987024,-0.91412306,0.39317638,-0.09895068,-0.40517142,-0.8947272,0.18788093,-0.014663515,0.2118383,0.9771947,-0.8974795,0.42718056,-0.109760925,-0.44063932,-0.87924194,0.18102644,-0.019175433,0.21083248,0.97733414,-0.004776001,2.2912445,9.68454,0
6011.531412073,-0.9141233,0.39317602,-0.09895013,-0.40517148,-0.89471954,0.18791723,-0.0146480845,0.21187131,0.9771878,-0.89797795,0.42616782,-0.10962041,-0.4396183,-0.8797441,0.1810694,-0.019271951,0.21078748,0.9773419,0.0909729,2.2385712,9.68454,0
6011.535806604,-0.87575734,0.46888304,-0.114881195,-0.48252922,-0.8574277,0.17883863,-0.014647938,0.21205279,0.9771485,-0.8984163,0.42529386,-0.10942254,-0.43872276,-0.8801649,0.18119623,-0.019248236,0.21079582,0.9773406,0.05744934,2.329544,9.631866,0
6011.540231653,-0.87572825,0.4689226,-0.11494171,-0.4825816,-0.8573873,0.17889112,-0.014663479,0.21212877,0.9771317,-0.89812297,0.4258697,-0.109590925,-0.4393231,-0.8798589,0.18122801,-0.019245028,0.21091087,0.97731584,-0.07182312,2.281662,9.631866,0
6011.544656701,-0.87569755,0.46896443,-0.11500578,-0.48263797,-0.85733056,0.17901148,-0.014647944,0.21226603,0.97710216,-0.8977931,0.42653567,-0.10970308,-0.43999857,-0.87952834,0.1811937,-0.019201398,0.21094365,0.97730964,0.01914978,2.4253235,9.622284,0
6011.549051233,-0.9131525,0.39527783,-0.09953847,-0.40735805,-0.8936632,0.18821636,-0.014556109,0.21241805,0.97707045,-0.8974861,0.42715284,-0.10981402,-0.44062623,-0.8792185,0.18117206,-0.019162353,0.21098635,0.9773012,-0.04309082,2.2625122,9.392441,0
6011.553476282,-0.91317654,0.39523706,-0.099479534,-0.40730622,-0.8936776,0.1882598,-0.0144953905,0.21243308,0.977068,-0.8979578,0.4262344,-0.10952655,-0.43967083,-0.87964255,0.18143481,-0.01901046,0.21107642,0.97728467,0.0335083,2.1475983,9.478638,0
6011.55790133,-0.9132214,0.39516103,-0.0993697,-0.40721053,-0.8936924,0.18839723,-0.014358699,0.21251279,0.9770528,-0.898413,0.42533743,-0.1092802,-0.43874297,-0.8800746,0.18158557,-0.018939594,0.21108475,0.97728425,0.12449646,2.3199768,9.564835,0
6011.562295862,-0.8599808,0.49592626,-0.1203754,-0.51013,-0.84193707,0.17581084,-0.014159295,0.21260104,0.9770365,-0.8988823,0.42441922,-0.10899009,-0.43778583,-0.8805114,0.18177809,-0.018816892,0.21111143,0.97728086,0.15322876,2.2720947,9.502579,0
6011.56672091,-0.86000544,0.49589506,-0.12032758,-0.5100917,-0.84192437,0.17598219,-0.014038018,0.21272375,0.9770115,-0.89828855,0.42564714,-0.109097555,-0.43901056,-0.87991047,0.18173446,-0.018641321,0.21114495,0.97727704,-0.05744934,2.2960358,9.598343,0
6011.571145959,-0.8601028,0.4957721,-0.12013847,-0.50993216,-0.8420041,0.17606275,-0.013870097,0.21269453,0.97702026,-0.8977293,0.42679712,-0.10920757,-0.44016048,-0.87933314,0.18174708,-0.018460711,0.21122853,0.9772624,0.05744934,2.1523743,9.574402,0
6011.575571008,-0.90442914,0.41403472,-0.10287461,-0.42640135,-0.8850704,0.18663427,-0.013778189,0.21266335,0.9770284,-0.8971527,0.42798755,-0.109287545,-0.44134167,-0.8787607,0.18165116,-0.018293167,0.21120197,0.97727126,0.06703186,2.329544,9.564835,0
6011.579965539,-0.904503,0.41391617,-0.102701664,-0.42624894,-0.88513714,0.18666543,-0.013641216,0.21261594,0.97704065,-0.89741284,0.42750078,-0.10905664,-0.44081673,-0.87901634,0.18168902,-0.018190367,0.21112403,0.97729,0.02394104,2.367859,9.574402,0
6011.584390588,-0.9045415,0.4138545,-0.10261164,-0.42616883,-0.8851843,0.18662512,-0.013594558,0.21254005,0.97705775,-0.8976841,0.42701393,-0.10873104,-0.44027132,-0.87928617,0.18170577,-0.018014807,0.21098551,0.9773232,-0.09576416,2.190689,9.574402,0
6011.588815637,-0.885942,0.4504975,-0.11026728,-0.46359774,-0.8671244,0.18213305,-0.013564969,0.21247895,0.97707146,-0.89794225,0.42653155,-0.108492404,-0.43974903,-0.8795396,0.18174401,-0.017903814,0.21090505,0.9773426,-0.04788208,2.2912445,9.617508,0
6011.593210168,-0.88596094,0.45047027,-0.11022623,-0.4635624,-0.86714214,0.18213835,-0.0135339005,0.21246418,0.9770751,-0.897818,0.42680705,-0.10843682,-0.44000557,-0.87942946,0.18165621,-0.017830377,0.21080701,0.9773651,0.0909729,2.2720947,9.674957,0
6011.597635217,-0.8859804,0.45044217,-0.11018397,-0.4635246,-0.86718225,0.18204342,-0.013549556,0.21235989,0.9770976,-0.8976656,0.42712286,-0.10845552,-0.44031766,-0.8792864,0.18159238,-0.017801208,0.2107641,0.97737485,-0.05265808,2.1763153,9.540894,0
6011.602060266,-0.9086648,0.40521407,-0.10064641,-0.41730678,-0.88921994,0.18746375,-0.013533858,0.21234216,0.97710156,-0.8975136,0.4274462,-0.10843943,-0.44062847,-0.87915933,0.18145384,-0.017773788,0.21063876,0.9774024,0.1197052,2.2912445,9.54567,0
6011.606454797,-0.9086852,0.40518063,-0.10059758,-0.4172636,-0.8892424,0.18745418,-0.013502834,0.21231253,0.97710854,-0.8978149,0.42685276,-0.10828203,-0.4400144,-0.8794617,0.18147857,-0.017765263,0.21057984,0.9774152,0.01914978,2.2864532,9.737213,0
6011.610879846,-0.9087076,0.40514368,-0.10054363,-0.41721514,-0.8892774,0.18739603,-0.013488846,0.21223654,0.9771252,-0.8981048,0.42628908,-0.108099036,-0.43942448,-0.87974685,0.18152562,-0.017717399,0.2105304,0.9774267,0.12449646,2.2768707,9.765945,0
6011.615304895,-0.90867084,0.40523028,-0.10052714,-0.41729578,-0.8892489,0.18735136,-0.013473214,0.21219027,0.9771355,-0.89837617,0.42575547,-0.10794672,-0.43886903,-0.88003105,0.18149182,-0.017725341,0.21042241,0.9774499,0.02394104,2.324768,9.536102,0
6011.619699426,-0.9087616,0.40507922,-0.100314856,-0.4171019,-0.88935393,0.18728454,-0.013350339,0.21203855,0.9771701,-0.8986244,0.42527854,-0.107760355,-0.43836248,-0.88028425,0.18148819,-0.017676711,0.21032782,0.97747105,0.14364624,2.1811066,9.579193,0
6011.624124475,-0.90880984,0.40499908,-0.100202195,-0.41699845,-0.88942,0.187202,-0.013305186,0.21191517,0.9771975,-0.8988541,0.42485413,-0.10751891,-0.43789482,-0.88052833,0.18143308,-0.01759085,0.21016385,0.97750795,-0.009567261,2.2433624,9.660599,0
6011.628549524,-0.91535395,0.39078137,-0.097041264,-0.40243423,-0.8957865,0.18871431,-0.013182222,0.21179312,0.9772256,-0.89908326,0.4244254,-0.107296064,-0.4374275,-0.88076574,0.18140814,-0.017508473,0.21003526,0.97753704,0.08618164,2.1811066,9.52652,0
6011.632944055,-0.91546,0.39059803,-0.09677961,-0.40219957,-0.8958879,0.18873361,-0.012984701,0.21170276,0.9772478,-0.8994657,0.42369643,-0.10697117,-0.43664563,-0.8811463,0.18144338,-0.017380334,0.2099106,0.97756606,0.04788208,2.2146301,9.588776,0
6011.637369104,-0.9155606,0.39042366,-0.096530855,-0.40197483,-0.8960109,0.18862824,-0.012847772,0.21150355,0.9772927,-0.8998345,0.4230111,-0.10658025,-0.4358935,-0.88150156,0.18152624,-0.017163044,0.20980123,0.9775934,0.02394104,2.3199768,9.804245,0
6011.641794153,-0.8771922,0.46680015,-0.11239035,-0.47997048,-0.8587327,0.17946193,-0.012740409,0.21136662,0.97732383,-0.90018386,0.4223608,-0.106209025,-0.4351775,-0.8818665,0.18147193,-0.017015552,0.20957789,0.97764385,0.03829956,2.2625122,9.756363,0
6011.646219201,-0.8773255,0.46661726,-0.112108685,-0.47973073,-0.85888433,0.17937708,-0.012587958,0.21115406,0.97737175,-0.89977807,0.42323062,-0.10618462,-0.4360211,-0.8814903,0.1812746,-0.016879752,0.20940565,0.9776831,-0.009567261,2.0230865,9.718063,0
6011.650613733,-0.8773915,0.4665267,-0.111969225,-0.47961086,-0.8589789,0.1792447,-0.012556776,0.2109694,0.977412,-0.89933866,0.42417145,-0.1061532,-0.43693358,-0.8810701,0.18112011,-0.016702427,0.20927022,0.97771513,0.0335083,2.07576,9.794678,0
6011.655038782,-0.89277834,0.43784976,-0.10599304,-0.45032167,-0.8739301,0.18291144,-0.012542786,0.21103032,0.97739905,-0.89894825,0.42498112,-0.10622205,-0.43773782,-0.88071215,0.18091926,-0.016663777,0.20913446,0.97774494,-0.08618164,2.23378,9.761154,0
6011.65946383,-0.89279723,0.4378217,-0.105949685,-0.45028335,-0.87397724,0.1827805,-0.012572344,0.21089329,0.9774282,-0.8988424,0.4252174,-0.10617158,-0.43795812,-0.8806095,0.18088548,-0.01658006,0.20908625,0.9777566,-0.02394104,2.1380157,9.818619,0
6011.663858362,-0.89281195,0.43779975,-0.10591584,-0.4502532,-0.8740177,0.18266095,-0.012603398,0.21077083,0.97745425,-0.8987535,0.42541018,-0.10615192,-0.43814117,-0.88053966,0.18078242,-0.016564297,0.20898837,0.97777784,-0.0335083,2.070984,9.713272,0
6011.66828341,-0.8910204,0.44124982,-0.10668297,-0.45378533,-0.8723067,0.18209863,-0.012709282,0.21066475,0.9774757,-0.89867836,0.42556867,-0.106153406,-0.43829533,-0.8804802,0.1806984,-0.01656639,0.20891626,0.9777932,-0.028717041,2.0039368,9.636658,0
6011.672708459,-0.8909793,0.4413113,-0.10677177,-0.45386255,-0.87229395,0.18196714,-0.012832215,0.21058868,0.97749054,-0.8985349,0.42584988,-0.10623992,-0.4385872,-0.8803564,0.18059333,-0.016623344,0.20886487,0.9778032,-0.15800476,1.984787,9.789886,0
6011.677102991,-0.89091957,0.44140074,-0.10690088,-0.45397645,-0.8722488,0.18189958,-0.012953562,0.21058835,0.977489,-0.8985349,0.42584988,-0.10623992,-0.4385872,-0.8803564,0.18059333,-0.016623344,0.20886487,0.9778032,-0.15800476,1.984787,9.789886,0
6011.681528039,-0.8908176,0.4415532,-0.107121035,-0.4541704,-0.8721754,0.18176752,-0.013168294,0.21057288,0.9774895,-0.8985349,0.42584988,-0.10623992,-0.4385872,-0.8803564,0.18059333,-0.016623344,0.20886487,0.9778032,-0.15800476,1.984787,9.789886,0
6011.685953088,-0.9001132,0.4231911,-0.10346709,-0.43545184,-0.88121986,0.18393795,-0.013336362,0.21061993,0.9774771,-0.89817184,0.42651492,-0.10664153,-0.4393199,-0.88002574,0.18042384,-0.016893838,0.20890135,0.9777908,-0.11012268,2.0853424,9.603134,0
6011.690347619,-0.8999852,0.4233948,-0.103747055,-0.4357084,-0.88112223,0.18379825,-0.013594609,0.21061918,0.9774737,-0.89822495,0.4263773,-0.10674441,-0.43920717,-0.8800754,0.18045598,-0.017000794,0.20897298,0.97777367,-0.13406372,1.9991455,9.583984,0
6011.694772668,-0.89618343,0.4309261,-0.105631284,-0.443465,-0.87746054,0.18276148,-0.013930595,0.21063158,0.9774662,-0.8982758,0.42623124,-0.10690008,-0.43909666,-0.8801306,0.18045583,-0.017170122,0.20903856,0.9777567,-0.18673706,2.0374603,9.512161,0
6011.699197717,-0.8960141,0.43118557,-0.106007755,-0.44379672,-0.8773182,0.18263932,-0.01425109,0.21069331,0.9774483,-0.8982729,0.42617324,-0.10715495,-0.43909192,-0.88014835,0.18038069,-0.01743883,0.20908195,0.9777426,-0.22505188,2.0614014,9.50737,0
6011.703592248,-0.8958405,0.43145138,-0.10639332,-0.4441368,-0.8771688,0.18253073,-0.014571761,0.2107716,0.9774267,-0.89825857,0.42614618,-0.107382186,-0.43911263,-0.88014215,0.18036045,-0.017651673,0.2091632,0.9777214,-0.30645752,2.0422516,9.38765,0
6011.708017297,-0.89570796,0.43165398,-0.10668739,-0.44439605,-0.8770546,0.18244854,-0.014816032,0.21083204,0.97741,-0.89824927,0.4261062,-0.107618906,-0.4391233,-0.88013506,0.1803693,-0.017862694,0.20927455,0.9776938,-0.20588684,2.1092834,9.435547,0
6011.712442346,-0.8955647,0.43187258,-0.10700477,-0.44467545,-0.87693614,0.18233727,-0.015089886,0.2108772,0.97739613,-0.89820784,0.4261508,-0.10778786,-0.43920216,-0.8800982,0.18035692,-0.018004658,0.20933865,0.97767746,-0.39263916,2.1284332,9.540894,0
6011.716836877,-0.89543504,0.43207002,-0.10729148,-0.4449268,-0.8768421,0.18217517,-0.015365275,0.21086292,0.9773948,-0.8981955,0.42613962,-0.10793507,-0.43922177,-0.8800923,0.18033798,-0.018143667,0.20938618,0.9776647,-0.2681427,2.1380157,9.3589325,0
6011.721261926,-0.88300514,0.4557024,-0.11241522,-0.46910357,-0.86479616,0.17907904,-0.015609504,0.21086212,0.9773911,-0.8981716,0.42615366,-0.10807831,-0.43926385,-0.88009024,0.18024574,-0.018306283,0.20936649,0.9776659,-0.25856018,2.070984,9.382874,0
6011.725686975,-0.88289315,0.4558611,-0.11265196,-0.4693059,-0.8647274,0.17888188,-0.01586794,0.2108018,0.97740006,-0.8978984,0.42666915,-0.10831432,-0.43981636,-0.87983775,0.18013093,-0.018442722,0.20937766,0.97766095,-0.28250122,2.1140747,9.483429,0
6011.730112024,-0.88283104,0.4559488,-0.11278295,-0.46941626,-0.8647073,0.17868856,-0.016051393,0.21069397,0.9774203,-0.8976201,0.42719257,-0.10855728,-0.4403765,-0.8795979,0.17993346,-0.018620523,0.20931795,0.9776703,-0.19631958,2.1284332,9.392441,0
6011.734506555,-0.9171226,0.38625804,-0.09844194,-0.39827567,-0.89801896,0.18691823,-0.01620405,0.21063398,0.9774307,-0.8973517,0.42771706,-0.10871106,-0.44091868,-0.8793694,0.17972256,-0.018726766,0.20920709,0.977692,-0.26335144,2.142807,9.162598,0
6011.738931604,-0.9170635,0.38636014,-0.09859277,-0.3984058,-0.8979826,0.18681595,-0.016356349,0.210602,0.97743505,-0.89776856,0.4268789,-0.10856362,-0.44006622,-0.8797986,0.17971168,-0.01879898,0.20911467,0.9777105,-0.25856018,2.1571655,9.263153,0
6011.743356653,-0.91702175,0.38643184,-0.09869886,-0.3984965,-0.8979654,0.18670487,-0.01647945,0.2105436,0.9774456,-0.8981982,0.42601225,-0.108413845,-0.4391859,-0.8802342,0.17973192,-0.018861568,0.20904872,0.9777233,-0.24899292,2.142807,9.34935,0
6011.747751184,-0.89585173,0.43104324,-0.10794189,-0.44404584,-0.8774504,0.1813953,-0.016524432,0.21043444,0.9774684,-0.8986166,0.42517236,-0.10824374,-0.43832764,-0.8806568,0.17975692,-0.018897904,0.20897879,0.97773755,-0.2681427,2.1811066,9.34935,0
6011.752176233,-0.8958616,0.43102837,-0.107918486,-0.44402453,-0.8774829,0.18128955,-0.01655569,0.21032883,0.97749054,-0.89858997,0.42525113,-0.10815525,-0.4383841,-0.88065207,0.17964213,-0.01885413,0.20883815,0.9777685,-0.34954834,2.1763153,9.425964,0
6011.756601282,-0.8958656,0.43102244,-0.107909076,-0.44401422,-0.8775188,0.1811412,-0.01661633,0.21019135,0.9775191,-0.89854276,0.42537668,-0.10805383,-0.43848404,-0.88062197,0.17954582,-0.018779974,0.20870946,0.9777973,-0.32081604,2.1475983,9.306259,0
6011.760995813,-0.88882476,0.44472012,-0.11052071,-0.45795065,-0.8707085,0.17929906,-0.016493425,0.20997842,0.9775669,-0.8984723,0.42554694,-0.107969135,-0.43863034,-0.8805793,0.17939776,-0.018733218,0.20854247,0.9778339,-0.25856018,2.008728,9.373291,0
6011.765420862,-0.88894695,0.4445453,-0.11023923,-0.45772067,-0.8708237,0.17932643,-0.016280212,0.20987047,0.9775937,-0.8982916,0.42596957,-0.10780597,-0.43900836,-0.88041365,0.17928605,-0.018543439,0.20837888,0.9778724,-0.2681427,2.0805511,9.445114,0
6011.76984591,-0.8890964,0.44433162,-0.10989519,-0.45743996,-0.8709583,0.17938817,-0.016006295,0.20976384,0.977621,-0.8981109,0.4264107,-0.107567385,-0.43939084,-0.8802235,0.17928265,-0.018235303,0.20827982,0.9778993,-0.25856018,2.0422516,9.48822,0
6011.774240442,-0.8974917,0.42802176,-0.106329165,-0.4407484,-0.87909174,0.18148944,-0.015791677,0.2097497,0.9776276,-0.8979499,0.4268142,-0.10731118,-0.43973342,-0.880046,0.17931388,-0.017905073,0.20820318,0.9779217,-0.2394104,2.1044922,9.512161,0
6011.778665491,-0.89760965,0.4278409,-0.106061935,-0.44051751,-0.87917614,0.18164164,-0.015533396,0.20976542,0.97762835,-0.89793235,0.42691043,-0.10707435,-0.43978003,-0.88000286,0.17941129,-0.017633185,0.20818838,0.9779298,-0.24899292,2.099701,9.449905,0
6011.783090539,-0.897707,0.42769146,-0.105841115,-0.4403273,-0.8792385,0.18180165,-0.015304576,0.2098093,0.97762257,-0.89791137,0.42702627,-0.106788665,-0.4398371,-0.8799388,0.17958592,-0.017279577,0.20822184,0.977929,-0.26335144,2.0422516,9.425964,0
6011.787485071,-0.9216413,0.37621433,-0.095079005,-0.38774872,-0.9024081,0.1879107,-0.015105371,0.21005304,0.97757334,-0.89785516,0.42719334,-0.10659203,-0.43996274,-0.8798413,0.17975537,-0.01699377,0.20829082,0.9779193,-0.19631958,2.1619568,9.50737,0
6011.791910119,-0.92169553,0.3761182,-0.09493473,-0.3876295,-0.9023874,0.18825649,-0.014861207,0.21031463,0.97752076,-0.8982982,0.42633805,-0.10628356,-0.43906757,-0.8802014,0.18018104,-0.016732909,0.20852198,0.9778745,-0.26335144,2.0518188,9.392441,0
6011.796335168,-0.92170066,0.376109,-0.09492098,-0.38762242,-0.9023236,0.18857603,-0.014724286,0.21060413,0.97746044,-0.89876187,0.42544279,-0.10595051,-0.4381289,-0.88057065,0.18066114,-0.01643593,0.20879133,0.97782207,-0.3256073,2.0853424,9.397232,0
6011.800760217,-0.90217257,0.41869277,-0.10383154,-0.4311296,-0.88327193,0.18427686,-0.014556096,0.21101439,0.97737455,-0.89916384,0.42465356,-0.105705954,-0.43731284,-0.88087344,0.18116161,-0.016182648,0.20912053,0.977756,-0.2106781,2.070984,9.3637085,0
6011.805154748,-0.90212893,0.41876197,-0.10393143,-0.43122706,-0.88310385,0.18485373,-0.0143725425,0.21157995,0.9772551,-0.89917046,0.42464072,-0.105700865,-0.4373066,-0.88078344,0.18161319,-0.015979217,0.20952491,0.97767276,-0.16758728,2.1811066,9.229645,0
6011.809579797,-0.902053,0.41888246,-0.104105406,-0.43139005,-0.8829079,0.18540844,-0.014251143,0.21215826,0.9771314,-0.8991695,0.42463574,-0.10572904,-0.4373164,-0.8806674,0.18215205,-0.015763856,0.21002261,0.97756946,-0.30166626,2.2529297,9.095566,0
6011.814004846,-0.88173527,0.45813638,-0.112489976,-0.47153476,-0.86303025,0.18120098,-0.014067494,0.21281423,0.9769914,-0.89917064,0.424621,-0.10577915,-0.43732193,-0.8805429,0.18273959,-0.015548016,0.2105736,0.97745436,-0.28250122,2.2625122,9.071625,0
6011.818399377,-0.88168305,0.4582095,-0.11260132,-0.4716396,-0.86283296,0.18186636,-0.013823235,0.21345572,0.9768549,-0.8987733,0.42541683,-0.10595764,-0.43814692,-0.88002723,0.18324651,-0.015289467,0.2111221,0.97734004,-0.31123352,2.2673035,8.942337,0
6011.822824426,-0.8816646,0.45823532,-0.11264064,-0.47168288,-0.862664,0.18255404,-0.013518322,0.2140821,0.97672206,-0.8983819,0.42621428,-0.10607259,-0.4389612,-0.8794974,0.18384068,-0.01493505,0.21172088,0.977216,-0.26335144,2.257721,8.894455,0
6011.827249475,-0.8936003,0.43573365,-0.1077713,-0.44867343,-0.87408024,0.18621412,-0.013061011,0.21475513,0.9765805,-0.8980102,0.42697734,-0.10615116,-0.43973303,-0.8789985,0.18438123,-0.014580109,0.21225439,0.97710574,-0.44052124,2.2529297,8.860931,0
6011.831644006,-0.8936566,0.43565,-0.10764272,-0.4485749,-0.8739532,0.1870465,-0.012587887,0.21544115,0.9764357,-0.8978901,0.42727745,-0.1059592,-0.4399965,-0.87871367,0.185109,-0.014014897,0.21282922,0.9769889,-0.59375,2.2960358,8.578415,0
6011.836069055,-0.89379877,0.43543857,-0.107317775,-0.4483088,-0.8739046,0.18790986,-0.0119622955,0.21606508,0.97630566,-0.8978092,0.42752647,-0.10563961,-0.44018364,-0.8784439,0.1859426,-0.013303086,0.21344182,0.97686523,-0.5602417,2.3439178,8.573624,0
6011.840494104,-0.87638456,0.46794835,-0.11390553,-0.48148322,-0.8567627,0.18474744,-0.011137743,0.21675341,0.9761629,-0.8977496,0.42776197,-0.10519195,-0.44032803,-0.87821406,0.18668483,-0.012524385,0.21391521,0.97677195,-0.52671814,2.5450287,8.511383,0
6011.844888635,-0.8767185,0.46748593,-0.11323231,-0.48089585,-0.8568763,0.18574771,-0.010191644,0.2173014,0.9760514,-0.897389,0.42864874,-0.104657516,-0.4410911,-0.8776522,0.18752366,-0.011471124,0.21444517,0.97666866,-0.59854126,2.5115051,8.626297,0
6011.849313684,-0.87717104,0.46685725,-0.112317786,-0.48009226,-0.8571066,0.18676098,-0.009077603,0.21774422,0.97596365,-0.8970423,0.4295315,-0.104009315,-0.44182304,-0.8771309,0.18823868,-0.010375347,0.21481176,0.97660035,-0.6224823,2.4971466,8.497009,0
6011.853738733,-0.90938234,0.40433174,-0.097670764,-0.41588613,-0.88825923,0.19502352,-0.007902761,0.21797086,0.97592324,-0.89673984,0.43039522,-0.10304197,-0.4424671,-0.8766373,0.1890239,-0.008975455,0.21509793,0.97655123,-0.6512146,2.573761,8.750793,0
6011.858133264,-0.90991336,0.4034441,-0.096387945,-0.41474396,-0.8886588,0.19563542,-0.0067280405,0.21798758,0.9759284,-0.8971229,0.42990464,-0.10174696,-0.44171473,-0.8768638,0.18973157,-0.007651733,0.21515568,0.9765498,-0.6799469,2.5689697,8.884872,0
6011.862558313,-0.91056883,0.40234083,-0.09479547,-0.41332188,-0.8892298,0.19604927,-0.005416334,0.21769741,0.97600126,-0.8974873,0.4294688,-0.100365,-0.44099513,-0.87710935,0.19026932,-0.0063163354,0.21502477,0.97658813,-0.5746002,2.4588318,9.129089,0
6011.866983362,-0.8937021,0.43710357,-0.10117856,-0.448641,-0.87276614,0.1923553,-0.0042260266,0.21730117,0.97609544,-0.89789784,0.42901608,-0.09861359,-0.44017854,-0.8774296,0.19068308,-0.0047203754,0.21462153,0.9766859,-0.64642334,2.6264343,9.124298,0
6011.87140841,-0.8944263,0.43599325,-0.099557735,-0.4472053,-0.8734802,0.19245803,-0.0030512956,0.21666221,0.9762419,-0.8979239,0.42928287,-0.09720566,-0.44013774,-0.877426,0.19079395,-0.0033862088,0.21410231,0.9768053,-0.45010376,2.5833435,9.282318,0
6011.875802942,-0.8951126,0.43493325,-0.098012656,-0.4458353,-0.8742282,0.19223943,-0.0020741015,0.21577346,0.97644126,-0.89798456,0.42952225,-0.09557368,-0.4400225,-0.87751085,0.19066966,-0.0019700904,0.21327297,0.9769907,-0.64642334,2.5210876,9.478638,0
6011.880227991,-0.9197882,0.38300258,-0.08543258,-0.39241302,-0.89844847,0.19698325,-0.0013116887,0.21470772,0.9766775,-0.898041,0.429718,-0.09415335,-0.439911,-0.8776405,0.1903301,-8.4452436E-4,0.21234332,0.9771948,-0.6320648,2.4684143,9.74678,0
6011.884653039,-0.9202825,0.38209733,-0.0841526,-0.39125383,-0.89912814,0.1961862,-7.01744E-4,0.21347177,0.97694904,-0.89864004,0.4288334,-0.09245578,-0.4386868,-0.8783611,0.18983068,1.9616575E-4,0.21114856,0.977454,-0.75177,2.525879,9.981415,0
6011.889047571,-0.9207426,0.38124993,-0.082955495,-0.39017057,-0.89982325,0.19515425,-2.4273287E-4,0.21205361,0.9772581,-0.89919215,0.4279926,-0.090971485,-0.4375528,-0.8790634,0.18919563,0.0010046266,0.20992807,0.97771627,-0.6033325,2.3774414,9.9479065,0
6011.893472619,-0.894163,0.43772346,-0.0941849,-0.4477417,-0.87417,0.18802752,-2.9563515E-5,0.21029773,0.9776374,-0.89972454,0.42716286,-0.08959692,-0.43645513,-0.8797919,0.18834315,0.0016265584,0.208562,0.97800785,-0.68473816,2.281662,10.330978,0
6011.897897668,-0.894605,0.43703768,-0.09316698,-0.44685793,-0.8749587,0.18645464,-2.9563573E-5,0.20843564,0.9780361,-0.8996971,0.42746913,-0.08840401,-0.43650976,-0.88007504,0.18688837,0.0020868494,0.20673212,0.9783954,-0.6416321,2.3343353,10.283081,0
6011.9022922,-0.89501935,0.43639168,-0.092209116,-0.4460271,-0.8757614,0.18466596,-1.6649021E-4,0.2064074,0.97846603,-0.89965904,0.4277381,-0.08748568,-0.43658724,-0.88035214,0.18539587,0.002282669,0.2049882,0.97876173,-0.77571106,2.2768707,10.39801,0
6011.906717248,-0.8693652,0.4837101,-0.10113628,-0.49417,-0.85106415,0.17744252,-2.4273268E-4,0.20424089,0.9789207,-0.8996279,0.42801008,-0.08646947,-0.43665072,-0.8807126,0.18352506,0.0023958194,0.20286123,0.9792046,-0.7852936,2.2864532,10.579971,0
6011.911142297,-0.86988044,0.48300967,-0.100049354,-0.49326262,-0.8519865,0.17553116,-4.5745642E-4,0.2020417,0.97937685,-0.8990776,0.42926997,-0.08594636,-0.43778348,-0.880557,0.18156268,0.0022587373,0.20086484,0.97961634,-0.77571106,2.1715393,10.800232,0
6011.915536828,-0.8703703,0.48234043,-0.099012055,-0.49239737,-0.8528904,0.17356023,-7.3130726E-4,0.19981492,0.9798334,-0.89853835,0.43048728,-0.085496634,-0.43889058,-0.88042474,0.17951997,0.0020077094,0.19882922,0.98003215,-0.8571167,2.1332245,11.010925,0
6011.919961877,-0.8707306,0.48184636,-0.09824695,-0.49175906,-0.8536567,0.17159082,-0.0011887602,0.19772318,0.9802572,-0.8980433,0.43161988,-0.08498482,-0.43990383,-0.8803904,0.17719294,0.0016601797,0.19651209,0.9805,-0.8379669,2.0374603,10.7332,0
6011.924386926,-0.8710149,0.48145524,-0.097641855,-0.4912535,-0.8543408,0.1696229,-0.0017535877,0.19571097,0.9806601,-0.89754903,0.4326901,-0.084764495,-0.4409131,-0.88029164,0.17516324,0.0011739284,0.19459137,0.98088366,-0.85232544,2.166748,10.690109,0
6011.928781457,-0.87120724,0.48119006,-0.097231805,-0.49090973,-0.8548863,0.16786005,-0.0023495464,0.19397295,0.98100406,-0.8970909,0.43367133,-0.084599644,-0.44184574,-0.8802661,0.17292756,5.235246E-4,0.19251174,0.9812946,-0.8571167,2.094925,10.977402,0
6011.933206506,-0.8712651,0.48111016,-0.09710832,-0.49080285,-0.8552731,0.16619423,-0.0030963933,0.19246028,0.98129994,-0.8970909,0.43367133,-0.084599644,-0.44184574,-0.8802661,0.17292756,5.235246E-4,0.19251174,0.9812946,-0.8571167,2.094925,10.977402,0
6011.937631555,-0.90782326,0.4109126,-0.08371331,-0.41933486,-0.8913786,0.17205414,-0.0039210427,0.19129863,0.98152405,-0.8961992,0.4354655,-0.084833525,-0.44365078,-0.8800711,0.16925947,-9.528711E-4,0.18932667,0.9819137,-0.86190796,2.094925,10.934311,0
6011.942056604,-0.9076672,0.41117913,-0.08409487,-0.41966382,-0.8914675,0.17078607,-0.0047441754,0.1903085,0.9817129,-0.896468,0.4348789,-0.08500331,-0.44310495,-0.88058513,0.16801152,-0.001787992,0.18828233,0.98211336,-0.9002075,2.0614014,11.001343,0
6011.946451135,-0.8947781,0.43742388,-0.089624524,-0.44647545,-0.8790353,0.16720167,-0.005645123,0.18962353,0.98184055,-0.8967357,0.43427944,-0.08524255,-0.44255853,-0.8810685,0.16691342,-0.0026174644,0.18740207,0.9822798,-0.85232544,2.1619568,10.857697,0
6011.950876184,-0.89452326,0.4378288,-0.09018971,-0.4469756,-0.8789298,0.16641879,-0.0064074877,0.18917805,0.98192185,-0.89676905,0.43409532,-0.085828476,-0.44248396,-0.8813011,0.16588043,-0.003632812,0.18673415,0.98240376,-0.8714752,2.0422516,10.8337555,0
6011.955301233,-0.89423245,0.43828943,-0.09083309,-0.44754684,-0.8787262,0.16595821,-0.0070796898,0.18905729,0.98194057,-0.89680165,0.43392724,-0.08633582,-0.4424108,-0.88146025,0.16522862,-0.0044043968,0.18637322,0.98246914,-0.86190796,2.1380157,10.599121,0
6011.959695764,-0.8836139,0.4584302,-0.095227025,-0.4681528,-0.86837554,0.16357483,-0.0077051856,0.1891178,0.9819241,-0.89681274,0.4337789,-0.086964265,-0.44238022,-0.88154984,0.16483232,-0.0051625487,0.186295,0.9824803,-0.8140259,2.1044922,10.651794,0
6011.964120813,-0.88313395,0.4591363,-0.09627146,-0.4690433,-0.8679257,0.16341153,-0.00852831,0.18946977,0.98184955,-0.8966304,0.43401876,-0.0876447,-0.44274175,-0.8814064,0.16462801,-0.0057989643,0.18641445,0.98245406,-0.8571167,2.1475983,10.364487,0
6011.968545862,-0.8826344,0.4598681,-0.09735499,-0.4699681,-0.8674283,0.163396,-0.009307869,0.18997264,0.98174524,-0.89644295,0.43425062,-0.0884111,-0.4431129,-0.88121516,0.16465372,-0.0064082267,0.18677875,0.9823811,-0.9145813,2.099701,10.287872,0
6011.972940393,-0.90071374,0.4246068,-0.09178211,-0.4342958,-0.88505584,0.16752183,-0.010101373,0.19074976,0.98158675,-0.89623576,0.43452767,-0.08914696,-0.44352424,-0.8809731,0.1648414,-0.006907926,0.18727559,0.9822831,-1.0294952,2.2385712,10.172958,0
6011.977365442,-0.90022254,0.42540723,-0.09288616,-0.43529806,-0.8844828,0.16794458,-0.010711378,0.19162071,0.98141056,-0.8963604,0.43413076,-0.0898249,-0.44326463,-0.8810196,0.16529058,-0.007379772,0.18797614,0.98214585,-0.7996521,2.329544,10.072403,0
6011.981790491,-0.8997255,0.42621368,-0.093999445,-0.43631047,-0.8838822,0.16847941,-0.011276217,0.19259816,0.9812129,-0.8964583,0.43377945,-0.090541914,-0.44305918,-0.88101166,0.16588251,-0.007812058,0.18882218,0.98198026,-0.92414856,2.3151855,9.976624,0
6011.986185022,-0.8898777,0.44542587,-0.098557025,-0.45604905,-0.87411886,0.16713907,-0.011702499,0.19368017,0.98099494,-0.8964987,0.4335627,-0.09117848,-0.4429721,-0.88093126,0.16654082,-0.008116081,0.18969314,0.98180985,-0.7086792,2.353485,9.967056,0
6011.990610071,-0.8893723,0.44619307,-0.09964251,-0.4570231,-0.8734626,0.16790745,-0.012114875,0.19487117,0.980754,-0.89631075,0.43378553,-0.09196269,-0.4433469,-0.88059425,0.16732389,-0.008399141,0.19074556,0.98160356,-0.75177,2.5162964,9.679749,0
6011.995035119,-0.8889325,0.44685778,-0.10058381,-0.45787022,-0.8728632,0.16871518,-0.012404212,0.19603074,0.98051935,-0.89612347,0.43402037,-0.09267781,-0.44372097,-0.8802635,0.16807121,-0.0086345645,0.19173563,0.98140866,-0.6895294,2.4348907,9.512161,0
6011.999429651,-0.89856577,0.42782125,-0.09771626,-0.43865514,-0.8820813,0.17179723,-0.012695166,0.19723485,0.9802741,-0.89590263,0.43432325,-0.09339064,-0.44416338,-0.8798732,0.16894399,-0.008795624,0.19283806,0.9811912,-0.6224823,2.5546112,9.416382,0
6012.0038547,-0.898159,0.42846963,-0.09861103,-0.43948075,-0.881492,0.17270957,-0.012924025,0.19845831,0.98002416,-0.89588195,0.43423733,-0.09398666,-0.4442016,-0.87969965,0.16974543,-0.0089702355,0.19382086,0.98099595,-0.6224823,2.4492645,9.248795,0
6012.008279748,-0.89772516,0.42915842,-0.09956239,-0.4403592,-0.8808643,0.17367187,-0.013168207,0.19975281,0.97975785,-0.89583546,0.43420854,-0.094560504,-0.44429296,-0.879486,0.17061074,-0.009083999,0.19485173,0.9807906,-0.6799469,2.659958,9.138657,0
6012.012704797,-0.8882841,0.44738746,-0.103903286,-0.4591013,-0.8714528,0.17261587,-0.013320634,0.20103405,0.97949374,-0.89577645,0.43419197,-0.095193364,-0.44440946,-0.87924016,0.17157216,-0.009202567,0.19599515,0.9805617,-0.6416321,2.712616,9.129089,0
6012.017099328,-0.8878865,0.44798222,-0.10473487,-0.4598643,-0.87088174,0.1734643,-0.013502762,0.20218045,0.9792552,-0.8955219,0.43458956,-0.09577253,-0.44492134,-0.87882,0.17239583,-0.009245384,0.19699548,0.9803608,-0.59854126,2.645584,9.095566,0
6012.021524377,-0.88753015,0.4485136,-0.10547828,-0.46054846,-0.8703457,0.17433704,-0.01361004,0.20330727,0.9790204,-0.8952454,0.435017,-0.09641572,-0.44547558,-0.87838054,0.17320254,-0.009343651,0.19800961,0.9801555,-0.6320648,2.6982574,9.018951,0
6012.025949426,-0.91543776,0.39120737,-0.09450087,-0.40222612,-0.8973219,0.1817343,-0.013701906,0.20437717,0.97879624,-0.8949909,0.43543348,-0.09689663,-0.44598654,-0.87797904,0.17392197,-0.009341758,0.19887318,0.9799807,-0.6081238,2.6791077,8.817841,0
6012.030343957,-0.9151898,0.39164135,-0.0951036,-0.40278697,-0.8968993,0.18257691,-0.01379368,0.20539902,0.9785811,-0.89532727,0.43468785,-0.09713658,-0.44531068,-0.8781623,0.17472649,-0.00935021,0.19969334,0.9798138,-0.5602417,2.6934662,8.693344,0
6012.034769006,-0.91497344,0.3920189,-0.09562819,-0.40327662,-0.8965129,0.1833915,-0.013838962,0.20636298,0.9783776,-0.89562017,0.43402305,-0.09740839,-0.444721,-0.87829727,0.1755479,-0.009361687,0.2005438,0.97964,-0.56980896,2.6791077,8.884872,0
