Time,Rot1,Rot2,Rot3,Rot4,Rot5,Rot6,Rot7,Rot8,Rot9,FRot1,FRot2,FRot3,FRot4,FRot5,FRot6,FRot7,FRot8,FRot9,Imid
1357.246045894,0.18347089,-0.9830228,0.0021902241,0.97949237,0.18299979,0.08429701,-0.083266675,-0.013320739,0.99643826,0.1797807,-0.9837049,0.001853303,0.9801913,0.17929706,0.08412743,-0.08308887,-0.013307899,0.9964532,0
1357.250226802,0.18348207,-0.9830209,0.0020602765,0.9794952,0.18300058,0.084259905,-0.08320627,-0.01344215,0.9964416,0.1797807,-0.9837049,0.001853303,0.9801913,0.17929706,0.08412743,-0.08308887,-0.013307899,0.9964532,0
1357.25440771,0.16119249,-0.9869231,1.9107173E-4,0.9834093,0.1606349,0.08427774,-0.083206326,-0.013397035,0.9964422,0.1799162,-0.9836805,0.0017084666,0.9801735,0.17942078,0.08407168,-0.0830062,-0.013451262,0.99645823,0
1357.258588619,0.16119367,-0.9869228,1.807967E-4,0.9834064,0.16063479,0.084310725,-0.083237216,-0.0134125585,0.9964395,0.1795682,-0.983744,0.0017177043,0.9802407,0.17907543,0.084024474,-0.08296618,-0.01340436,0.9964622,0
1357.262769527,0.16120179,-0.9869215,1.107589E-4,0.9834026,0.16063648,0.084351905,-0.08326649,-0.013488755,0.996436,0.17918406,-0.9838141,0.0016541891,0.98030573,0.17868645,0.08409401,-0.08302846,-0.013446695,0.99645644,0
1357.266950435,0.17703967,-0.98420274,0.0014166359,0.98067254,0.17652611,0.08438024,-0.08329733,-0.013549392,0.99643266,0.17918406,-0.9838141,0.0016541891,0.98030573,0.17868645,0.08409401,-0.08302846,-0.013446695,0.99645644,0
1357.271131343,0.17703834,-0.9842029,0.0014346555,0.98067147,0.17652611,0.0843927,-0.083312795,-0.013533818,0.9964316,0.17906941,-0.98383516,0.0016093198,0.9803228,0.17856777,0.084147416,-0.08307455,-0.0134905735,0.996452,0
1357.275312251,0.17704056,-0.98420256,0.0014041094,0.9806709,0.17652568,0.08439817,-0.08331276,-0.013564929,0.99643105,0.1790547,-0.9838377,0.0016410565,0.9803288,0.17855637,0.08410153,-0.083035275,-0.013449998,0.9964558,0
1357.27949316,0.18064588,-0.98354673,0.0017380461,0.98000944,0.18014541,0.08443489,-0.08335875,-0.013549511,0.9964275,0.17894994,-0.9838568,0.001645688,0.98034704,0.17845224,0.084110156,-0.08304603,-0.013438161,0.9964551,0
1357.283674068,0.18064678,-0.9835465,0.0017284061,0.9800067,0.18014506,0.08446807,-0.08338964,-0.013565035,0.9964248,0.17894994,-0.9838568,0.001645688,0.98034704,0.17845224,0.084110156,-0.08304603,-0.013438161,0.9964551,0
1357.287854976,0.18064977,-0.983546,0.0016966617,0.98000735,0.1801455,0.08445817,-0.08337415,-0.01359461,0.99642557,0.17903829,-0.9838409,0.0015848931,0.9803298,0.1785349,0.084135376,-0.08305878,-0.013509736,0.99645305,0
1357.292035884,0.2111965,-0.97743416,0.0043141325,0.9738839,0.21080163,0.08433694,-0.08334322,-0.013610201,0.9964279,0.17912471,-0.9838251,0.0015923763,0.98031497,0.17862178,0.084123656,-0.08304739,-0.013507595,0.996454,0
1357.296216792,0.2112002,-0.9774334,0.004287222,0.97388184,0.2108028,0.08435857,-0.08335865,-0.013641299,0.9964263,0.17976831,-0.9837076,0.001673189,0.98020035,0.1792704,0.084079534,-0.08300963,-0.013474775,0.99645764,0
1357.300397701,0.21120152,-0.97743326,0.004277711,0.9738856,0.21080394,0.084313616,-0.083312675,-0.013641159,0.9964301,0.17976831,-0.9837076,0.001673189,0.98020035,0.1792704,0.084079534,-0.08300963,-0.013474775,0.99645764,0
1357.304548091,0.21120238,-0.9774331,0.0042711906,0.973888,0.21080466,0.08428341,-0.08328177,-0.013641194,0.99643266,0.18103746,-0.98347455,0.0018149232,0.9799555,0.18054508,0.08420618,-0.0831423,-0.013465929,0.99644667,0
1357.308728999,0.2111999,-0.97743356,0.0042895363,0.9738872,0.21080355,0.08429524,-0.08329724,-0.01362562,0.9964316,0.18165526,-0.98336047,0.00188684,0.97983426,0.18116559,0.08428397,-0.08322336,-0.013461837,0.99644,0
1357.312909908,0.21119869,-0.9774337,0.0042981007,0.97389007,0.21080352,0.084261775,-0.083266355,-0.0136100985,0.9964344,0.18223913,-0.9832523,0.0019521937,0.97972167,0.18175219,0.08433041,-0.08327289,-0.013455695,0.9964359,0
1357.317090816,0.14856902,-0.9889013,-0.0011096665,0.9853914,0.14794703,0.08435279,-0.08325243,-0.013625671,0.99643534,0.18223913,-0.9832523,0.0019521937,0.97972167,0.18175219,0.08433041,-0.08327289,-0.013455695,0.9964359,0
1357.321271724,0.148568,-0.98890156,-0.0010966319,0.9853928,0.14794734,0.08433522,-0.08323699,-0.013610131,0.99643683,0.18091401,-0.98349726,0.0018082764,0.9799662,0.18041958,0.08435038,-0.08328462,-0.013488116,0.9964345,0
1357.325452632,0.14856856,-0.9889015,-0.001103546,0.98539674,0.14794795,0.08428939,-0.083190635,-0.013610184,0.9964407,0.18022604,-0.9836236,0.0017888779,0.98009706,0.1797332,0.08429518,-0.083236255,-0.013438914,0.9964392,0
1357.32963354,0.15874562,-0.98731947,-2.3698637E-4,0.9838109,0.15816125,0.08426731,-0.08316127,-0.013610217,0.9964431,0.17961627,-0.98373526,0.0017239461,0.98021245,0.17912072,0.084257364,-0.08319574,-0.013444161,0.99644256,0
1357.333814449,0.15873858,-0.98732066,-1.6452218E-4,0.9838135,0.15816069,0.084238745,-0.08314463,-0.013533796,0.9964456,0.17961627,-0.98373526,0.0017239461,0.98021245,0.17912072,0.084257364,-0.08319574,-0.013444161,0.99644256,0
1357.337995357,0.1587364,-0.9873211,-1.4210648E-4,0.98381,0.15815978,0.08428183,-0.08319074,-0.013518398,0.9964419,0.17873503,-0.9838958,0.0016766265,0.98037106,0.17823836,0.08428284,-0.08322437,-0.01342058,0.9964405,0
1357.342176265,0.17160502,-0.98516536,9.768973E-4,0.9816471,0.17107575,0.0842738,-0.083190754,-0.013502841,0.99644214,0.17828843,-0.98397684,0.0016520014,0.980455,0.17779174,0.08425001,-0.08319378,-0.013401091,0.9964432,0
1357.346357173,0.17160214,-0.98516583,0.0010212625,0.98164755,0.17107667,0.08426611,-0.083190806,-0.013457725,0.99644274,0.17815922,-0.9840003,0.0016478552,0.9804782,0.17766261,0.08425324,-0.08319797,-0.013394805,0.99644303,0
1357.350538081,0.17160067,-0.9851661,0.0010441159,0.98165184,0.1710778,0.08421537,-0.08314475,-0.013426455,0.9964471,0.17815922,-0.9840003,0.0016478552,0.9804782,0.17766261,0.08425324,-0.08319797,-0.013394805,0.99644303,0
1357.35471899,0.16641784,-0.9860552,5.970205E-4,0.9825372,0.16587514,0.08429824,-0.08322173,-0.013442134,0.9964404,0.17791219,-0.98404497,0.0016425466,0.98052466,0.17741632,0.08423068,-0.08317819,-0.013375108,0.9964449,0
1357.358899898,0.16641746,-0.98605525,6.021859E-4,0.9825346,0.16587478,0.084328696,-0.08325263,-0.013442098,0.9964378,0.17767833,-0.9840873,0.0016130935,0.98057103,0.17718147,0.084184915,-0.08313112,-0.013376083,0.9964488,0
1357.363050288,0.16641591,-0.9860554,6.235146E-4,0.9825387,0.1658757,0.0842781,-0.08320631,-0.013412593,0.9964421,0.17746174,-0.9841264,0.001592936,0.980614,0.17696457,0.084140666,-0.083086945,-0.013369694,0.99645257,0
1357.368390865,0.18108691,-0.98346525,0.0019295275,0.979941,0.18060328,0.084250964,-0.08320636,-0.0133659225,0.99644274,0.17746174,-0.9841264,0.001592936,0.980614,0.17696457,0.084140666,-0.083086945,-0.013369694,0.99645257,0
1357.373731441,0.18108143,-0.9834661,0.0019792498,0.97993934,0.18060167,0.08427323,-0.08323732,-0.013320772,0.99644077,0.1776274,-0.98409665,0.0015190784,0.98059165,0.17712453,0.08406523,-0.082997374,-0.013442693,0.99645907,0
1357.379041499,0.1810831,-0.98346585,0.0019640357,0.979939,0.18060201,0.08427603,-0.0832373,-0.013336328,0.9964405,0.17772895,-0.98407835,0.0015057921,0.9805784,0.1772254,0.08400694,-0.08293628,-0.013453918,0.9964641,0
1357.384382076,0.1221048,-0.9925124,-0.0030977232,0.9890207,0.12141229,0.08424418,-0.08323728,-0.01335033,0.9964403,0.17778493,-0.9840682,0.0015249243,0.98056823,0.1772828,0.08400485,-0.082936846,-0.0134395035,0.9964642,0
1357.389692134,0.12210495,-0.99251235,-0.0030996175,0.98902196,0.1214125,0.08422884,-0.08322184,-0.013350348,0.9964416,0.17778493,-0.9840682,0.0015249243,0.98056823,0.1772828,0.08400485,-0.082936846,-0.0134395035,0.9964642,0
1357.39503271,0.122103736,-0.9925125,-0.0030838647,0.98902076,0.12141241,0.08424248,-0.0832373,-0.013336328,0.9964405,0.17551374,-0.98447603,0.001340556,0.9809789,0.17500465,0.083986275,-0.08291708,-0.01342569,0.996466,0
1357.400373287,0.16539958,-0.9862265,5.9029215E-4,0.98270655,0.16485971,0.084316745,-0.08325272,-0.01336587,0.99643886,0.17443892,-0.9846672,0.001253684,0.98116684,0.17392579,0.08403314,-0.08296272,-0.013428576,0.99646217,0
1357.405683345,0.16539899,-0.98622656,5.9515005E-4,0.98270416,0.16485915,0.0843457,-0.08328208,-0.013365838,0.9964365,0.17425291,-0.9847001,0.0012988048,0.9811998,0.17374434,0.08402301,-0.082963124,-0.013366869,0.99646294,0
1357.410779781,0.165405,-0.98622555,5.445565E-4,0.9827055,0.1648612,0.084324405,-0.08325267,-0.013412541,0.9964382,0.17425291,-0.9847001,0.0012988048,0.9811998,0.17374434,0.08402301,-0.082963124,-0.013366869,0.99646294,0
1357.415174312,0.16430996,-0.9864086,4.367389E-4,0.9828891,0.16376105,0.08432725,-0.08325265,-0.013426541,0.99643797,0.17389148,-0.98476416,0.0011872742,0.9812721,0.17337607,0.08393946,-0.082866415,-0.013431318,0.99647015,0
1357.419568843,0.16430968,-0.98640865,4.3902593E-4,0.98288804,0.16376078,0.08434097,-0.08326656,-0.013426527,0.9964369,0.17373557,-0.98479164,0.0011994904,0.98130095,0.17322199,0.08391961,-0.082851104,-0.013402761,0.99647176,0
1357.423963374,0.16431352,-0.98640805,4.0623624E-4,0.9828886,0.163762,0.084332325,-0.083252616,-0.013457657,0.9964376,0.17353803,-0.9848265,0.0011517787,0.98133326,0.17302068,0.08395735,-0.08288271,-0.013439517,0.99646866,0
1357.428357906,0.19356711,-0.9810827,0.0029280484,0.97754586,0.19312094,0.08431146,-0.08328198,-0.013457623,0.99643517,0.17353803,-0.9848265,0.0011517787,0.98133326,0.17302068,0.08395735,-0.08288271,-0.013439517,0.99646866,0
1357.432752437,0.19357024,-0.9810821,0.0028946556,0.97754645,0.19312139,0.08430228,-0.08326649,-0.013488755,0.996436,0.17432196,-0.98468786,0.0012772018,0.9811906,0.17381178,0.083990514,-0.08292643,-0.013388213,0.9964657,0
1357.437146968,0.19357179,-0.9810818,0.0028782792,0.97754735,0.19312172,0.08429133,-0.08325257,-0.013502772,0.996437,0.17466654,-0.9846267,0.001347905,0.9811322,0.17416157,0.08394782,-0.08289202,-0.013340403,0.9964692,0
1357.441541499,0.2070965,-0.97831213,0.0040361052,0.97477573,0.20669524,0.084198035,-0.083206214,-0.013502824,0.9964409,0.17505422,-0.9845579,0.0013145711,0.98106337,0.17454499,0.08395711,-0.08289009,-0.01340737,0.9964685,0
1357.445936031,0.20709541,-0.9783124,0.0040457114,0.974772,0.20669435,0.08424338,-0.08325257,-0.013502772,0.996437,0.17505422,-0.9845579,0.0013145711,0.98106337,0.17454499,0.08395711,-0.08289009,-0.01340737,0.9964685,0
1357.450330562,0.20709716,-0.9783121,0.004030583,0.97477174,0.2066948,0.08424658,-0.08325255,-0.013518329,0.99643683,0.17627324,-0.9843403,0.0013902849,0.9808441,0.17576577,0.083971284,-0.08290068,-0.013438238,0.9964672,0
1357.454725093,0.15516528,-0.98788846,-4.336527E-4,0.9843718,0.15457588,0.0843708,-0.083281904,-0.013518294,0.9964343,0.17687331,-0.9842326,0.0014395928,0.98073703,0.17636794,0.083959304,-0.08288938,-0.013438297,0.9964681,0
1357.459119624,0.15516602,-0.98788834,-4.3819397E-4,0.9843742,0.15457666,0.08434181,-0.08325255,-0.013518329,0.99643683,0.17640422,-0.98431677,0.0014453074,0.9808151,0.17590007,0.08402874,-0.08296513,-0.013405447,0.9964622,0
1357.463514156,0.15517056,-0.9878876,-4.6647657E-4,0.98437226,0.15457855,0.08436033,-0.083266415,-0.013549426,0.99643517,0.17640422,-0.98431677,0.0014453074,0.9808151,0.17590007,0.08402874,-0.08296513,-0.013405447,0.9964622,0
1357.467908687,0.2395683,-0.9708554,0.006836665,0.967301,0.2392834,0.08409696,-0.08328189,-0.013533852,0.99643415,0.17558718,-0.984463,0.0013376679,0.9809612,0.1750768,0.08404338,-0.0829718,-0.013444738,0.9964612,0
1357.472303218,0.2395683,-0.9708554,0.006836665,0.967301,0.2392834,0.08409696,-0.08328189,-0.013533852,0.99643415,0.17687058,-0.984233,0.00145943,0.98073083,0.17636584,0.08403638,-0.08296877,-0.013432256,0.9964616,0
1357.476697749,0.23956682,-0.97085565,0.0068591814,0.9672987,0.23928344,0.08412325,-0.08331282,-0.013518261,0.99643177,0.17811927,-0.98400766,0.0015622424,0.9805043,0.17761853,0.08404177,-0.08297522,-0.0134376725,0.996461,0
1357.481092281,0.17522392,-0.9845277,0.0012785384,0.9809972,0.17470516,0.0843952,-0.083312795,-0.013533818,0.9964316,0.17811927,-0.98400766,0.0015622424,0.9805043,0.17761853,0.08404177,-0.08297522,-0.0134376725,0.996461,0
1357.485486812,0.17521967,-0.98452854,0.0013089204,0.980998,0.17470352,0.0843898,-0.08331283,-0.013502703,0.99643195,0.1779778,-0.9840333,0.0015569972,0.980528,0.17747684,0.08406404,-0.08299814,-0.013434853,0.9964591,0
1357.489881343,0.17522392,-0.9845277,0.0012785384,0.9809972,0.17470516,0.0843952,-0.083312795,-0.013533818,0.9964316,0.17792259,-0.98404324,0.0015902929,0.9805367,0.17742448,0.08407306,-0.083013676,-0.013399156,0.9964583,0
1357.494275874,0.26194572,-0.96504223,0.008832019,0.96147734,0.26174656,0.0839657,-0.08334219,-0.01350267,0.99642956,0.17786866,-0.984053,0.0015392806,0.9805483,0.17736666,0.08406013,-0.08299264,-0.0134423245,0.9964595,0
1357.498670406,0.2619496,-0.9650414,0.008798534,0.96147734,0.26174766,0.08396038,-0.08332824,-0.013533799,0.9964302,0.17786866,-0.984053,0.0015392806,0.9805483,0.17736666,0.08406013,-0.08299264,-0.0134423245,0.9964595,0
1357.503064937,0.26194695,-0.965042,0.008821272,0.9614755,0.2617466,0.083985835,-0.08335879,-0.013518398,0.9964279,0.18124592,-0.9834361,0.0018390641,0.97993284,0.18075739,0.08401469,-0.0829555,-0.013425161,0.9964628,0
1357.507459468,0.23110667,-0.97290903,0.0061308183,0.96935225,0.23079242,0.08420851,-0.08334217,-0.013518227,0.9964293,0.18288794,-0.98313177,0.0019548712,0.9796294,0.1824034,0.083995834,-0.08293555,-0.013446775,0.9964642,0
1357.511853999,0.23110588,-0.9729093,0.0061390838,0.969355,0.23079275,0.084176384,-0.08331283,-0.013502703,0.99643195,0.18387538,-0.98294747,0.0020280406,0.97944427,0.18339336,0.083999254,-0.082938775,-0.013459043,0.9964637,0
1357.516248531,0.23110658,-0.9729091,0.006131926,0.96935743,0.23079325,0.084146306,-0.08328192,-0.0135027375,0.9964345,0.18387538,-0.98294747,0.0020280406,0.97944427,0.18339336,0.083999254,-0.082938775,-0.013459043,0.9964637,0
1357.520643062,0.23110375,-0.97290957,0.006160549,0.9693581,0.23079292,0.08413952,-0.083281964,-0.013473181,0.996435,0.18576522,-0.98259175,0.0021809014,0.97908676,0.18528903,0.084007256,-0.08294894,-0.013470335,0.99646276,0
1357.525037593,0.23110558,-0.9729093,0.0061419075,0.969359,0.23079333,0.08412806,-0.08326649,-0.013488755,0.996436,0.18670277,-0.9824138,0.0022739163,0.97890365,0.18623023,0.084059484,-0.08300467,-0.013468193,0.9964581,0
1357.529432124,0.23110725,-0.97290903,0.006125127,0.9693598,0.23079374,0.08411776,-0.08325257,-0.013502772,0.996437,0.18762691,-0.9822377,0.0022954466,0.9787269,0.18715274,0.08406847,-0.08300482,-0.0135268895,0.99645734,0
1357.533826656,0.1961405,-0.98057085,0.0031258527,0.97703654,0.19570215,0.084262565,-0.08323715,-0.01347323,0.9964386,0.18762691,-0.9822377,0.0022954466,0.9787269,0.18715274,0.08406847,-0.08300482,-0.0135268895,0.99645734,0
1357.538221187,0.19613841,-0.98057115,0.0031501697,0.9770396,0.19570258,0.08422619,-0.08320627,-0.01344215,0.9964416,0.18801983,-0.9821624,0.0023666145,0.9786496,0.18754998,0.08408243,-0.08302646,-0.013493078,0.99645597,0
1357.542615718,0.19613841,-0.98057115,0.0031501697,0.9770396,0.19570258,0.08422619,-0.08320627,-0.01344215,0.9964416,0.18817781,-0.98213214,0.0023660315,0.9786163,0.18770683,0.08412051,-0.083061576,-0.013514176,0.99645275,0
1357.547010249,0.2093119,-0.9778395,0.004287053,0.97430235,0.20892379,0.08417598,-0.08320627,-0.01344215,0.9964416,0.18830962,-0.9821068,0.0023804158,0.9785871,0.18783876,0.0841654,-0.083106555,-0.013519712,0.99644893,0
1357.551404781,0.20931278,-0.97783935,0.0042816643,0.97429824,0.2089236,0.08422454,-0.083252616,-0.013457657,0.9964376,0.18830962,-0.9821068,0.0023804158,0.9785871,0.18783876,0.0841654,-0.083106555,-0.013519712,0.99644893,0
1357.555799312,0.20931567,-0.9778388,0.0042633754,0.9742989,0.2089251,0.08421267,-0.08323715,-0.01347323,0.9964386,0.18918373,-0.98193866,0.0024485262,0.9784173,0.18871519,0.0841798,-0.08312147,-0.013529768,0.9964475,0
1357.560193843,0.21775603,-0.9759904,0.004999891,0.9724449,0.21739632,0.08420119,-0.08326651,-0.013473198,0.99643624,0.18959618,-0.9818591,0.0024440615,0.9783376,0.18912572,0.084184095,-0.08311916,-0.013569864,0.9964472,0
1357.564588374,0.21775171,-0.9759912,0.0050436007,0.9724406,0.21739495,0.08425476,-0.08332835,-0.013442014,0.9964315,0.19019309,-0.9817435,0.0025017252,0.9782247,0.18972582,0.08414612,-0.083084546,-0.013556761,0.99645025,0
1357.568982906,0.2177529,-0.975991,0.005031525,0.9724391,0.21739489,0.0842717,-0.08334224,-0.013457555,0.9964301,0.19019309,-0.9817435,0.0025017252,0.9782247,0.18972582,0.08414612,-0.083084546,-0.013556761,0.99645025,0
1357.573377437,0.24534707,-0.96940684,0.007424997,0.96584743,0.2450902,0.08408084,-0.08332834,-0.013457571,0.9964313,0.19129302,-0.9815294,0.002640075,0.9780113,0.19083364,0.08412094,-0.083070986,-0.013509724,0.99645203,0
1357.577771968,0.245344,-0.9694075,0.007443317,0.96584696,0.24508855,0.084090516,-0.083342254,-0.0134419985,0.99643034,0.19239378,-0.981314,0.002729455,0.9777957,0.19193795,0.08411481,-0.08306693,-0.013514316,0.99645233,0
1357.582166499,0.24534144,-0.9694081,0.007458526,0.9658423,0.24508645,0.08415161,-0.08340523,-0.013442116,0.9964251,0.19348615,-0.98109883,0.0028728126,0.9775782,0.19303817,0.084126115,-0.08309059,-0.013468839,0.99645096,0
1357.586561031,0.2647651,-0.9642701,0.009090827,0.96070063,0.2645768,0.08398528,-0.08338971,-0.0135028055,0.9964255,0.19348615,-0.98109883,0.0028728126,0.9775782,0.19303817,0.084126115,-0.08309059,-0.013468839,0.99645096,0
1357.590955562,0.2647641,-0.96427023,0.009104293,0.9607009,0.26457697,0.08398158,-0.08338972,-0.013488805,0.99642575,0.19628099,-0.9805427,0.0031084036,0.9770224,0.1958429,0.084099606,-0.08307202,-0.013470174,0.9964525,0
1357.595350093,0.26476327,-0.96427035,0.0091151465,0.9607025,0.2645773,0.08396258,-0.08337429,-0.013473266,0.99642724,0.19766153,-0.98026514,0.0032016542,0.9767451,0.19722639,0.084087804,-0.08305979,-0.013493721,0.9964532,0
1357.599744624,0.16092545,-0.98696655,1.5063614E-4,0.9834387,0.16036312,0.084450856,-0.08337432,-0.01344215,0.9964276,0.19896974,-0.9800002,0.003258721,0.97647846,0.19853438,0.08410627,-0.08307113,-0.013552531,0.99645144,0
1357.604139156,0.16092618,-0.9869665,1.4340797E-4,0.9834426,0.16036387,0.08440546,-0.08332835,-0.013442014,0.9964315,0.19896974,-0.9800002,0.003258721,0.97647846,0.19853438,0.08410627,-0.08307113,-0.013552531,0.99645144,0
1357.608533687,0.16092618,-0.9869665,1.4340797E-4,0.9834426,0.16036387,0.08440546,-0.08332835,-0.013442014,0.9964315,0.19740184,-0.9803178,0.0030797701,0.97679687,0.1969571,0.08411751,-0.083068475,-0.013596639,0.9964511,0
1357.612928218,0.19356745,-0.9810827,0.002924546,0.97754073,0.19312014,0.08437357,-0.083342224,-0.013473112,0.9964299,0.1966568,-0.9804677,0.0030512856,0.9769534,0.19621347,0.08403786,-0.08299511,-0.013545654,0.9964579,0
1357.617322749,0.19356717,-0.98108274,0.0029275443,0.9775394,0.1931199,0.08438872,-0.08335767,-0.013473094,0.9964286,0.19660814,-0.9804772,0.0031062858,0.97696066,0.19616932,0.08405602,-0.083024375,-0.01349138,0.99645615,0
1357.621717281,0.19356987,-0.9810822,0.0028987098,0.97753876,0.1931201,0.08439558,-0.0833588,-0.013502841,0.99642813,0.19660814,-0.9804772,0.0031062858,0.97696066,0.19616932,0.08405602,-0.083024375,-0.01349138,0.99645615,0
1357.626111812,0.15917464,-0.9872504,-8.4924715E-5,0.98372877,0.15859959,0.084402375,-0.08331282,-0.013518261,0.99643177,0.19648312,-0.98050237,0.0030793343,0.9769851,0.19604233,0.08406843,-0.08303298,-0.013509567,0.9964552,0
1357.630506343,0.15917645,-0.98725015,-1.051555E-4,0.9837312,0.15860009,0.08437432,-0.08328189,-0.013533852,0.99643415,0.1957533,-0.9806486,0.0029961644,0.9771319,0.19530818,0.0840708,-0.08302909,-0.013529491,0.99645525,0
1357.634900874,0.15917435,-0.98725045,-8.171152E-5,0.98373526,0.15860063,0.08432517,-0.08323711,-0.013502789,0.99643826,0.19499765,-0.98079926,0.0029591229,0.97728145,0.19455194,0.08408682,-0.083047986,-0.013504835,0.996454,0
1357.639295406,0.23769882,-0.9713159,0.0066822744,0.9677646,0.23740818,0.08407782,-0.08325255,-0.013518329,0.99643683,0.19499765,-0.98079926,0.0029591229,0.97728145,0.19455194,0.08408682,-0.083047986,-0.013504835,0.996454,0
1357.643689937,0.23769571,-0.9713165,0.0067079375,0.96776146,0.23740666,0.08411766,-0.08329738,-0.013502721,0.99643326,0.19676754,-0.98044497,0.0031861346,0.97692215,0.1963339,0.084119804,-0.08310039,-0.013439444,0.99645054,0
1357.648084468,0.23769979,-0.9713157,0.0066742436,0.9677618,0.23740803,0.08411,-0.08328189,-0.013533852,0.99643415,0.19758528,-0.98028034,0.0032509584,0.9767591,0.19715443,0.08409393,-0.08307657,-0.01344032,0.9964525,0
1357.652478999,0.1806256,-0.9835504,0.0017196336,0.98002094,0.1801249,0.08434409,-0.083266415,-0.013549426,0.99643517,0.19837338,-0.9801208,0.0033618584,0.9765959,0.19794852,0.084123716,-0.08311688,-0.013404728,0.99644965,0
1357.656873531,0.18062723,-0.9835502,0.0017044145,0.9800207,0.1801252,0.0843469,-0.08326641,-0.013564983,0.996435,0.19837338,-0.9801208,0.0033618584,0.9765959,0.19794852,0.084123716,-0.08311688,-0.013404728,0.99644965,0
1357.661268062,0.18062778,-0.98355,0.0016991039,0.980023,0.18012571,0.08431802,-0.083237045,-0.013565017,0.9964375,0.1977517,-0.9802465,0.003345346,0.9767177,0.19732708,0.08416955,-0.083167024,-0.013377211,0.99644583,0
1357.665662593,0.13533649,-0.9907974,-0.002165365,0.987296,0.13467394,0.08432011,-0.08325252,-0.013549443,0.9964365,0.19737315,-0.9803229,0.003303309,0.9767941,0.19694634,0.08417467,-0.083168924,-0.013387166,0.99644554,0
1357.670057124,0.13533603,-0.9907974,-0.0021613883,0.9872934,0.1346734,0.084349185,-0.083281875,-0.013549409,0.9964339,0.19616234,-0.98056626,0.0031731222,0.97704494,0.19573006,0.08410011,-0.08308681,-0.013396993,0.9964522,0
1357.674451656,0.13533823,-0.99079704,-0.002180686,0.98729557,0.13467437,0.08432219,-0.0832525,-0.013564999,0.9964362,0.19616234,-0.98056626,0.0031731222,0.97704494,0.19573006,0.08410011,-0.08308681,-0.013396993,0.9964522,0
1357.678846187,0.17524588,-0.98452395,0.0012362708,0.9809998,0.17472447,0.08432607,-0.083237045,-0.013565017,0.9964375,0.19375198,-0.98104596,0.0029817037,0.97752225,0.1933118,0.084147505,-0.08312898,-0.013389066,0.9964488,0
1357.683240718,0.17524622,-0.98452383,0.0012335638,0.981001,0.17472479,0.08431087,-0.0832216,-0.013565035,0.9964388,0.19339584,-0.98111635,0.002958512,0.9775972,0.19295572,0.08409409,-0.083076954,-0.013371214,0.9964534,0
1357.687635249,0.17524855,-0.98452336,0.0012152264,0.98099536,0.1747247,0.08437532,-0.08328182,-0.013594524,0.9964333,0.19301985,-0.98119044,0.0029406315,0.977676,0.19258034,0.08403881,-0.08302439,-0.013346173,0.9964582,0
1357.692029781,0.274738,-0.96146894,0.0098300725,0.95790565,0.27457672,0.08381208,-0.08328181,-0.013610081,0.9964331,0.19301985,-0.98119044,0.0029406315,0.977676,0.19258034,0.08403881,-0.08302439,-0.013346173,0.9964582,0
1357.696424312,0.27473676,-0.9614691,0.009840689,0.9579073,0.2745766,0.08379297,-0.08326637,-0.013594541,0.99643457,0.19632964,-0.9805327,0.0032036575,0.9770182,0.19590046,0.0840138,-0.083005875,-0.013364369,0.9964594,0
1357.700818843,0.27473676,-0.9614691,0.009840689,0.9579073,0.2745766,0.08379297,-0.08326637,-0.013594541,0.99643457,0.19794746,-0.98020697,0.003344207,0.9766899,0.19752389,0.08403126,-0.083028585,-0.013367521,0.9964575,0
1357.705213374,0.13206737,-0.99123776,-0.0024854585,0.9877361,0.13138933,0.08434749,-0.08328182,-0.013594524,0.9964333,0.19950627,-0.9798905,0.003445671,0.97637457,0.19908583,0.08400878,-0.0830054,-0.013396012,0.99645907,0
1357.709607906,0.13206495,-0.991238,-0.0024639997,0.98773235,0.13138811,0.08439137,-0.083328195,-0.013578913,0.9964296,0.19950627,-0.9798905,0.003445671,0.97637457,0.19908583,0.08400878,-0.0830054,-0.013396012,0.99645907,0
1357.714002437,0.13206387,-0.9912382,-0.0024542864,0.98773515,0.13138829,0.084358916,-0.08329731,-0.013564949,0.9964324,0.1968064,-0.9804369,0.0032732794,0.9769293,0.1963825,0.083922856,-0.08292388,-0.013318793,0.9964669,0
1357.718396968,0.21912499,-0.9756837,0.0050540455,0.9721333,0.21876405,0.08425592,-0.08331277,-0.0135493735,0.9964313,0.19547918,-0.9807027,0.0031814575,0.977195,0.19505231,0.083930984,-0.08293189,-0.013297855,0.9964665,0
1357.722791499,0.21912357,-0.9756839,0.0050691594,0.9721337,0.21876398,0.08425253,-0.083312795,-0.013533818,0.9964316,0.19598985,-0.9806004,0.0032716012,0.9770929,0.19556879,0.083917856,-0.082929716,-0.013250389,0.9964673,0
1357.727186031,0.21912043,-0.97568446,0.0051028086,0.9721383,0.21876438,0.08419748,-0.08326649,-0.013488755,0.996436,0.19644931,-0.9805082,0.003353416,0.9769992,0.1960333,0.08392485,-0.08294639,-0.013210695,0.99646646,0
1357.731580562,0.2191239,-0.97568387,0.0050657657,0.9721349,0.21876422,0.08423746,-0.08329734,-0.013533834,0.99643284,0.19693112,-0.9804113,0.0034201462,0.9768998,0.19651861,0.0839479,-0.082975596,-0.013190815,0.99646425,0
1357.735975093,0.21912532,-0.9756837,0.005050652,0.97213465,0.21876432,0.084240854,-0.08329733,-0.013549392,0.99643266,0.19743803,-0.98030907,0.0035201805,0.9767966,0.19703205,0.08394502,-0.08298565,-0.013135438,0.9964642,0
1357.740369624,0.21912043,-0.97568446,0.0051028086,0.9721383,0.21876438,0.08419748,-0.08326649,-0.013488755,0.996436,0.19786797,-0.98022205,0.0035944944,0.976702,0.19746552,0.084027365,-0.08307527,-0.013115574,0.996457,0
1357.744764156,0.17215428,-0.98506945,0.0010510674,0.9815445,0.17162824,0.08434542,-0.08326649,-0.013488755,0.996436,0.19786797,-0.98022205,0.0035944944,0.976702,0.19746552,0.084027365,-0.08307527,-0.013115574,0.996457,0
1357.749158687,0.17214644,-0.9850708,0.0011146114,0.9815447,0.17162567,0.08435001,-0.083282016,-0.01342651,0.9964356,0.19691002,-0.98041534,0.0034900727,0.9768973,0.19650254,0.084014684,-0.08305509,-0.013133891,0.9964584,0
1357.753553218,0.17214797,-0.9850705,0.00110205,0.98154306,0.17162591,0.08436789,-0.083297454,-0.01344205,0.99643415,0.19641586,-0.9805147,0.003426237,0.9769956,0.19600457,0.08403473,-0.083068855,-0.013158336,0.996457,0
1357.757947749,0.18068284,-0.98353976,0.0018487149,0.9800092,0.18019277,0.084337115,-0.083282016,-0.01342651,0.9964356,0.19592255,-0.98061347,0.003387833,0.97708887,0.1955089,0.08410458,-0.08313644,-0.01316777,0.99645114,0
1357.762342281,0.18068083,-0.98354,0.0018777252,0.98000944,0.18019326,0.084331796,-0.083282046,-0.01339695,0.99643594,0.19592255,-0.98061347,0.003387833,0.97708887,0.1955089,0.08410458,-0.08313644,-0.01316777,0.99645114,0
1357.766736812,0.18067873,-0.9835403,0.0019082624,0.9800099,0.1801938,0.08432621,-0.08328208,-0.013365838,0.9964365,0.19523145,-0.9807514,0.0033743149,0.97722965,0.19481964,0.084067866,-0.08310706,-0.01311521,0.9964543,0
1357.771131343,0.20858231,-0.9779953,0.0043213363,0.9744499,0.2081985,0.08426758,-0.08331299,-0.013365803,0.99643385,0.1949043,-0.9808165,0.0033596596,0.97729623,0.19449267,0.08405143,-0.08309246,-0.013098601,0.9964558,0
1357.775525874,0.2085827,-0.9779952,0.00431811,0.974451,0.2081988,0.08425246,-0.08329753,-0.013365819,0.99643505,0.19514744,-0.98076814,0.0033664517,0.97725075,0.19473594,0.08401698,-0.08305674,-0.01310583,0.99645865,0
1357.779920406,0.20858102,-0.97799546,0.0043332377,0.9744513,0.20819843,0.084249236,-0.08329755,-0.013350262,0.9964353,0.19514744,-0.98076814,0.0033664517,0.97725075,0.19473594,0.08401698,-0.08305674,-0.01310583,0.99645865,0
1357.784314937,0.17757882,-0.9841052,0.0016262253,0.98057634,0.1770814,0.08433457,-0.08328207,-0.013381395,0.99643624,0.19564444,-0.98066866,0.0034854552,0.9771501,0.19524108,0.08401494,-0.08307132,-0.0130312415,0.99645835,0
1357.788709468,0.17758043,-0.98410493,0.0016137696,0.98057467,0.17708172,0.08435251,-0.0832975,-0.013396934,0.9964347,0.19529308,-0.9807387,0.0034876429,0.97722286,0.19489163,0.083980806,-0.08304294,-0.012992669,0.9964613,0
1357.793103999,0.17758238,-0.9841046,0.0015985705,0.9805743,0.17708237,0.08435526,-0.08329748,-0.0134124905,0.9964345,0.19491735,-0.9808135,0.0034644231,0.977297,0.19451517,0.08399036,-0.08305277,-0.012985408,0.9964605,0
1357.797498531,0.20419717,-0.97892207,0.0039084945,0.9753796,0.2037947,0.08427738,-0.0832975,-0.013396934,0.9964347,0.19491735,-0.9808135,0.0034644231,0.977297,0.19451517,0.08399036,-0.08305277,-0.012985408,0.9964605,0
1357.801893062,0.20419762,-0.97892195,0.0038964346,0.9753781,0.20379391,0.08429566,-0.083312936,-0.013412475,0.99643326,0.19525398,-0.98074627,0.0035529071,0.977229,0.194858,0.08398716,-0.0830624,-0.012926824,0.9964605,0
1357.806287593,0.20419693,-0.97892207,0.003914851,0.9753769,0.20379458,0.08430762,-0.0833284,-0.013396899,0.99643207,0.19544686,-0.9807079,0.0035560364,0.97719365,0.1950509,0.083951466,-0.08302546,-0.012933113,0.99646354,0
1357.810682124,0.1776415,-0.98409396,0.0016399368,0.98056114,0.1771444,0.08438008,-0.083328426,-0.013381343,0.99643236,0.19561796,-0.9806738,0.0035348162,0.9771653,0.19522047,0.083886206,-0.08295508,-0.012955548,0.9964691,0
1357.815076656,0.17764223,-0.98409384,0.001631678,0.98056495,0.17714503,0.08433447,-0.08328207,-0.013381395,0.99643624,0.19561796,-0.9806738,0.0035348162,0.9771653,0.19522047,0.083886206,-0.08295508,-0.012955548,0.9964691,0
1357.819471187,0.17764111,-0.98409396,0.001644175,0.9805663,0.1771452,0.084316514,-0.08326663,-0.0133658545,0.99643767,0.1949425,-0.9808088,0.0033913255,0.9773,0.19453524,0.08390886,-0.08295829,-0.013043063,0.99646765,0
1357.823865718,0.17829774,-0.98397505,0.0017187919,0.9804458,0.17780554,0.08432783,-0.0832821,-0.01335028,0.9964366,0.19460629,-0.9808756,0.003372942,0.9773673,0.19419876,0.08390464,-0.08295503,-0.013031766,0.99646807,0
1357.828260249,0.17830099,-0.98397464,0.0016785415,0.9804427,0.1778049,0.084366515,-0.08331295,-0.013396917,0.9964334,0.19427139,-0.98094213,0.0033381218,0.9774322,0.19386186,0.083927944,-0.08297559,-0.013042009,0.9964662,0
1357.832654781,0.17830198,-0.9839744,0.001666047,0.9804411,0.1778046,0.08438446,-0.08332838,-0.013412456,0.9964319,0.19427139,-0.98094213,0.0033381218,0.9774322,0.19386186,0.083927944,-0.08297559,-0.013042009,0.9964662,0
1357.837049312,0.2681053,-0.9633435,0.009427612,0.95978314,0.2679348,0.083828904,-0.083282016,-0.01342651,0.9964356,0.19367519,-0.98106,0.003350866,0.9775482,0.19326863,0.08394528,-0.08300297,-0.012982483,0.9964647,0
1357.841443843,0.26810393,-0.96334374,0.009449407,0.95978105,0.26793492,0.08385493,-0.083312936,-0.013412475,0.99643326,0.19520317,-0.98075664,0.003494285,0.9772476,0.19480367,0.08389691,-0.08296315,-0.012962161,0.99646837,0
1357.845838374,0.26810366,-0.9633437,0.00945357,0.95977956,0.2679348,0.08386979,-0.08332838,-0.013412456,0.9964319,0.19667803,-0.98046136,0.0036340198,0.9769501,0.19628465,0.08391016,-0.08298397,-0.012953027,0.9964667,0
1357.850232906,0.16540383,-0.9862258,5.5452756E-4,0.9827007,0.16486007,0.084383845,-0.083312936,-0.013412475,0.99643326,0.19667803,-0.98046136,0.0036340198,0.9769501,0.19628465,0.08391016,-0.08298397,-0.012953027,0.9964667,0
1357.854627437,0.16540696,-0.98622525,5.281188E-4,0.98269886,0.16486071,0.084403925,-0.08332835,-0.013442014,0.9964315,0.1954174,-0.9807138,0.0035244776,0.9772053,0.19501975,0.08388815,-0.08295761,-0.012949068,0.99646896,0
1357.859021968,0.16540202,-0.98622614,5.697727E-4,0.982701,0.16485958,0.08438129,-0.08331295,-0.013396917,0.9964334,0.19480127,-0.98083675,0.0034286082,0.97732985,0.19439802,0.083879136,-0.082938254,-0.012988882,0.99647003,0
1357.863416499,0.2209526,-0.9752699,0.005343048,0.97172093,0.22060986,0.08420106,-0.08329748,-0.0134124905,0.9964345,0.19421946,-0.9809525,0.0033160355,0.97744346,0.19380838,0.08392,-0.08296422,-0.013057659,0.996467,0
1357.867811031,0.2209526,-0.9752699,0.005343048,0.97172093,0.22060986,0.08420106,-0.08329748,-0.0134124905,0.9964345,0.19421946,-0.9809525,0.0033160355,0.97744346,0.19380838,0.08392,-0.08296422,-0.013057659,0.996467,0
1357.872205562,0.22095032,-0.97527033,0.0053615314,0.9717201,0.22060896,0.084212705,-0.08331295,-0.013396917,0.9964334,0.19523257,-0.98075104,0.0034012478,0.9772474,0.1948259,0.08384749,-0.08289617,-0.013045902,0.9964728,0
1357.876600093,0.20941362,-0.97781724,0.0043812296,0.9742701,0.20903158,0.08428221,-0.083328426,-0.013381343,0.99643236,0.19580163,-0.9806376,0.0034189327,0.97713447,0.19539447,0.08384107,-0.08288575,-0.013075462,0.9964733,0
1357.880994624,0.20941041,-0.97781795,0.0044057057,0.974267,0.20902987,0.08432277,-0.08337324,-0.013365734,0.9964287,0.19609702,-0.9805786,0.0033970037,0.9770724,0.19568646,0.08388182,-0.082917474,-0.013129858,0.9964699,0
1357.885389156,0.20941597,-0.977817,0.004363706,0.9742645,0.20903157,0.08434878,-0.08338981,-0.013412575,0.99642676,0.19609702,-0.9805786,0.0033970037,0.9770724,0.19568646,0.08388182,-0.082917474,-0.013129858,0.9964699,0
1357.889783687,0.17525585,-0.98452187,0.0014533167,0.98098123,0.17475028,0.08448841,-0.08343465,-0.01338141,0.9964234,0.19675969,-0.9804456,0.0034648553,0.97693354,0.19635153,0.08394605,-0.08298486,-0.013132265,0.99646425,0
1357.894178218,0.17525895,-0.9845214,0.001422835,0.9809807,0.17475076,0.08449383,-0.08343462,-0.013412525,0.996423,0.19636147,-0.9805255,0.0034540137,0.97701174,0.19595361,0.083965264,-0.08300691,-0.013112932,0.9964627,0
1357.898572749,0.17525613,-0.98452187,0.0014506038,0.98098254,0.17475057,0.08447321,-0.083419204,-0.013381429,0.9964248,0.19594952,-0.980608,0.0034254417,0.9770946,0.19554076,0.083964474,-0.08300605,-0.013105819,0.9964629,0
1357.902967281,0.1879642,-0.9821725,0.002567262,0.9786242,0.18750596,0.084474705,-0.083450116,-0.013365836,0.9964223,0.19594952,-0.980608,0.0034254417,0.9770946,0.19554076,0.083964474,-0.08300605,-0.013105819,0.9964629,0
1357.907361812,0.18796588,-0.98217213,0.002555005,0.9786226,0.18750638,0.08449278,-0.083465554,-0.013381376,0.99642086,0.19565088,-0.9806679,0.0033458173,0.9771545,0.19523643,0.08397498,-0.083004795,-0.013160399,0.9964622,0
1357.911756343,0.18796381,-0.9821726,0.0025701623,0.97862315,0.18750563,0.0844899,-0.083465576,-0.013365819,0.9964211,0.19550195,-0.98069763,0.0033428343,0.97718394,0.19508776,0.08397814,-0.0830093,-0.013151327,0.996462,0
1357.916150874,0.13936742,-0.9902393,-0.0016241991,0.98671687,0.13873303,0.084515795,-0.083465554,-0.013381376,0.99642086,0.19535136,-0.9807277,0.0033371532,0.97721297,0.19493707,0.08399105,-0.08302288,-0.0131466575,0.9964609,0
1357.920545406,0.13936973,-0.990239,-0.0016416421,0.9867179,0.13873406,0.08450266,-0.08345009,-0.01339695,0.99642193,0.19535136,-0.9807277,0.0033371532,0.97721297,0.19493707,0.08399105,-0.08302288,-0.0131466575,0.9964609,0
1357.924939937,0.13937147,-0.99023885,-0.0016547798,0.9867164,0.13873446,0.084520124,-0.083465524,-0.01341249,0.99642044,0.19314083,-0.98116606,0.0031305747,0.97765535,0.19271767,0.083963655,-0.0829856,-0.013156187,0.9964639,0
1357.929334468,0.21133596,-0.97740287,0.0045494316,0.9738419,0.21095897,0.08442908,-0.08348097,-0.013412472,0.99641913,0.19204308,-0.9813818,0.0030408213,0.9778684,0.19161585,0.08400468,-0.083023325,-0.013158995,0.9964607,0
1357.933728999,0.21133538,-0.9774031,0.0045556505,0.97383964,0.21095854,0.08445778,-0.08351033,-0.01341244,0.9964167,0.1924429,-0.98130345,0.0030379957,0.9777879,0.19201362,0.08403358,-0.08304578,-0.01320115,0.9964583,0
1357.938123531,0.21133417,-0.9774033,0.0045675114,0.9738412,0.21095857,0.084439404,-0.083494894,-0.0133969,0.9964182,0.1924429,-0.98130345,0.0030379957,0.9777879,0.19201362,0.08403358,-0.08304578,-0.01320115,0.9964583,0
1357.942518062,0.21133201,-0.9774035,0.0045891893,0.973839,0.21095788,0.08446633,-0.08352582,-0.013381309,0.99641585,0.1931835,-0.98115796,0.0030359868,0.9776423,0.1927513,0.08403905,-0.083040774,-0.013266848,0.9964578,0
1357.946912593,0.2113268,-0.9774045,0.0046416647,0.9738428,0.21095763,0.084423386,-0.08349498,-0.013320672,0.99641925,0.19359264,-0.9810772,0.0030794907,0.977557,0.19316195,0.0840879,-0.08309156,-0.01326842,0.9964536,0
1357.951307124,0.21132798,-0.9774043,0.004629804,0.97384113,0.21095757,0.08444175,-0.083510414,-0.0133362105,0.99641764,0.19396584,-0.98100334,0.0031266687,0.9774889,0.19353873,0.08401374,-0.08302289,-0.013239511,0.9964597,0
1357.955701656,0.18346883,-0.98302305,0.0022142637,0.9794745,0.18299688,0.08451059,-0.08348106,-0.013336243,0.99642015,0.19396584,-0.98100334,0.0031266687,0.9774889,0.19353873,0.08401374,-0.08302289,-0.013239511,0.9964597,0
1357.960096187,0.1834675,-0.98302335,0.0022295015,0.9794747,0.18299685,0.08450775,-0.083481066,-0.013320685,0.99642026,0.19359976,-0.98107576,0.0030949935,0.97756183,0.19317138,0.084010005,-0.08301804,-0.013238769,0.99646014,0
1357.964490718,0.18346862,-0.9830231,0.0022168232,0.97947335,0.18299672,0.08452426,-0.08349497,-0.013336229,0.996419,0.19340177,-0.98111486,0.0030593667,0.9775944,0.19297001,0.08409447,-0.0830967,-0.013273199,0.9964531,0
1357.968885249,0.22269262,-0.9748724,0.005631393,0.97130525,0.22236519,0.08437842,-0.08351043,-0.013320654,0.9964179,0.19319893,-0.98115486,0.0030550687,0.97763604,0.19276783,0.08407316,-0.083077714,-0.013256102,0.9964549,0
1357.973279781,0.22269307,-0.9748723,0.0056279534,0.97130656,0.22236557,0.08436336,-0.08349498,-0.013320672,0.99641925,0.19319893,-0.98115486,0.0030550687,0.97763604,0.19276783,0.08407316,-0.083077714,-0.013256102,0.9964549,0
1357.977674312,0.22269505,-0.974872,0.0056129005,0.97130615,0.22236623,0.08436682,-0.08349497,-0.013336229,0.996419,0.19437027,-0.98092306,0.0031784019,0.9773986,0.19394448,0.084127806,-0.08313934,-0.013245379,0.9964499,0
1357.982068843,0.22883809,-0.97344536,0.006109813,0.9698746,0.22852822,0.08436997,-0.08352582,-0.013381309,0.99641585,0.1949749,-0.98080283,0.003248781,0.9772761,0.19455254,0.084147826,-0.08316449,-0.013231761,0.996448,0
1357.986463374,0.22883686,-0.9734455,0.0061249104,0.96987486,0.2285283,0.084366426,-0.08352584,-0.013365752,0.99641603,0.19564117,-0.9806702,0.003246435,0.97713923,0.1952155,0.08420171,-0.08320786,-0.0133011015,0.99644345,0
1357.990857906,0.228836,-0.9734456,0.006135652,0.9698708,0.22852771,0.084412836,-0.08357348,-0.013365907,0.996412,0.19564117,-0.9806702,0.003246435,0.97713923,0.1952155,0.08420171,-0.08320786,-0.0133011015,0.99644345,0
1357.995252437,0.15246896,-0.9883082,-4.867682E-4,0.9847697,0.15188138,0.08462133,-0.083558016,-0.013381481,0.99641305,0.1969514,-0.9804076,0.0033274982,0.9768751,0.1965276,0.084213,-0.08321702,-0.013335319,0.9964422,0
1357.999646968,0.15246731,-0.98830837,-4.7146724E-4,0.98477006,0.15188107,0.08461766,-0.083556734,-0.013365717,0.9964134,0.19606085,-0.9805863,0.0032674633,0.9770525,0.19563499,0.08423342,-0.083237365,-0.013322394,0.99644065,0
1358.004041499,0.15246783,-0.9883083,-4.7618616E-4,0.9847726,0.15188162,0.08458713,-0.08352584,-0.013365752,0.99641603,0.19518323,-0.98076165,0.003188393,0.9772257,0.1947535,0.08426728,-0.08326706,-0.013331781,0.9964381,0
1358.008436031,0.1688515,-0.98564106,9.329722E-4,0.9820961,0.16832428,0.08458332,-0.08352584,-0.013365752,0.99641603,0.19518323,-0.98076165,0.003188393,0.9772257,0.1947535,0.08426728,-0.08326706,-0.013331781,0.9964381,0
1358.012830562,0.1688488,-0.9856416,9.534031E-4,0.98209393,0.16832289,0.08461116,-0.08355675,-0.013350159,0.9964136,0.19411598,-0.98097384,0.003038085,0.97744125,0.19367786,0.084247336,-0.08323284,-0.013384204,0.99644023,0
1358.017225093,0.16884255,-0.9856425,0.0010000563,0.9820858,0.16831924,0.084711045,-0.08366314,-0.013320689,0.996405,0.19357184,-0.9810813,0.0030574566,0.9775412,0.19313616,0.084330164,-0.08332525,-0.013335155,0.99643314,0
1358.021619624,0.18839642,-0.9820892,0.0027230133,0.9785216,0.18794683,0.08468358,-0.083678626,-0.013289559,0.9964041,0.19305539,-0.9811831,0.00305924,0.97764,0.19262129,0.084362894,-0.083364725,-0.013295876,0.9964304,0
1358.026014156,0.18839471,-0.9820895,0.0027505956,0.9785233,0.18794772,0.084662594,-0.08366322,-0.013258462,0.9964059,0.19305539,-0.9811831,0.00305924,0.97764,0.19262129,0.084362894,-0.083364725,-0.013295876,0.9964304,0
1358.030408687,0.1883912,-0.98209,0.0028065364,0.97851855,0.18794818,0.084714815,-0.083725065,-0.013213277,0.9964012,0.19284907,-0.9812237,0.003058361,0.9776855,0.19241643,0.084303044,-0.08330862,-0.013267648,0.99643546,0
