Time,Rot1,Rot2,Rot3,Rot4,Rot5,Rot6,Rot7,Rot8,Rot9,FRot1,FRot2,FRot3,FRot4,FRot5,FRot6,FRot7,FRot8,FRot9,Imid
1181.162172014,-0.05231653,-0.99862856,-0.0019774768,0.99853367,-0.052338947,0.013830599,-0.013915132,-0.0012510081,0.9999025,-0.024623692,-0.99969625,-0.0010161614,0.99960154,-0.024635363,0.013776797,-0.013797645,-6.7652087E-4,0.9999046,0
1181.166566546,-0.052325744,-0.9986282,-0.001934555,0.9985362,-0.052347276,0.013603837,-0.013686445,-0.0012198923,0.9999055,-0.024623692,-0.99969625,-0.0010161614,0.99960154,-0.024635363,0.013776797,-0.013797645,-6.7652087E-4,0.9999046,0
1181.170961077,-0.050150763,-0.99873984,-0.0018962465,0.99864596,-0.050172146,0.013745528,-0.013823345,-0.0012043302,0.99990374,-0.025725763,-0.9996686,-9.7215193E-4,0.9995733,-0.02573675,0.013821207,-0.013841646,-6.1617594E-4,0.99990404,0
1181.175355608,-0.0501505,-0.9987399,-0.001897558,0.9986413,-0.050172303,0.014081913,-0.014159372,-0.0011887648,0.999899,-0.026181486,-0.9996567,-0.0010240782,0.99955595,-0.026193403,0.014209984,-0.014231929,-6.5158494E-4,0.9998985,0
1181.179750139,-0.050118852,-0.99874115,-0.002051499,0.9986383,-0.050143257,0.014395086,-0.014479834,-0.0013272403,0.99989426,-0.026602102,-0.9996454,-0.0011806395,0.9995404,-0.026616447,0.014511095,-0.0145373745,-7.940713E-4,0.999894,0
1181.184144671,-0.014711067,-0.9998904,-0.0016476794,0.9997853,-0.014733521,0.014564693,-0.014587374,-0.0014330636,0.99989253,-0.026602102,-0.9996454,-0.0011806395,0.9995404,-0.026616447,0.014511095,-0.0145373745,-7.940713E-4,0.999894,0
1181.188539202,-0.014695742,-0.99989045,-0.0017232418,0.999786,-0.014719253,0.014532485,-0.01455626,-0.0015093075,0.99989295,-0.02613548,-0.9996574,-0.0013968269,0.99955124,-0.026153114,0.014608444,-0.014639971,-0.0010144013,0.9998923,0
1181.192933733,-0.0146959275,-0.9998905,-0.0017223285,0.9997869,-0.014719333,0.014471618,-0.014495386,-0.0015092877,0.9998938,-0.025874315,-0.9996642,-0.0014091685,0.99956,-0.025892017,0.014471705,-0.014503332,-0.001034103,0.99989426,0
1181.197328264,-0.03515223,-0.99938023,-0.0018608917,0.9992788,-0.035175294,0.014301899,-0.014358493,-0.0013568059,0.999896,-0.025714029,-0.99966854,-0.0012766694,0.9995661,-0.02572971,0.014344177,-0.0143722715,-9.072687E-4,0.9998963,0
1181.201722796,-0.035173822,-0.99937963,-0.001779579,0.9992803,-0.035195526,0.01415063,-0.014204484,-0.0012805664,0.9998983,-0.025714029,-0.99966854,-0.0012766694,0.9995661,-0.02572971,0.014344177,-0.0143722715,-9.072687E-4,0.9998963,0
1181.206117327,-0.035214704,-0.99937844,-0.0016256148,0.9992797,-0.03523415,0.014095301,-0.014143816,-0.0011280822,0.9998993,-0.026062032,-0.9996598,-0.0010879228,0.9995598,-0.02607483,0.014151142,-0.014174694,-7.186364E-4,0.99989927,0
1181.210511858,-0.07564303,-0.9971326,-0.0021949497,0.9970347,-0.075666465,0.014017928,-0.014143816,-0.0011280822,0.9998993,-0.026314775,-0.99965304,-0.0011257967,0.9995536,-0.02632806,0.014121467,-0.014146208,-7.5369095E-4,0.9998996,0
1181.214906389,-0.07564432,-0.9971325,-0.0021891997,0.9970356,-0.07566758,0.013941916,-0.014067588,-0.0011280833,0.9999004,-0.027376698,-0.9996246,-0.0011204662,0.99952453,-0.027389832,0.0141626885,-0.014188061,-7.3220575E-4,0.9998991,0
1181.219300921,-0.07561391,-0.9971345,-0.0023241446,0.99703825,-0.07563904,0.013916112,-0.01405203,-0.0012650094,0.9999005,-0.028383635,-0.9995963,-0.0012453891,0.99949664,-0.028398424,0.014142444,-0.014172103,-8.433482E-4,0.9998992,0
1181.223695452,-0.068519376,-0.9976473,-0.0022250907,0.99755085,-0.06854383,0.013932292,-0.01405203,-0.0012650094,0.9999005,-0.029343264,-0.9995685,-0.0013268609,0.9994693,-0.029359085,0.014113526,-0.014146392,-9.120197E-4,0.9998995,0
1181.228089983,-0.06852,-0.9976473,-0.0022220076,0.9975514,-0.06854434,0.013887282,-0.014006915,-0.0012650102,0.99990106,-0.03009572,-0.99954605,-0.0014229689,0.99944633,-0.030112868,0.014153194,-0.014189618,-9.962304E-4,0.99989885,0
1181.232484514,-0.06851389,-0.99764764,-0.0022519059,0.9975521,-0.068538636,0.013869642,-0.013991358,-0.00129613,0.9999013,-0.0309064,-0.99952126,-0.0014093409,0.99942034,-0.030923352,0.014237528,-0.014274294,-9.684933E-4,0.99989766,0
1181.236879046,-0.023259219,-0.99972814,-0.0016524799,0.9996316,-0.023280043,0.013956683,-0.013991357,-0.0013272495,0.99990124,-0.0309064,-0.99952126,-0.0014093409,0.99942034,-0.030923352,0.014237528,-0.014274294,-9.684933E-4,0.99989766,0
1181.241273577,-0.023247136,-0.9997283,-0.001697065,0.999632,-0.02326856,0.013940099,-0.013975799,-0.0013723731,0.99990135,-0.030617718,-0.99953026,-0.0013584513,0.99942994,-0.030633932,0.014190387,-0.014225337,-9.2319964E-4,0.9998984,0
1181.245668108,-0.023238735,-0.99972844,-0.0017280619,0.99963224,-0.023260593,0.013939388,-0.013975799,-0.0014034926,0.99990135,-0.030447913,-0.99953544,-0.0013718999,0.9994363,-0.030464258,0.014108318,-0.014143558,-9.415576E-4,0.99989957,0
1181.250062639,-0.068428636,-0.99765325,-0.0023692134,0.9975588,-0.06845493,0.013800887,-0.013930684,-0.0014190533,0.99990195,-0.030289812,-0.9995403,-0.0012979571,0.99944204,-0.030305069,0.014042143,-0.014075024,-8.718991E-4,0.9999006,0
1181.254457171,-0.06842517,-0.9976534,-0.0023842023,0.9975587,-0.068451695,0.013815457,-0.01394624,-0.0014330567,0.99990165,-0.030289812,-0.9995403,-0.0012979571,0.99944204,-0.030305069,0.014042143,-0.014075024,-8.718991E-4,0.9999006,0
1181.258851702,-0.0684216,-0.99765366,-0.0023996776,0.997559,-0.06844834,0.0138144,-0.01394624,-0.0014486165,0.99990165,-0.03171632,-0.999496,-0.0013354291,0.99939865,-0.03173191,0.013982023,-0.014017353,-8.9116767E-4,0.99990135,0
1181.263246233,-0.014783674,-0.99988925,-0.0017166052,0.99979234,-0.014806274,0.013998602,-0.014022467,-0.0015092979,0.9999005,-0.032464363,-0.99947196,-0.0013915718,0.99937326,-0.032480754,0.014077386,-0.014115152,-9.3368633E-4,0.9999,0
1181.267640764,-0.014787328,-0.99988925,-0.0017030899,0.999792,-0.0148097845,0.014028357,-0.014052025,-0.0014952936,0.99990016,-0.032129314,-0.9994827,-0.00142782,0.9993832,-0.03214631,0.014135097,-0.014173685,-9.7278826E-4,0.9998991,0
1181.272035296,-0.014775171,-0.9998894,-0.0017480421,0.9997921,-0.0147982575,0.01402771,-0.014052024,-0.0015404167,0.99990004,-0.032129314,-0.9994827,-0.00142782,0.9993832,-0.03214631,0.014135097,-0.014173685,-9.7278826E-4,0.9998991,0
1181.276429827,-0.071348906,-0.99744815,-0.0025854588,0.99735236,-0.071378134,0.013918554,-0.01406758,-0.0015855397,0.99989986,-0.031415273,-0.9995055,-0.0013572271,0.99940664,-0.031431295,0.014090331,-0.014126023,-9.1377005E-4,0.9998998,0
1181.280824358,-0.0713458,-0.99744827,-0.0026009372,0.9973524,-0.071375236,0.013917451,-0.014067579,-0.0016010994,0.99989974,-0.03217854,-0.9994812,-0.0013664854,0.99938315,-0.032194562,0.0140293855,-0.0140661,-9.141974E-4,0.99990064,0
1181.285218889,-0.07135124,-0.9974479,-0.0025737425,0.9973515,-0.07138034,0.013950581,-0.014098693,-0.0015715351,0.9998993,-0.03295797,-0.9994558,-0.0013850267,0.9993584,-0.032974135,0.0139814885,-0.01401955,-9.233366E-4,0.9999013,0
1181.289613421,-0.029523188,-0.99956214,-0.0019712714,0.99946487,-0.029547986,0.014031033,-0.014083137,-0.0015559758,0.9998996,-0.03295797,-0.9994558,-0.0013850267,0.9993584,-0.032974135,0.0139814885,-0.01401955,-9.233366E-4,0.9999013,0
1181.294007952,-0.029529225,-0.99956197,-0.0019411662,0.9994643,-0.029553648,0.014063042,-0.014114251,-0.0015248557,0.99989927,-0.03281749,-0.9994604,-0.0013495847,0.99936277,-0.032833185,0.013998997,-0.014035756,-8.893127E-4,0.99990106,0
1181.298402483,-0.029541273,-0.9995617,-0.0018810871,0.99946374,-0.02956487,0.014078808,-0.014128254,-0.0014641726,0.9998992,-0.032784447,-0.9994616,-0.0013310746,0.9993649,-0.03279983,0.013926764,-0.013962925,-8.73648E-4,0.9999021,0
1181.302797014,-0.06847794,-0.9976498,-0.0024274911,0.99755293,-0.06850532,0.013980817,-0.014114252,-0.0014641728,0.9998993,-0.032733165,-0.9994632,-0.0013571383,0.9993659,-0.032748953,0.013974442,-0.014011386,-8.9885E-4,0.9999014,0
1181.307191546,-0.06848069,-0.99764955,-0.0024140296,0.9975523,-0.06850792,0.014011364,-0.014143811,-0.0014486125,0.99989897,-0.032733165,-0.9994632,-0.0013571383,0.9993659,-0.032748953,0.013974442,-0.014011386,-8.9885E-4,0.9999014,0
1181.311586077,-0.068487346,-0.99764913,-0.0023815355,0.9975524,-0.06851405,0.013968365,-0.014098696,-0.0014190499,0.9998996,-0.034186166,-0.9994145,-0.0013862986,0.99931675,-0.03420225,0.014004435,-0.0140436515,-9.0659346E-4,0.99990094,0
1181.315980608,-0.015349548,-0.99988085,-0.0016196553,0.999783,-0.015370822,0.014059919,-0.0140831405,-0.0014034905,0.99989986,-0.0348448,-0.99939185,-0.0013698505,0.99929374,-0.03486061,0.014028762,-0.014067983,-8.800536E-4,0.9999007,0
1181.320375139,-0.015349685,-0.99988085,-0.0016189645,0.99978364,-0.015370885,0.01401481,-0.014038026,-0.0014034914,0.9999005,-0.0344415,-0.9994058,-0.0013401824,0.9993071,-0.034456972,0.014071071,-0.014108889,-8.5462496E-4,0.9999001,0
1181.324769671,-0.015352757,-0.99988085,-0.0016034481,0.9997836,-0.0153737385,0.014015045,-0.014038026,-0.0013879316,0.9999005,-0.0344415,-0.9994058,-0.0013401824,0.9993071,-0.034456972,0.014071071,-0.014108889,-8.5462496E-4,0.9999001,0
1181.329164202,0.005455833,-0.9999843,-0.0012649377,0.999887,0.005437575,0.014014011,-0.014006914,-0.001341253,0.999901,-0.033649497,-0.9994328,-0.001314941,0.99933404,-0.033664692,0.014078714,-0.014114996,-8.4032357E-4,0.99990004,0
1181.333558733,0.0054489514,-0.9999844,-0.0012353834,0.9998868,0.0054310877,0.014029399,-0.01402247,-0.0013116891,0.9999008,-0.032914106,-0.99945724,-0.0013522571,0.999358,-0.03292993,0.014113186,-0.014150056,-8.868661E-4,0.99989945,0
1181.337953264,0.0054417285,-0.9999845,-0.0012043627,0.999887,0.005424301,0.0140292235,-0.014022472,-0.0012805698,0.99990094,-0.03213364,-0.99948275,-0.0013268383,0.9993837,-0.03214917,0.01409855,-0.014133913,-8.729827E-4,0.99989974,0
1181.342347796,-0.035237547,-0.99937737,-0.0018062107,0.9992802,-0.03525942,0.013997059,-0.014052029,-0.0013116887,0.9999004,-0.03213364,-0.99948275,-0.0013268383,0.9993837,-0.03214917,0.01409855,-0.014133913,-8.729827E-4,0.99989974,0
1181.346742327,-0.035237547,-0.99937737,-0.0018062107,0.9992802,-0.03525942,0.013997059,-0.014052029,-0.0013116887,0.9999004,-0.032238405,-0.9994793,-0.0013534592,0.999381,-0.032254256,0.014048848,-0.014085188,-8.9970883E-4,0.9999004,0
1181.351136858,-0.035230998,-0.9993776,-0.0018351737,0.99928063,-0.035253253,0.013982036,-0.014038026,-0.0013412524,0.9999005,-0.03228901,-0.99947774,-0.0013122637,0.999379,-0.0323043,0.014077331,-0.01411237,-8.569056E-4,0.99990004,0
1181.355531389,-0.02867362,-0.99958736,-0.0017297956,0.99949014,-0.028695073,0.014008174,-0.014052029,-0.0013272484,0.9999004,-0.032370348,-0.99947506,-0.0013143246,0.99937606,-0.032385677,0.014093778,-0.014128946,-8.5728406E-4,0.9998998,0
1181.359925921,-0.028681079,-0.9995871,-0.0016996829,0.9994894,-0.02870215,0.014040154,-0.014083143,-0.0012961284,0.99990004,-0.032370348,-0.99947506,-0.0013143246,0.99937606,-0.032385677,0.014093778,-0.014128946,-8.5728406E-4,0.9998998,0
1181.364320452,-0.028681079,-0.9995871,-0.0016996829,0.9994894,-0.02870215,0.014040154,-0.014083143,-0.0012961284,0.99990004,-0.032251574,-0.9994788,-0.0013768714,0.999381,-0.03226772,0.014012894,-0.01405002,-9.240813E-4,0.9999009,0
1181.368714983,-0.028681079,-0.9995871,-0.0016996829,0.9994894,-0.02870215,0.014040154,-0.014083143,-0.0012961284,0.99990004,-0.032189514,-0.99948084,-0.0013653454,0.99938273,-0.032205526,0.014032595,-0.0140692815,-9.128003E-4,0.9999006,0
1181.373109514,-0.02867702,-0.99958724,-0.0017160733,0.9994891,-0.028698362,0.014070815,-0.014114256,-0.0013116875,0.99989957,-0.0321287,-0.9994828,-0.001334717,0.99938476,-0.032144282,0.014029254,-0.014064902,-8.831542E-4,0.99990064,0
1181.377504046,-0.028661838,-0.9995876,-0.001777371,0.9994891,-0.028684082,0.014098644,-0.014143812,-0.0013723698,0.999899,-0.0321287,-0.9994828,-0.001334717,0.99938476,-0.032144282,0.014029254,-0.014064902,-8.831542E-4,0.99990064,0
1181.381898577,0.012660062,-0.9999191,-0.001224438,0.9998198,0.012641465,0.014160436,-0.014143811,-0.0014034893,0.99989897,-0.031977344,-0.9994876,-0.0014024762,0.99938923,-0.031993918,0.014052851,-0.014090522,-9.5224683E-4,0.9999002,0
1181.386293108,0.012674714,-0.9999188,-0.0012843228,0.99981904,0.0126552,0.0142078865,-0.014190481,-0.0014641713,0.9998983,-0.0310669,-0.9995163,-0.0014099956,0.99941707,-0.031083731,0.014117693,-0.014154692,-9.705808E-4,0.9998993,0
1181.390687639,0.012678417,-0.99991876,-0.0012994553,0.99981844,0.012658643,0.014237642,-0.014220037,-0.0014797302,0.9998978,-0.030220302,-0.9995423,-0.0013919226,0.9994438,-0.03023691,0.014063945,-0.014099595,-9.6613175E-4,0.9999001,0
1181.395082171,-0.042323373,-0.9991018,-0.0020953426,0.9990031,-0.04234882,0.014128436,-0.014204481,-0.0014952903,0.999898,-0.030220302,-0.9995423,-0.0013919226,0.9994438,-0.03023691,0.014063945,-0.014099595,-9.6613175E-4,0.9999001,0
1181.399476702,-0.0423264,-0.9991017,-0.0020798377,0.99900293,-0.042351622,0.014129089,-0.014204481,-0.0014797306,0.999898,-0.030714858,-0.9995272,-0.0013957788,0.9994281,-0.030731516,0.014110742,-0.014146964,-9.615711E-4,0.99989945,0
1181.403871233,-0.042320654,-0.99910194,-0.0021092966,0.99900323,-0.0423463,0.01412785,-0.014204481,-0.0015092941,0.999898,-0.030924581,-0.9995207,-0.0013960797,0.99942154,-0.030941226,0.014116123,-0.014152555,-9.5873687E-4,0.9998994,0
1181.408265764,0.046507474,-0.99891746,-8.9514063E-4,0.9988173,0.04649006,0.014231943,-0.014174922,-0.0015559739,0.9998984,-0.031157179,-0.99951357,-0.0013725897,0.99941456,-0.031173455,0.014099011,-0.014134942,-9.3250064E-4,0.9998997,0
1181.412660296,0.046518367,-0.998917,-9.4006443E-4,0.9988169,0.04650031,0.01423405,-0.014174921,-0.001601097,0.9998983,-0.031157179,-0.99951357,-0.0013725897,0.99941456,-0.031173455,0.014099011,-0.014134942,-9.3250064E-4,0.9998997,0
1181.417054827,0.0465223,-0.99891675,-9.5627684E-4,0.99881685,0.046504036,0.014219237,-0.014159364,-0.001616657,0.99989843,-0.028063152,-0.99960524,-0.001346421,0.9995071,-0.028079307,0.014040894,-0.014073158,-9.517255E-4,0.9999005,0
1181.421449358,-0.028651208,-0.9995874,-0.0020365412,0.9994897,-0.028677084,0.0140756555,-0.01412825,-0.0016322174,0.9998989,-0.026544502,-0.9996467,-0.0013204075,0.99954873,-0.026560431,0.01403116,-0.014061274,-9.4736146E-4,0.99990064,0
1181.425843889,-0.028651109,-0.9995874,-0.0020369857,0.9994895,-0.028677016,0.014091207,-0.014143807,-0.0016322171,0.9998987,-0.026577365,-0.99964595,-0.0013007347,0.9995487,-0.026592966,0.013977124,-0.0140067665,-9.286724E-4,0.9999015,0
1181.430238421,-0.028654639,-0.9995873,-0.0020210345,0.99948955,-0.028680297,0.014076094,-0.01412825,-0.0016166577,0.9998989,-0.026577365,-0.99964595,-0.0013007347,0.9995487,-0.026592966,0.013977124,-0.0140067665,-9.286724E-4,0.9999015,0
1181.434632952,0.005664358,-0.9999827,-0.0015523981,0.9998843,0.0056418753,0.01412325,-0.014114249,-0.0016322177,0.999899,-0.02668719,-0.999643,-0.0013001555,0.9995466,-0.026702719,0.01391805,-0.013947799,-9.281323E-4,0.9999023,0
1181.439027483,0.005660112,-0.9999827,-0.0015370732,0.9998848,0.0056378967,0.014092043,-0.014083136,-0.0016166588,0.99989957,-0.026062913,-0.9996595,-0.001250776,0.9995631,-0.026077803,0.0139096845,-0.013937566,-8.877027E-4,0.9999024,0
1181.443422014,0.0056557697,-0.99998283,-0.0015213975,0.9998845,0.0056337263,0.014123064,-0.01411425,-0.0016010985,0.9998992,-0.025400713,-0.99967664,-0.0011977117,0.99957937,-0.025414983,0.013974903,-0.014000825,-8.422353E-4,0.99990165,0
1181.447816546,-0.0574096,-0.9983479,-0.002363043,0.9982512,-0.05743714,0.013986074,-0.014098695,-0.0015559756,0.99989945,-0.025400713,-0.99967664,-0.0011977117,0.99957937,-0.025414983,0.013974903,-0.014000825,-8.422353E-4,0.99990165,0
1181.452211077,-0.057413105,-0.9983477,-0.0023466628,0.99825114,-0.05744039,0.0139714265,-0.014083137,-0.001540416,0.9998996,-0.026664197,-0.9996437,-0.0012316613,0.9995453,-0.026678888,0.014053747,-0.014081599,-8.5636927E-4,0.9999005,0
1181.456605608,-0.057419337,-0.9983474,-0.002317466,0.99825037,-0.05744626,0.014004264,-0.014114251,-0.001509296,0.99989927,-0.027363196,-0.9996247,-0.0012815808,0.99952656,-0.027378509,0.014042555,-0.0140723735,-8.9672476E-4,0.9999006,0
1181.461000139,0.012797441,-0.99991727,-0.0012520561,0.999818,0.01277844,0.0141609805,-0.014143811,-0.0014330528,0.99989897,-0.027951296,-0.9996084,-0.0013314543,0.9995114,-0.027967175,0.013955604,-0.013987377,-9.4072655E-4,0.9999018,0
1181.465394671,0.012791476,-0.9999174,-0.0012231539,0.99981874,0.012772947,0.014115484,-0.014098696,-0.0014034902,0.9998996,-0.027951296,-0.9996084,-0.0013314543,0.9995114,-0.027967175,0.013955604,-0.013987377,-9.4072655E-4,0.9999018,0
1181.469789202,0.01278495,-0.9999175,-0.001191549,0.99981815,0.012766806,0.014160191,-0.014143812,-0.0013723698,0.999899,-0.026297655,-0.9996533,-0.0013305306,0.99955696,-0.026313636,0.013911407,-0.013941594,-9.6410373E-4,0.9999023,0
1181.474183733,0.018595165,-0.9998265,-0.0011092373,0.9997271,0.018577598,0.014166877,-0.014143812,-0.0013723698,0.999899,-0.025502412,-0.99967396,-0.0012945815,0.999578,-0.025517944,0.013884535,-0.013913043,-9.3994586E-4,0.9999028,0
1181.478578264,0.018591363,-0.99982655,-0.0010931537,0.99972665,0.018573983,0.014197691,-0.014174925,-0.0013568095,0.9998986,-0.024652233,-0.99969536,-0.0012193124,0.9995989,-0.024666822,0.013909892,-0.013935732,-8.759135E-4,0.99990255,0
1181.482972796,0.0185844,-0.9998267,-0.0010636915,0.99972683,0.01856744,0.014197136,-0.014174926,-0.0013272461,0.9998987,-0.024652233,-0.99969536,-0.0012193124,0.9995989,-0.024666822,0.013909892,-0.013935732,-8.759135E-4,0.99990255,0
1181.487367327,-0.044127155,-0.999024,-0.0019663258,0.9989251,-0.044150572,0.014117446,-0.014190482,-0.0013412494,0.9998984,-0.022871768,-0.9997376,-0.0012639142,0.9996409,-0.022887172,0.013933298,-0.013958571,-9.4478123E-4,0.9999021,0
1181.491761858,-0.044127453,-0.99902403,-0.0019649568,0.9989257,-0.04415082,0.014086365,-0.014159369,-0.0013412501,0.9998989,-0.0233202,-0.9997273,-0.0012175578,0.99963045,-0.023334922,0.013943218,-0.013967827,-8.919493E-4,0.999902,0
1181.496156389,-0.044140566,-0.99902356,-0.0019045119,0.9989251,-0.044163074,0.01408902,-0.01415937,-0.0012805673,0.99989897,-0.02374546,-0.99971724,-0.001236321,0.99962074,-0.023760382,0.013919128,-0.013944569,-9.053361E-4,0.99990237,0
1181.500550921,-0.063942246,-0.99795127,-0.0021520504,0.9978536,-0.06396622,0.014019322,-0.014128258,-0.0012510044,0.99989945,-0.02374546,-0.99971724,-0.001236321,0.99962074,-0.023760382,0.013919128,-0.013944569,-9.053361E-4,0.99990237,0
1181.504945452,-0.0639392,-0.9979514,-0.002165984,0.99785376,-0.06396337,0.014018431,-0.014128258,-0.0012650081,0.99989945,-0.025374562,-0.9996771,-0.0013463032,0.9995801,-0.025390906,0.0139671285,-0.013996802,-9.913279E-4,0.9999016,0
1181.509339983,-0.06394266,-0.99795127,-0.0021501654,0.997854,-0.06396658,0.013989824,-0.0140987,-0.0012510049,0.99989986,-0.026174229,-0.9996565,-0.0013544634,0.9995588,-0.026190653,0.014010643,-0.014041305,-9.87148E-4,0.99990094,0
1181.513734514,-0.022017444,-0.99975634,-0.0015911757,0.9996579,-0.02203769,0.014082622,-0.014114256,-0.001280568,0.99989957,-0.026894147,-0.99963737,-0.0013747705,0.99953973,-0.026910782,0.014005973,-0.01403789,-9.97459E-4,0.999901,0
1181.518129046,-0.02202129,-0.9997562,-0.0015753295,0.99965805,-0.022041295,0.014067407,-0.0140987,-0.0012650086,0.99989986,-0.026894147,-0.99963737,-0.0013747705,0.99953973,-0.026910782,0.014005973,-0.01403789,-9.97459E-4,0.999901,0
1181.522523577,-0.022017285,-0.9997564,-0.0015918245,0.99965763,-0.02203758,0.014112174,-0.014143814,-0.0012805675,0.9998992,-0.02669219,-0.9996426,-0.0014643541,0.9995451,-0.026710102,0.014006334,-0.014040442,-0.0010898283,0.9999008,0
1181.526918108,-0.036263857,-0.99934053,-0.0018228429,0.99924254,-0.03628594,0.014057381,-0.014114256,-0.0013116875,0.99989957,-0.02659859,-0.99964505,-0.0015145813,0.99954695,-0.026617272,0.014053693,-0.014089019,-0.0011400866,0.9999001,0
1181.531312639,-0.036257792,-0.9993408,-0.0018523046,0.9992428,-0.03628029,0.014056318,-0.014114254,-0.001341251,0.99989945,-0.02678263,-0.9996402,-0.001464047,0.9995425,-0.026800549,0.014022738,-0.014056929,-0.0010878112,0.9999006,0
1181.535707171,-0.036254495,-0.9993408,-0.0018683171,0.99924266,-0.036277242,0.014069751,-0.014128256,-0.0013568104,0.99989927,-0.02678263,-0.9996402,-0.001464047,0.9995425,-0.026800549,0.014022738,-0.014056929,-0.0010878112,0.9999006,0
1181.540101702,0.012867762,-0.99991643,-0.0011909569,0.99981767,0.012849679,0.014115178,-0.014098696,-0.0013723706,0.9998996,-0.027160024,-0.9996301,-0.0014128583,0.9995316,-0.027177235,0.0140709635,-0.014104157,-0.0010300287,0.9999,0
1181.544496233,0.012872039,-0.9999164,-0.0012064565,0.99981767,0.012853738,0.014115383,-0.014098696,-0.0013879305,0.9998996,-0.026377695,-0.9996511,-0.0013993259,0.9995526,-0.026394788,0.014067513,-0.014099538,-0.0010276313,0.99990004,0
1181.548890764,0.012884504,-0.9999162,-0.001251605,0.99981785,0.012865588,0.014100425,-0.0140831405,-0.001433054,0.99989986,-0.025644006,-0.99967015,-0.0013910579,0.99957156,-0.025661066,0.014077784,-0.014108837,-0.0010294511,0.9998999,0
1181.553285296,-0.0014870956,-0.99999774,-0.0015008904,0.99989897,-0.0015081504,0.01412602,-0.014128252,-0.0014797321,0.999899,-0.025644006,-0.99967015,-0.0013910579,0.99957156,-0.025661066,0.014077784,-0.014108837,-0.0010294511,0.9998999,0
1181.557679827,-0.0014870956,-0.99999774,-0.0015008904,0.99989897,-0.0015081504,0.01412602,-0.014128252,-0.0014797321,0.999899,-0.024762588,-0.99969244,-0.0013569379,0.9995929,-0.02477932,0.014142039,-0.014171315,-0.0010061921,0.9998991,0
1181.562074358,-0.0014772759,-0.9999976,-0.0015614198,0.99989927,-0.0014991653,0.014111943,-0.014114251,-0.0015404155,0.99989927,-0.024297098,-0.99970376,-0.0014278743,0.99960405,-0.024314897,0.014157974,-0.014188498,-0.0010833114,0.99989873,0
1181.566468889,-0.015512914,-0.9998781,-0.0017602997,0.99977916,-0.01553629,0.014149299,-0.014174922,-0.0015404142,0.9998984,-0.023850078,-0.99971455,-0.0014018238,0.9996153,-0.023867516,0.014125014,-0.014154439,-0.0010644019,0.9998992,0
1181.570863421,-0.015512914,-0.9998781,-0.0017602997,0.99977916,-0.01553629,0.014149299,-0.014174922,-0.0015404142,0.9998984,-0.023850078,-0.99971455,-0.0014018238,0.9996153,-0.023867516,0.014125014,-0.014154439,-0.0010644019,0.9998992,0
1181.575257952,-0.015516339,-0.99987805,-0.0017443057,0.99977946,-0.015539438,0.014118423,-0.014143808,-0.0015248549,0.99989873,-0.023524752,-0.99972224,-0.0014155093,0.9996232,-0.023542404,0.014113676,-0.01414308,-0.0010829552,0.9998994,0
1181.579652483,-0.015519714,-0.999878,-0.0017285525,0.99977964,-0.015542568,0.014103104,-0.014128252,-0.0015092957,0.999899,-0.023333013,-0.99972683,-0.0013864255,0.9996275,-0.023350293,0.014132595,-0.014161106,-0.001056153,0.9998992,0
1181.584047014,-0.015525924,-0.9998779,-0.0016995606,0.9997791,-0.0155484155,0.014134664,-0.0141593665,-0.0014797316,0.9998987,-0.023153417,-0.99973094,-0.001402372,0.99963176,-0.023170931,0.014122401,-0.014151095,-0.0010748737,0.99989927,0
1181.588441546,-0.015519559,-0.999878,-0.0017292749,0.999779,-0.015542495,0.014149769,-0.014174922,-0.0015092946,0.9998984,-0.023153417,-0.99973094,-0.001402372,0.99963176,-0.023170931,0.014122401,-0.014151095,-0.0010748737,0.99989927,0
1181.592836077,-0.008582508,-0.99996185,-0.0016464863,0.99986297,-0.008604951,0.014145738,-0.014159366,-0.0015248547,0.9998986,-0.022860331,-0.99973774,-0.0013723288,0.9996392,-0.022877397,0.014073785,-0.01410149,-0.0010501024,0.99990004,0
1181.597230608,-0.008585463,-0.99996185,-0.001631355,0.9998623,-0.00860776,0.01419098,-0.014204481,-0.0015092941,0.999898,-0.022588396,-0.9997439,-0.0014309303,0.999646,-0.022606267,0.014028701,-0.014057456,-0.0011135379,0.9999006,0
1181.601625139,-0.008603168,-0.99996185,-0.0015406982,0.9998633,-0.008624068,0.014115508,-0.014128256,-0.0014190495,0.99989927,-0.02224343,-0.99975175,-0.0013175831,0.9996544,-0.022259694,0.013983296,-0.0140091535,-0.0010060914,0.9999014,0
1181.606019671,-0.0014781045,-0.9999979,-0.0013934597,0.99989843,-0.0014977069,0.014172867,-0.014174925,-0.0013723692,0.9998986,-0.02224343,-0.99975175,-0.0013175831,0.9996544,-0.022259694,0.013983296,-0.0140091535,-0.0010060914,0.9999014,0
1181.610414202,-0.0014780805,-0.9999979,-0.001393549,0.99989754,-0.0014977673,0.014233537,-0.014235595,-0.0013723681,0.9998977,-0.02136204,-0.99977094,-0.0013333517,0.9996739,-0.02137859,0.013963059,-0.0139883645,-0.0010346376,0.9999016,0
1181.614808733,-0.0014780682,-0.9999979,-0.0013935949,0.9998971,-0.0014977984,0.014264651,-0.014266709,-0.0013723675,0.9998973,-0.020992463,-0.99977875,-0.0013335827,0.99968237,-0.021009006,0.013917225,-0.013942163,-0.0010410022,0.99990225,0
1181.619203264,-0.04939585,-0.99877715,-0.0020903924,0.9986777,-0.04942058,0.014165168,-0.014251152,-0.0013879274,0.9998975,-0.020629292,-0.9997863,-0.0013272238,0.999689,-0.020645853,0.013987392,-0.014011805,-0.0010382612,0.9999013,0
1181.623597796,-0.0493992,-0.99877703,-0.0020748975,0.9986775,-0.04942371,0.0141659295,-0.014251152,-0.0013723677,0.9998975,-0.020629292,-0.9997863,-0.0013272238,0.999689,-0.020645853,0.013987392,-0.014011805,-0.0010382612,0.9999013,0
1181.627992327,-0.0493992,-0.99877703,-0.0020748975,0.9986775,-0.04942371,0.0141659295,-0.014251152,-0.0013723677,0.9998975,-0.021737354,-0.9997629,-0.0012835718,0.99966574,-0.021753177,0.013969762,-0.013994372,-9.794772E-4,0.9999016,0
1181.632386858,-0.008288835,-0.9999646,-0.0014456001,0.9998638,-0.008308608,0.014255202,-0.014266709,-0.0013272442,0.9998973,-0.022323487,-0.9997499,-0.0013221512,0.9996529,-0.022339784,0.013959502,-0.013985547,-0.0010100676,0.99990165,0
1181.636781389,-0.008304791,-0.99996454,-0.0013833261,0.99986416,-0.008323636,0.014224588,-0.014235598,-0.0012650061,0.9998979,-0.022052018,-0.9997561,-0.0012518726,0.9996593,-0.02206734,0.013939857,-0.013964082,-9.4404415E-4,0.99990207,0
1181.641175921,-0.008308333,-0.9999646,-0.0013695012,0.99986404,-0.008327001,0.014240257,-0.014251156,-0.0012510022,0.9998977,-0.022052018,-0.9997561,-0.0012518726,0.9996593,-0.02206734,0.013939857,-0.013964082,-9.4404415E-4,0.99990207,0
1181.645570452,-0.015782528,-0.9998744,-0.0014447967,0.9997739,-0.015801502,0.014230113,-0.014251156,-0.0012198827,0.9998977,-0.021535499,-0.9997673,-0.0012564468,0.9996707,-0.021550927,0.0139335105,-0.013957345,-9.559679E-4,0.9999021,0
1181.649964983,-0.015775533,-0.9998745,-0.0014750792,0.9997747,-0.015794883,0.014182966,-0.014204485,-0.001251003,0.9998984,-0.021434465,-0.99976945,-0.0012641121,0.99967325,-0.021449981,0.013902077,-0.013925987,-9.6571544E-4,0.99990255,0
1181.654359514,-0.015782699,-0.9998745,-0.0014440623,0.99977463,-0.015801607,0.014183449,-0.014204485,-0.0012198836,0.9998984,-0.021307804,-0.99977225,-0.0012274629,0.9996761,-0.021322815,0.013894956,-0.013917963,-9.309943E-4,0.9999027,0
1181.658754046,0.019300107,-0.9998133,-9.14487E-4,0.99971277,0.019285155,0.014224777,-0.014204485,-0.001188764,0.9998984,-0.021307804,-0.99977225,-0.0012274629,0.9996761,-0.021322815,0.013894956,-0.013917963,-9.309943E-4,0.9999027,0
1181.663148577,0.019297168,-0.9998134,-9.010967E-4,0.99971336,0.019282445,0.014194953,-0.014174929,-0.0011747609,0.9998989,-0.01965907,-0.99980605,-0.0012016948,0.99970955,-0.019673903,0.013916969,-0.013937912,-9.277511E-4,0.9999024,0
1181.667543108,0.0192971,-0.9998133,-9.007973E-4,0.999713,0.019282361,0.014210505,-0.014190485,-0.0011747605,0.9998986,-0.018870557,-0.99982125,-0.001155351,0.99972373,-0.018884884,0.013993026,-0.014012343,-8.909758E-4,0.9999014,0
1181.671937639,-0.0014892815,-0.9999982,-0.0011959901,0.99989855,-0.0015060841,0.014173154,-0.014174929,-0.0011747609,0.9998989,-0.01810281,-0.99983543,-0.0011545247,0.99973816,-0.018117188,0.01397465,-0.013993267,-9.01242E-4,0.99990165,0
1181.676332171,-0.0014775333,-0.9999981,-0.0012409949,0.99989796,-0.0014950108,0.014202656,-0.014204485,-0.0012198836,0.9998984,-0.01810281,-0.99983543,-0.0011545247,0.99973816,-0.018117188,0.01397465,-0.013993267,-9.01242E-4,0.99990165,0
1181.680726702,-0.0014775273,-0.9999981,-0.0012410178,0.99989766,-0.001495024,0.014218212,-0.014220041,-0.0012198832,0.9998981,-0.017485037,-0.99984646,-0.001149528,0.9997489,-0.017499425,0.013997199,-0.014015166,-9.044977E-4,0.99990135,0
1181.685121233,-0.015542348,-0.99987817,-0.0014408942,0.999778,-0.015561254,0.014199349,-0.014220041,-0.0012198832,0.9998981,-0.017132318,-0.99985266,-0.0011089402,0.99975544,-0.017146142,0.013965031,-0.013981988,-8.6941564E-4,0.9999019,0
1181.689515764,-0.0155497715,-0.99987805,-0.0014101227,0.99977773,-0.015568259,0.014215379,-0.0142356,-0.0011887637,0.999898,-0.017095821,-0.99985325,-0.0010924905,0.99975586,-0.017109431,0.013979366,-0.013996007,-8.5323513E-4,0.9999017,0
1181.693910296,-0.015553139,-0.99987805,-0.0013961673,0.99977773,-0.015571428,0.014215592,-0.0142356,-0.0011747598,0.999898,-0.017095821,-0.99985325,-0.0010924905,0.99975586,-0.017109431,0.013979366,-0.013996007,-8.5323513E-4,0.9999017,0
1181.698304827,-0.029126657,-0.9995744,-0.0015895107,0.9994741,-0.029146332,0.014210875,-0.014251157,-0.0011747596,0.9998978,-0.017039407,-0.99985415,-0.0011462525,0.99975693,-0.017053768,0.013971432,-0.013988943,-9.0790895E-4,0.9999017,0
1181.702699358,-0.02911586,-0.9995747,-0.0016349187,0.9994742,-0.029136198,0.014225126,-0.014266712,-0.0012198824,0.9998975,-0.017299168,-0.9998497,-0.0011546663,0.9997527,-0.017313605,0.013953675,-0.013971569,-9.129938E-4,0.99990195,0
1181.707093889,-0.029130764,-0.9995744,-0.0015722465,0.999475,-0.029150123,0.014150678,-0.014190486,-0.0011592009,0.9998987,-0.017572952,-0.99984497,-0.0010929758,0.999749,-0.017586436,0.013876677,-0.013893747,-8.488474E-4,0.99990314,0
1181.711488421,0.004893604,-0.9999875,-0.0010898542,0.9998874,0.0048776427,0.0141959805,-0.014190486,-0.0011592009,0.9998987,-0.017572952,-0.99984497,-0.0010929758,0.999749,-0.017586436,0.013876677,-0.013893747,-8.488474E-4,0.99990314,0
1181.715882952,0.0048936177,-0.9999874,-0.0010899301,0.9998876,0.0048776735,0.014180424,-0.014174929,-0.0011592011,0.9998989,-0.016728565,-0.9998595,-0.0010680775,0.99976254,-0.016741844,0.013949531,-0.013965452,-8.344683E-4,0.9999021,0
1181.720277483,0.0049015153,-0.99998736,-0.0011349453,0.99988747,0.0048849313,0.014180651,-0.014174927,-0.0012043242,0.99989873,-0.016300764,-0.99986655,-0.0010501954,0.9997698,-0.016313821,0.013931735,-0.013947009,-8.228558E-4,0.99990237,0
1181.724672014,-0.0016194824,-0.999998,-0.0012429885,0.9998981,-0.0016369568,0.014188481,-0.014190485,-0.0012198838,0.9998986,-0.015932705,-0.9998725,-0.0010563574,0.99977595,-0.01594587,0.013917886,-0.013932956,-8.343712E-4,0.99990255,0
1181.729066546,-0.0016194688,-0.999998,-0.0012430614,0.99989736,-0.0016369992,0.014233594,-0.014235598,-0.0012198829,0.9998979,-0.015932705,-0.9998725,-0.0010563574,0.99977595,-0.01594587,0.013917886,-0.013932956,-8.343712E-4,0.99990255,0
1181.733461077,-0.0016252862,-0.99999785,-0.001211971,0.99989766,-0.0016423364,0.014202522,-0.014204485,-0.001188764,0.9998984,-0.01529995,-0.9998824,-0.0010370373,0.99978524,-0.0153129455,0.013964591,-0.013978829,-8.2315714E-4,0.99990195,0
1181.737855608,-0.056698725,-0.99838936,-0.0019767692,0.9982908,-0.056721013,0.014085491,-0.014174929,-0.0011747609,0.9998989,-0.014976742,-0.99988735,-9.957257E-4,0.9997898,-0.014989211,0.013987998,-0.014001347,-7.860219E-4,0.99990165,0
1181.742250139,-0.056698725,-0.99838936,-0.0019767692,0.9982908,-0.056721013,0.014085491,-0.014174929,-0.0011747609,0.9998989,-0.015806967,-0.9998746,-9.73464E-4,0.99977696,-0.015819047,0.01399577,-0.014009414,-7.5201615E-4,0.9999016,0
1181.746644671,-0.056692522,-0.9983897,-0.0020062006,0.9982911,-0.05671522,0.014083825,-0.014174927,-0.0012043242,0.99989873,-0.015806967,-0.9998746,-9.73464E-4,0.99977696,-0.015819047,0.01399577,-0.014009414,-7.5201615E-4,0.9999016,0
1181.751039202,-0.055025153,-0.998483,-0.0019662816,0.99838454,-0.05504744,0.01407248,-0.014159372,-0.0011887648,0.999899,-0.017400552,-0.99984807,-9.934055E-4,0.9997501,-0.017412774,0.014017261,-0.01403243,-7.492492E-4,0.99990124,0
1181.755433733,-0.055025153,-0.998483,-0.0019662816,0.99838454,-0.05504744,0.01407248,-0.014159372,-0.0011887648,0.999899,-0.01809929,-0.99983567,-0.0010482273,0.99973816,-0.018112184,0.013982087,-0.013998776,-7.9488696E-4,0.9999017,0
1181.759828264,-0.05502564,-0.998483,-0.001964576,0.99838495,-0.055047866,0.014041414,-0.014128258,-0.0011887654,0.99989945,-0.018773098,-0.99982315,-0.0011213894,0.99972636,-0.01878691,0.013936755,-0.013955358,-8.594466E-4,0.99990225,0
1181.764222796,-0.048174333,-0.99883723,-0.0018542014,0.9987391,-0.04819569,0.014055238,-0.014128259,-0.0011747617,0.99989957,-0.018773098,-0.99982315,-0.0011213894,0.99972636,-0.01878691,0.013936755,-0.013955358,-8.594466E-4,0.99990225,0
1181.768617327,-0.04818005,-0.998837,-0.0018231955,0.99873877,-0.048200972,0.014056727,-0.014128259,-0.0011436421,0.99989957,-0.019850729,-0.9998024,-0.0010291627,0.9997052,-0.019863172,0.013962137,-0.013979821,-7.517007E-4,0.99990195,0
1181.773011858,-0.048195004,-0.9988364,-0.0017421445,0.9987394,-0.048214667,0.013954714,-0.014022474,-0.0010674009,0.99990106,-0.020441022,-0.9997906,-9.819828E-4,0.999695,-0.020452661,0.013840018,-0.013857203,-6.9877924E-4,0.99990374,0
1181.777406389,-0.036347385,-0.99933815,-0.0014168909,0.9992435,-0.036363482,0.013780946,-0.01382335,-9.149178E-4,0.999904,-0.020982947,-0.99977946,-8.481916E-4,0.99968666,-0.020992566,0.013633441,-0.013648239,-5.618561E-4,0.99990666,0
1181.781800921,-0.036389817,-0.9993369,-0.0012106656,0.999245,-0.036402915,0.0135751525,-0.013610223,-7.157543E-4,0.99990714,-0.020982947,-0.99977946,-8.481916E-4,0.99968666,-0.020992566,0.013633441,-0.013648239,-5.618561E-4,0.99990666,0
1181.786195452,-0.036428176,-0.9993357,-0.0010242359,0.99924535,-0.036438663,0.013444721,-0.013473112,-5.3369644E-4,0.99990904,-0.021657066,-0.99976534,-5.065987E-4,0.9996765,-0.021661896,0.013325389,-0.013333236,-2.1784595E-4,0.9999111,0
1181.790589983,-0.036438096,-0.99933547,-9.760163E-4,0.99924576,-0.036447912,0.013399774,-0.013426443,-4.870178E-4,0.99990976,-0.021915251,-0.99975973,-4.2461953E-4,0.99967045,-0.02191897,0.013362446,-0.013368543,-1.3163823E-4,0.99991065,0
1181.794984514,-0.03643741,-0.99933547,-9.793524E-4,0.99924445,-0.036447316,0.013491498,-0.013518227,-4.8701715E-4,0.99990845,-0.02217409,-0.999754,-4.971889E-4,0.99966294,-0.022178782,0.013492823,-0.013500531,-1.9783023E-4,0.99990886,0
1181.799379046,-0.03640181,-0.99933654,-0.0011523888,0.99924374,-0.036414154,0.0136379795,-0.013670895,-6.5507024E-4,0.99990636,-0.022389589,-0.9997491,-6.5977185E-4,0.9996556,-0.022396522,0.013675495,-0.01368684,-3.5335592E-4,0.99990624,0
1181.803773577,0.02524491,-0.9996813,-3.68122E-4,0.9995865,0.025237443,0.013776363,-0.01376268,-7.157527E-4,0.99990493,-0.022638146,-0.9997434,-7.666113E-4,0.99964863,-0.02264656,0.013771891,-0.013785718,-4.5457194E-4,0.9999049,0
1181.808168108,0.025279889,-0.9996802,-5.193052E-4,0.9995853,0.025270311,0.013811332,-0.0137937935,-8.6823874E-4,0.9999045,-0.021648094,-0.9997653,-8.7448827E-4,0.99967086,-0.021658078,0.013750872,-0.013766583,-5.765203E-4,0.99990505,0
1181.812562639,0.025283214,-0.9996801,-5.3367455E-4,0.99958444,0.025273396,0.013856825,-0.013838907,-8.8379794E-4,0.9999038,-0.020727806,-0.99978477,-9.2023995E-4,0.99969125,-0.020738466,0.01368775,-0.013703887,-6.362388E-4,0.99990594,0
1181.816957171,-0.021543829,-0.99976724,-0.0011030013,0.99967366,-0.021556923,0.013696973,-0.013717564,-8.075562E-4,0.9999055,-0.020727806,-0.99978477,-9.2023995E-4,0.99969125,-0.020738466,0.01368775,-0.013703887,-6.362388E-4,0.99990594,0
1181.821351702,-0.021580296,-0.99976665,-9.4871863E-4,0.9996744,-0.021591203,0.013592911,-0.013610223,-6.5507076E-4,0.99990714,-0.020814918,-0.99978316,-6.592509E-4,0.999693,-0.020821897,0.0134302685,-0.013441083,-3.7949855E-4,0.9999096,0
1181.825746233,-0.0216238,-0.99976593,-7.6464895E-4,0.9996753,-0.021632144,0.013475285,-0.013488671,-4.730137E-4,0.999909,-0.020862874,-0.99978226,-4.8087002E-4,0.99969375,-0.020867426,0.013302404,-0.013309542,-2.0319638E-4,0.9999114,0
1181.830140764,-0.022238404,-0.9997524,-6.4594793E-4,0.999664,-0.022245027,0.013294019,-0.013305099,-3.5009324E-4,0.99991137,-0.020932361,-0.99978083,-3.8381733E-4,0.9996944,-0.020935599,0.013145387,-0.013150542,-1.0853603E-4,0.9999135,0
1181.834535296,-0.022266502,-0.999752,-5.362396E-4,0.99966514,-0.022271633,0.013173526,-0.0131822,-2.4273171E-4,0.99991304,-0.020932361,-0.99978083,-3.8381733E-4,0.9996944,-0.020935599,0.013145387,-0.013150542,-1.0853603E-4,0.9999135,0
1181.838929827,-0.022278614,-0.99975157,-4.8892584E-4,0.9996662,-0.022283103,0.013068762,-0.0130764125,-1.976088E-4,0.9999145,-0.021017073,-0.9997791,-2.5021873E-4,0.9996948,-0.02101855,0.012981542,-0.012983934,2.2691656E-5,0.9999157,0
1181.843324358,0.005198749,-0.99998647,-1.6083884E-4,0.9999013,0.005196205,0.013061868,-0.013060856,-2.2872834E-4,0.99991477,-0.021056205,-0.9997783,-3.023084E-4,0.9996934,-0.021058358,0.013024152,-0.013027631,-2.7976497E-5,0.9999151,0
1181.847718889,0.005223258,-0.99998635,-2.6609687E-4,0.9999004,0.005219321,0.013107537,-0.013105969,-3.3453442E-4,0.999914,-0.020568328,-0.9997884,-4.126223E-4,0.99970263,-0.02057197,0.013096945,-0.013102662,-1.431173E-4,0.99991417,0
1181.852113421,0.005255257,-0.999986,-4.0352298E-4,0.99989855,0.005249458,0.01323117,-0.01322887,-4.7301533E-4,0.9999124,-0.020568328,-0.9997884,-4.126223E-4,0.99970263,-0.02057197,0.013096945,-0.013102662,-1.431173E-4,0.99991417,0
1181.856507952,-0.022580566,-0.9997446,-8.178121E-4,0.99965686,-0.02258943,0.013258895,-0.013273985,-5.1813823E-4,0.99991184,-0.019541942,-0.99980885,-5.7205313E-4,0.999721,-0.019547809,0.013257128,-0.013265776,-3.128235E-4,0.99991196,0
1181.860902483,-0.022585595,-0.99974465,-7.874676E-4,0.9996564,-0.02259407,0.013290701,-0.013305099,-4.8701858E-4,0.99991137,-0.01963886,-0.99980694,-6.233693E-4,0.99971825,-0.019645423,0.013323928,-0.013333602,-3.615269E-4,0.99991107,0
1181.865297014,-0.022585595,-0.99974465,-7.874676E-4,0.9996564,-0.02259407,0.013290701,-0.013305099,-4.8701858E-4,0.99991137,-0.019702552,-0.9998057,-6.395454E-4,0.9997177,-0.019709306,0.013267167,-0.0132771935,-3.779678E-4,0.9999118,0
1181.869691546,0.040786885,-0.9991679,8.249666E-5,0.9990803,0.040784404,0.013236521,-0.01322887,-4.574556E-4,0.9999124,-0.019702552,-0.9998057,-6.395454E-4,0.9997177,-0.019709306,0.013267167,-0.0132771935,-3.779678E-4,0.9999118,0
1181.874086077,0.04078673,-0.9991679,8.3129285E-5,0.9990801,0.04078425,0.013252065,-0.013244427,-4.5745552E-4,0.9999122,-0.017302128,-0.99985015,-5.164172E-4,0.9997641,-0.017307414,0.013119779,-0.0131267505,-2.8929536E-4,0.99991375,0
1181.878480608,0.04076485,-0.99916875,1.7267006E-4,0.9990816,0.040763576,0.013201691,-0.013197756,-3.6565345E-4,0.99991286,-0.01608608,-0.99987054,-4.1305198E-4,0.9997854,-0.0160901,0.013047366,-0.013052323,-2.030824E-4,0.9999148,0
1181.882875139,-0.008353686,-0.999965,-3.9917848E-4,0.99987876,-0.008358208,0.013134206,-0.0131370835,-2.8941105E-4,0.99991363,-0.014944343,-0.9998883,-3.0305918E-4,0.9998037,-0.01494702,0.013000977,-0.013004055,-1.0870863E-4,0.9999154,0
1181.887269671,-0.00835371,-0.99996495,-3.9904882E-4,0.999879,-0.008358227,0.01311865,-0.013121528,-2.8941114E-4,0.99991393,-0.014944343,-0.9998883,-3.0305918E-4,0.9998037,-0.01494702,0.013000977,-0.013004055,-1.0870863E-4,0.9999154,0
1181.891664202,-0.008359425,-0.999965,-3.681328E-4,0.99987876,-0.008363539,0.013134465,-0.0131370835,-2.5829158E-4,0.99991363,-0.014728351,-0.9998915,-2.2902738E-4,0.9998067,-0.014730084,0.013024204,-0.013026165,-3.7158054E-5,0.9999152,0
1181.896058733,-0.030632682,-0.9995305,-7.241236E-4,0.9994433,-0.030639581,0.0132128885,-0.013228871,-3.1897417E-4,0.9999125,-0.014573809,-0.9998938,-3.0524778E-4,0.9998078,-0.014576559,0.013111019,-0.013114075,-1.14111645E-4,0.999914,0
